estim_algorithm = ac-model, mode = classification, metric = sensitivity, confidence_scores = max_class_probability-conf, class_specific = False
test err: [0.25636456059615564, 0.25399258557561544, 0.244998520249922, 0.2546222822173137, 0.25595087724558085]
estimated metric: [array([0.90821293, 0.92177844, 0.85172291, 0.83675734, 0.86195945,
       0.85494292, 0.86363687, 0.8791262 , 0.85876352, 0.88623189]), array([0.90604513, 0.93550494, 0.84651805, 0.84369712, 0.86227479,
       0.85060846, 0.87206718, 0.86862421, 0.87018804, 0.8869656 ]), array([0.91154388, 0.93167917, 0.86002061, 0.84300123, 0.86329282,
       0.84842496, 0.86454341, 0.86568667, 0.88651503, 0.8821584 ]), array([0.90637439, 0.93385476, 0.86088873, 0.84903644, 0.8549468 ,
       0.8670157 , 0.85722398, 0.87504843, 0.88082536, 0.87923205]), array([0.91289038, 0.92877207, 0.85211768, 0.84462973, 0.85795153,
       0.84436424, 0.85606048, 0.87657397, 0.86160502, 0.88205486])]
real metric: [array([0.92362093, 0.92528736, 0.69757489, 0.72316384, 0.71711457,
       0.47659574, 0.46142649, 0.47226174, 0.3681073 , 0.43216783]), array([0.92794118, 0.90934066, 0.7264574 , 0.69361702, 0.71490593,
       0.50145349, 0.47003995, 0.44585091, 0.39300699, 0.46374622]), array([0.9221374 , 0.93229167, 0.7037594 , 0.74676259, 0.72871573,
       0.50336474, 0.45165746, 0.45922747, 0.39524517, 0.48613139]), array([0.92653673, 0.93449782, 0.68960674, 0.71847507, 0.71487603,
       0.50997151, 0.43704776, 0.45912807, 0.3916185 , 0.47807638]), array([0.91620112, 0.91899441, 0.70639535, 0.70070922, 0.71156662,
       0.50277008, 0.41151685, 0.43067847, 0.39488636, 0.4704142 ])]

estim_algorithm = ac-model, mode = classification, metric = sensitivity, confidence_scores = energy-conf, class_specific = False
test err: [0.35965537993541286, 0.36649565536957335, 0.3715219506669676, 0.3637438690059898, 0.35642689471956934]
estimated metric: [array([0.26422554, 0.32554371, 0.21468903, 0.2034881 , 0.23199169,
       0.247462  , 0.22490692, 0.27583757, 0.28190624, 0.33071611]), array([0.26543485, 0.33547599, 0.20826023, 0.20082054, 0.23214312,
       0.25623875, 0.23767477, 0.24743793, 0.28120732, 0.31670971]), array([0.27147486, 0.33614595, 0.22113877, 0.20515716, 0.22838811,
       0.26677675, 0.2340826 , 0.2475905 , 0.29815258, 0.30516624]), array([0.26670796, 0.34082694, 0.2176537 , 0.20484979, 0.22608826,
       0.2586143 , 0.22895168, 0.26679037, 0.30169642, 0.31021651]), array([0.26545288, 0.3355467 , 0.22219771, 0.20571154, 0.23034296,
       0.25197166, 0.23145086, 0.27136971, 0.27475756, 0.31106215])]
real metric: [array([0.92362093, 0.92528736, 0.69757489, 0.72316384, 0.71711457,
       0.47659574, 0.46142649, 0.47226174, 0.3681073 , 0.43216783]), array([0.92794118, 0.90934066, 0.7264574 , 0.69361702, 0.71490593,
       0.50145349, 0.47003995, 0.44585091, 0.39300699, 0.46374622]), array([0.9221374 , 0.93229167, 0.7037594 , 0.74676259, 0.72871573,
       0.50336474, 0.45165746, 0.45922747, 0.39524517, 0.48613139]), array([0.92653673, 0.93449782, 0.68960674, 0.71847507, 0.71487603,
       0.50997151, 0.43704776, 0.45912807, 0.3916185 , 0.47807638]), array([0.91620112, 0.91899441, 0.70639535, 0.70070922, 0.71156662,
       0.50277008, 0.41151685, 0.43067847, 0.39488636, 0.4704142 ])]

estim_algorithm = ac-model, mode = classification, metric = sensitivity, confidence_scores = entropy-conf, class_specific = False
test err: [0.2447506368888989, 0.2380040776135297, 0.23122761802618816, 0.241663340897425, 0.24058720977075537]
estimated metric: [array([0.89090713, 0.90738051, 0.82987411, 0.81432038, 0.83791314,
       0.83754225, 0.84167195, 0.85932372, 0.85050074, 0.87415184]), array([0.88921843, 0.9229221 , 0.82207747, 0.81648152, 0.84150384,
       0.83543458, 0.8476942 , 0.84651984, 0.8552721 , 0.87183095]), array([0.89558528, 0.9168995 , 0.83784102, 0.82051194, 0.83919688,
       0.83054573, 0.84109577, 0.83886963, 0.87066789, 0.86646696]), array([0.89115028, 0.92126175, 0.83690629, 0.8265431 , 0.83293306,
       0.84849018, 0.83374687, 0.85449177, 0.86865805, 0.86504163]), array([0.89695851, 0.9165272 , 0.83202307, 0.81816353, 0.83767147,
       0.82340418, 0.83243863, 0.85440756, 0.85014519, 0.86484581])]
real metric: [array([0.92362093, 0.92528736, 0.69757489, 0.72316384, 0.71711457,
       0.47659574, 0.46142649, 0.47226174, 0.3681073 , 0.43216783]), array([0.92794118, 0.90934066, 0.7264574 , 0.69361702, 0.71490593,
       0.50145349, 0.47003995, 0.44585091, 0.39300699, 0.46374622]), array([0.9221374 , 0.93229167, 0.7037594 , 0.74676259, 0.72871573,
       0.50336474, 0.45165746, 0.45922747, 0.39524517, 0.48613139]), array([0.92653673, 0.93449782, 0.68960674, 0.71847507, 0.71487603,
       0.50997151, 0.43704776, 0.45912807, 0.3916185 , 0.47807638]), array([0.91620112, 0.91899441, 0.70639535, 0.70070922, 0.71156662,
       0.50277008, 0.41151685, 0.43067847, 0.39488636, 0.4704142 ])]

estim_algorithm = ac-model, mode = classification, metric = sensitivity, confidence_scores = doctor-conf, class_specific = False
test err: [0.29005075428259225, 0.28651065502853956, 0.2798238418381005, 0.2870974881029291, 0.2929778165653336]
estimated metric: [array([0.93646191, 0.94419581, 0.8905394 , 0.88258034, 0.90003689,
       0.89832593, 0.90455175, 0.9134586 , 0.90631249, 0.92136513]), array([0.93381258, 0.95399496, 0.88790964, 0.88799217, 0.90137225,
       0.89476778, 0.91057776, 0.90641301, 0.91215337, 0.92247279]), array([0.9385138 , 0.95100408, 0.90072087, 0.88880999, 0.90346901,
       0.89244808, 0.89941233, 0.90592004, 0.92621259, 0.92102064]), array([0.9330883 , 0.95178049, 0.90127897, 0.8942771 , 0.89828407,
       0.90738896, 0.89591995, 0.91246876, 0.91691573, 0.91940718]), array([0.93940733, 0.94796212, 0.89329799, 0.89097078, 0.90011631,
       0.8893605 , 0.89497963, 0.9116435 , 0.90920939, 0.9169633 ])]
real metric: [array([0.92362093, 0.92528736, 0.69757489, 0.72316384, 0.71711457,
       0.47659574, 0.46142649, 0.47226174, 0.3681073 , 0.43216783]), array([0.92794118, 0.90934066, 0.7264574 , 0.69361702, 0.71490593,
       0.50145349, 0.47003995, 0.44585091, 0.39300699, 0.46374622]), array([0.9221374 , 0.93229167, 0.7037594 , 0.74676259, 0.72871573,
       0.50336474, 0.45165746, 0.45922747, 0.39524517, 0.48613139]), array([0.92653673, 0.93449782, 0.68960674, 0.71847507, 0.71487603,
       0.50997151, 0.43704776, 0.45912807, 0.3916185 , 0.47807638]), array([0.91620112, 0.91899441, 0.70639535, 0.70070922, 0.71156662,
       0.50277008, 0.41151685, 0.43067847, 0.39488636, 0.4704142 ])]

estim_algorithm = ts-model, mode = classification, metric = sensitivity, confidence_scores = max_class_probability-conf, class_specific = False
test err: [0.17650034186475025, 0.16444036182564958, 0.16655841478206002, 0.1666011451138169, 0.16609088513177672]
estimated metric: [array([0.66993655, 0.72634666, 0.57322739, 0.5411844 , 0.58619961,
       0.59072312, 0.57915812, 0.62823101, 0.62389374, 0.66368955]), array([0.67150114, 0.74777656, 0.56733059, 0.54180802, 0.58718588,
       0.59778223, 0.59633665, 0.59368367, 0.61940131, 0.65463733]), array([0.68197702, 0.74188325, 0.58369425, 0.54953841, 0.58141054,
       0.59819265, 0.59216927, 0.58421955, 0.65064363, 0.64082195]), array([0.67769419, 0.74735551, 0.57993727, 0.5498951 , 0.57289614,
       0.60543685, 0.57859027, 0.60968299, 0.65329808, 0.63863128]), array([0.6775511 , 0.74298154, 0.5831874 , 0.54633913, 0.58266195,
       0.58079458, 0.58495688, 0.62047308, 0.61748391, 0.64632077])]
real metric: [array([0.92362093, 0.92528736, 0.69757489, 0.72316384, 0.71711457,
       0.47659574, 0.46142649, 0.47226174, 0.3681073 , 0.43216783]), array([0.92794118, 0.90934066, 0.7264574 , 0.69361702, 0.71490593,
       0.50145349, 0.47003995, 0.44585091, 0.39300699, 0.46374622]), array([0.9221374 , 0.93229167, 0.7037594 , 0.74676259, 0.72871573,
       0.50336474, 0.45165746, 0.45922747, 0.39524517, 0.48613139]), array([0.92653673, 0.93449782, 0.68960674, 0.71847507, 0.71487603,
       0.50997151, 0.43704776, 0.45912807, 0.3916185 , 0.47807638]), array([0.91620112, 0.91899441, 0.70639535, 0.70070922, 0.71156662,
       0.50277008, 0.41151685, 0.43067847, 0.39488636, 0.4704142 ])]

estim_algorithm = ts-model, mode = classification, metric = sensitivity, confidence_scores = max_class_probability-conf, class_specific = True
test err: [0.04391986217190695, 0.048913939460943724, 0.05130780300757447, 0.05115226225885876, 0.06353157847290185]
estimated metric: [array([0.93783738, 0.96265914, 0.75855833, 0.71353159, 0.73981784,
       0.49270993, 0.57277242, 0.55472668, 0.33720484, 0.37870392]), array([0.93556215, 0.9687142 , 0.75102748, 0.71675713, 0.74221881,
       0.50164719, 0.59000552, 0.51868464, 0.33631696, 0.36630744]), array([0.93998209, 0.96962814, 0.76771692, 0.72148119, 0.73781786,
       0.50575354, 0.58596837, 0.51164356, 0.35214563, 0.35879091]), array([0.93484015, 0.96943726, 0.76632502, 0.72606981, 0.72859149,
       0.50716851, 0.57241784, 0.53678283, 0.35562164, 0.3596498 ]), array([0.94043543, 0.96485143, 0.76232841, 0.71836277, 0.73601306,
       0.48764505, 0.5787829 , 0.54733173, 0.33351598, 0.36363752])]
real metric: [array([0.92362093, 0.92528736, 0.69757489, 0.72316384, 0.71711457,
       0.47659574, 0.46142649, 0.47226174, 0.3681073 , 0.43216783]), array([0.92794118, 0.90934066, 0.7264574 , 0.69361702, 0.71490593,
       0.50145349, 0.47003995, 0.44585091, 0.39300699, 0.46374622]), array([0.9221374 , 0.93229167, 0.7037594 , 0.74676259, 0.72871573,
       0.50336474, 0.45165746, 0.45922747, 0.39524517, 0.48613139]), array([0.92653673, 0.93449782, 0.68960674, 0.71847507, 0.71487603,
       0.50997151, 0.43704776, 0.45912807, 0.3916185 , 0.47807638]), array([0.91620112, 0.91899441, 0.70639535, 0.70070922, 0.71156662,
       0.50277008, 0.41151685, 0.43067847, 0.39488636, 0.4704142 ])]

estim_algorithm = ts-model, mode = classification, metric = sensitivity, confidence_scores = energy-conf, class_specific = False
test err: [0.332493437867355, 0.3391328235381286, 0.3442067926087669, 0.3364626628704877, 0.3292639647402785]
estimated metric: [array([0.29294464, 0.35210219, 0.24281308, 0.23145265, 0.25990918,
       0.27437347, 0.25322237, 0.30261481, 0.30757297, 0.35538096]), array([0.29396733, 0.36219674, 0.23649337, 0.22931043, 0.26006325,
       0.28252737, 0.26598317, 0.27499022, 0.30742579, 0.34207385]), array([0.3000243 , 0.3626992 , 0.24949689, 0.23338675, 0.25661077,
       0.29251123, 0.26197565, 0.27511678, 0.32449764, 0.33090586]), array([0.29515756, 0.3672151 , 0.24623192, 0.23338329, 0.25399042,
       0.28567131, 0.25677936, 0.29381967, 0.32740858, 0.33555076]), array([0.29431247, 0.36192884, 0.25007043, 0.23409382, 0.25817036,
       0.27822176, 0.25911687, 0.29824092, 0.30088938, 0.33644819])]
real metric: [array([0.92362093, 0.92528736, 0.69757489, 0.72316384, 0.71711457,
       0.47659574, 0.46142649, 0.47226174, 0.3681073 , 0.43216783]), array([0.92794118, 0.90934066, 0.7264574 , 0.69361702, 0.71490593,
       0.50145349, 0.47003995, 0.44585091, 0.39300699, 0.46374622]), array([0.9221374 , 0.93229167, 0.7037594 , 0.74676259, 0.72871573,
       0.50336474, 0.45165746, 0.45922747, 0.39524517, 0.48613139]), array([0.92653673, 0.93449782, 0.68960674, 0.71847507, 0.71487603,
       0.50997151, 0.43704776, 0.45912807, 0.3916185 , 0.47807638]), array([0.91620112, 0.91899441, 0.70639535, 0.70070922, 0.71156662,
       0.50277008, 0.41151685, 0.43067847, 0.39488636, 0.4704142 ])]

estim_algorithm = ts-model, mode = classification, metric = sensitivity, confidence_scores = energy-conf, class_specific = True
test err: [0.22092417432987732, 0.23509817616279433, 0.22865288918036836, 0.22570014750214815, 0.22545573548833658]
estimated metric: [array([0.950633  , 0.96964758, 0.34544964, 0.77668797, 0.30529531,
       0.20080434, 0.24886222, 0.21240544, 0.10685997, 0.12122632]), array([0.95070958, 0.96983488, 0.34470474, 0.77652586, 0.30526797,
       0.20255726, 0.25037913, 0.20756103, 0.10666032, 0.11352015]), array([0.95074205, 0.96995487, 0.34579018, 0.77658796, 0.30485549,
       0.20555783, 0.24989276, 0.20846071, 0.11287066, 0.11023805]), array([0.95062575, 0.97008828, 0.34554105, 0.77663217, 0.30498631,
       0.20285056, 0.24961393, 0.21164264, 0.11426774, 0.11225785]), array([0.95058378, 0.96999543, 0.34600398, 0.77671596, 0.30508453,
       0.20311929, 0.24986352, 0.21181278, 0.10421927, 0.11495761])]
real metric: [array([0.92362093, 0.92528736, 0.69757489, 0.72316384, 0.71711457,
       0.47659574, 0.46142649, 0.47226174, 0.3681073 , 0.43216783]), array([0.92794118, 0.90934066, 0.7264574 , 0.69361702, 0.71490593,
       0.50145349, 0.47003995, 0.44585091, 0.39300699, 0.46374622]), array([0.9221374 , 0.93229167, 0.7037594 , 0.74676259, 0.72871573,
       0.50336474, 0.45165746, 0.45922747, 0.39524517, 0.48613139]), array([0.92653673, 0.93449782, 0.68960674, 0.71847507, 0.71487603,
       0.50997151, 0.43704776, 0.45912807, 0.3916185 , 0.47807638]), array([0.91620112, 0.91899441, 0.70639535, 0.70070922, 0.71156662,
       0.50277008, 0.41151685, 0.43067847, 0.39488636, 0.4704142 ])]

estim_algorithm = ts-model, mode = classification, metric = sensitivity, confidence_scores = entropy-conf, class_specific = False
test err: [0.18237722819404972, 0.17027879709501628, 0.17116478154676268, 0.17108453328757992, 0.17041239188199742]
estimated metric: [array([0.66115845, 0.71887799, 0.55919317, 0.52809173, 0.57638721,
       0.59077293, 0.56809947, 0.62313004, 0.63856833, 0.67070758]), array([0.66388104, 0.7406054 , 0.55048995, 0.52566774, 0.57871457,
       0.59997574, 0.58989999, 0.5852618 , 0.62719582, 0.6616487 ]), array([0.67493431, 0.73700629, 0.57027102, 0.53483229, 0.57166684,
       0.60085896, 0.58105597, 0.57491393, 0.65895203, 0.64653711]), array([0.6710163 , 0.74344148, 0.56483003, 0.53497098, 0.56285746,
       0.60388474, 0.56926882, 0.60236769, 0.65830112, 0.64598903]), array([0.66930884, 0.73793681, 0.57006798, 0.53194247, 0.57389937,
       0.57942108, 0.57524125, 0.61513761, 0.62361192, 0.65026678])]
real metric: [array([0.92362093, 0.92528736, 0.69757489, 0.72316384, 0.71711457,
       0.47659574, 0.46142649, 0.47226174, 0.3681073 , 0.43216783]), array([0.92794118, 0.90934066, 0.7264574 , 0.69361702, 0.71490593,
       0.50145349, 0.47003995, 0.44585091, 0.39300699, 0.46374622]), array([0.9221374 , 0.93229167, 0.7037594 , 0.74676259, 0.72871573,
       0.50336474, 0.45165746, 0.45922747, 0.39524517, 0.48613139]), array([0.92653673, 0.93449782, 0.68960674, 0.71847507, 0.71487603,
       0.50997151, 0.43704776, 0.45912807, 0.3916185 , 0.47807638]), array([0.91620112, 0.91899441, 0.70639535, 0.70070922, 0.71156662,
       0.50277008, 0.41151685, 0.43067847, 0.39488636, 0.4704142 ])]

estim_algorithm = ts-model, mode = classification, metric = sensitivity, confidence_scores = entropy-conf, class_specific = True
test err: [0.046494867733605276, 0.05506842277899806, 0.055738615640287856, 0.057172728300976416, 0.07098100705278113]
estimated metric: [array([0.93812334, 0.95997701, 0.75639864, 0.71652887, 0.73986715,
       0.47805672, 0.56483636, 0.55643085, 0.31723507, 0.3445347 ]), array([0.93588788, 0.96734098, 0.74697695, 0.71599238, 0.74463769,
       0.48975677, 0.58670947, 0.51589138, 0.31359014, 0.32945924]), array([0.93974558, 0.96601498, 0.76539949, 0.72334799, 0.73884341,
       0.49661765, 0.57791523, 0.50771835, 0.33566166, 0.31633836]), array([0.93530083, 0.96602238, 0.76265162, 0.7275829 , 0.73042303,
       0.49177463, 0.56611552, 0.5353323 , 0.33911307, 0.32031177]), array([0.94116673, 0.96260956, 0.76119064, 0.7190317 , 0.73892883,
       0.47289935, 0.57210807, 0.54908083, 0.30922987, 0.32418569])]
real metric: [array([0.92362093, 0.92528736, 0.69757489, 0.72316384, 0.71711457,
       0.47659574, 0.46142649, 0.47226174, 0.3681073 , 0.43216783]), array([0.92794118, 0.90934066, 0.7264574 , 0.69361702, 0.71490593,
       0.50145349, 0.47003995, 0.44585091, 0.39300699, 0.46374622]), array([0.9221374 , 0.93229167, 0.7037594 , 0.74676259, 0.72871573,
       0.50336474, 0.45165746, 0.45922747, 0.39524517, 0.48613139]), array([0.92653673, 0.93449782, 0.68960674, 0.71847507, 0.71487603,
       0.50997151, 0.43704776, 0.45912807, 0.3916185 , 0.47807638]), array([0.91620112, 0.91899441, 0.70639535, 0.70070922, 0.71156662,
       0.50277008, 0.41151685, 0.43067847, 0.39488636, 0.4704142 ])]

estim_algorithm = ts-model, mode = classification, metric = sensitivity, confidence_scores = doctor-conf, class_specific = False
test err: [0.19109059725828859, 0.1804990958746607, 0.1803423475772321, 0.17985408382143314, 0.17934716501107034]
estimated metric: [array([0.6450323 , 0.70078752, 0.55571951, 0.5333886 , 0.58118872,
       0.60480163, 0.57350489, 0.63024849, 0.65475452, 0.6875106 ]), array([0.64874979, 0.7194921 , 0.54355505, 0.52852984, 0.5833912 ,
       0.61430929, 0.59746816, 0.59457749, 0.64322459, 0.68096479]), array([0.65804541, 0.7208305 , 0.56566545, 0.53644559, 0.57744772,
       0.61862522, 0.58380794, 0.5862699 , 0.67125839, 0.66385613]), array([0.65385269, 0.72690207, 0.55986593, 0.53731237, 0.56993494,
       0.61592776, 0.57624269, 0.61175374, 0.66779881, 0.66653564]), array([0.65187061, 0.71960146, 0.56514373, 0.53577929, 0.57922873,
       0.59669038, 0.5793632 , 0.62343298, 0.63585032, 0.66615785])]
real metric: [array([0.92362093, 0.92528736, 0.69757489, 0.72316384, 0.71711457,
       0.47659574, 0.46142649, 0.47226174, 0.3681073 , 0.43216783]), array([0.92794118, 0.90934066, 0.7264574 , 0.69361702, 0.71490593,
       0.50145349, 0.47003995, 0.44585091, 0.39300699, 0.46374622]), array([0.9221374 , 0.93229167, 0.7037594 , 0.74676259, 0.72871573,
       0.50336474, 0.45165746, 0.45922747, 0.39524517, 0.48613139]), array([0.92653673, 0.93449782, 0.68960674, 0.71847507, 0.71487603,
       0.50997151, 0.43704776, 0.45912807, 0.3916185 , 0.47807638]), array([0.91620112, 0.91899441, 0.70639535, 0.70070922, 0.71156662,
       0.50277008, 0.41151685, 0.43067847, 0.39488636, 0.4704142 ])]

estim_algorithm = ts-model, mode = classification, metric = sensitivity, confidence_scores = doctor-conf, class_specific = True
test err: [0.05021105548799361, 0.0591932966902365, 0.05955976591614469, 0.061702084843879346, 0.07544856309156693]
estimated metric: [array([0.93677749, 0.95654244, 0.757907  , 0.72011051, 0.74589435,
       0.47901185, 0.5713657 , 0.55898496, 0.30863747, 0.32518251]), array([0.93553985, 0.96372775, 0.74728824, 0.71682624, 0.74996515,
       0.49085912, 0.59481464, 0.52096953, 0.30561803, 0.31077494]), array([0.93990305, 0.96135213, 0.76605216, 0.72368933, 0.74567413,
       0.501191  , 0.58174862, 0.51447839, 0.32887363, 0.29357163]), array([0.93636452, 0.96285119, 0.76232027, 0.72646356, 0.73846417,
       0.49122659, 0.57429616, 0.54032186, 0.33168945, 0.30064302]), array([0.94007036, 0.96028637, 0.76297443, 0.72177708, 0.7459371 ,
       0.47731919, 0.57743526, 0.55295821, 0.29835287, 0.30328973])]
real metric: [array([0.92362093, 0.92528736, 0.69757489, 0.72316384, 0.71711457,
       0.47659574, 0.46142649, 0.47226174, 0.3681073 , 0.43216783]), array([0.92794118, 0.90934066, 0.7264574 , 0.69361702, 0.71490593,
       0.50145349, 0.47003995, 0.44585091, 0.39300699, 0.46374622]), array([0.9221374 , 0.93229167, 0.7037594 , 0.74676259, 0.72871573,
       0.50336474, 0.45165746, 0.45922747, 0.39524517, 0.48613139]), array([0.92653673, 0.93449782, 0.68960674, 0.71847507, 0.71487603,
       0.50997151, 0.43704776, 0.45912807, 0.3916185 , 0.47807638]), array([0.91620112, 0.91899441, 0.70639535, 0.70070922, 0.71156662,
       0.50277008, 0.41151685, 0.43067847, 0.39488636, 0.4704142 ])]

estim_algorithm = doc-model, mode = classification, metric = sensitivity, confidence_scores = max_class_probability-conf, class_specific = False
test err: [0.173847282962099, 0.1652578108655241, 0.16758313413370024, 0.16623945914155996, 0.16678979426576676]
estimated metric: [array([0.69833868, 0.7119042 , 0.64184866, 0.62688309, 0.6520852 ,
       0.64506867, 0.65376263, 0.66925196, 0.64888928, 0.67635765]), array([0.69617088, 0.7256307 , 0.6366438 , 0.63382287, 0.65240054,
       0.64073422, 0.66219294, 0.65874997, 0.6603138 , 0.67709136]), array([0.70166963, 0.72180493, 0.65014636, 0.63312698, 0.65341858,
       0.63855072, 0.65466917, 0.65581243, 0.67664078, 0.67228416]), array([0.69650015, 0.72398051, 0.65101449, 0.63916219, 0.64507255,
       0.65714145, 0.64734973, 0.66517418, 0.67095112, 0.66935781]), array([0.70301614, 0.71889783, 0.64224344, 0.63475549, 0.64807729,
       0.63449   , 0.64618624, 0.66669973, 0.65173078, 0.67218062])]
real metric: [array([0.92362093, 0.92528736, 0.69757489, 0.72316384, 0.71711457,
       0.47659574, 0.46142649, 0.47226174, 0.3681073 , 0.43216783]), array([0.92794118, 0.90934066, 0.7264574 , 0.69361702, 0.71490593,
       0.50145349, 0.47003995, 0.44585091, 0.39300699, 0.46374622]), array([0.9221374 , 0.93229167, 0.7037594 , 0.74676259, 0.72871573,
       0.50336474, 0.45165746, 0.45922747, 0.39524517, 0.48613139]), array([0.92653673, 0.93449782, 0.68960674, 0.71847507, 0.71487603,
       0.50997151, 0.43704776, 0.45912807, 0.3916185 , 0.47807638]), array([0.91620112, 0.91899441, 0.70639535, 0.70070922, 0.71156662,
       0.50277008, 0.41151685, 0.43067847, 0.39488636, 0.4704142 ])]

estim_algorithm = doc-model, mode = classification, metric = sensitivity, confidence_scores = max_class_probability-conf, class_specific = True
test err: [0.05597856523360885, 0.061080977650625944, 0.059273194216346595, 0.06412173611532221, 0.07144077975329746]
estimated metric: [array([0.93790255, 0.95917479, 0.78179608, 0.73187701, 0.76688585,
       0.55473302, 0.63480377, 0.56144971, 0.34869404, 0.42337265]), array([0.93528307, 0.96690593, 0.77659122, 0.73881678, 0.76720119,
       0.55044772, 0.64323409, 0.55090449, 0.36204722, 0.42367415]), array([0.93972775, 0.96660055, 0.79009378, 0.73812089, 0.76821922,
       0.54821506, 0.63571323, 0.54801443, 0.37432215, 0.41839431]), array([0.93419233, 0.96637602, 0.7909619 , 0.74415611, 0.7598732 ,
       0.5668058 , 0.62839088, 0.55745409, 0.3709033 , 0.41564481]), array([0.94064995, 0.96235371, 0.78219085, 0.7397494 , 0.76287793,
       0.54424299, 0.62722739, 0.55900222, 0.35072899, 0.41962609])]
real metric: [array([0.92362093, 0.92528736, 0.69757489, 0.72316384, 0.71711457,
       0.47659574, 0.46142649, 0.47226174, 0.3681073 , 0.43216783]), array([0.92794118, 0.90934066, 0.7264574 , 0.69361702, 0.71490593,
       0.50145349, 0.47003995, 0.44585091, 0.39300699, 0.46374622]), array([0.9221374 , 0.93229167, 0.7037594 , 0.74676259, 0.72871573,
       0.50336474, 0.45165746, 0.45922747, 0.39524517, 0.48613139]), array([0.92653673, 0.93449782, 0.68960674, 0.71847507, 0.71487603,
       0.50997151, 0.43704776, 0.45912807, 0.3916185 , 0.47807638]), array([0.91620112, 0.91899441, 0.70639535, 0.70070922, 0.71156662,
       0.50277008, 0.41151685, 0.43067847, 0.39488636, 0.4704142 ])]

estim_algorithm = doc-model, mode = classification, metric = sensitivity, confidence_scores = energy-conf, class_specific = False
test err: [0.18883637430029765, 0.1789878447639386, 0.18207010805136273, 0.18114865534177887, 0.18212287589787354]
estimated metric: [array([0.64519836, 0.70116131, 0.59599255, 0.58506545, 0.61300296,
       0.62852164, 0.60610148, 0.65578539, 0.66011672, 0.70205667]), array([0.64656978, 0.70991042, 0.58977031, 0.58215589, 0.61327367,
       0.63668095, 0.61884706, 0.62836106, 0.65743082, 0.69207399]), array([0.65200602, 0.71115813, 0.60183825, 0.58641158, 0.60975255,
       0.64629026, 0.61573874, 0.62722261, 0.67688667, 0.67768877]), array([0.64794031, 0.71422514, 0.59876514, 0.58634187, 0.60711571,
       0.63889454, 0.6103545 , 0.64642213, 0.67919558, 0.68285779]), array([0.64642936, 0.71004882, 0.60338622, 0.58687017, 0.61162136,
       0.63282826, 0.61232579, 0.65116347, 0.65452539, 0.68514102])]
real metric: [array([0.92362093, 0.92528736, 0.69757489, 0.72316384, 0.71711457,
       0.47659574, 0.46142649, 0.47226174, 0.3681073 , 0.43216783]), array([0.92794118, 0.90934066, 0.7264574 , 0.69361702, 0.71490593,
       0.50145349, 0.47003995, 0.44585091, 0.39300699, 0.46374622]), array([0.9221374 , 0.93229167, 0.7037594 , 0.74676259, 0.72871573,
       0.50336474, 0.45165746, 0.45922747, 0.39524517, 0.48613139]), array([0.92653673, 0.93449782, 0.68960674, 0.71847507, 0.71487603,
       0.50997151, 0.43704776, 0.45912807, 0.3916185 , 0.47807638]), array([0.91620112, 0.91899441, 0.70639535, 0.70070922, 0.71156662,
       0.50277008, 0.41151685, 0.43067847, 0.39488636, 0.4704142 ])]

estim_algorithm = doc-model, mode = classification, metric = sensitivity, confidence_scores = energy-conf, class_specific = True
test err: [0.055763161808543946, 0.06281113325782045, 0.0630986492244471, 0.06500689064595733, 0.07677821770589452]
estimated metric: [array([0.92899241, 0.94758229, 0.76953416, 0.73475308, 0.76329884,
       0.51025195, 0.60686512, 0.5645788 , 0.32583744, 0.34561718]), array([0.93064955, 0.95316893, 0.76335906, 0.73190299, 0.76379444,
       0.51880222, 0.61960892, 0.53632115, 0.32500586, 0.33163675]), array([0.93217162, 0.95441599, 0.77345363, 0.73564443, 0.76010718,
       0.52923738, 0.61650452, 0.5357386 , 0.34193635, 0.32004693]), array([0.93160361, 0.95663163, 0.77148908, 0.73599958, 0.7578408 ,
       0.52137389, 0.61111785, 0.55518967, 0.34562762, 0.32510473]), array([0.93079143, 0.95341859, 0.77458384, 0.736273  , 0.76251032,
       0.51487916, 0.61308922, 0.56035893, 0.31868876, 0.325902  ])]
real metric: [array([0.92362093, 0.92528736, 0.69757489, 0.72316384, 0.71711457,
       0.47659574, 0.46142649, 0.47226174, 0.3681073 , 0.43216783]), array([0.92794118, 0.90934066, 0.7264574 , 0.69361702, 0.71490593,
       0.50145349, 0.47003995, 0.44585091, 0.39300699, 0.46374622]), array([0.9221374 , 0.93229167, 0.7037594 , 0.74676259, 0.72871573,
       0.50336474, 0.45165746, 0.45922747, 0.39524517, 0.48613139]), array([0.92653673, 0.93449782, 0.68960674, 0.71847507, 0.71487603,
       0.50997151, 0.43704776, 0.45912807, 0.3916185 , 0.47807638]), array([0.91620112, 0.91899441, 0.70639535, 0.70070922, 0.71156662,
       0.50277008, 0.41151685, 0.43067847, 0.39488636, 0.4704142 ])]

estim_algorithm = doc-model, mode = classification, metric = sensitivity, confidence_scores = entropy-conf, class_specific = False
test err: [0.17590265726109605, 0.16627876691336876, 0.16756941951163645, 0.16697937824276676, 0.16675067748924086]
estimated metric: [array([0.69514298, 0.71161636, 0.63410996, 0.61862325, 0.64223256,
       0.64177809, 0.6459078 , 0.66373901, 0.65473659, 0.67838769]), array([0.69346109, 0.72715794, 0.62632257, 0.62071736, 0.64573968,
       0.63967042, 0.65193004, 0.65075568, 0.65959874, 0.6760668 ]), array([0.69982113, 0.72113534, 0.64207687, 0.62474778, 0.64346054,
       0.63478158, 0.64540168, 0.64310548, 0.67490374, 0.67070281]), array([0.69538612, 0.7254976 , 0.64114213, 0.63079468, 0.6371689 ,
       0.65275132, 0.63798271, 0.65872761, 0.6728939 , 0.66927748]), array([0.70119435, 0.72076305, 0.63625891, 0.62239937, 0.64190732,
       0.62764846, 0.63667448, 0.6586434 , 0.65438103, 0.66908165])]
real metric: [array([0.92362093, 0.92528736, 0.69757489, 0.72316384, 0.71711457,
       0.47659574, 0.46142649, 0.47226174, 0.3681073 , 0.43216783]), array([0.92794118, 0.90934066, 0.7264574 , 0.69361702, 0.71490593,
       0.50145349, 0.47003995, 0.44585091, 0.39300699, 0.46374622]), array([0.9221374 , 0.93229167, 0.7037594 , 0.74676259, 0.72871573,
       0.50336474, 0.45165746, 0.45922747, 0.39524517, 0.48613139]), array([0.92653673, 0.93449782, 0.68960674, 0.71847507, 0.71487603,
       0.50997151, 0.43704776, 0.45912807, 0.3916185 , 0.47807638]), array([0.91620112, 0.91899441, 0.70639535, 0.70070922, 0.71156662,
       0.50277008, 0.41151685, 0.43067847, 0.39488636, 0.4704142 ])]

estim_algorithm = doc-model, mode = classification, metric = sensitivity, confidence_scores = entropy-conf, class_specific = True
test err: [0.054319397003134505, 0.05989401008901095, 0.05759354340427199, 0.06283664186593704, 0.07027656116074307]
estimated metric: [array([0.9371118 , 0.95513693, 0.77509077, 0.73241988, 0.76050711,
       0.54556106, 0.629342  , 0.56496346, 0.34950181, 0.4106668 ]), array([0.93498451, 0.96330005, 0.76729413, 0.73458102, 0.76409782,
       0.54355544, 0.63537983, 0.55177551, 0.35542692, 0.40774796]), array([0.93947403, 0.96201592, 0.78305768, 0.73861144, 0.76179085,
       0.53850969, 0.62888151, 0.54405324, 0.36821006, 0.40201129]), array([0.93458033, 0.96289009, 0.78212295, 0.7446426 , 0.75552704,
       0.55658453, 0.62141691, 0.55967538, 0.36755845, 0.40107009]), array([0.94090535, 0.95930739, 0.77723972, 0.73626303, 0.76026545,
       0.53149034, 0.62010868, 0.56005487, 0.34775988, 0.40157779])]
real metric: [array([0.92362093, 0.92528736, 0.69757489, 0.72316384, 0.71711457,
       0.47659574, 0.46142649, 0.47226174, 0.3681073 , 0.43216783]), array([0.92794118, 0.90934066, 0.7264574 , 0.69361702, 0.71490593,
       0.50145349, 0.47003995, 0.44585091, 0.39300699, 0.46374622]), array([0.9221374 , 0.93229167, 0.7037594 , 0.74676259, 0.72871573,
       0.50336474, 0.45165746, 0.45922747, 0.39524517, 0.48613139]), array([0.92653673, 0.93449782, 0.68960674, 0.71847507, 0.71487603,
       0.50997151, 0.43704776, 0.45912807, 0.3916185 , 0.47807638]), array([0.91620112, 0.91899441, 0.70639535, 0.70070922, 0.71156662,
       0.50277008, 0.41151685, 0.43067847, 0.39488636, 0.4704142 ])]

estim_algorithm = doc-model, mode = classification, metric = sensitivity, confidence_scores = doctor-conf, class_specific = False
test err: [0.1765861549202143, 0.1680382388571496, 0.1700913971635296, 0.1680988970911504, 0.16952223590116355]
estimated metric: [array([0.69855319, 0.70657589, 0.65312527, 0.64534683, 0.66244241,
       0.66093008, 0.6664848 , 0.67605664, 0.66876824, 0.68346288]), array([0.69616901, 0.71611937, 0.65014862, 0.650398  , 0.66410846,
       0.65723549, 0.67323656, 0.66897296, 0.67521951, 0.68449671]), array([0.7005274 , 0.71300693, 0.66291989, 0.65107392, 0.66623821,
       0.65474205, 0.66276653, 0.66803186, 0.68814564, 0.68295369]), array([0.69528887, 0.71470405, 0.66372243, 0.6565696 , 0.66021712,
       0.6698149 , 0.65841086, 0.67459387, 0.679181  , 0.68134022]), array([0.70138433, 0.71065518, 0.65543324, 0.65298582, 0.66217981,
       0.6517967 , 0.65691268, 0.67496519, 0.67114244, 0.67944298])]
real metric: [array([0.92362093, 0.92528736, 0.69757489, 0.72316384, 0.71711457,
       0.47659574, 0.46142649, 0.47226174, 0.3681073 , 0.43216783]), array([0.92794118, 0.90934066, 0.7264574 , 0.69361702, 0.71490593,
       0.50145349, 0.47003995, 0.44585091, 0.39300699, 0.46374622]), array([0.9221374 , 0.93229167, 0.7037594 , 0.74676259, 0.72871573,
       0.50336474, 0.45165746, 0.45922747, 0.39524517, 0.48613139]), array([0.92653673, 0.93449782, 0.68960674, 0.71847507, 0.71487603,
       0.50997151, 0.43704776, 0.45912807, 0.3916185 , 0.47807638]), array([0.91620112, 0.91899441, 0.70639535, 0.70070922, 0.71156662,
       0.50277008, 0.41151685, 0.43067847, 0.39488636, 0.4704142 ])]

estim_algorithm = doc-model, mode = classification, metric = sensitivity, confidence_scores = doctor-conf, class_specific = True
test err: [0.061343759667265484, 0.06745791283957725, 0.06388032295341066, 0.07047212407600675, 0.07774492204280511]
estimated metric: [array([0.93628844, 0.95663882, 0.78935503, 0.74355289, 0.77655933,
       0.56520486, 0.65185219, 0.57042268, 0.36034434, 0.41932189]), array([0.93363924, 0.96441578, 0.78677945, 0.74867531, 0.77810207,
       0.56143364, 0.65868076, 0.56389074, 0.368312  , 0.41987255]), array([0.93834033, 0.96279746, 0.79947404, 0.74947311, 0.78025048,
       0.55892651, 0.64825485, 0.5622194 , 0.37683162, 0.41756144]), array([0.93291483, 0.9625231 , 0.80005066, 0.75502066, 0.77466976,
       0.57374807, 0.64390813, 0.56896008, 0.36994663, 0.41668256]), array([0.93923386, 0.95907933, 0.79205116, 0.75153053, 0.776502  ,
       0.55564125, 0.64228007, 0.56991014, 0.35995783, 0.41528972])]
real metric: [array([0.92362093, 0.92528736, 0.69757489, 0.72316384, 0.71711457,
       0.47659574, 0.46142649, 0.47226174, 0.3681073 , 0.43216783]), array([0.92794118, 0.90934066, 0.7264574 , 0.69361702, 0.71490593,
       0.50145349, 0.47003995, 0.44585091, 0.39300699, 0.46374622]), array([0.9221374 , 0.93229167, 0.7037594 , 0.74676259, 0.72871573,
       0.50336474, 0.45165746, 0.45922747, 0.39524517, 0.48613139]), array([0.92653673, 0.93449782, 0.68960674, 0.71847507, 0.71487603,
       0.50997151, 0.43704776, 0.45912807, 0.3916185 , 0.47807638]), array([0.91620112, 0.91899441, 0.70639535, 0.70070922, 0.71156662,
       0.50277008, 0.41151685, 0.43067847, 0.39488636, 0.4704142 ])]

estim_algorithm = atc-model, mode = classification, metric = sensitivity, confidence_scores = max_class_probability-conf, class_specific = False
test err: [0.16357189175734743, 0.150869848949579, 0.1520236661394085, 0.15450385561507904, 0.15160247618565484]
estimated metric: [array([0.67340824, 0.74279379, 0.52522936, 0.4893978 , 0.54357299,
       0.52801725, 0.54016622, 0.61173185, 0.50694446, 0.64705883]), array([0.6824067 , 0.78587197, 0.51382489, 0.47394958, 0.5499426 ,
       0.52795032, 0.55118111, 0.56733526, 0.55205049, 0.61801243]), array([0.68915663, 0.76028807, 0.54264525, 0.50167786, 0.53041623,
       0.50206613, 0.5647383 , 0.54441262, 0.57718122, 0.61538463]), array([0.69749811, 0.78006873, 0.53386912, 0.50756902, 0.53423237,
       0.56107661, 0.52366865, 0.58743171, 0.62820514, 0.5897436 ]), array([0.70726173, 0.76749436, 0.53899884, 0.47727273, 0.53618422,
       0.49306932, 0.54069769, 0.59006212, 0.55521474, 0.60119049])]
real metric: [array([0.92362093, 0.92528736, 0.69757489, 0.72316384, 0.71711457,
       0.47659574, 0.46142649, 0.47226174, 0.3681073 , 0.43216783]), array([0.92794118, 0.90934066, 0.7264574 , 0.69361702, 0.71490593,
       0.50145349, 0.47003995, 0.44585091, 0.39300699, 0.46374622]), array([0.9221374 , 0.93229167, 0.7037594 , 0.74676259, 0.72871573,
       0.50336474, 0.45165746, 0.45922747, 0.39524517, 0.48613139]), array([0.92653673, 0.93449782, 0.68960674, 0.71847507, 0.71487603,
       0.50997151, 0.43704776, 0.45912807, 0.3916185 , 0.47807638]), array([0.91620112, 0.91899441, 0.70639535, 0.70070922, 0.71156662,
       0.50277008, 0.41151685, 0.43067847, 0.39488636, 0.4704142 ])]

estim_algorithm = atc-model, mode = classification, metric = sensitivity, confidence_scores = max_class_probability-conf, class_specific = True
test err: [0.03730761129491774, 0.0442683435920836, 0.05685592732664543, 0.0448384546406119, 0.058740489340054027]
estimated metric: [array([0.92883895, 0.96008869, 0.74655964, 0.67430026, 0.69498911,
       0.4461207 , 0.49030472, 0.52793297, 0.3090278 , 0.39318887]), array([0.91622239, 0.95364238, 0.72350231, 0.68403362, 0.69460391,
       0.45341616, 0.49081366, 0.49283669, 0.24605681, 0.37267083]), array([0.92931727, 0.96193416, 0.76761434, 0.67869128, 0.69370331,
       0.42148762, 0.52066117, 0.42979944, 0.33221479, 0.36467238]), array([0.91508719, 0.96907217, 0.75774972, 0.7016919 , 0.68049793,
       0.47826088, 0.48224854, 0.49180329, 0.34294874, 0.35327637]), array([0.92284418, 0.95259594, 0.73573923, 0.68013468, 0.69407895,
       0.41980199, 0.49418606, 0.5062112 , 0.25766873, 0.36904764])]
real metric: [array([0.92362093, 0.92528736, 0.69757489, 0.72316384, 0.71711457,
       0.47659574, 0.46142649, 0.47226174, 0.3681073 , 0.43216783]), array([0.92794118, 0.90934066, 0.7264574 , 0.69361702, 0.71490593,
       0.50145349, 0.47003995, 0.44585091, 0.39300699, 0.46374622]), array([0.9221374 , 0.93229167, 0.7037594 , 0.74676259, 0.72871573,
       0.50336474, 0.45165746, 0.45922747, 0.39524517, 0.48613139]), array([0.92653673, 0.93449782, 0.68960674, 0.71847507, 0.71487603,
       0.50997151, 0.43704776, 0.45912807, 0.3916185 , 0.47807638]), array([0.91620112, 0.91899441, 0.70639535, 0.70070922, 0.71156662,
       0.50277008, 0.41151685, 0.43067847, 0.39488636, 0.4704142 ])]

estim_algorithm = atc-model, mode = classification, metric = sensitivity, confidence_scores = energy-conf, class_specific = False
test err: [0.2098793199599991, 0.1942783075879023, 0.19772927567794563, 0.1932313692582348, 0.199429151541101]
estimated metric: [array([0.61797753, 0.67849224, 0.43233946, 0.41560645, 0.5130719 ,
       0.52801725, 0.47645431, 0.59217878, 0.65277779, 0.73065016]), array([0.62147754, 0.71302429, 0.41129033, 0.42100841, 0.5097589 ,
       0.55900622, 0.51443571, 0.55300861, 0.58044165, 0.71428572]), array([0.63212852, 0.71502058, 0.45859086, 0.42449665, 0.48879403,
       0.59504133, 0.50964189, 0.52148999, 0.67114095, 0.66096867]), array([0.62850645, 0.72966782, 0.43742825, 0.42030277, 0.48132781,
       0.56314701, 0.47633138, 0.5464481 , 0.66025642, 0.67521368]), array([0.61422088, 0.71444696, 0.44121072, 0.42676768, 0.49890351,
       0.54851486, 0.50581397, 0.61490684, 0.60736198, 0.66964287])]
real metric: [array([0.92362093, 0.92528736, 0.69757489, 0.72316384, 0.71711457,
       0.47659574, 0.46142649, 0.47226174, 0.3681073 , 0.43216783]), array([0.92794118, 0.90934066, 0.7264574 , 0.69361702, 0.71490593,
       0.50145349, 0.47003995, 0.44585091, 0.39300699, 0.46374622]), array([0.9221374 , 0.93229167, 0.7037594 , 0.74676259, 0.72871573,
       0.50336474, 0.45165746, 0.45922747, 0.39524517, 0.48613139]), array([0.92653673, 0.93449782, 0.68960674, 0.71847507, 0.71487603,
       0.50997151, 0.43704776, 0.45912807, 0.3916185 , 0.47807638]), array([0.91620112, 0.91899441, 0.70639535, 0.70070922, 0.71156662,
       0.50277008, 0.41151685, 0.43067847, 0.39488636, 0.4704142 ])]

estim_algorithm = atc-model, mode = classification, metric = sensitivity, confidence_scores = energy-conf, class_specific = True
test err: [0.054279078477140516, 0.06810497688913973, 0.05898110532250681, 0.05987116745482648, 0.07461584286841486]
estimated metric: [array([0.90711611, 0.91574279, 0.69724771, 0.69550467, 0.69607843,
       0.39008622, 0.47645431, 0.56145253, 0.22916669, 0.29411767]), array([0.91393755, 0.92935982, 0.66935484, 0.68319328, 0.6934558 ,
       0.40786751, 0.51443571, 0.51002867, 0.25552053, 0.24534164]), array([0.92771084, 0.93312757, 0.70828183, 0.68624161, 0.68943437,
       0.45247935, 0.50964189, 0.51002867, 0.32550338, 0.23646726]), array([0.91736164, 0.9347079 , 0.71641791, 0.70614426, 0.67012448,
       0.39337475, 0.47633138, 0.50273225, 0.33012823, 0.23361826]), array([0.91603631, 0.91986456, 0.70197905, 0.68855219, 0.67214913,
       0.39801981, 0.50581397, 0.59316771, 0.26687119, 0.27083336])]
real metric: [array([0.92362093, 0.92528736, 0.69757489, 0.72316384, 0.71711457,
       0.47659574, 0.46142649, 0.47226174, 0.3681073 , 0.43216783]), array([0.92794118, 0.90934066, 0.7264574 , 0.69361702, 0.71490593,
       0.50145349, 0.47003995, 0.44585091, 0.39300699, 0.46374622]), array([0.9221374 , 0.93229167, 0.7037594 , 0.74676259, 0.72871573,
       0.50336474, 0.45165746, 0.45922747, 0.39524517, 0.48613139]), array([0.92653673, 0.93449782, 0.68960674, 0.71847507, 0.71487603,
       0.50997151, 0.43704776, 0.45912807, 0.3916185 , 0.47807638]), array([0.91620112, 0.91899441, 0.70639535, 0.70070922, 0.71156662,
       0.50277008, 0.41151685, 0.43067847, 0.39488636, 0.4704142 ])]

estim_algorithm = atc-model, mode = classification, metric = sensitivity, confidence_scores = entropy-conf, class_specific = False
test err: [0.16571962940375076, 0.1535025645862894, 0.15422426859606936, 0.15664661367256477, 0.15252848937626257]
estimated metric: [array([0.6764045 , 0.73946785, 0.51949542, 0.48685327, 0.54684096,
       0.52586208, 0.53739613, 0.60614526, 0.52430557, 0.65634676]), array([0.68849962, 0.78918323, 0.50576037, 0.47310925, 0.55453502,
       0.53830229, 0.55380579, 0.57020059, 0.55520506, 0.63043479]), array([0.69718876, 0.75720165, 0.54264525, 0.5       , 0.53148346,
       0.51033059, 0.57300277, 0.54441262, 0.58389263, 0.62108263]), array([0.69673996, 0.78006873, 0.53157291, 0.50845949, 0.53008299,
       0.56728779, 0.52366865, 0.58743171, 0.63141027, 0.59544161]), array([0.70877459, 0.7697517 , 0.53084983, 0.47306398, 0.54057018,
       0.49702971, 0.54360466, 0.58074535, 0.57361964, 0.5982143 ])]
real metric: [array([0.92362093, 0.92528736, 0.69757489, 0.72316384, 0.71711457,
       0.47659574, 0.46142649, 0.47226174, 0.3681073 , 0.43216783]), array([0.92794118, 0.90934066, 0.7264574 , 0.69361702, 0.71490593,
       0.50145349, 0.47003995, 0.44585091, 0.39300699, 0.46374622]), array([0.9221374 , 0.93229167, 0.7037594 , 0.74676259, 0.72871573,
       0.50336474, 0.45165746, 0.45922747, 0.39524517, 0.48613139]), array([0.92653673, 0.93449782, 0.68960674, 0.71847507, 0.71487603,
       0.50997151, 0.43704776, 0.45912807, 0.3916185 , 0.47807638]), array([0.91620112, 0.91899441, 0.70639535, 0.70070922, 0.71156662,
       0.50277008, 0.41151685, 0.43067847, 0.39488636, 0.4704142 ])]

estim_algorithm = atc-model, mode = classification, metric = sensitivity, confidence_scores = entropy-conf, class_specific = True
test err: [0.03674850495370421, 0.046872329098044764, 0.05276544933978289, 0.04781260854087967, 0.05986518959726959]
estimated metric: [array([0.92958802, 0.94124169, 0.74770642, 0.68023749, 0.71459695,
       0.4310345 , 0.49030472, 0.53351957, 0.30208336, 0.38390095]), array([0.92079208, 0.95695364, 0.7327189 , 0.69075631, 0.72330655,
       0.4409938 , 0.48556432, 0.51575933, 0.23974766, 0.36645965]), array([0.93654619, 0.95061728, 0.76143387, 0.68288591, 0.70437567,
       0.41735538, 0.51515153, 0.45558741, 0.33221479, 0.35327637]), array([0.91736164, 0.95647194, 0.76349024, 0.70703473, 0.69190872,
       0.47619049, 0.48224854, 0.52185794, 0.33653848, 0.33618236]), array([0.93040847, 0.9469526 , 0.73573923, 0.68939394, 0.70723685,
       0.4158416 , 0.49418606, 0.52795033, 0.25460125, 0.36607145])]
real metric: [array([0.92362093, 0.92528736, 0.69757489, 0.72316384, 0.71711457,
       0.47659574, 0.46142649, 0.47226174, 0.3681073 , 0.43216783]), array([0.92794118, 0.90934066, 0.7264574 , 0.69361702, 0.71490593,
       0.50145349, 0.47003995, 0.44585091, 0.39300699, 0.46374622]), array([0.9221374 , 0.93229167, 0.7037594 , 0.74676259, 0.72871573,
       0.50336474, 0.45165746, 0.45922747, 0.39524517, 0.48613139]), array([0.92653673, 0.93449782, 0.68960674, 0.71847507, 0.71487603,
       0.50997151, 0.43704776, 0.45912807, 0.3916185 , 0.47807638]), array([0.91620112, 0.91899441, 0.70639535, 0.70070922, 0.71156662,
       0.50277008, 0.41151685, 0.43067847, 0.39488636, 0.4704142 ])]

estim_algorithm = atc-model, mode = classification, metric = sensitivity, confidence_scores = doctor-conf, class_specific = False
test err: [0.1637331677782706, 0.15098465951083262, 0.1516148141544912, 0.15491302618714167, 0.15097998902685544]
estimated metric: [array([0.67265918, 0.74168515, 0.52408257, 0.4893978 , 0.54248367,
       0.52586208, 0.5429363 , 0.61173185, 0.50694446, 0.64396286]), array([0.6824067 , 0.78587197, 0.51382489, 0.47394958, 0.54879449,
       0.52795032, 0.55118111, 0.56733526, 0.55205049, 0.61801243]), array([0.68835342, 0.76028807, 0.54264525, 0.50083893, 0.53041623,
       0.50206613, 0.5647383 , 0.53868196, 0.57718122, 0.61538463]), array([0.69673996, 0.78006873, 0.53157291, 0.50756902, 0.53319503,
       0.56107661, 0.52366865, 0.58743171, 0.62820514, 0.5897436 ]), array([0.7065053 , 0.76749436, 0.53899884, 0.47643098, 0.53508772,
       0.49306932, 0.53488373, 0.58695653, 0.55521474, 0.60119049])]
real metric: [array([0.92362093, 0.92528736, 0.69757489, 0.72316384, 0.71711457,
       0.47659574, 0.46142649, 0.47226174, 0.3681073 , 0.43216783]), array([0.92794118, 0.90934066, 0.7264574 , 0.69361702, 0.71490593,
       0.50145349, 0.47003995, 0.44585091, 0.39300699, 0.46374622]), array([0.9221374 , 0.93229167, 0.7037594 , 0.74676259, 0.72871573,
       0.50336474, 0.45165746, 0.45922747, 0.39524517, 0.48613139]), array([0.92653673, 0.93449782, 0.68960674, 0.71847507, 0.71487603,
       0.50997151, 0.43704776, 0.45912807, 0.3916185 , 0.47807638]), array([0.91620112, 0.91899441, 0.70639535, 0.70070922, 0.71156662,
       0.50277008, 0.41151685, 0.43067847, 0.39488636, 0.4704142 ])]

estim_algorithm = atc-model, mode = classification, metric = sensitivity, confidence_scores = doctor-conf, class_specific = True
test err: [0.03587913322644197, 0.04533584345318613, 0.05321122512810759, 0.04640904887897432, 0.05897992314179336]
estimated metric: [array([0.92209738, 0.94235033, 0.74541285, 0.67175573, 0.69607843,
       0.45043105, 0.49307481, 0.53631286, 0.3090278 , 0.39318887]), array([0.9116527 , 0.95143488, 0.72580645, 0.68403362, 0.70149254,
       0.45548655, 0.49606301, 0.50716334, 0.24605681, 0.37267083]), array([0.93012048, 0.95164609, 0.76266997, 0.67701343, 0.68943437,
       0.42355373, 0.52341599, 0.45845274, 0.33221479, 0.36467238]), array([0.91281274, 0.95647194, 0.75660161, 0.70080143, 0.67946058,
       0.48033127, 0.48224854, 0.5191257 , 0.34294874, 0.35327637]), array([0.92360061, 0.94356659, 0.73341095, 0.68013468, 0.69846492,
       0.42376239, 0.50000001, 0.52173915, 0.25766873, 0.36904764])]
real metric: [array([0.92362093, 0.92528736, 0.69757489, 0.72316384, 0.71711457,
       0.47659574, 0.46142649, 0.47226174, 0.3681073 , 0.43216783]), array([0.92794118, 0.90934066, 0.7264574 , 0.69361702, 0.71490593,
       0.50145349, 0.47003995, 0.44585091, 0.39300699, 0.46374622]), array([0.9221374 , 0.93229167, 0.7037594 , 0.74676259, 0.72871573,
       0.50336474, 0.45165746, 0.45922747, 0.39524517, 0.48613139]), array([0.92653673, 0.93449782, 0.68960674, 0.71847507, 0.71487603,
       0.50997151, 0.43704776, 0.45912807, 0.3916185 , 0.47807638]), array([0.91620112, 0.91899441, 0.70639535, 0.70070922, 0.71156662,
       0.50277008, 0.41151685, 0.43067847, 0.39488636, 0.4704142 ])]

estim_algorithm = ts-atc-model, mode = classification, metric = sensitivity, confidence_scores = max_class_probability-conf, class_specific = False
test err: [0.17911633957296433, 0.16455488765511772, 0.16836984398598392, 0.16575894346900893, 0.1644012789672166]
estimated metric: [array([0.66367041, 0.7172949 , 0.4896789 , 0.44359627, 0.52941177,
       0.51293104, 0.51246539, 0.58659219, 0.59027779, 0.65634676]), array([0.67555217, 0.76158941, 0.47465438, 0.45378152, 0.52583238,
       0.54451347, 0.51181104, 0.55300861, 0.57728708, 0.65217392]), array([0.67550201, 0.75205762, 0.49814587, 0.4580537 , 0.50266809,
       0.5247934 , 0.52617081, 0.512894  , 0.64429531, 0.62393163]), array([0.68536771, 0.77777778, 0.489093  , 0.45770259, 0.49585063,
       0.55486543, 0.50000001, 0.5464481 , 0.64423078, 0.60968662]), array([0.68154312, 0.76185102, 0.49010478, 0.4436027 , 0.50328948,
       0.51683169, 0.51162792, 0.58385094, 0.56134971, 0.60714287])]
real metric: [array([0.92362093, 0.92528736, 0.69757489, 0.72316384, 0.71711457,
       0.47659574, 0.46142649, 0.47226174, 0.3681073 , 0.43216783]), array([0.92794118, 0.90934066, 0.7264574 , 0.69361702, 0.71490593,
       0.50145349, 0.47003995, 0.44585091, 0.39300699, 0.46374622]), array([0.9221374 , 0.93229167, 0.7037594 , 0.74676259, 0.72871573,
       0.50336474, 0.45165746, 0.45922747, 0.39524517, 0.48613139]), array([0.92653673, 0.93449782, 0.68960674, 0.71847507, 0.71487603,
       0.50997151, 0.43704776, 0.45912807, 0.3916185 , 0.47807638]), array([0.91620112, 0.91899441, 0.70639535, 0.70070922, 0.71156662,
       0.50277008, 0.41151685, 0.43067847, 0.39488636, 0.4704142 ])]

estim_algorithm = ts-atc-model, mode = classification, metric = sensitivity, confidence_scores = max_class_probability-conf, class_specific = True
test err: [0.05989265380759079, 0.05481416101800618, 0.06462933111211541, 0.05993689944220234, 0.07154177241182144]
estimated metric: [array([0.93258427, 0.96895787, 0.75      , 0.67430026, 0.7124183 ,
       0.38793105, 0.48199447, 0.53910616, 0.23263892, 0.30340559]), array([0.92840823, 0.96799117, 0.73041475, 0.68319328, 0.72789897,
       0.40372672, 0.49343833, 0.49570202, 0.25552053, 0.31055903]), array([0.93493976, 0.97839506, 0.76019778, 0.6761745 , 0.70757738,
       0.41528927, 0.49311296, 0.47851004, 0.32885908, 0.26210828]), array([0.92418499, 0.97594502, 0.76463835, 0.69902048, 0.69294606,
       0.42443065, 0.46745564, 0.51092898, 0.33333335, 0.26495729]), array([0.92889561, 0.96501129, 0.7322468 , 0.68434344, 0.70833334,
       0.38217823, 0.48546513, 0.54658387, 0.26687119, 0.29761907])]
real metric: [array([0.92362093, 0.92528736, 0.69757489, 0.72316384, 0.71711457,
       0.47659574, 0.46142649, 0.47226174, 0.3681073 , 0.43216783]), array([0.92794118, 0.90934066, 0.7264574 , 0.69361702, 0.71490593,
       0.50145349, 0.47003995, 0.44585091, 0.39300699, 0.46374622]), array([0.9221374 , 0.93229167, 0.7037594 , 0.74676259, 0.72871573,
       0.50336474, 0.45165746, 0.45922747, 0.39524517, 0.48613139]), array([0.92653673, 0.93449782, 0.68960674, 0.71847507, 0.71487603,
       0.50997151, 0.43704776, 0.45912807, 0.3916185 , 0.47807638]), array([0.91620112, 0.91899441, 0.70639535, 0.70070922, 0.71156662,
       0.50277008, 0.41151685, 0.43067847, 0.39488636, 0.4704142 ])]

estim_algorithm = ts-atc-model, mode = classification, metric = sensitivity, confidence_scores = energy-conf, class_specific = False
test err: [0.20808360282737567, 0.18802897687610032, 0.19723987819970484, 0.19109664679729582, 0.19719300497586673]
estimated metric: [array([0.62322098, 0.68625278, 0.43348625, 0.40966922, 0.5130719 ,
       0.53448277, 0.47368423, 0.59497208, 0.64583335, 0.72136224]), array([0.62680884, 0.71523179, 0.41474655, 0.42268908, 0.51664754,
       0.55279504, 0.50131235, 0.53868196, 0.58359623, 0.70186336]), array([0.63775101, 0.71604939, 0.45488258, 0.42114094, 0.49199574,
       0.58677687, 0.51239671, 0.53008597, 0.67449666, 0.65242166]), array([0.62699015, 0.73310424, 0.43972446, 0.42208371, 0.49066391,
       0.56935819, 0.47633138, 0.54918034, 0.65384616, 0.66666668]), array([0.6172466 , 0.71557562, 0.44353901, 0.42845118, 0.49122808,
       0.54455446, 0.50581397, 0.61801243, 0.60122701, 0.65476192])]
real metric: [array([0.92362093, 0.92528736, 0.69757489, 0.72316384, 0.71711457,
       0.47659574, 0.46142649, 0.47226174, 0.3681073 , 0.43216783]), array([0.92794118, 0.90934066, 0.7264574 , 0.69361702, 0.71490593,
       0.50145349, 0.47003995, 0.44585091, 0.39300699, 0.46374622]), array([0.9221374 , 0.93229167, 0.7037594 , 0.74676259, 0.72871573,
       0.50336474, 0.45165746, 0.45922747, 0.39524517, 0.48613139]), array([0.92653673, 0.93449782, 0.68960674, 0.71847507, 0.71487603,
       0.50997151, 0.43704776, 0.45912807, 0.3916185 , 0.47807638]), array([0.91620112, 0.91899441, 0.70639535, 0.70070922, 0.71156662,
       0.50277008, 0.41151685, 0.43067847, 0.39488636, 0.4704142 ])]

estim_algorithm = ts-atc-model, mode = classification, metric = sensitivity, confidence_scores = energy-conf, class_specific = True
test err: [0.07218669773332528, 0.07964352129182908, 0.07202222527373768, 0.0770596794087011, 0.09106519343353207]
estimated metric: [array([1.        , 1.        , 0.72591743, 0.69211196, 0.72440087,
       0.39870691, 0.51246539, 0.56424582, 0.22916669, 0.28792572]), array([1.        , 1.        , 0.70967742, 0.67310925, 0.70378875,
       0.41821947, 0.54855644, 0.50716334, 0.24605681, 0.24844723]), array([1.        , 1.        , 0.73053152, 0.68372483, 0.71398079,
       0.50000001, 0.5509642 , 0.48997136, 0.30536915, 0.23931626]), array([1.        , 1.        , 0.71756602, 0.6856634 , 0.71161826,
       0.42028987, 0.53846155, 0.51366122, 0.31410259, 0.23361826]), array([1.        , 1.        , 0.7427241 , 0.68265994, 0.71820176,
       0.42574259, 0.52325583, 0.58074535, 0.24846628, 0.27083336])]
real metric: [array([0.92362093, 0.92528736, 0.69757489, 0.72316384, 0.71711457,
       0.47659574, 0.46142649, 0.47226174, 0.3681073 , 0.43216783]), array([0.92794118, 0.90934066, 0.7264574 , 0.69361702, 0.71490593,
       0.50145349, 0.47003995, 0.44585091, 0.39300699, 0.46374622]), array([0.9221374 , 0.93229167, 0.7037594 , 0.74676259, 0.72871573,
       0.50336474, 0.45165746, 0.45922747, 0.39524517, 0.48613139]), array([0.92653673, 0.93449782, 0.68960674, 0.71847507, 0.71487603,
       0.50997151, 0.43704776, 0.45912807, 0.3916185 , 0.47807638]), array([0.91620112, 0.91899441, 0.70639535, 0.70070922, 0.71156662,
       0.50277008, 0.41151685, 0.43067847, 0.39488636, 0.4704142 ])]

estim_algorithm = ts-atc-model, mode = classification, metric = sensitivity, confidence_scores = entropy-conf, class_specific = False
test err: [0.1973350907943213, 0.1726909581785956, 0.17951462113792274, 0.17785621448891525, 0.17842362432857156]
estimated metric: [array([0.65318352, 0.71175167, 0.46330276, 0.41645463, 0.51089325,
       0.52370691, 0.47645431, 0.58659219, 0.66319446, 0.70278639]), array([0.65955827, 0.74944813, 0.44930876, 0.42689076, 0.51435133,
       0.52380953, 0.50918636, 0.51862466, 0.61829654, 0.6583851 ]), array([0.6811245 , 0.74074074, 0.47466008, 0.42030202, 0.47918891,
       0.53925621, 0.48209368, 0.512894  , 0.67785236, 0.64102565]), array([0.6686884 , 0.7583047 , 0.44661309, 0.43722173, 0.47821577,
       0.54037268, 0.4733728 , 0.54371586, 0.66666668, 0.63532765]), array([0.6656581 , 0.74266366, 0.48079162, 0.42087543, 0.49122808,
       0.49504951, 0.49418606, 0.58695653, 0.60736198, 0.64285715])]
real metric: [array([0.92362093, 0.92528736, 0.69757489, 0.72316384, 0.71711457,
       0.47659574, 0.46142649, 0.47226174, 0.3681073 , 0.43216783]), array([0.92794118, 0.90934066, 0.7264574 , 0.69361702, 0.71490593,
       0.50145349, 0.47003995, 0.44585091, 0.39300699, 0.46374622]), array([0.9221374 , 0.93229167, 0.7037594 , 0.74676259, 0.72871573,
       0.50336474, 0.45165746, 0.45922747, 0.39524517, 0.48613139]), array([0.92653673, 0.93449782, 0.68960674, 0.71847507, 0.71487603,
       0.50997151, 0.43704776, 0.45912807, 0.3916185 , 0.47807638]), array([0.91620112, 0.91899441, 0.70639535, 0.70070922, 0.71156662,
       0.50277008, 0.41151685, 0.43067847, 0.39488636, 0.4704142 ])]

estim_algorithm = ts-atc-model, mode = classification, metric = sensitivity, confidence_scores = entropy-conf, class_specific = True
test err: [0.05902155791010164, 0.06508389565392099, 0.05966545909138401, 0.05987900168307182, 0.07495699437981959]
estimated metric: [array([0.92734082, 0.96341463, 0.7190367 , 0.70059373, 0.71350763,
       0.36637932, 0.44321331, 0.55865923, 0.23263892, 0.28173377]), array([0.9116527 , 0.96247241, 0.69354839, 0.69243698, 0.73249139,
       0.38302279, 0.46719162, 0.50143268, 0.24921138, 0.25465841]), array([0.92530121, 0.96707819, 0.7354759 , 0.6954698 , 0.72145144,
       0.40909092, 0.46556475, 0.49570202, 0.31543626, 0.24216526]), array([0.91432904, 0.97479954, 0.7347876 , 0.71059662, 0.70643154,
       0.37474121, 0.43491126, 0.49453553, 0.3269231 , 0.23076925]), array([0.9183056 , 0.96275395, 0.71944121, 0.69949495, 0.71820176,
       0.36237625, 0.48255815, 0.56832299, 0.26073622, 0.27083336])]
real metric: [array([0.92362093, 0.92528736, 0.69757489, 0.72316384, 0.71711457,
       0.47659574, 0.46142649, 0.47226174, 0.3681073 , 0.43216783]), array([0.92794118, 0.90934066, 0.7264574 , 0.69361702, 0.71490593,
       0.50145349, 0.47003995, 0.44585091, 0.39300699, 0.46374622]), array([0.9221374 , 0.93229167, 0.7037594 , 0.74676259, 0.72871573,
       0.50336474, 0.45165746, 0.45922747, 0.39524517, 0.48613139]), array([0.92653673, 0.93449782, 0.68960674, 0.71847507, 0.71487603,
       0.50997151, 0.43704776, 0.45912807, 0.3916185 , 0.47807638]), array([0.91620112, 0.91899441, 0.70639535, 0.70070922, 0.71156662,
       0.50277008, 0.41151685, 0.43067847, 0.39488636, 0.4704142 ])]

estim_algorithm = ts-atc-model, mode = classification, metric = sensitivity, confidence_scores = doctor-conf, class_specific = False
test err: [0.20523527656169832, 0.1825513658396779, 0.19142690831664605, 0.18747916107155463, 0.19006546301405286]
estimated metric: [array([0.63670412, 0.69512195, 0.4483945 , 0.40458016, 0.5043573 ,
       0.53663794, 0.46537398, 0.59497208, 0.65625001, 0.71207431]), array([0.64204113, 0.72516557, 0.42857144, 0.41512606, 0.50631459,
       0.54451347, 0.49343833, 0.52722064, 0.59305995, 0.68633541]), array([0.64738956, 0.72942387, 0.45611867, 0.4228188 , 0.47705443,
       0.57024794, 0.50413225, 0.51862466, 0.67785236, 0.63817665]), array([0.64518575, 0.74570447, 0.43628014, 0.41674088, 0.47199171,
       0.55486543, 0.45562132, 0.53551914, 0.66987181, 0.66666668]), array([0.63540091, 0.72460497, 0.45052387, 0.42760943, 0.49671053,
       0.52079209, 0.48837211, 0.60248448, 0.61656443, 0.66369049])]
real metric: [array([0.92362093, 0.92528736, 0.69757489, 0.72316384, 0.71711457,
       0.47659574, 0.46142649, 0.47226174, 0.3681073 , 0.43216783]), array([0.92794118, 0.90934066, 0.7264574 , 0.69361702, 0.71490593,
       0.50145349, 0.47003995, 0.44585091, 0.39300699, 0.46374622]), array([0.9221374 , 0.93229167, 0.7037594 , 0.74676259, 0.72871573,
       0.50336474, 0.45165746, 0.45922747, 0.39524517, 0.48613139]), array([0.92653673, 0.93449782, 0.68960674, 0.71847507, 0.71487603,
       0.50997151, 0.43704776, 0.45912807, 0.3916185 , 0.47807638]), array([0.91620112, 0.91899441, 0.70639535, 0.70070922, 0.71156662,
       0.50277008, 0.41151685, 0.43067847, 0.39488636, 0.4704142 ])]

estim_algorithm = ts-atc-model, mode = classification, metric = sensitivity, confidence_scores = doctor-conf, class_specific = True
test err: [0.054245071102381345, 0.0698494250432973, 0.054092244833547354, 0.056119994376892635, 0.0766289738682657]
estimated metric: [array([0.92808989, 0.93902439, 0.68463303, 0.70737914, 0.72766885,
       0.39439656, 0.44598339, 0.56983241, 0.22569447, 0.28482974]), array([0.91926885, 0.95364238, 0.65552996, 0.68487395, 0.7336395 ,
       0.40579711, 0.48293965, 0.512894  , 0.24921138, 0.23602487]), array([0.93333333, 0.94958848, 0.70457355, 0.69127517, 0.7321238 ,
       0.45454547, 0.47382922, 0.49856735, 0.30536915, 0.23361826]), array([0.91508719, 0.95532646, 0.70608496, 0.71059662, 0.70850623,
       0.39751554, 0.443787  , 0.51366122, 0.31730771, 0.22792025]), array([0.92586989, 0.94469526, 0.6821886 , 0.7003367 , 0.72149123,
       0.39801981, 0.4767442 , 0.59316771, 0.2453988 , 0.2559524 ])]
real metric: [array([0.92362093, 0.92528736, 0.69757489, 0.72316384, 0.71711457,
       0.47659574, 0.46142649, 0.47226174, 0.3681073 , 0.43216783]), array([0.92794118, 0.90934066, 0.7264574 , 0.69361702, 0.71490593,
       0.50145349, 0.47003995, 0.44585091, 0.39300699, 0.46374622]), array([0.9221374 , 0.93229167, 0.7037594 , 0.74676259, 0.72871573,
       0.50336474, 0.45165746, 0.45922747, 0.39524517, 0.48613139]), array([0.92653673, 0.93449782, 0.68960674, 0.71847507, 0.71487603,
       0.50997151, 0.43704776, 0.45912807, 0.3916185 , 0.47807638]), array([0.91620112, 0.91899441, 0.70639535, 0.70070922, 0.71156662,
       0.50277008, 0.41151685, 0.43067847, 0.39488636, 0.4704142 ])]

