estim_algorithm = ac-model, mode = classification, metric = auc, confidence_scores = max_class_probability-conf, class_specific = False
test err: [0.028701161953680387, 0.02873811804155073, 0.029656540187030102, 0.030824062536812757, 0.028097466884653442]
estimated metric: [array([0.99030399, 0.99227919, 0.98988185, 0.98709154, 0.98892995,
       0.9885934 , 0.98926852, 0.98893137, 0.98886273, 0.9894646 ]), array([0.99010946, 0.99200903, 0.98859313, 0.98692973, 0.9887326 ,
       0.98791039, 0.98873898, 0.98918533, 0.98712421, 0.98871519]), array([0.99012398, 0.99206415, 0.98880162, 0.98735657, 0.98891313,
       0.98865709, 0.98943334, 0.9885687 , 0.98792665, 0.98843411]), array([0.98987479, 0.99206789, 0.98904867, 0.98654606, 0.98884279,
       0.98830579, 0.98833718, 0.98977365, 0.9887844 , 0.98831917]), array([0.99003802, 0.99217752, 0.98883283, 0.98722468, 0.98926038,
       0.98856874, 0.98914018, 0.989648  , 0.98794218, 0.98744901])]
real metric: [array([0.98146895, 0.99451452, 0.96475404, 0.93299993, 0.96144595,
       0.94833601, 0.96856181, 0.96361188, 0.941504  , 0.95386911]), array([0.98060043, 0.99464609, 0.96687848, 0.9313882 , 0.95537533,
       0.94749605, 0.96845892, 0.96068687, 0.94017587, 0.96023475]), array([0.97878837, 0.99398728, 0.9621786 , 0.93282177, 0.95852207,
       0.94401814, 0.96936428, 0.96309065, 0.93617352, 0.9586155 ]), array([0.97594596, 0.99391495, 0.96519139, 0.93448292, 0.95345774,
       0.94210159, 0.97440579, 0.9629911 , 0.92986379, 0.95299865]), array([0.97459146, 0.99519434, 0.96555646, 0.93299635, 0.9620895 ,
       0.94737242, 0.97214795, 0.95992177, 0.94578428, 0.95968597])]

estim_algorithm = ac-model, mode = classification, metric = auc, confidence_scores = energy-conf, class_specific = False
test err: [0.08688721926470996, 0.10042181150091083, 0.1012077784848966, 0.08516863386934309, 0.09226947317197345]
estimated metric: [array([0.8731249 , 0.915118  , 0.86894102, 0.83886962, 0.84681299,
       0.84470471, 0.8403959 , 0.92987513, 0.85406508, 0.93028664]), array([0.81617397, 0.9153727 , 0.88808215, 0.79735455, 0.82140604,
       0.8547741 , 0.81045181, 0.89812306, 0.86934187, 0.93064263]), array([0.83563716, 0.9139417 , 0.85160023, 0.87831314, 0.81454009,
       0.85322666, 0.7764506 , 0.85331925, 0.88627264, 0.92218095]), array([0.84923303, 0.91517502, 0.84063326, 0.87460516, 0.88861225,
       0.87366843, 0.78881241, 0.92997867, 0.84527403, 0.92767527]), array([0.8182932 , 0.91871873, 0.87185297, 0.81290227, 0.82091272,
       0.89843786, 0.83975035, 0.9301847 , 0.89301899, 0.888574  ])]
real metric: [array([0.98146895, 0.99451452, 0.96475404, 0.93299993, 0.96144595,
       0.94833601, 0.96856181, 0.96361188, 0.941504  , 0.95386911]), array([0.98060043, 0.99464609, 0.96687848, 0.9313882 , 0.95537533,
       0.94749605, 0.96845892, 0.96068687, 0.94017587, 0.96023475]), array([0.97878837, 0.99398728, 0.9621786 , 0.93282177, 0.95852207,
       0.94401814, 0.96936428, 0.96309065, 0.93617352, 0.9586155 ]), array([0.97594596, 0.99391495, 0.96519139, 0.93448292, 0.95345774,
       0.94210159, 0.97440579, 0.9629911 , 0.92986379, 0.95299865]), array([0.97459146, 0.99519434, 0.96555646, 0.93299635, 0.9620895 ,
       0.94737242, 0.97214795, 0.95992177, 0.94578428, 0.95968597])]

estim_algorithm = ac-model, mode = classification, metric = auc, confidence_scores = entropy-conf, class_specific = False
test err: [0.02646914660417029, 0.02666998414866738, 0.02744360296316205, 0.02855848817173089, 0.02612291538608096]
estimated metric: [array([0.98794973, 0.99029985, 0.98737273, 0.98394216, 0.98624939,
       0.98611083, 0.9865915 , 0.98679253, 0.98553529, 0.98648433]), array([0.98734365, 0.99005311, 0.98598559, 0.98324273, 0.98612435,
       0.98597893, 0.98611922, 0.98608124, 0.98588154, 0.98664451]), array([0.98739948, 0.99005385, 0.98591056, 0.98395681, 0.98615899,
       0.98627198, 0.98642477, 0.98639965, 0.98557532, 0.98597796]), array([0.98711059, 0.99010092, 0.98605324, 0.98274036, 0.98606538,
       0.98641941, 0.98585174, 0.98638964, 0.98617393, 0.9864055 ]), array([0.98712695, 0.99050316, 0.98648619, 0.98399313, 0.98669406,
       0.98609022, 0.98663443, 0.98747402, 0.98636006, 0.98582509])]
real metric: [array([0.98146895, 0.99451452, 0.96475404, 0.93299993, 0.96144595,
       0.94833601, 0.96856181, 0.96361188, 0.941504  , 0.95386911]), array([0.98060043, 0.99464609, 0.96687848, 0.9313882 , 0.95537533,
       0.94749605, 0.96845892, 0.96068687, 0.94017587, 0.96023475]), array([0.97878837, 0.99398728, 0.9621786 , 0.93282177, 0.95852207,
       0.94401814, 0.96936428, 0.96309065, 0.93617352, 0.9586155 ]), array([0.97594596, 0.99391495, 0.96519139, 0.93448292, 0.95345774,
       0.94210159, 0.97440579, 0.9629911 , 0.92986379, 0.95299865]), array([0.97459146, 0.99519434, 0.96555646, 0.93299635, 0.9620895 ,
       0.94737242, 0.97214795, 0.95992177, 0.94578428, 0.95968597])]

estim_algorithm = ac-model, mode = classification, metric = auc, confidence_scores = doctor-conf, class_specific = False
test err: [0.031036850379432834, 0.031076078556391405, 0.03189670457575202, 0.03311975585307612, 0.030559453984465045]
estimated metric: [array([0.99274761, 0.99435604, 0.9920407 , 0.99015419, 0.99208361,
       0.9918185 , 0.99186899, 0.99215332, 0.99159043, 0.99230434]), array([0.99255527, 0.9938795 , 0.99109115, 0.98991587, 0.99140038,
       0.99078527, 0.99183769, 0.99212241, 0.98986423, 0.99171683]), array([0.99263593, 0.99398284, 0.99125014, 0.99022453, 0.99177263,
       0.99151925, 0.99140705, 0.99185921, 0.99061987, 0.99124693]), array([0.99255871, 0.99418351, 0.99161157, 0.98973047, 0.99163905,
       0.99109285, 0.99134479, 0.99169467, 0.99098687, 0.99170894]), array([0.99247302, 0.99444428, 0.99143742, 0.99040699, 0.99220439,
       0.99122779, 0.99232787, 0.99266396, 0.99147386, 0.99077535])]
real metric: [array([0.98146895, 0.99451452, 0.96475404, 0.93299993, 0.96144595,
       0.94833601, 0.96856181, 0.96361188, 0.941504  , 0.95386911]), array([0.98060043, 0.99464609, 0.96687848, 0.9313882 , 0.95537533,
       0.94749605, 0.96845892, 0.96068687, 0.94017587, 0.96023475]), array([0.97878837, 0.99398728, 0.9621786 , 0.93282177, 0.95852207,
       0.94401814, 0.96936428, 0.96309065, 0.93617352, 0.9586155 ]), array([0.97594596, 0.99391495, 0.96519139, 0.93448292, 0.95345774,
       0.94210159, 0.97440579, 0.9629911 , 0.92986379, 0.95299865]), array([0.97459146, 0.99519434, 0.96555646, 0.93299635, 0.9620895 ,
       0.94737242, 0.97214795, 0.95992177, 0.94578428, 0.95968597])]

estim_algorithm = ts-model, mode = classification, metric = auc, confidence_scores = max_class_probability-conf, class_specific = False
test err: [0.014752541921122875, 0.014443789502996296, 0.015088817733408755, 0.015464271525133865, 0.013744093752549402]
estimated metric: [array([0.95176417, 0.96388801, 0.95484653, 0.94795454, 0.95362542,
       0.95531978, 0.95328034, 0.95253249, 0.9572217 , 0.95931826]), array([0.95065768, 0.96355226, 0.95314854, 0.94499707, 0.95041752,
       0.95534583, 0.95239005, 0.95475572, 0.95852616, 0.95733013]), array([0.9502942 , 0.96383414, 0.95264214, 0.94985138, 0.95112696,
       0.95463462, 0.95142427, 0.95649231, 0.95757699, 0.95689412]), array([0.95016157, 0.96393045, 0.95292746, 0.94716754, 0.95317954,
       0.95431147, 0.95230738, 0.9568482 , 0.95796447, 0.95809385]), array([0.94978627, 0.96504808, 0.9545628 , 0.94939768, 0.95210526,
       0.95574524, 0.95352041, 0.95573558, 0.95908447, 0.95906246])]
real metric: [array([0.98146895, 0.99451452, 0.96475404, 0.93299993, 0.96144595,
       0.94833601, 0.96856181, 0.96361188, 0.941504  , 0.95386911]), array([0.98060043, 0.99464609, 0.96687848, 0.9313882 , 0.95537533,
       0.94749605, 0.96845892, 0.96068687, 0.94017587, 0.96023475]), array([0.97878837, 0.99398728, 0.9621786 , 0.93282177, 0.95852207,
       0.94401814, 0.96936428, 0.96309065, 0.93617352, 0.9586155 ]), array([0.97594596, 0.99391495, 0.96519139, 0.93448292, 0.95345774,
       0.94210159, 0.97440579, 0.9629911 , 0.92986379, 0.95299865]), array([0.97459146, 0.99519434, 0.96555646, 0.93299635, 0.9620895 ,
       0.94737242, 0.97214795, 0.95992177, 0.94578428, 0.95968597])]

estim_algorithm = ts-model, mode = classification, metric = auc, confidence_scores = max_class_probability-conf, class_specific = True
test err: [0.009547313648661859, 0.00975135197837832, 0.009101269904563202, 0.010421362741022589, 0.00819395728608402]
estimated metric: [array([0.97373767, 0.98182556, 0.95658677, 0.9399112 , 0.96976115,
       0.94033443, 0.97612016, 0.97644229, 0.95581054, 0.96283139]), array([0.97328611, 0.98153532, 0.95710311, 0.93884863, 0.96810047,
       0.94410595, 0.97566727, 0.97676615, 0.96040355, 0.96001268]), array([0.97352642, 0.98139032, 0.95587248, 0.94401115, 0.96898363,
       0.94360383, 0.97587651, 0.97638761, 0.95879133, 0.96097093]), array([0.97295481, 0.98140803, 0.95442728, 0.94284475, 0.96808802,
       0.94426372, 0.97542997, 0.97723167, 0.95673983, 0.96365506]), array([0.97251274, 0.98151027, 0.95711184, 0.94404504, 0.96872287,
       0.94864017, 0.97582829, 0.97725402, 0.96223062, 0.9610094 ])]
real metric: [array([0.98146895, 0.99451452, 0.96475404, 0.93299993, 0.96144595,
       0.94833601, 0.96856181, 0.96361188, 0.941504  , 0.95386911]), array([0.98060043, 0.99464609, 0.96687848, 0.9313882 , 0.95537533,
       0.94749605, 0.96845892, 0.96068687, 0.94017587, 0.96023475]), array([0.97878837, 0.99398728, 0.9621786 , 0.93282177, 0.95852207,
       0.94401814, 0.96936428, 0.96309065, 0.93617352, 0.9586155 ]), array([0.97594596, 0.99391495, 0.96519139, 0.93448292, 0.95345774,
       0.94210159, 0.97440579, 0.9629911 , 0.92986379, 0.95299865]), array([0.97459146, 0.99519434, 0.96555646, 0.93299635, 0.9620895 ,
       0.94737242, 0.97214795, 0.95992177, 0.94578428, 0.95968597])]

estim_algorithm = ts-model, mode = classification, metric = auc, confidence_scores = energy-conf, class_specific = False
test err: [0.027097854592235626, 0.03404317855435324, 0.03785041932199281, 0.02674285512301249, 0.030636546200389393]
estimated metric: [array([0.92855958, 0.95400256, 0.93460321, 0.93704006, 0.91743379,
       0.92191038, 0.92689698, 0.9682049 , 0.93313563, 0.97217135]), array([0.89339805, 0.95658028, 0.94109217, 0.89205759, 0.91629068,
       0.92773624, 0.90491861, 0.95724426, 0.95409427, 0.97053564]), array([0.90959197, 0.95533411, 0.92480135, 0.95600535, 0.89932951,
       0.93544544, 0.88100169, 0.94553706, 0.95865215, 0.9725492 ]), array([0.92173937, 0.95813084, 0.91729384, 0.95471361, 0.95832306,
       0.94266681, 0.88899023, 0.96524911, 0.92954739, 0.96888775]), array([0.89791172, 0.95506388, 0.93994861, 0.90359952, 0.91539574,
       0.96662754, 0.92679855, 0.96145025, 0.96156163, 0.96563243])]
real metric: [array([0.98146895, 0.99451452, 0.96475404, 0.93299993, 0.96144595,
       0.94833601, 0.96856181, 0.96361188, 0.941504  , 0.95386911]), array([0.98060043, 0.99464609, 0.96687848, 0.9313882 , 0.95537533,
       0.94749605, 0.96845892, 0.96068687, 0.94017587, 0.96023475]), array([0.97878837, 0.99398728, 0.9621786 , 0.93282177, 0.95852207,
       0.94401814, 0.96936428, 0.96309065, 0.93617352, 0.9586155 ]), array([0.97594596, 0.99391495, 0.96519139, 0.93448292, 0.95345774,
       0.94210159, 0.97440579, 0.9629911 , 0.92986379, 0.95299865]), array([0.97459146, 0.99519434, 0.96555646, 0.93299635, 0.9620895 ,
       0.94737242, 0.97214795, 0.95992177, 0.94578428, 0.95968597])]

estim_algorithm = ts-model, mode = classification, metric = auc, confidence_scores = energy-conf, class_specific = True
test err: [0.01453372012445181, 0.011453645718362304, 0.01708502297476868, 0.01848564359097161, 0.01405335994025354]
estimated metric: [array([0.99501973, 0.9953193 , 0.96665654, 0.96145307, 0.97797608,
       0.9430102 , 0.97963598, 0.97761177, 0.96352783, 0.98554128]), array([0.99503885, 0.99529525, 0.97033055, 0.94347671, 0.97733738,
       0.94706407, 0.97917806, 0.98209509, 0.96600151, 0.95667348]), array([0.99498663, 0.9953713 , 0.96332996, 0.97615101, 0.97791963,
       0.93908171, 0.97934712, 0.98121773, 0.96935807, 0.98177439]), array([0.99499428, 0.99534948, 0.96105193, 0.98743631, 0.97785119,
       0.94958721, 0.97891179, 0.97852659, 0.95599679, 0.98222582]), array([0.99496442, 0.99529389, 0.97073588, 0.94604486, 0.9774864 ,
       0.96295532, 0.97956418, 0.97762316, 0.97646783, 0.94463376])]
real metric: [array([0.98146895, 0.99451452, 0.96475404, 0.93299993, 0.96144595,
       0.94833601, 0.96856181, 0.96361188, 0.941504  , 0.95386911]), array([0.98060043, 0.99464609, 0.96687848, 0.9313882 , 0.95537533,
       0.94749605, 0.96845892, 0.96068687, 0.94017587, 0.96023475]), array([0.97878837, 0.99398728, 0.9621786 , 0.93282177, 0.95852207,
       0.94401814, 0.96936428, 0.96309065, 0.93617352, 0.9586155 ]), array([0.97594596, 0.99391495, 0.96519139, 0.93448292, 0.95345774,
       0.94210159, 0.97440579, 0.9629911 , 0.92986379, 0.95299865]), array([0.97459146, 0.99519434, 0.96555646, 0.93299635, 0.9620895 ,
       0.94737242, 0.97214795, 0.95992177, 0.94578428, 0.95968597])]

estim_algorithm = ts-model, mode = classification, metric = auc, confidence_scores = entropy-conf, class_specific = False
test err: [0.014280318023405413, 0.013321458093914362, 0.013980533136439755, 0.01504779994238129, 0.013053333635692877]
estimated metric: [array([0.95413785, 0.96550662, 0.95657027, 0.94948848, 0.95447347,
       0.95758944, 0.95492083, 0.95503423, 0.95826232, 0.9604581 ]), array([0.95342809, 0.96517326, 0.95563628, 0.94677872, 0.95251026,
       0.95610541, 0.95421391, 0.95720922, 0.95905088, 0.95837016]), array([0.95322866, 0.96542828, 0.95483919, 0.95134099, 0.95428569,
       0.95536639, 0.95388895, 0.95778583, 0.95958611, 0.95856488]), array([0.95272421, 0.96562051, 0.95515969, 0.94862502, 0.95436156,
       0.95663928, 0.95530963, 0.95771847, 0.95880867, 0.95903148]), array([0.95249251, 0.96681006, 0.95616868, 0.94993672, 0.95388566,
       0.95793113, 0.95518971, 0.95668731, 0.96040925, 0.95982771])]
real metric: [array([0.98146895, 0.99451452, 0.96475404, 0.93299993, 0.96144595,
       0.94833601, 0.96856181, 0.96361188, 0.941504  , 0.95386911]), array([0.98060043, 0.99464609, 0.96687848, 0.9313882 , 0.95537533,
       0.94749605, 0.96845892, 0.96068687, 0.94017587, 0.96023475]), array([0.97878837, 0.99398728, 0.9621786 , 0.93282177, 0.95852207,
       0.94401814, 0.96936428, 0.96309065, 0.93617352, 0.9586155 ]), array([0.97594596, 0.99391495, 0.96519139, 0.93448292, 0.95345774,
       0.94210159, 0.97440579, 0.9629911 , 0.92986379, 0.95299865]), array([0.97459146, 0.99519434, 0.96555646, 0.93299635, 0.9620895 ,
       0.94737242, 0.97214795, 0.95992177, 0.94578428, 0.95968597])]

estim_algorithm = ts-model, mode = classification, metric = auc, confidence_scores = entropy-conf, class_specific = True
test err: [0.009324506416313948, 0.00942195209517611, 0.008661137263358699, 0.01001940021666251, 0.007891726130468657]
estimated metric: [array([0.97178643, 0.98006969, 0.95367538, 0.9402067 , 0.96926552,
       0.93961466, 0.97469664, 0.96957031, 0.95550911, 0.96206212]), array([0.97160121, 0.97997716, 0.95374586, 0.93722141, 0.96778568,
       0.94382384, 0.9744436 , 0.96932944, 0.96016806, 0.96111828]), array([0.97170864, 0.97976855, 0.95265154, 0.94434057, 0.96827512,
       0.9434961 , 0.97440594, 0.96937162, 0.95856806, 0.9588903 ]), array([0.97108407, 0.97970186, 0.95144353, 0.94375908, 0.96769552,
       0.9440216 , 0.97392881, 0.96932874, 0.95446471, 0.96352031]), array([0.97090624, 0.97995308, 0.95320086, 0.94298159, 0.96827478,
       0.94870957, 0.97463305, 0.9695235 , 0.96083127, 0.96267965])]
real metric: [array([0.98146895, 0.99451452, 0.96475404, 0.93299993, 0.96144595,
       0.94833601, 0.96856181, 0.96361188, 0.941504  , 0.95386911]), array([0.98060043, 0.99464609, 0.96687848, 0.9313882 , 0.95537533,
       0.94749605, 0.96845892, 0.96068687, 0.94017587, 0.96023475]), array([0.97878837, 0.99398728, 0.9621786 , 0.93282177, 0.95852207,
       0.94401814, 0.96936428, 0.96309065, 0.93617352, 0.9586155 ]), array([0.97594596, 0.99391495, 0.96519139, 0.93448292, 0.95345774,
       0.94210159, 0.97440579, 0.9629911 , 0.92986379, 0.95299865]), array([0.97459146, 0.99519434, 0.96555646, 0.93299635, 0.9620895 ,
       0.94737242, 0.97214795, 0.95992177, 0.94578428, 0.95968597])]

estim_algorithm = ts-model, mode = classification, metric = auc, confidence_scores = doctor-conf, class_specific = False
test err: [0.012759222890429245, 0.012247708429923131, 0.01279539059449315, 0.014695307849771666, 0.011886832921111201]
estimated metric: [array([0.96125634, 0.96948259, 0.96217012, 0.95703468, 0.9593113 ,
       0.96125425, 0.9599981 , 0.96032608, 0.96144126, 0.96275847]), array([0.96067781, 0.96936526, 0.96053998, 0.95511548, 0.95782098,
       0.9614    , 0.9581662 , 0.9604721 , 0.96044503, 0.96015314]), array([0.96025106, 0.96914522, 0.96070081, 0.95813692, 0.95900127,
       0.960037  , 0.95940798, 0.96135913, 0.96216485, 0.9622199 ]), array([0.96028014, 0.96947018, 0.96081565, 0.95599583, 0.95821598,
       0.96045619, 0.9580343 , 0.9608403 , 0.96113115, 0.96104999]), array([0.95990402, 0.97067261, 0.96163132, 0.95726146, 0.95866527,
       0.96208611, 0.95957388, 0.96120178, 0.9637045 , 0.96124267])]
real metric: [array([0.98146895, 0.99451452, 0.96475404, 0.93299993, 0.96144595,
       0.94833601, 0.96856181, 0.96361188, 0.941504  , 0.95386911]), array([0.98060043, 0.99464609, 0.96687848, 0.9313882 , 0.95537533,
       0.94749605, 0.96845892, 0.96068687, 0.94017587, 0.96023475]), array([0.97878837, 0.99398728, 0.9621786 , 0.93282177, 0.95852207,
       0.94401814, 0.96936428, 0.96309065, 0.93617352, 0.9586155 ]), array([0.97594596, 0.99391495, 0.96519139, 0.93448292, 0.95345774,
       0.94210159, 0.97440579, 0.9629911 , 0.92986379, 0.95299865]), array([0.97459146, 0.99519434, 0.96555646, 0.93299635, 0.9620895 ,
       0.94737242, 0.97214795, 0.95992177, 0.94578428, 0.95968597])]

estim_algorithm = ts-model, mode = classification, metric = auc, confidence_scores = doctor-conf, class_specific = True
test err: [0.008786889050778346, 0.009088379872462748, 0.00881848727209289, 0.00935699668115202, 0.007104203516728236]
estimated metric: [array([0.96990715, 0.9810889 , 0.95751125, 0.93914774, 0.97030098,
       0.94327801, 0.97539757, 0.96725417, 0.95763487, 0.96283805]), array([0.96999126, 0.98093365, 0.95853765, 0.93765869, 0.96891273,
       0.94038128, 0.97531699, 0.96720326, 0.95638299, 0.95851763]), array([0.96944727, 0.98073829, 0.95650631, 0.9434139 , 0.96966732,
       0.94610586, 0.97557545, 0.96745698, 0.96092791, 0.95938102]), array([0.96934106, 0.98100145, 0.95622114, 0.94156694, 0.96952644,
       0.94480857, 0.97468442, 0.96603681, 0.95612219, 0.96263752]), array([0.96926909, 0.98106194, 0.95768273, 0.94217203, 0.96941366,
       0.94811968, 0.97556522, 0.96850946, 0.96008834, 0.9598434 ])]
real metric: [array([0.98146895, 0.99451452, 0.96475404, 0.93299993, 0.96144595,
       0.94833601, 0.96856181, 0.96361188, 0.941504  , 0.95386911]), array([0.98060043, 0.99464609, 0.96687848, 0.9313882 , 0.95537533,
       0.94749605, 0.96845892, 0.96068687, 0.94017587, 0.96023475]), array([0.97878837, 0.99398728, 0.9621786 , 0.93282177, 0.95852207,
       0.94401814, 0.96936428, 0.96309065, 0.93617352, 0.9586155 ]), array([0.97594596, 0.99391495, 0.96519139, 0.93448292, 0.95345774,
       0.94210159, 0.97440579, 0.9629911 , 0.92986379, 0.95299865]), array([0.97459146, 0.99519434, 0.96555646, 0.93299635, 0.9620895 ,
       0.94737242, 0.97214795, 0.95992177, 0.94578428, 0.95968597])]

estim_algorithm = doc-model, mode = classification, metric = auc, confidence_scores = max_class_probability-conf, class_specific = False
test err: [0.09363485754785048, 0.09394582029005842, 0.09264751879660225, 0.09161889273556724, 0.0943959609843081]
estimated metric: [array([0.868287  , 0.87133142, 0.86793746, 0.86461558, 0.86733078,
       0.86670184, 0.86745662, 0.86708788, 0.86654613, 0.8674229 ]), array([0.86703236, 0.87081592, 0.86636267, 0.86435777, 0.86674992,
       0.86575954, 0.86684713, 0.86735896, 0.86460759, 0.86659095]), array([0.86800509, 0.87116588, 0.86655679, 0.86517078, 0.86710095,
       0.86666883, 0.86753536, 0.86680931, 0.8656417 , 0.8664303 ]), array([0.86737574, 0.87116378, 0.86683942, 0.86401896, 0.8669831 ,
       0.86625379, 0.86645345, 0.86768697, 0.86625681, 0.86613294]), array([0.86777646, 0.87134882, 0.86671274, 0.86495596, 0.86762538,
       0.86657298, 0.86731825, 0.86788855, 0.86572884, 0.86545292])]
real metric: [array([0.98146895, 0.99451452, 0.96475404, 0.93299993, 0.96144595,
       0.94833601, 0.96856181, 0.96361188, 0.941504  , 0.95386911]), array([0.98060043, 0.99464609, 0.96687848, 0.9313882 , 0.95537533,
       0.94749605, 0.96845892, 0.96068687, 0.94017587, 0.96023475]), array([0.97878837, 0.99398728, 0.9621786 , 0.93282177, 0.95852207,
       0.94401814, 0.96936428, 0.96309065, 0.93617352, 0.9586155 ]), array([0.97594596, 0.99391495, 0.96519139, 0.93448292, 0.95345774,
       0.94210159, 0.97440579, 0.9629911 , 0.92986379, 0.95299865]), array([0.97459146, 0.99519434, 0.96555646, 0.93299635, 0.9620895 ,
       0.94737242, 0.97214795, 0.95992177, 0.94578428, 0.95968597])]

estim_algorithm = doc-model, mode = classification, metric = auc, confidence_scores = max_class_probability-conf, class_specific = True
test err: [0.007733783716614295, 0.008433683628419753, 0.00784769035242897, 0.009562646103664297, 0.007330430109728591]
estimated metric: [array([0.98180371, 0.98875032, 0.96240559, 0.94781016, 0.97278846,
       0.9455759 , 0.97834204, 0.96955833, 0.95514467, 0.96447934]), array([0.98159608, 0.98847733, 0.9610562 , 0.94764851, 0.97254953,
       0.94487626, 0.97781927, 0.96986088, 0.95340362, 0.96376848]), array([0.9816207 , 0.9885487 , 0.96124653, 0.94816659, 0.97274315,
       0.94559073, 0.97849614, 0.9692162 , 0.95420851, 0.96345855]), array([0.98135352, 0.98853282, 0.96150511, 0.94725968, 0.97267346,
       0.94530021, 0.97741804, 0.97038635, 0.95507459, 0.96333975]), array([0.98153992, 0.98865866, 0.96130871, 0.94801828, 0.97310936,
       0.94551342, 0.97820601, 0.9702832 , 0.95425426, 0.96246813])]
real metric: [array([0.98146895, 0.99451452, 0.96475404, 0.93299993, 0.96144595,
       0.94833601, 0.96856181, 0.96361188, 0.941504  , 0.95386911]), array([0.98060043, 0.99464609, 0.96687848, 0.9313882 , 0.95537533,
       0.94749605, 0.96845892, 0.96068687, 0.94017587, 0.96023475]), array([0.97878837, 0.99398728, 0.9621786 , 0.93282177, 0.95852207,
       0.94401814, 0.96936428, 0.96309065, 0.93617352, 0.9586155 ]), array([0.97594596, 0.99391495, 0.96519139, 0.93448292, 0.95345774,
       0.94210159, 0.97440579, 0.9629911 , 0.92986379, 0.95299865]), array([0.97459146, 0.99519434, 0.96555646, 0.93299635, 0.9620895 ,
       0.94737242, 0.97214795, 0.95992177, 0.94578428, 0.95968597])]

estim_algorithm = doc-model, mode = classification, metric = auc, confidence_scores = energy-conf, class_specific = False
test err: [0.0159977607887686, 0.01572664909909637, 0.01573488832117176, 0.017430882251269576, 0.014799289137358262]
estimated metric: [array([0.94743444, 0.96319292, 0.95201089, 0.95046378, 0.95591388,
       0.95810395, 0.95658786, 0.95904737, 0.96414554, 0.96380359]), array([0.94563092, 0.96295586, 0.95265836, 0.9479934 , 0.94865668,
       0.95760589, 0.95186587, 0.9588479 , 0.96096412, 0.96396743]), array([0.94519194, 0.96359875, 0.9526191 , 0.94923006, 0.95604479,
       0.9580301 , 0.95291292, 0.96169865, 0.96355832, 0.96429424]), array([0.94388172, 0.96396025, 0.95089964, 0.94844964, 0.9557026 ,
       0.95781331, 0.9538588 , 0.95962992, 0.96218882, 0.96284025]), array([0.94378989, 0.96420323, 0.95274237, 0.95199753, 0.95395839,
       0.95670065, 0.95864159, 0.95939742, 0.96291692, 0.96544822])]
real metric: [array([0.98146895, 0.99451452, 0.96475404, 0.93299993, 0.96144595,
       0.94833601, 0.96856181, 0.96361188, 0.941504  , 0.95386911]), array([0.98060043, 0.99464609, 0.96687848, 0.9313882 , 0.95537533,
       0.94749605, 0.96845892, 0.96068687, 0.94017587, 0.96023475]), array([0.97878837, 0.99398728, 0.9621786 , 0.93282177, 0.95852207,
       0.94401814, 0.96936428, 0.96309065, 0.93617352, 0.9586155 ]), array([0.97594596, 0.99391495, 0.96519139, 0.93448292, 0.95345774,
       0.94210159, 0.97440579, 0.9629911 , 0.92986379, 0.95299865]), array([0.97459146, 0.99519434, 0.96555646, 0.93299635, 0.9620895 ,
       0.94737242, 0.97214795, 0.95992177, 0.94578428, 0.95968597])]

estim_algorithm = doc-model, mode = classification, metric = auc, confidence_scores = energy-conf, class_specific = True
test err: [0.014629067687654995, 0.014640770014914628, 0.012498759171173868, 0.013609351659438006, 0.012381237016024216]
estimated metric: [array([0.96064768, 0.97590632, 0.94964847, 0.94878083, 0.96717804,
       0.92032012, 0.97532269, 0.96632986, 0.96448545, 0.96363556]), array([0.9608478 , 0.97596524, 0.9508407 , 0.90616909, 0.96613455,
       0.93091108, 0.97509078, 0.96823376, 0.96283979, 0.95770427]), array([0.95992459, 0.97585802, 0.94598906, 0.94456851, 0.96723467,
       0.92883175, 0.97466422, 0.96755287, 0.96152267, 0.95966349]), array([0.95962059, 0.97586712, 0.93863193, 0.94352823, 0.96686268,
       0.9500536 , 0.9748602 , 0.96729958, 0.96393414, 0.958924  ]), array([0.9596155 , 0.97588053, 0.9512813 , 0.92236269, 0.96594727,
       0.96280056, 0.97482435, 0.96793494, 0.96247421, 0.94173761])]
real metric: [array([0.98146895, 0.99451452, 0.96475404, 0.93299993, 0.96144595,
       0.94833601, 0.96856181, 0.96361188, 0.941504  , 0.95386911]), array([0.98060043, 0.99464609, 0.96687848, 0.9313882 , 0.95537533,
       0.94749605, 0.96845892, 0.96068687, 0.94017587, 0.96023475]), array([0.97878837, 0.99398728, 0.9621786 , 0.93282177, 0.95852207,
       0.94401814, 0.96936428, 0.96309065, 0.93617352, 0.9586155 ]), array([0.97594596, 0.99391495, 0.96519139, 0.93448292, 0.95345774,
       0.94210159, 0.97440579, 0.9629911 , 0.92986379, 0.95299865]), array([0.97459146, 0.99519434, 0.96555646, 0.93299635, 0.9620895 ,
       0.94737242, 0.97214795, 0.95992177, 0.94578428, 0.95968597])]

estim_algorithm = doc-model, mode = classification, metric = auc, confidence_scores = entropy-conf, class_specific = False
test err: [0.0881772429253935, 0.08839636976481129, 0.08736171392011487, 0.08624633109857872, 0.08857712276816293]
estimated metric: [array([0.87354293, 0.87745084, 0.87337007, 0.8692738 , 0.87266071,
       0.8724161 , 0.87300766, 0.87312692, 0.87165818, 0.87278656]), array([0.87162335, 0.87692535, 0.87171778, 0.86856165, 0.87213192,
       0.8719325 , 0.87236024, 0.87241297, 0.87159809, 0.87271346]), array([0.87282465, 0.877176  , 0.87035869, 0.8695665 , 0.87241761,
       0.87242048, 0.87276761, 0.87273049, 0.87151912, 0.87216191]), array([0.87209131, 0.87738343, 0.8703748 , 0.86827082, 0.87241411,
       0.87265503, 0.87218219, 0.87278661, 0.87218747, 0.87254479]), array([0.87248855, 0.87774985, 0.87233389, 0.86962867, 0.87318573,
       0.87236665, 0.87317175, 0.87409124, 0.87250853, 0.87204441])]
real metric: [array([0.98146895, 0.99451452, 0.96475404, 0.93299993, 0.96144595,
       0.94833601, 0.96856181, 0.96361188, 0.941504  , 0.95386911]), array([0.98060043, 0.99464609, 0.96687848, 0.9313882 , 0.95537533,
       0.94749605, 0.96845892, 0.96068687, 0.94017587, 0.96023475]), array([0.97878837, 0.99398728, 0.9621786 , 0.93282177, 0.95852207,
       0.94401814, 0.96936428, 0.96309065, 0.93617352, 0.9586155 ]), array([0.97594596, 0.99391495, 0.96519139, 0.93448292, 0.95345774,
       0.94210159, 0.97440579, 0.9629911 , 0.92986379, 0.95299865]), array([0.97459146, 0.99519434, 0.96555646, 0.93299635, 0.9620895 ,
       0.94737242, 0.97214795, 0.95992177, 0.94578428, 0.95968597])]

estim_algorithm = doc-model, mode = classification, metric = auc, confidence_scores = entropy-conf, class_specific = True
test err: [0.007627500740080118, 0.00834584971009793, 0.007681719507017326, 0.009377212764962051, 0.00735636882321542]
estimated metric: [array([0.98107882, 0.98783454, 0.96141843, 0.9471056 , 0.97283672,
       0.94526698, 0.9774471 , 0.96944538, 0.95418656, 0.96377158]), array([0.98046232, 0.98766104, 0.95998558, 0.94644556, 0.97267905,
       0.94509668, 0.97698357, 0.96879802, 0.95450429, 0.96395251]), array([0.98051503, 0.9876844 , 0.95987907, 0.9472187 , 0.97272602,
       0.94539351, 0.97726125, 0.96906502, 0.95418921, 0.96324038]), array([0.98023276, 0.98761735, 0.96008344, 0.94596089, 0.97262728,
       0.94556431, 0.97669071, 0.96906065, 0.95482728, 0.96365025]), array([0.98025397, 0.98808515, 0.96047534, 0.9472474 , 0.97327794,
       0.94518353, 0.97746079, 0.97014341, 0.95496847, 0.96304978])]
real metric: [array([0.98146895, 0.99451452, 0.96475404, 0.93299993, 0.96144595,
       0.94833601, 0.96856181, 0.96361188, 0.941504  , 0.95386911]), array([0.98060043, 0.99464609, 0.96687848, 0.9313882 , 0.95537533,
       0.94749605, 0.96845892, 0.96068687, 0.94017587, 0.96023475]), array([0.97878837, 0.99398728, 0.9621786 , 0.93282177, 0.95852207,
       0.94401814, 0.96936428, 0.96309065, 0.93617352, 0.9586155 ]), array([0.97594596, 0.99391495, 0.96519139, 0.93448292, 0.95345774,
       0.94210159, 0.97440579, 0.9629911 , 0.92986379, 0.95299865]), array([0.97459146, 0.99519434, 0.96555646, 0.93299635, 0.9620895 ,
       0.94737242, 0.97214795, 0.95992177, 0.94578428, 0.95968597])]

estim_algorithm = doc-model, mode = classification, metric = auc, confidence_scores = doctor-conf, class_specific = False
test err: [0.10685849048625333, 0.10736897723475673, 0.10663645933824957, 0.1057891428809256, 0.10775182836083581]
estimated metric: [array([0.85413025, 0.85882098, 0.85316972, 0.85091689, 0.85319247,
       0.8523586 , 0.85591265, 0.85275114, 0.85512055, 0.85610804]), array([0.85380724, 0.85605264, 0.85190693, 0.85053228, 0.85225193,
       0.85417159, 0.85542545, 0.85287832, 0.85010842, 0.8551164 ]), array([0.85405046, 0.85619226, 0.85205313, 0.85111109, 0.85256765,
       0.8519752 , 0.8521654 , 0.85248772, 0.85388497, 0.85470772]), array([0.85374052, 0.8563971 , 0.85238135, 0.85024844, 0.85246563,
       0.85171908, 0.85211739, 0.85225688, 0.85113709, 0.85499897]), array([0.85383586, 0.85660609, 0.85225855, 0.85108198, 0.85315209,
       0.8550433 , 0.85291336, 0.85320662, 0.8550553 , 0.85466907])]
real metric: [array([0.98146895, 0.99451452, 0.96475404, 0.93299993, 0.96144595,
       0.94833601, 0.96856181, 0.96361188, 0.941504  , 0.95386911]), array([0.98060043, 0.99464609, 0.96687848, 0.9313882 , 0.95537533,
       0.94749605, 0.96845892, 0.96068687, 0.94017587, 0.96023475]), array([0.97878837, 0.99398728, 0.9621786 , 0.93282177, 0.95852207,
       0.94401814, 0.96936428, 0.96309065, 0.93617352, 0.9586155 ]), array([0.97594596, 0.99391495, 0.96519139, 0.93448292, 0.95345774,
       0.94210159, 0.97440579, 0.9629911 , 0.92986379, 0.95299865]), array([0.97459146, 0.99519434, 0.96555646, 0.93299635, 0.9620895 ,
       0.94737242, 0.97214795, 0.95992177, 0.94578428, 0.95968597])]

estim_algorithm = doc-model, mode = classification, metric = auc, confidence_scores = doctor-conf, class_specific = True
test err: [0.008120196562676341, 0.008798033514712578, 0.008303592065701703, 0.009940852609937345, 0.007870742766023208]
estimated metric: [array([0.9838673 , 0.99025043, 0.96337832, 0.94987536, 0.97422761,
       0.94653475, 0.97880461, 0.97132177, 0.95473467, 0.9643912 ]), array([0.98363217, 0.98971931, 0.96233482, 0.94952545, 0.97346508,
       0.94548285, 0.97871619, 0.97129849, 0.95298982, 0.96378987]), array([0.98372631, 0.98985288, 0.96247797, 0.94997214, 0.97382126,
       0.94613127, 0.97829895, 0.97098523, 0.95374779, 0.96331352]), array([0.98362519, 0.9900453 , 0.96282155, 0.94932709, 0.97369524,
       0.94582473, 0.9782516 , 0.97083436, 0.9541126 , 0.96374578]), array([0.98358297, 0.9903336 , 0.96270809, 0.95011412, 0.97435496,
       0.94596712, 0.97926192, 0.97186834, 0.95469234, 0.96293567])]
real metric: [array([0.98146895, 0.99451452, 0.96475404, 0.93299993, 0.96144595,
       0.94833601, 0.96856181, 0.96361188, 0.941504  , 0.95386911]), array([0.98060043, 0.99464609, 0.96687848, 0.9313882 , 0.95537533,
       0.94749605, 0.96845892, 0.96068687, 0.94017587, 0.96023475]), array([0.97878837, 0.99398728, 0.9621786 , 0.93282177, 0.95852207,
       0.94401814, 0.96936428, 0.96309065, 0.93617352, 0.9586155 ]), array([0.97594596, 0.99391495, 0.96519139, 0.93448292, 0.95345774,
       0.94210159, 0.97440579, 0.9629911 , 0.92986379, 0.95299865]), array([0.97459146, 0.99519434, 0.96555646, 0.93299635, 0.9620895 ,
       0.94737242, 0.97214795, 0.95992177, 0.94578428, 0.95968597])]

