estim_algorithm = ac-model, mode = classification, metric = auc, confidence_scores = max_class_probability-conf, class_specific = False
test err: [0.07976529926338019, 0.07762898249918636, 0.07597155481704337, 0.07421927451016916, 0.0810331769687528]
estimated metric: [array([0.98019106, 0.98567354, 0.97863836, 0.97851273, 0.97994197,
       0.98008267, 0.98015604, 0.98056199, 0.98028154, 0.9803629 ]), array([0.97964541, 0.98553781, 0.97851103, 0.97932614, 0.98010164,
       0.98040675, 0.98069133, 0.98057105, 0.98029125, 0.98013998]), array([0.98073551, 0.9856743 , 0.97833247, 0.97835975, 0.97951312,
       0.97910629, 0.98113472, 0.98119462, 0.98021012, 0.98076084]), array([0.98042032, 0.98586512, 0.97876289, 0.97889977, 0.9804276 ,
       0.97952089, 0.9804769 , 0.98194773, 0.98052184, 0.98113053]), array([0.98004306, 0.98567681, 0.97799369, 0.97902061, 0.98051657,
       0.98088381, 0.98030231, 0.98160089, 0.98038603, 0.98037174])]
real metric: [array([0.92894556, 0.98379724, 0.88975264, 0.85334892, 0.89411003,
       0.7922952 , 0.92065541, 0.86809423, 0.93761096, 0.93813961]), array([0.93664583, 0.9816399 , 0.88565978, 0.85699837, 0.88956043,
       0.7869544 , 0.92613536, 0.88890471, 0.93734692, 0.93908689]), array([0.93975289, 0.98362938, 0.88342865, 0.85841525, 0.88066029,
       0.80211216, 0.92945207, 0.8897922 , 0.94335859, 0.93470472]), array([0.9341195 , 0.98245908, 0.89136558, 0.86053316, 0.90314062,
       0.81714373, 0.93009357, 0.87847944, 0.93110645, 0.93733972]), array([0.93213275, 0.98264147, 0.89266969, 0.85519586, 0.87660942,
       0.79250837, 0.92539895, 0.87532701, 0.93125589, 0.93272433])]

estim_algorithm = ac-model, mode = classification, metric = auc, confidence_scores = energy-conf, class_specific = False
test err: [0.07876143981642221, 0.08412641577240339, 0.08583422639700836, 0.09714013725593804, 0.08795165457757562]
estimated metric: [array([0.80199826, 0.87688431, 0.84299815, 0.78628637, 0.83647969,
       0.75472663, 0.81261379, 0.84635992, 0.73511436, 0.92567392]), array([0.70467425, 0.9060032 , 0.78869851, 0.8067417 , 0.87977354,
       0.75862311, 0.82795428, 0.84327522, 0.79577331, 0.87615131]), array([0.81945571, 0.89736103, 0.73788482, 0.80200577, 0.8529059 ,
       0.7775173 , 0.80964201, 0.82069855, 0.74491958, 0.92457327]), array([0.76707986, 0.86448702, 0.8090164 , 0.77368027, 0.81690774,
       0.73079136, 0.84940713, 0.80305837, 0.75397957, 0.92597175]), array([0.77290981, 0.91061711, 0.8106159 , 0.82452703, 0.84846745,
       0.72354519, 0.80750959, 0.73492753, 0.77725728, 0.90657028])]
real metric: [array([0.92894556, 0.98379724, 0.88975264, 0.85334892, 0.89411003,
       0.7922952 , 0.92065541, 0.86809423, 0.93761096, 0.93813961]), array([0.93664583, 0.9816399 , 0.88565978, 0.85699837, 0.88956043,
       0.7869544 , 0.92613536, 0.88890471, 0.93734692, 0.93908689]), array([0.93975289, 0.98362938, 0.88342865, 0.85841525, 0.88066029,
       0.80211216, 0.92945207, 0.8897922 , 0.94335859, 0.93470472]), array([0.9341195 , 0.98245908, 0.89136558, 0.86053316, 0.90314062,
       0.81714373, 0.93009357, 0.87847944, 0.93110645, 0.93733972]), array([0.93213275, 0.98264147, 0.89266969, 0.85519586, 0.87660942,
       0.79250837, 0.92539895, 0.87532701, 0.93125589, 0.93272433])]

estim_algorithm = ac-model, mode = classification, metric = auc, confidence_scores = entropy-conf, class_specific = False
test err: [0.07580553614370722, 0.07302306123618663, 0.07204035810541101, 0.06957736494916401, 0.07655190870830716]
estimated metric: [array([0.97531872, 0.98199178, 0.97279733, 0.9741703 , 0.97503864,
       0.97689186, 0.97452397, 0.97723905, 0.97563042, 0.97759216]), array([0.97521726, 0.98206331, 0.97288661, 0.97486583, 0.97514633,
       0.97505449, 0.97564606, 0.97678717, 0.9757293 , 0.97576683]), array([0.97563561, 0.98215777, 0.97319776, 0.97360404, 0.97487981,
       0.97589356, 0.97577967, 0.97831148, 0.9767072 , 0.97659966]), array([0.97642957, 0.98254226, 0.97299224, 0.97384262, 0.97522369,
       0.97449635, 0.975347  , 0.9769039 , 0.97648585, 0.97729101]), array([0.97583928, 0.9823047 , 0.97223029, 0.97401508, 0.97498371,
       0.97461354, 0.97472321, 0.97757874, 0.97626796, 0.97875279])]
real metric: [array([0.92894556, 0.98379724, 0.88975264, 0.85334892, 0.89411003,
       0.7922952 , 0.92065541, 0.86809423, 0.93761096, 0.93813961]), array([0.93664583, 0.9816399 , 0.88565978, 0.85699837, 0.88956043,
       0.7869544 , 0.92613536, 0.88890471, 0.93734692, 0.93908689]), array([0.93975289, 0.98362938, 0.88342865, 0.85841525, 0.88066029,
       0.80211216, 0.92945207, 0.8897922 , 0.94335859, 0.93470472]), array([0.9341195 , 0.98245908, 0.89136558, 0.86053316, 0.90314062,
       0.81714373, 0.93009357, 0.87847944, 0.93110645, 0.93733972]), array([0.93213275, 0.98264147, 0.89266969, 0.85519586, 0.87660942,
       0.79250837, 0.92539895, 0.87532701, 0.93125589, 0.93272433])]

estim_algorithm = ac-model, mode = classification, metric = auc, confidence_scores = doctor-conf, class_specific = False
test err: [0.08394178315350184, 0.08213452623349123, 0.08023525936509227, 0.07857028723516495, 0.08544286783256438]
estimated metric: [array([0.9846812 , 0.9890957 , 0.98335089, 0.98279775, 0.9840571 ,
       0.98347266, 0.98458168, 0.98440117, 0.98490549, 0.98482401]), array([0.98444725, 0.98945517, 0.98327696, 0.98396959, 0.98454411,
       0.98409566, 0.98523181, 0.98566121, 0.98482511, 0.98477098]), array([0.98496406, 0.98940573, 0.98334725, 0.98293273, 0.98421484,
       0.98216448, 0.98549672, 0.98564892, 0.98477126, 0.9847128 ]), array([0.98512427, 0.98947905, 0.98343655, 0.98363578, 0.98462329,
       0.98356724, 0.98512752, 0.98614195, 0.98460724, 0.98574081]), array([0.98486872, 0.98976228, 0.98258795, 0.98381688, 0.98479871,
       0.98510862, 0.98530063, 0.98604095, 0.98347366, 0.98513404])]
real metric: [array([0.92894556, 0.98379724, 0.88975264, 0.85334892, 0.89411003,
       0.7922952 , 0.92065541, 0.86809423, 0.93761096, 0.93813961]), array([0.93664583, 0.9816399 , 0.88565978, 0.85699837, 0.88956043,
       0.7869544 , 0.92613536, 0.88890471, 0.93734692, 0.93908689]), array([0.93975289, 0.98362938, 0.88342865, 0.85841525, 0.88066029,
       0.80211216, 0.92945207, 0.8897922 , 0.94335859, 0.93470472]), array([0.9341195 , 0.98245908, 0.89136558, 0.86053316, 0.90314062,
       0.81714373, 0.93009357, 0.87847944, 0.93110645, 0.93733972]), array([0.93213275, 0.98264147, 0.89266969, 0.85519586, 0.87660942,
       0.79250837, 0.92539895, 0.87532701, 0.93125589, 0.93272433])]

estim_algorithm = ts-model, mode = classification, metric = auc, confidence_scores = max_class_probability-conf, class_specific = False
test err: [0.04454259987497135, 0.04290075792576039, 0.04205926583322282, 0.039538242503394896, 0.044466458666278665]
estimated metric: [array([0.93443575, 0.94763483, 0.93111191, 0.9345499 , 0.93212806,
       0.94076491, 0.92806844, 0.94623273, 0.93530324, 0.94500578]), array([0.92656501, 0.94738102, 0.93238108, 0.93247356, 0.93339808,
       0.93529015, 0.93021354, 0.94029585, 0.94579029, 0.94547219]), array([0.93634712, 0.94723051, 0.92921818, 0.93207789, 0.93442922,
       0.94055768, 0.9281664 , 0.94039941, 0.9367776 , 0.94535225]), array([0.93843035, 0.94753277, 0.93031789, 0.93437715, 0.9329693 ,
       0.94557596, 0.92836476, 0.93849183, 0.94225066, 0.94954237]), array([0.93685981, 0.9472726 , 0.93119756, 0.93144461, 0.93413598,
       0.93463747, 0.92900607, 0.93688226, 0.94185493, 0.94709931])]
real metric: [array([0.92894556, 0.98379724, 0.88975264, 0.85334892, 0.89411003,
       0.7922952 , 0.92065541, 0.86809423, 0.93761096, 0.93813961]), array([0.93664583, 0.9816399 , 0.88565978, 0.85699837, 0.88956043,
       0.7869544 , 0.92613536, 0.88890471, 0.93734692, 0.93908689]), array([0.93975289, 0.98362938, 0.88342865, 0.85841525, 0.88066029,
       0.80211216, 0.92945207, 0.8897922 , 0.94335859, 0.93470472]), array([0.9341195 , 0.98245908, 0.89136558, 0.86053316, 0.90314062,
       0.81714373, 0.93009357, 0.87847944, 0.93110645, 0.93733972]), array([0.93213275, 0.98264147, 0.89266969, 0.85519586, 0.87660942,
       0.79250837, 0.92539895, 0.87532701, 0.93125589, 0.93272433])]

estim_algorithm = ts-model, mode = classification, metric = auc, confidence_scores = max_class_probability-conf, class_specific = True
test err: [0.05221191761608709, 0.04800674426733713, 0.04779688969513114, 0.04398056995208414, 0.04972383549818601]
estimated metric: [array([0.96030874, 0.97599516, 0.93996927, 0.93390497, 0.95565762,
       0.90787777, 0.96561707, 0.96936361, 0.92522935, 0.95457805]), array([0.95963786, 0.9762353 , 0.93841619, 0.93130607, 0.95660984,
       0.90124637, 0.9665461 , 0.96973871, 0.9457647 , 0.95268969]), array([0.96113802, 0.97657456, 0.93572943, 0.93002396, 0.95674954,
       0.90061767, 0.96723673, 0.96993003, 0.93034244, 0.95479077]), array([0.96123932, 0.97649336, 0.93685709, 0.93656968, 0.95720945,
       0.89838753, 0.96633897, 0.97035856, 0.9303053 , 0.95829354]), array([0.96011503, 0.97672294, 0.93850285, 0.94343012, 0.95726591,
       0.87361207, 0.96658999, 0.97076455, 0.93985298, 0.95500861])]
real metric: [array([0.92894556, 0.98379724, 0.88975264, 0.85334892, 0.89411003,
       0.7922952 , 0.92065541, 0.86809423, 0.93761096, 0.93813961]), array([0.93664583, 0.9816399 , 0.88565978, 0.85699837, 0.88956043,
       0.7869544 , 0.92613536, 0.88890471, 0.93734692, 0.93908689]), array([0.93975289, 0.98362938, 0.88342865, 0.85841525, 0.88066029,
       0.80211216, 0.92945207, 0.8897922 , 0.94335859, 0.93470472]), array([0.9341195 , 0.98245908, 0.89136558, 0.86053316, 0.90314062,
       0.81714373, 0.93009357, 0.87847944, 0.93110645, 0.93733972]), array([0.93213275, 0.98264147, 0.89266969, 0.85519586, 0.87660942,
       0.79250837, 0.92539895, 0.87532701, 0.93125589, 0.93272433])]

estim_algorithm = ts-model, mode = classification, metric = auc, confidence_scores = energy-conf, class_specific = False
test err: [0.042845362566286425, 0.04914906063759676, 0.05008821097574158, 0.031070659040652416, 0.03632775266423005]
estimated metric: [array([0.89992298, 0.94759864, 0.91755198, 0.88415726, 0.91900209,
       0.87385266, 0.88191443, 0.93292285, 0.86241487, 0.95754917]), array([0.8375903 , 0.94618949, 0.88300072, 0.9056879 , 0.94807687,
       0.87873406, 0.90404448, 0.95135296, 0.89420574, 0.96674653]), array([0.9064647 , 0.94550652, 0.84399585, 0.90636195, 0.92796778,
       0.90361749, 0.88094767, 0.93716056, 0.87215644, 0.96090854]), array([0.87258062, 0.93667342, 0.89673461, 0.88219873, 0.90075148,
       0.86089538, 0.9171238 , 0.91313739, 0.88072611, 0.96953832]), array([0.87023396, 0.94846325, 0.88975542, 0.90345364, 0.91792218,
       0.85281432, 0.88772124, 0.87819422, 0.89011702, 0.96545033])]
real metric: [array([0.92894556, 0.98379724, 0.88975264, 0.85334892, 0.89411003,
       0.7922952 , 0.92065541, 0.86809423, 0.93761096, 0.93813961]), array([0.93664583, 0.9816399 , 0.88565978, 0.85699837, 0.88956043,
       0.7869544 , 0.92613536, 0.88890471, 0.93734692, 0.93908689]), array([0.93975289, 0.98362938, 0.88342865, 0.85841525, 0.88066029,
       0.80211216, 0.92945207, 0.8897922 , 0.94335859, 0.93470472]), array([0.9341195 , 0.98245908, 0.89136558, 0.86053316, 0.90314062,
       0.81714373, 0.93009357, 0.87847944, 0.93110645, 0.93733972]), array([0.93213275, 0.98264147, 0.89266969, 0.85519586, 0.87660942,
       0.79250837, 0.92539895, 0.87532701, 0.93125589, 0.93272433])]

estim_algorithm = ts-model, mode = classification, metric = auc, confidence_scores = energy-conf, class_specific = True
test err: [0.0652553914273445, 0.05857031015875708, 0.06129715167910441, 0.05620461603671882, 0.0602690722981152]
estimated metric: [array([0.99565498, 0.99540883, 0.95977632, 0.93871557, 0.97504201,
       0.91993377, 0.97689749, 0.9812695 , 0.93348516, 0.97486851]), array([0.99568248, 0.99545631, 0.94029992, 0.93960955, 0.97505634,
       0.92440248, 0.97723476, 0.98048241, 0.9466562 , 0.93841854]), array([0.99575629, 0.99548744, 0.93282743, 0.94453742, 0.97523176,
       0.93256141, 0.97721628, 0.97557098, 0.93426809, 0.97663962]), array([0.99571382, 0.9954937 , 0.94308906, 0.93227004, 0.97495908,
       0.91367204, 0.97715659, 0.96577327, 0.93661108, 0.99308833]), array([0.99577334, 0.99554775, 0.95037859, 0.94571853, 0.97540752,
       0.91409942, 0.97713696, 0.95693693, 0.93911662, 0.94903882])]
real metric: [array([0.92894556, 0.98379724, 0.88975264, 0.85334892, 0.89411003,
       0.7922952 , 0.92065541, 0.86809423, 0.93761096, 0.93813961]), array([0.93664583, 0.9816399 , 0.88565978, 0.85699837, 0.88956043,
       0.7869544 , 0.92613536, 0.88890471, 0.93734692, 0.93908689]), array([0.93975289, 0.98362938, 0.88342865, 0.85841525, 0.88066029,
       0.80211216, 0.92945207, 0.8897922 , 0.94335859, 0.93470472]), array([0.9341195 , 0.98245908, 0.89136558, 0.86053316, 0.90314062,
       0.81714373, 0.93009357, 0.87847944, 0.93110645, 0.93733972]), array([0.93213275, 0.98264147, 0.89266969, 0.85519586, 0.87660942,
       0.79250837, 0.92539895, 0.87532701, 0.93125589, 0.93272433])]

estim_algorithm = ts-model, mode = classification, metric = auc, confidence_scores = entropy-conf, class_specific = False
test err: [0.044523960782108504, 0.04331167868830107, 0.0418264384060235, 0.04036913940583814, 0.04552590932238576]
estimated metric: [array([0.93405796, 0.94850009, 0.93257423, 0.93521389, 0.93323105,
       0.94032012, 0.93041481, 0.94291225, 0.9378932 , 0.94627751]), array([0.92999129, 0.94821423, 0.9335315 , 0.93275148, 0.93477221,
       0.93648967, 0.93137013, 0.94147785, 0.94592892, 0.94736164]), array([0.93695591, 0.9485605 , 0.93023134, 0.9310485 , 0.93544686,
       0.93935969, 0.93035286, 0.94102565, 0.93913651, 0.94727688]), array([0.94063192, 0.94853657, 0.93230186, 0.93431355, 0.93557647,
       0.94771096, 0.93045803, 0.93742828, 0.94502122, 0.94964837]), array([0.93708814, 0.94856307, 0.93256195, 0.93316965, 0.93551486,
       0.93745619, 0.93049693, 0.93876385, 0.94270245, 0.94724895])]
real metric: [array([0.92894556, 0.98379724, 0.88975264, 0.85334892, 0.89411003,
       0.7922952 , 0.92065541, 0.86809423, 0.93761096, 0.93813961]), array([0.93664583, 0.9816399 , 0.88565978, 0.85699837, 0.88956043,
       0.7869544 , 0.92613536, 0.88890471, 0.93734692, 0.93908689]), array([0.93975289, 0.98362938, 0.88342865, 0.85841525, 0.88066029,
       0.80211216, 0.92945207, 0.8897922 , 0.94335859, 0.93470472]), array([0.9341195 , 0.98245908, 0.89136558, 0.86053316, 0.90314062,
       0.81714373, 0.93009357, 0.87847944, 0.93110645, 0.93733972]), array([0.93213275, 0.98264147, 0.89266969, 0.85519586, 0.87660942,
       0.79250837, 0.92539895, 0.87532701, 0.93125589, 0.93272433])]

estim_algorithm = ts-model, mode = classification, metric = auc, confidence_scores = entropy-conf, class_specific = True
test err: [0.05018208947372628, 0.046426331884606854, 0.04556465715120635, 0.042253491521050145, 0.04881744702351047]
estimated metric: [array([0.95848987, 0.97443703, 0.93455753, 0.93396109, 0.95558415,
       0.90346326, 0.96441683, 0.96262896, 0.9250319 , 0.95212153]), array([0.95779603, 0.97469896, 0.93667833, 0.93067112, 0.9559005 ,
       0.89646225, 0.96519782, 0.96031013, 0.94655179, 0.95504711]), array([0.95927687, 0.97512   , 0.92555691, 0.93154587, 0.95588304,
       0.89504862, 0.96600594, 0.96250677, 0.93029351, 0.95656631]), array([0.95942051, 0.97512759, 0.93762648, 0.93480258, 0.95682698,
       0.89255789, 0.96505601, 0.96133073, 0.93049735, 0.95918848]), array([0.95829957, 0.97525775, 0.93819181, 0.94276547, 0.95676879,
       0.87667792, 0.96515379, 0.96053433, 0.94012122, 0.95610013])]
real metric: [array([0.92894556, 0.98379724, 0.88975264, 0.85334892, 0.89411003,
       0.7922952 , 0.92065541, 0.86809423, 0.93761096, 0.93813961]), array([0.93664583, 0.9816399 , 0.88565978, 0.85699837, 0.88956043,
       0.7869544 , 0.92613536, 0.88890471, 0.93734692, 0.93908689]), array([0.93975289, 0.98362938, 0.88342865, 0.85841525, 0.88066029,
       0.80211216, 0.92945207, 0.8897922 , 0.94335859, 0.93470472]), array([0.9341195 , 0.98245908, 0.89136558, 0.86053316, 0.90314062,
       0.81714373, 0.93009357, 0.87847944, 0.93110645, 0.93733972]), array([0.93213275, 0.98264147, 0.89266969, 0.85519586, 0.87660942,
       0.79250837, 0.92539895, 0.87532701, 0.93125589, 0.93272433])]

estim_algorithm = ts-model, mode = classification, metric = auc, confidence_scores = doctor-conf, class_specific = False
test err: [0.048794482386094365, 0.04653640519730786, 0.04511447185314586, 0.04275603349845564, 0.04978900147479818]
estimated metric: [array([0.942418  , 0.95201421, 0.94132445, 0.94057501, 0.94058164,
       0.94089858, 0.94060089, 0.94371886, 0.94040517, 0.94859176]), array([0.9380972 , 0.9521492 , 0.94181989, 0.9398891 , 0.94307341,
       0.94059371, 0.94074489, 0.94504102, 0.9470243 , 0.94688252]), array([0.94276899, 0.95288853, 0.94015119, 0.93891047, 0.94229578,
       0.94135665, 0.94068544, 0.94370704, 0.94184682, 0.94733477]), array([0.9432385 , 0.9525694 , 0.94172272, 0.93761561, 0.94249936,
       0.94028738, 0.94047754, 0.94149489, 0.94460508, 0.94905135]), array([0.94509921, 0.95276123, 0.9411689 , 0.94098352, 0.94207731,
       0.93880977, 0.9401296 , 0.94185837, 0.94440312, 0.94730226])]
real metric: [array([0.92894556, 0.98379724, 0.88975264, 0.85334892, 0.89411003,
       0.7922952 , 0.92065541, 0.86809423, 0.93761096, 0.93813961]), array([0.93664583, 0.9816399 , 0.88565978, 0.85699837, 0.88956043,
       0.7869544 , 0.92613536, 0.88890471, 0.93734692, 0.93908689]), array([0.93975289, 0.98362938, 0.88342865, 0.85841525, 0.88066029,
       0.80211216, 0.92945207, 0.8897922 , 0.94335859, 0.93470472]), array([0.9341195 , 0.98245908, 0.89136558, 0.86053316, 0.90314062,
       0.81714373, 0.93009357, 0.87847944, 0.93110645, 0.93733972]), array([0.93213275, 0.98264147, 0.89266969, 0.85519586, 0.87660942,
       0.79250837, 0.92539895, 0.87532701, 0.93125589, 0.93272433])]

estim_algorithm = ts-model, mode = classification, metric = auc, confidence_scores = doctor-conf, class_specific = True
test err: [0.05169918331424693, 0.04892055256045844, 0.04754839215415354, 0.044003194258332975, 0.050709044042498166]
estimated metric: [array([0.95837342, 0.97544093, 0.94096026, 0.9347124 , 0.95831925,
       0.9190813 , 0.96581475, 0.96040712, 0.93419253, 0.9528902 ]), array([0.9557298 , 0.97563333, 0.94062999, 0.93043012, 0.95919773,
       0.91686917, 0.96670938, 0.9601306 , 0.94636374, 0.9544311 ]), array([0.95940861, 0.97603266, 0.93520557, 0.93299925, 0.95879268,
       0.9128892 , 0.96731101, 0.960081  , 0.93840186, 0.95456139]), array([0.95908326, 0.97580742, 0.94049893, 0.93058162, 0.95932526,
       0.90960842, 0.96659965, 0.95775339, 0.93542713, 0.95782439]), array([0.9570274 , 0.97588539, 0.94123163, 0.94292898, 0.95974372,
       0.8907316 , 0.96646848, 0.95665903, 0.94446034, 0.95490545])]
real metric: [array([0.92894556, 0.98379724, 0.88975264, 0.85334892, 0.89411003,
       0.7922952 , 0.92065541, 0.86809423, 0.93761096, 0.93813961]), array([0.93664583, 0.9816399 , 0.88565978, 0.85699837, 0.88956043,
       0.7869544 , 0.92613536, 0.88890471, 0.93734692, 0.93908689]), array([0.93975289, 0.98362938, 0.88342865, 0.85841525, 0.88066029,
       0.80211216, 0.92945207, 0.8897922 , 0.94335859, 0.93470472]), array([0.9341195 , 0.98245908, 0.89136558, 0.86053316, 0.90314062,
       0.81714373, 0.93009357, 0.87847944, 0.93110645, 0.93733972]), array([0.93213275, 0.98264147, 0.89266969, 0.85519586, 0.87660942,
       0.79250837, 0.92539895, 0.87532701, 0.93125589, 0.93272433])]

estim_algorithm = doc-model, mode = classification, metric = auc, confidence_scores = max_class_probability-conf, class_specific = False
test err: [0.05675081213631809, 0.05956776770816228, 0.058047754400911734, 0.056879596697009906, 0.05538982714879629]
estimated metric: [array([0.8571572 , 0.86337332, 0.8551106 , 0.85521139, 0.85643227,
       0.85709916, 0.85557779, 0.85773113, 0.85740487, 0.85747682]), array([0.85668497, 0.8634164 , 0.85493904, 0.85605735, 0.85686587,
       0.85742118, 0.85628102, 0.85777403, 0.85742974, 0.85731886]), array([0.85762178, 0.8628656 , 0.85491851, 0.8549841 , 0.8560193 ,
       0.85605311, 0.85679517, 0.85834715, 0.85733107, 0.85777479]), array([0.85708621, 0.86363631, 0.85515743, 0.85548439, 0.85686998,
       0.85647176, 0.8558715 , 0.85914914, 0.85767221, 0.85824202]), array([0.85697055, 0.86297604, 0.85427899, 0.85580751, 0.85675001,
       0.85789878, 0.85624289, 0.8587808 , 0.85737089, 0.85749313])]
real metric: [array([0.92894556, 0.98379724, 0.88975264, 0.85334892, 0.89411003,
       0.7922952 , 0.92065541, 0.86809423, 0.93761096, 0.93813961]), array([0.93664583, 0.9816399 , 0.88565978, 0.85699837, 0.88956043,
       0.7869544 , 0.92613536, 0.88890471, 0.93734692, 0.93908689]), array([0.93975289, 0.98362938, 0.88342865, 0.85841525, 0.88066029,
       0.80211216, 0.92945207, 0.8897922 , 0.94335859, 0.93470472]), array([0.9341195 , 0.98245908, 0.89136558, 0.86053316, 0.90314062,
       0.81714373, 0.93009357, 0.87847944, 0.93110645, 0.93733972]), array([0.93213275, 0.98264147, 0.89266969, 0.85519586, 0.87660942,
       0.79250837, 0.92539895, 0.87532701, 0.93125589, 0.93272433])]

estim_algorithm = doc-model, mode = classification, metric = auc, confidence_scores = max_class_probability-conf, class_specific = True
test err: [0.05760076615581956, 0.055158548935993826, 0.053793325895255185, 0.05173532428497033, 0.058669330557123076]
estimated metric: [array([0.97172826, 0.98216937, 0.95101045, 0.93944948, 0.96377144,
       0.93773504, 0.96922826, 0.96161693, 0.94700456, 0.95578793]), array([0.97120175, 0.98206054, 0.95089652, 0.94029012, 0.96398264,
       0.9380888 , 0.96982371, 0.96158986, 0.94698882, 0.95559532]), array([0.97230801, 0.98221054, 0.95078472, 0.93928923, 0.96338397,
       0.9367536 , 0.9702738 , 0.96221375, 0.94697988, 0.95620427]), array([0.97196917, 0.98237239, 0.95117583, 0.93984562, 0.96425625,
       0.9370759 , 0.96958143, 0.96292419, 0.94720999, 0.95654992]), array([0.97161287, 0.98224186, 0.95040125, 0.94003992, 0.96442307,
       0.93857274, 0.96947462, 0.96262848, 0.94711854, 0.95584449])]
real metric: [array([0.92894556, 0.98379724, 0.88975264, 0.85334892, 0.89411003,
       0.7922952 , 0.92065541, 0.86809423, 0.93761096, 0.93813961]), array([0.93664583, 0.9816399 , 0.88565978, 0.85699837, 0.88956043,
       0.7869544 , 0.92613536, 0.88890471, 0.93734692, 0.93908689]), array([0.93975289, 0.98362938, 0.88342865, 0.85841525, 0.88066029,
       0.80211216, 0.92945207, 0.8897922 , 0.94335859, 0.93470472]), array([0.9341195 , 0.98245908, 0.89136558, 0.86053316, 0.90314062,
       0.81714373, 0.93009357, 0.87847944, 0.93110645, 0.93733972]), array([0.93213275, 0.98264147, 0.89266969, 0.85519586, 0.87660942,
       0.79250837, 0.92539895, 0.87532701, 0.93125589, 0.93272433])]

estim_algorithm = doc-model, mode = classification, metric = auc, confidence_scores = energy-conf, class_specific = False
test err: [0.04873755746977889, 0.050073588346982355, 0.047053811301808725, 0.04199151974094425, 0.04895001169001758]
estimated metric: [array([0.94620919, 0.94724163, 0.92929496, 0.93906784, 0.93689878,
       0.94710052, 0.92788772, 0.9534805 , 0.94060922, 0.9532238 ]), array([0.90222872, 0.94656963, 0.93426494, 0.93042077, 0.93789957,
       0.95750013, 0.92755808, 0.95164527, 0.95172314, 0.95088345]), array([0.94126408, 0.94634528, 0.93124848, 0.94338525, 0.93747756,
       0.95747808, 0.92835253, 0.95547089, 0.94421597, 0.95383892]), array([0.94325901, 0.94595895, 0.92976852, 0.93719288, 0.93661751,
       0.93878763, 0.92781831, 0.94772908, 0.94621057, 0.9548028 ]), array([0.94038482, 0.94746014, 0.93367738, 0.9447339 , 0.93766321,
       0.93159062, 0.92820268, 0.94169441, 0.9552751 , 0.95491896])]
real metric: [array([0.92894556, 0.98379724, 0.88975264, 0.85334892, 0.89411003,
       0.7922952 , 0.92065541, 0.86809423, 0.93761096, 0.93813961]), array([0.93664583, 0.9816399 , 0.88565978, 0.85699837, 0.88956043,
       0.7869544 , 0.92613536, 0.88890471, 0.93734692, 0.93908689]), array([0.93975289, 0.98362938, 0.88342865, 0.85841525, 0.88066029,
       0.80211216, 0.92945207, 0.8897922 , 0.94335859, 0.93470472]), array([0.9341195 , 0.98245908, 0.89136558, 0.86053316, 0.90314062,
       0.81714373, 0.93009357, 0.87847944, 0.93110645, 0.93733972]), array([0.93213275, 0.98264147, 0.89266969, 0.85519586, 0.87660942,
       0.79250837, 0.92539895, 0.87532701, 0.93125589, 0.93272433])]

estim_algorithm = doc-model, mode = classification, metric = auc, confidence_scores = energy-conf, class_specific = True
test err: [0.04778974931994877, 0.03513263327955749, 0.04741660577287685, 0.03215690591614495, 0.04139153850710359]
estimated metric: [array([0.95487646, 0.97730109, 0.94271305, 0.90134376, 0.96084853,
       0.83519672, 0.97406939, 0.96701284, 0.8850754 , 0.96814663]), array([0.95003533, 0.97727356, 0.88813362, 0.92317435, 0.96249316,
       0.84009703, 0.9744457 , 0.96705176, 0.94786281, 0.93721485]), array([0.95946956, 0.97780521, 0.83669814, 0.91804946, 0.96151294,
       0.85954137, 0.97500107, 0.96694757, 0.89590697, 0.96852736]), array([0.95786294, 0.97765607, 0.90936556, 0.88948987, 0.96094975,
       0.81073544, 0.97499952, 0.96833852, 0.90488475, 0.95820149]), array([0.96159901, 0.97801235, 0.91150425, 0.94172313, 0.96248731,
       0.8035696 , 0.97538973, 0.96480725, 0.92963207, 0.96914855])]
real metric: [array([0.92894556, 0.98379724, 0.88975264, 0.85334892, 0.89411003,
       0.7922952 , 0.92065541, 0.86809423, 0.93761096, 0.93813961]), array([0.93664583, 0.9816399 , 0.88565978, 0.85699837, 0.88956043,
       0.7869544 , 0.92613536, 0.88890471, 0.93734692, 0.93908689]), array([0.93975289, 0.98362938, 0.88342865, 0.85841525, 0.88066029,
       0.80211216, 0.92945207, 0.8897922 , 0.94335859, 0.93470472]), array([0.9341195 , 0.98245908, 0.89136558, 0.86053316, 0.90314062,
       0.81714373, 0.93009357, 0.87847944, 0.93110645, 0.93733972]), array([0.93213275, 0.98264147, 0.89266969, 0.85519586, 0.87660942,
       0.79250837, 0.92539895, 0.87532701, 0.93125589, 0.93272433])]

estim_algorithm = doc-model, mode = classification, metric = auc, confidence_scores = entropy-conf, class_specific = False
test err: [0.05472485338944301, 0.05726551031452515, 0.055274038198933596, 0.05400481617226908, 0.052852959538071696]
estimated metric: [array([0.86049349, 0.86712341, 0.85731439, 0.85888773, 0.85969829,
       0.86223198, 0.85814191, 0.86260038, 0.86108473, 0.86287614]), array([0.86009097, 0.86719971, 0.85731248, 0.85921329, 0.85952651,
       0.86043481, 0.85924114, 0.86223475, 0.8612139 , 0.86120058]), array([0.86048689, 0.867325  , 0.85766094, 0.85814596, 0.85909235,
       0.86123616, 0.85914335, 0.86370115, 0.86209956, 0.86192248]), array([0.86125033, 0.86782504, 0.85730802, 0.85833161, 0.85940631,
       0.859896  , 0.85858562, 0.86337015, 0.86256774, 0.8626964 ]), array([0.86074899, 0.8675257 , 0.85640623, 0.85868836, 0.85936782,
       0.86008225, 0.85846463, 0.86305097, 0.86164787, 0.86408407])]
real metric: [array([0.92894556, 0.98379724, 0.88975264, 0.85334892, 0.89411003,
       0.7922952 , 0.92065541, 0.86809423, 0.93761096, 0.93813961]), array([0.93664583, 0.9816399 , 0.88565978, 0.85699837, 0.88956043,
       0.7869544 , 0.92613536, 0.88890471, 0.93734692, 0.93908689]), array([0.93975289, 0.98362938, 0.88342865, 0.85841525, 0.88066029,
       0.80211216, 0.92945207, 0.8897922 , 0.94335859, 0.93470472]), array([0.9341195 , 0.98245908, 0.89136558, 0.86053316, 0.90314062,
       0.81714373, 0.93009357, 0.87847944, 0.93110645, 0.93733972]), array([0.93213275, 0.98264147, 0.89266969, 0.85519586, 0.87660942,
       0.79250837, 0.92539895, 0.87532701, 0.93125589, 0.93272433])]

estim_algorithm = doc-model, mode = classification, metric = auc, confidence_scores = entropy-conf, class_specific = True
test err: [0.055885667190878605, 0.05300138632961952, 0.05215646457901243, 0.04965759364230464, 0.056674986606026066]
estimated metric: [array([0.96851839, 0.97974261, 0.94689608, 0.937847  , 0.96165085,
       0.9368875 , 0.96540133, 0.96039887, 0.9448062 , 0.9553484 ]), array([0.96840943, 0.97987096, 0.94700107, 0.93849107, 0.96179887,
       0.93503743, 0.96652758, 0.95987518, 0.94486727, 0.9535297 ]), array([0.96888725, 0.97987701, 0.94735211, 0.93722874, 0.96155425,
       0.93593677, 0.96671073, 0.96146545, 0.94593547, 0.95441831]), array([0.96966166, 0.98038199, 0.94711395, 0.93747659, 0.96190028,
       0.93450552, 0.96627804, 0.96007486, 0.9456932 , 0.95511651]), array([0.9690774 , 0.98016836, 0.94632595, 0.93773754, 0.96169826,
       0.93472431, 0.96568276, 0.96075748, 0.94549496, 0.95660038])]
real metric: [array([0.92894556, 0.98379724, 0.88975264, 0.85334892, 0.89411003,
       0.7922952 , 0.92065541, 0.86809423, 0.93761096, 0.93813961]), array([0.93664583, 0.9816399 , 0.88565978, 0.85699837, 0.88956043,
       0.7869544 , 0.92613536, 0.88890471, 0.93734692, 0.93908689]), array([0.93975289, 0.98362938, 0.88342865, 0.85841525, 0.88066029,
       0.80211216, 0.92945207, 0.8897922 , 0.94335859, 0.93470472]), array([0.9341195 , 0.98245908, 0.89136558, 0.86053316, 0.90314062,
       0.81714373, 0.93009357, 0.87847944, 0.93110645, 0.93733972]), array([0.93213275, 0.98264147, 0.89266969, 0.85519586, 0.87660942,
       0.79250837, 0.92539895, 0.87532701, 0.93125589, 0.93272433])]

estim_algorithm = doc-model, mode = classification, metric = auc, confidence_scores = doctor-conf, class_specific = False
test err: [0.0663069108809982, 0.06942027715197427, 0.06780015963553823, 0.06675652556889028, 0.06527833851226414]
estimated metric: [array([0.84476988, 0.85007528, 0.84238947, 0.84230235, 0.84353594,
       0.84458003, 0.84325272, 0.84540125, 0.84551075, 0.84643266]), array([0.84460471, 0.85034407, 0.84221191, 0.84345592, 0.8441565 ,
       0.84505262, 0.84389811, 0.84633312, 0.8452955 , 0.84557379]), array([0.84493997, 0.85024555, 0.84256186, 0.84243013, 0.84350504,
       0.84339389, 0.84461513, 0.84646264, 0.84541814, 0.84629574]), array([0.84522339, 0.85050692, 0.84259694, 0.84312208, 0.84408948,
       0.84461816, 0.8441968 , 0.84699666, 0.84523677, 0.84657726]), array([0.84468198, 0.85042322, 0.84156337, 0.84315143, 0.84422976,
       0.84637737, 0.84446687, 0.84668725, 0.84400489, 0.84583223])]
real metric: [array([0.92894556, 0.98379724, 0.88975264, 0.85334892, 0.89411003,
       0.7922952 , 0.92065541, 0.86809423, 0.93761096, 0.93813961]), array([0.93664583, 0.9816399 , 0.88565978, 0.85699837, 0.88956043,
       0.7869544 , 0.92613536, 0.88890471, 0.93734692, 0.93908689]), array([0.93975289, 0.98362938, 0.88342865, 0.85841525, 0.88066029,
       0.80211216, 0.92945207, 0.8897922 , 0.94335859, 0.93470472]), array([0.9341195 , 0.98245908, 0.89136558, 0.86053316, 0.90314062,
       0.81714373, 0.93009357, 0.87847944, 0.93110645, 0.93733972]), array([0.93213275, 0.98264147, 0.89266969, 0.85519586, 0.87660942,
       0.79250837, 0.92539895, 0.87532701, 0.93125589, 0.93272433])]

estim_algorithm = doc-model, mode = classification, metric = auc, confidence_scores = doctor-conf, class_specific = True
test err: [0.05939410583371154, 0.057601094532973796, 0.0557450047705635, 0.054066446805839795, 0.060966696536679424]
estimated metric: [array([0.97560556, 0.98478579, 0.95416674, 0.94230257, 0.96583926,
       0.93834887, 0.97117635, 0.96348675, 0.94810376, 0.95687522]), array([0.97540857, 0.98517743, 0.95404726, 0.94354164, 0.9663718 ,
       0.93895599, 0.97184735, 0.96471492, 0.94801031, 0.95686826]), array([0.97594839, 0.98515005, 0.95424841, 0.94247926, 0.96602399,
       0.93708931, 0.97220591, 0.96474684, 0.94804731, 0.95681679]), array([0.9761205 , 0.98522914, 0.95434097, 0.94320407, 0.96646339,
       0.93836838, 0.97179523, 0.96524674, 0.94783475, 0.95784214]), array([0.97589417, 0.98554588, 0.95348365, 0.94337491, 0.96669282,
       0.94000069, 0.97202372, 0.96513414, 0.94674073, 0.95724001])]
real metric: [array([0.92894556, 0.98379724, 0.88975264, 0.85334892, 0.89411003,
       0.7922952 , 0.92065541, 0.86809423, 0.93761096, 0.93813961]), array([0.93664583, 0.9816399 , 0.88565978, 0.85699837, 0.88956043,
       0.7869544 , 0.92613536, 0.88890471, 0.93734692, 0.93908689]), array([0.93975289, 0.98362938, 0.88342865, 0.85841525, 0.88066029,
       0.80211216, 0.92945207, 0.8897922 , 0.94335859, 0.93470472]), array([0.9341195 , 0.98245908, 0.89136558, 0.86053316, 0.90314062,
       0.81714373, 0.93009357, 0.87847944, 0.93110645, 0.93733972]), array([0.93213275, 0.98264147, 0.89266969, 0.85519586, 0.87660942,
       0.79250837, 0.92539895, 0.87532701, 0.93125589, 0.93272433])]

