estim_algorithm = ac-model, mode = classification, metric = precision, confidence_scores = max_class_probability-conf, class_specific = False
test err: [0.2854749829449415, 0.27979180003827075, 0.27064063266582056, 0.2869311157837945, 0.28252988486913605]
estimated metric: [array([0.92259588, 0.8738519 , 0.90259314, 0.85867353, 0.92514251,
       0.69797047, 0.91433341, 0.65873412, 0.81231466, 0.73756721]), array([0.92448127, 0.87315485, 0.89419156, 0.85398468, 0.93165072,
       0.69520306, 0.91075799, 0.65477214, 0.79618212, 0.73562181]), array([0.92003936, 0.87333956, 0.89672889, 0.87443192, 0.92881453,
       0.73097738, 0.90867083, 0.67416375, 0.82048069, 0.72245248]), array([0.92023321, 0.87169092, 0.89780906, 0.8602051 , 0.92801837,
       0.68931642, 0.91047592, 0.63553171, 0.81088972, 0.73219896]), array([0.92031711, 0.87117763, 0.89586931, 0.859912  , 0.92941697,
       0.69498527, 0.90865561, 0.65913032, 0.80792192, 0.72116769])]
real metric: [array([0.48590948, 0.82517483, 0.50160085, 0.46585736, 0.42749371,
       0.81749049, 0.53207547, 0.97235023, 0.75052411, 0.93831169]), array([0.48923841, 0.82033426, 0.50228311, 0.53125   , 0.43010753,
       0.85551331, 0.50970874, 0.93607306, 0.74482759, 0.93527508]), array([0.49069973, 0.84299859, 0.51927438, 0.52588556, 0.4263754 ,
       0.83443709, 0.54682779, 0.95689655, 0.76506024, 0.93728223]), array([0.51855047, 0.80027933, 0.51859956, 0.52888889, 0.42436306,
       0.84765625, 0.51544402, 0.97029703, 0.75518672, 0.97039474]), array([0.51202749, 0.80785414, 0.53726363, 0.53698225, 0.440625  ,
       0.86206897, 0.50540806, 0.94642857, 0.71308017, 0.95205479])]

estim_algorithm = ac-model, mode = classification, metric = precision, confidence_scores = energy-conf, class_specific = False
test err: [0.4296495955459478, 0.4377699999949134, 0.44147618977643266, 0.4433859869734225, 0.4407407478539486]
estimated metric: [array([0.47049561, 0.3298395 , 0.26928774, 0.17313187, 0.3410059 ,
       0.10238837, 0.34046796, 0.09511613, 0.16524718, 0.133312  ]), array([0.47110845, 0.32978636, 0.25160951, 0.16485102, 0.35727904,
       0.10373246, 0.3229944 , 0.09399933, 0.15190264, 0.12964786]), array([0.45218818, 0.32706034, 0.26798652, 0.19522375, 0.34539484,
       0.12222691, 0.32172264, 0.1010039 , 0.17551618, 0.12265239]), array([0.45392995, 0.33989776, 0.26762772, 0.18237851, 0.35667842,
       0.10128106, 0.32825815, 0.08646372, 0.16613843, 0.13314649]), array([0.45706033, 0.33072654, 0.26827148, 0.18430184, 0.36161463,
       0.10712787, 0.32048552, 0.09750716, 0.15745194, 0.12183827])]
real metric: [array([0.48590948, 0.82517483, 0.50160085, 0.46585736, 0.42749371,
       0.81749049, 0.53207547, 0.97235023, 0.75052411, 0.93831169]), array([0.48923841, 0.82033426, 0.50228311, 0.53125   , 0.43010753,
       0.85551331, 0.50970874, 0.93607306, 0.74482759, 0.93527508]), array([0.49069973, 0.84299859, 0.51927438, 0.52588556, 0.4263754 ,
       0.83443709, 0.54682779, 0.95689655, 0.76506024, 0.93728223]), array([0.51855047, 0.80027933, 0.51859956, 0.52888889, 0.42436306,
       0.84765625, 0.51544402, 0.97029703, 0.75518672, 0.97039474]), array([0.51202749, 0.80785414, 0.53726363, 0.53698225, 0.440625  ,
       0.86206897, 0.50540806, 0.94642857, 0.71308017, 0.95205479])]

estim_algorithm = ac-model, mode = classification, metric = precision, confidence_scores = entropy-conf, class_specific = False
test err: [0.2836330708173729, 0.2772764040325694, 0.26865634105903996, 0.28527716946345444, 0.2804658760389024]
estimated metric: [array([0.90967841, 0.85480963, 0.88559282, 0.83461549, 0.91202927,
       0.66009227, 0.89982353, 0.62074662, 0.78410831, 0.70300446]), array([0.91020605, 0.85160136, 0.87350799, 0.82621154, 0.9179687 ,
       0.65330128, 0.89383628, 0.61205319, 0.76264222, 0.69696745]), array([0.90582809, 0.85304751, 0.87777515, 0.8512938 , 0.91525324,
       0.69406915, 0.89241027, 0.63325334, 0.79145267, 0.684669  ]), array([0.90682198, 0.85238336, 0.87992492, 0.83655794, 0.91516811,
       0.65057184, 0.89516228, 0.59454905, 0.78220847, 0.69737045]), array([0.9069124 , 0.8514741 , 0.87745723, 0.83580343, 0.91669013,
       0.65617406, 0.89276877, 0.62120251, 0.777973  , 0.68435531])]
real metric: [array([0.48590948, 0.82517483, 0.50160085, 0.46585736, 0.42749371,
       0.81749049, 0.53207547, 0.97235023, 0.75052411, 0.93831169]), array([0.48923841, 0.82033426, 0.50228311, 0.53125   , 0.43010753,
       0.85551331, 0.50970874, 0.93607306, 0.74482759, 0.93527508]), array([0.49069973, 0.84299859, 0.51927438, 0.52588556, 0.4263754 ,
       0.83443709, 0.54682779, 0.95689655, 0.76506024, 0.93728223]), array([0.51855047, 0.80027933, 0.51859956, 0.52888889, 0.42436306,
       0.84765625, 0.51544402, 0.97029703, 0.75518672, 0.97039474]), array([0.51202749, 0.80785414, 0.53726363, 0.53698225, 0.440625  ,
       0.86206897, 0.50540806, 0.94642857, 0.71308017, 0.95205479])]

estim_algorithm = ac-model, mode = classification, metric = precision, confidence_scores = doctor-conf, class_specific = False
test err: [0.28635724106444194, 0.280904428447263, 0.2717737940752773, 0.2875971244549945, 0.2835587093453211]
estimated metric: [array([0.948414  , 0.91236291, 0.93523996, 0.90579764, 0.9502682 ,
       0.78195485, 0.94251636, 0.74838387, 0.87027296, 0.81047749]), array([0.95005348, 0.91240201, 0.93006031, 0.90241242, 0.95510103,
       0.78094938, 0.94023621, 0.74757188, 0.8585012 , 0.81031295]), array([0.94649812, 0.91191335, 0.93095285, 0.91632168, 0.95278988,
       0.80694343, 0.93826189, 0.76057202, 0.8761363 , 0.79911485]), array([0.94689175, 0.91067922, 0.93185274, 0.90577255, 0.95218716,
       0.77292805, 0.93989438, 0.72866955, 0.86900844, 0.80575336]), array([0.94719048, 0.91021514, 0.9305066 , 0.90575226, 0.95298333,
       0.77735084, 0.93865122, 0.74888872, 0.8664926 , 0.79727657])]
real metric: [array([0.48590948, 0.82517483, 0.50160085, 0.46585736, 0.42749371,
       0.81749049, 0.53207547, 0.97235023, 0.75052411, 0.93831169]), array([0.48923841, 0.82033426, 0.50228311, 0.53125   , 0.43010753,
       0.85551331, 0.50970874, 0.93607306, 0.74482759, 0.93527508]), array([0.49069973, 0.84299859, 0.51927438, 0.52588556, 0.4263754 ,
       0.83443709, 0.54682779, 0.95689655, 0.76506024, 0.93728223]), array([0.51855047, 0.80027933, 0.51859956, 0.52888889, 0.42436306,
       0.84765625, 0.51544402, 0.97029703, 0.75518672, 0.97039474]), array([0.51202749, 0.80785414, 0.53726363, 0.53698225, 0.440625  ,
       0.86206897, 0.50540806, 0.94642857, 0.71308017, 0.95205479])]

estim_algorithm = ts-model, mode = classification, metric = precision, confidence_scores = max_class_probability-conf, class_specific = False
test err: [0.30749157186041104, 0.30330688703824177, 0.2970036080396037, 0.3051319847752404, 0.2952499320607761]
estimated metric: [array([0.77389692, 0.68425754, 0.70783082, 0.59865563, 0.76721906,
       0.38758301, 0.74931515, 0.35439826, 0.54117081, 0.44550672]), array([0.77467316, 0.67866437, 0.68246433, 0.58423284, 0.78133121,
       0.38154975, 0.73548041, 0.34538993, 0.51197521, 0.43696933]), array([0.76479566, 0.681276  , 0.69496685, 0.63058774, 0.77377162,
       0.42989125, 0.73430342, 0.36865609, 0.55208928, 0.42408841]), array([0.76876784, 0.6831899 , 0.69808297, 0.60864861, 0.77639535,
       0.38249181, 0.73951913, 0.32908623, 0.53949091, 0.44380327]), array([0.77017134, 0.68055631, 0.69499773, 0.60786416, 0.78037474,
       0.39022934, 0.73386399, 0.35837567, 0.53001098, 0.42478055])]
real metric: [array([0.48590948, 0.82517483, 0.50160085, 0.46585736, 0.42749371,
       0.81749049, 0.53207547, 0.97235023, 0.75052411, 0.93831169]), array([0.48923841, 0.82033426, 0.50228311, 0.53125   , 0.43010753,
       0.85551331, 0.50970874, 0.93607306, 0.74482759, 0.93527508]), array([0.49069973, 0.84299859, 0.51927438, 0.52588556, 0.4263754 ,
       0.83443709, 0.54682779, 0.95689655, 0.76506024, 0.93728223]), array([0.51855047, 0.80027933, 0.51859956, 0.52888889, 0.42436306,
       0.84765625, 0.51544402, 0.97029703, 0.75518672, 0.97039474]), array([0.51202749, 0.80785414, 0.53726363, 0.53698225, 0.440625  ,
       0.86206897, 0.50540806, 0.94642857, 0.71308017, 0.95205479])]

estim_algorithm = ts-model, mode = classification, metric = precision, confidence_scores = max_class_probability-conf, class_specific = True
test err: [0.25308090480979983, 0.26426172161196704, 0.25309195070090096, 0.26940129097949195, 0.2587324759075723]
estimated metric: [array([0.36047563, 0.69287204, 0.77839818, 0.40437579, 0.83399502,
       0.52551205, 0.81697824, 0.47748528, 0.66763313, 0.56465661]), array([0.35513947, 0.694637  , 0.76129191, 0.38876551, 0.84410123,
       0.52237561, 0.81072419, 0.47663701, 0.64399687, 0.56236098]), array([0.3398365 , 0.68658706, 0.76641611, 0.44069404, 0.83816823,
       0.55859268, 0.80623925, 0.49294117, 0.67603855, 0.5459965 ]), array([0.34359452, 0.69893269, 0.77226787, 0.41419076, 0.84081971,
       0.51844898, 0.81332699, 0.45932004, 0.66964861, 0.56111285]), array([0.35416347, 0.69044935, 0.76815692, 0.41411742, 0.84288687,
       0.52242775, 0.80997743, 0.48422945, 0.66517858, 0.55033013])]
real metric: [array([0.48590948, 0.82517483, 0.50160085, 0.46585736, 0.42749371,
       0.81749049, 0.53207547, 0.97235023, 0.75052411, 0.93831169]), array([0.48923841, 0.82033426, 0.50228311, 0.53125   , 0.43010753,
       0.85551331, 0.50970874, 0.93607306, 0.74482759, 0.93527508]), array([0.49069973, 0.84299859, 0.51927438, 0.52588556, 0.4263754 ,
       0.83443709, 0.54682779, 0.95689655, 0.76506024, 0.93728223]), array([0.51855047, 0.80027933, 0.51859956, 0.52888889, 0.42436306,
       0.84765625, 0.51544402, 0.97029703, 0.75518672, 0.97039474]), array([0.51202749, 0.80785414, 0.53726363, 0.53698225, 0.440625  ,
       0.86206897, 0.50540806, 0.94642857, 0.71308017, 0.95205479])]

estim_algorithm = ts-model, mode = classification, metric = precision, confidence_scores = energy-conf, class_specific = False
test err: [0.3048363277166824, 0.3001439233493258, 0.294144287395761, 0.3024208996373819, 0.29186812171150456]
estimated metric: [array([0.81998499, 0.72681946, 0.77779877, 0.70028311, 0.82354202,
       0.47268944, 0.80300158, 0.42558823, 0.62515288, 0.51691166]), array([0.82490999, 0.72640835, 0.76338231, 0.6923726 , 0.83784625,
       0.47205294, 0.79669777, 0.42776342, 0.60095871, 0.51602178]), array([0.81320046, 0.72357009, 0.76573797, 0.72496023, 0.82953649,
       0.50962432, 0.79042514, 0.44276584, 0.63612283, 0.49794615]), array([0.81815304, 0.72736986, 0.77298421, 0.70607808, 0.8325247 ,
       0.46567335, 0.79857606, 0.40773976, 0.62781065, 0.51348155]), array([0.81848726, 0.72551567, 0.76946202, 0.70605786, 0.8354477 ,
       0.47154858, 0.7946852 , 0.43363475, 0.62227665, 0.50166337])]
real metric: [array([0.48590948, 0.82517483, 0.50160085, 0.46585736, 0.42749371,
       0.81749049, 0.53207547, 0.97235023, 0.75052411, 0.93831169]), array([0.48923841, 0.82033426, 0.50228311, 0.53125   , 0.43010753,
       0.85551331, 0.50970874, 0.93607306, 0.74482759, 0.93527508]), array([0.49069973, 0.84299859, 0.51927438, 0.52588556, 0.4263754 ,
       0.83443709, 0.54682779, 0.95689655, 0.76506024, 0.93728223]), array([0.51855047, 0.80027933, 0.51859956, 0.52888889, 0.42436306,
       0.84765625, 0.51544402, 0.97029703, 0.75518672, 0.97039474]), array([0.51202749, 0.80785414, 0.53726363, 0.53698225, 0.440625  ,
       0.86206897, 0.50540806, 0.94642857, 0.71308017, 0.95205479])]

estim_algorithm = ts-model, mode = classification, metric = precision, confidence_scores = energy-conf, class_specific = True
test err: [0.2769406596291548, 0.27043435116038994, 0.26190801443415623, 0.2786343126638038, 0.2741144959796239]
estimated metric: [array([0.92502576, 0.85894743, 0.88864512, 0.80837186, 0.9103992 ,
       0.69135177, 0.90027795, 0.64889598, 0.80247079, 0.72400036]), array([0.92895838, 0.85771311, 0.88030491, 0.79846097, 0.9161854 ,
       0.68828394, 0.89634607, 0.64771869, 0.78504304, 0.72177755]), array([0.91414941, 0.85647055, 0.88157613, 0.82962424, 0.91252677,
       0.71822541, 0.89340274, 0.66194781, 0.80781104, 0.70780169]), array([0.9227281 , 0.85918699, 0.88622057, 0.8138821 , 0.9145547 ,
       0.68569111, 0.89825607, 0.63254286, 0.80420999, 0.72149738]), array([0.92242019, 0.8579065 , 0.88389173, 0.81288241, 0.91553287,
       0.6884856 , 0.89596191, 0.6547929 , 0.80055005, 0.71203379])]
real metric: [array([0.48590948, 0.82517483, 0.50160085, 0.46585736, 0.42749371,
       0.81749049, 0.53207547, 0.97235023, 0.75052411, 0.93831169]), array([0.48923841, 0.82033426, 0.50228311, 0.53125   , 0.43010753,
       0.85551331, 0.50970874, 0.93607306, 0.74482759, 0.93527508]), array([0.49069973, 0.84299859, 0.51927438, 0.52588556, 0.4263754 ,
       0.83443709, 0.54682779, 0.95689655, 0.76506024, 0.93728223]), array([0.51855047, 0.80027933, 0.51859956, 0.52888889, 0.42436306,
       0.84765625, 0.51544402, 0.97029703, 0.75518672, 0.97039474]), array([0.51202749, 0.80785414, 0.53726363, 0.53698225, 0.440625  ,
       0.86206897, 0.50540806, 0.94642857, 0.71308017, 0.95205479])]

estim_algorithm = ts-model, mode = classification, metric = precision, confidence_scores = entropy-conf, class_specific = False
test err: [0.30709828044325926, 0.3024614412152717, 0.2965548375070825, 0.3046279735000202, 0.2953337705989895]
estimated metric: [array([0.7679638 , 0.67720907, 0.69843388, 0.58687614, 0.75971218,
       0.37990844, 0.74251661, 0.35053018, 0.5316867 , 0.43609989]), array([0.76767632, 0.67073818, 0.67334543, 0.57038625, 0.77354132,
       0.37589941, 0.72783752, 0.34112713, 0.50163599, 0.42820723]), array([0.75843585, 0.67412554, 0.68684228, 0.61910608, 0.76651429,
       0.42390356, 0.72738946, 0.36231806, 0.54404756, 0.41595669]), array([0.76276914, 0.67609817, 0.6900394 , 0.59730158, 0.76956156,
       0.37668742, 0.73269896, 0.32403952, 0.53082812, 0.43640575]), array([0.76492893, 0.67345653, 0.68722034, 0.59646228, 0.7733225 ,
       0.38331541, 0.72702574, 0.35405249, 0.51885741, 0.41512045])]
real metric: [array([0.48590948, 0.82517483, 0.50160085, 0.46585736, 0.42749371,
       0.81749049, 0.53207547, 0.97235023, 0.75052411, 0.93831169]), array([0.48923841, 0.82033426, 0.50228311, 0.53125   , 0.43010753,
       0.85551331, 0.50970874, 0.93607306, 0.74482759, 0.93527508]), array([0.49069973, 0.84299859, 0.51927438, 0.52588556, 0.4263754 ,
       0.83443709, 0.54682779, 0.95689655, 0.76506024, 0.93728223]), array([0.51855047, 0.80027933, 0.51859956, 0.52888889, 0.42436306,
       0.84765625, 0.51544402, 0.97029703, 0.75518672, 0.97039474]), array([0.51202749, 0.80785414, 0.53726363, 0.53698225, 0.440625  ,
       0.86206897, 0.50540806, 0.94642857, 0.71308017, 0.95205479])]

estim_algorithm = ts-model, mode = classification, metric = precision, confidence_scores = entropy-conf, class_specific = True
test err: [0.2524011677845574, 0.26268077014643054, 0.2524694668722827, 0.2674235175638703, 0.25815340572759465]
estimated metric: [array([0.45224215, 0.71204755, 0.77817905, 0.32291815, 0.8292586 ,
       0.51707075, 0.81186582, 0.46905283, 0.66008476, 0.55632375]), array([0.46712593, 0.70518456, 0.76162988, 0.30660391, 0.83940854,
       0.51357944, 0.80525863, 0.4678566 , 0.63587924, 0.553672  ]), array([0.44003182, 0.69563227, 0.76562706, 0.36160141, 0.83310485,
       0.54948376, 0.80041478, 0.48372961, 0.66791238, 0.53684318]), array([0.44518295, 0.71208664, 0.77261425, 0.34197229, 0.83634922,
       0.51019898, 0.80826047, 0.45112949, 0.66230169, 0.55296352]), array([0.43170709, 0.70910209, 0.76828723, 0.34736567, 0.83826166,
       0.51381037, 0.80460801, 0.47561466, 0.65744805, 0.54177462])]
real metric: [array([0.48590948, 0.82517483, 0.50160085, 0.46585736, 0.42749371,
       0.81749049, 0.53207547, 0.97235023, 0.75052411, 0.93831169]), array([0.48923841, 0.82033426, 0.50228311, 0.53125   , 0.43010753,
       0.85551331, 0.50970874, 0.93607306, 0.74482759, 0.93527508]), array([0.49069973, 0.84299859, 0.51927438, 0.52588556, 0.4263754 ,
       0.83443709, 0.54682779, 0.95689655, 0.76506024, 0.93728223]), array([0.51855047, 0.80027933, 0.51859956, 0.52888889, 0.42436306,
       0.84765625, 0.51544402, 0.97029703, 0.75518672, 0.97039474]), array([0.51202749, 0.80785414, 0.53726363, 0.53698225, 0.440625  ,
       0.86206897, 0.50540806, 0.94642857, 0.71308017, 0.95205479])]

estim_algorithm = ts-model, mode = classification, metric = precision, confidence_scores = doctor-conf, class_specific = False
test err: [0.31005986769644417, 0.3043698592379278, 0.2998052150284493, 0.3072178423227777, 0.2979555604397458]
estimated metric: [array([0.82013135, 0.67599563, 0.6712286 , 0.54933864, 0.74029701,
       0.35810909, 0.72513564, 0.33822797, 0.50508695, 0.41902738]), array([0.81544056, 0.67168213, 0.64353307, 0.53100665, 0.75283436,
       0.35507044, 0.70811398, 0.32325745, 0.47550724, 0.41163499]), array([0.81210345, 0.67597438, 0.66363871, 0.58336045, 0.74568346,
       0.40452468, 0.71025726, 0.34517162, 0.52016897, 0.39876336]), array([0.8121348 , 0.67829067, 0.66289271, 0.56199896, 0.74992325,
       0.35709718, 0.71231538, 0.3062    , 0.50412108, 0.41934582]), array([0.81464563, 0.6740757 , 0.6614291 , 0.56176166, 0.7539754 ,
       0.36452529, 0.70724032, 0.33864894, 0.49478361, 0.39664317])]
real metric: [array([0.48590948, 0.82517483, 0.50160085, 0.46585736, 0.42749371,
       0.81749049, 0.53207547, 0.97235023, 0.75052411, 0.93831169]), array([0.48923841, 0.82033426, 0.50228311, 0.53125   , 0.43010753,
       0.85551331, 0.50970874, 0.93607306, 0.74482759, 0.93527508]), array([0.49069973, 0.84299859, 0.51927438, 0.52588556, 0.4263754 ,
       0.83443709, 0.54682779, 0.95689655, 0.76506024, 0.93728223]), array([0.51855047, 0.80027933, 0.51859956, 0.52888889, 0.42436306,
       0.84765625, 0.51544402, 0.97029703, 0.75518672, 0.97039474]), array([0.51202749, 0.80785414, 0.53726363, 0.53698225, 0.440625  ,
       0.86206897, 0.50540806, 0.94642857, 0.71308017, 0.95205479])]

estim_algorithm = ts-model, mode = classification, metric = precision, confidence_scores = doctor-conf, class_specific = True
test err: [0.29617537497603075, 0.31159651952720335, 0.296641285364729, 0.3049931251051886, 0.29507914926415796]
estimated metric: [array([0.83742786, 0.71995494, 0.77949547, 0.24754548, 0.81821074,
       0.49804985, 0.79996403, 0.45015182, 0.64280552, 0.53746592]), array([0.84959185, 0.72341044, 0.76499913, 0.19345845, 0.82871909,
       0.4942686 , 0.792857  , 0.44867915, 0.61781055, 0.53451021]), array([0.83991541, 0.695711  , 0.76708966, 0.2719781 , 0.82191759,
       0.53001015, 0.78759493, 0.46418529, 0.65029999, 0.51730315]), array([0.82524658, 0.71966512, 0.77526712, 0.24518732, 0.82580049,
       0.49141135, 0.79634207, 0.43259589, 0.64529215, 0.53431902]), array([0.83356222, 0.71871392, 0.77176396, 0.26300157, 0.82801596,
       0.49538407, 0.7927575 , 0.45726984, 0.64065834, 0.52342513])]
real metric: [array([0.48590948, 0.82517483, 0.50160085, 0.46585736, 0.42749371,
       0.81749049, 0.53207547, 0.97235023, 0.75052411, 0.93831169]), array([0.48923841, 0.82033426, 0.50228311, 0.53125   , 0.43010753,
       0.85551331, 0.50970874, 0.93607306, 0.74482759, 0.93527508]), array([0.49069973, 0.84299859, 0.51927438, 0.52588556, 0.4263754 ,
       0.83443709, 0.54682779, 0.95689655, 0.76506024, 0.93728223]), array([0.51855047, 0.80027933, 0.51859956, 0.52888889, 0.42436306,
       0.84765625, 0.51544402, 0.97029703, 0.75518672, 0.97039474]), array([0.51202749, 0.80785414, 0.53726363, 0.53698225, 0.440625  ,
       0.86206897, 0.50540806, 0.94642857, 0.71308017, 0.95205479])]

estim_algorithm = doc-model, mode = classification, metric = precision, confidence_scores = max_class_probability-conf, class_specific = False
test err: [0.3073269173974441, 0.30325666574311116, 0.2969558245294004, 0.30471605130065305, 0.29423885829684593]
estimated metric: [array([0.80825799, 0.71315478, 0.75577566, 0.66417034, 0.80714821,
       0.44032935, 0.78660852, 0.3989112 , 0.59410479, 0.49310589]), array([0.81248043, 0.71288493, 0.73768479, 0.66046985, 0.8221017 ,
       0.43796494, 0.78004646, 0.39418067, 0.57264531, 0.49197623]), array([0.80171918, 0.71239128, 0.74365368, 0.69454297, 0.81331889,
       0.48111493, 0.77512007, 0.41426427, 0.60670905, 0.47192884]), array([0.80400127, 0.71170624, 0.74666008, 0.67334262, 0.81438701,
       0.43402468, 0.77893434, 0.37672086, 0.59519149, 0.4904896 ]), array([0.80612785, 0.71116785, 0.74251758, 0.67158278, 0.81794149,
       0.44191327, 0.77425918, 0.40118139, 0.59012046, 0.47483755])]
real metric: [array([0.48590948, 0.82517483, 0.50160085, 0.46585736, 0.42749371,
       0.81749049, 0.53207547, 0.97235023, 0.75052411, 0.93831169]), array([0.48923841, 0.82033426, 0.50228311, 0.53125   , 0.43010753,
       0.85551331, 0.50970874, 0.93607306, 0.74482759, 0.93527508]), array([0.49069973, 0.84299859, 0.51927438, 0.52588556, 0.4263754 ,
       0.83443709, 0.54682779, 0.95689655, 0.76506024, 0.93728223]), array([0.51855047, 0.80027933, 0.51859956, 0.52888889, 0.42436306,
       0.84765625, 0.51544402, 0.97029703, 0.75518672, 0.97039474]), array([0.51202749, 0.80785414, 0.53726363, 0.53698225, 0.440625  ,
       0.86206897, 0.50540806, 0.94642857, 0.71308017, 0.95205479])]

estim_algorithm = doc-model, mode = classification, metric = precision, confidence_scores = max_class_probability-conf, class_specific = True
test err: [0.24038138773921988, 0.2483694479230346, 0.2343814797703025, 0.2495891984511148, 0.23928389343539794]
estimated metric: [array([0.51544984, 0.73872387, 0.78514905, 0.39440497, 0.83451529,
       0.52645026, 0.81754017, 0.47842421, 0.66788496, 0.5655814 ]), array([0.50742421, 0.74355807, 0.76985117, 0.38704471, 0.84502521,
       0.52413357, 0.81180314, 0.47839522, 0.64511865, 0.56409456]), array([0.50005756, 0.73611103, 0.77447543, 0.43943775, 0.83935167,
       0.56075174, 0.80760416, 0.49513112, 0.67745797, 0.54816734]), array([0.49859035, 0.74124204, 0.78003099, 0.41847112, 0.84171037,
       0.52011406, 0.81433754, 0.46097701, 0.67088433, 0.56275481]), array([0.51092407, 0.73518839, 0.77599949, 0.41099616, 0.84378564,
       0.52412544, 0.81102264, 0.48592932, 0.66599144, 0.55201369])]
real metric: [array([0.48590948, 0.82517483, 0.50160085, 0.46585736, 0.42749371,
       0.81749049, 0.53207547, 0.97235023, 0.75052411, 0.93831169]), array([0.48923841, 0.82033426, 0.50228311, 0.53125   , 0.43010753,
       0.85551331, 0.50970874, 0.93607306, 0.74482759, 0.93527508]), array([0.49069973, 0.84299859, 0.51927438, 0.52588556, 0.4263754 ,
       0.83443709, 0.54682779, 0.95689655, 0.76506024, 0.93728223]), array([0.51855047, 0.80027933, 0.51859956, 0.52888889, 0.42436306,
       0.84765625, 0.51544402, 0.97029703, 0.75518672, 0.97039474]), array([0.51202749, 0.80785414, 0.53726363, 0.53698225, 0.440625  ,
       0.86206897, 0.50540806, 0.94642857, 0.71308017, 0.95205479])]

estim_algorithm = doc-model, mode = classification, metric = precision, confidence_scores = energy-conf, class_specific = False
test err: [0.30697918106857125, 0.3025191123504415, 0.29610511143677665, 0.30451825721455883, 0.29452116731921246]
estimated metric: [array([0.78406173, 0.69372537, 0.73111274, 0.63702921, 0.78557328,
       0.41648452, 0.76563934, 0.3783995 , 0.56906906, 0.4668605 ]), array([0.78759106, 0.69023901, 0.71206198, 0.6249411 , 0.80029609,
       0.41486538, 0.75550314, 0.37561857, 0.541762  , 0.46215281]), array([0.77566128, 0.68952341, 0.71887992, 0.66562781, 0.79220245,
       0.45746836, 0.75121841, 0.39469574, 0.58126144, 0.44720163]), array([0.78110103, 0.6939582 , 0.72506313, 0.64431425, 0.79565126,
       0.41090679, 0.75905822, 0.3579815 , 0.57033305, 0.46479384]), array([0.78103379, 0.69126184, 0.72181343, 0.64419105, 0.79893822,
       0.41830787, 0.7540671 , 0.38461902, 0.56143787, 0.44838554])]
real metric: [array([0.48590948, 0.82517483, 0.50160085, 0.46585736, 0.42749371,
       0.81749049, 0.53207547, 0.97235023, 0.75052411, 0.93831169]), array([0.48923841, 0.82033426, 0.50228311, 0.53125   , 0.43010753,
       0.85551331, 0.50970874, 0.93607306, 0.74482759, 0.93527508]), array([0.49069973, 0.84299859, 0.51927438, 0.52588556, 0.4263754 ,
       0.83443709, 0.54682779, 0.95689655, 0.76506024, 0.93728223]), array([0.51855047, 0.80027933, 0.51859956, 0.52888889, 0.42436306,
       0.84765625, 0.51544402, 0.97029703, 0.75518672, 0.97039474]), array([0.51202749, 0.80785414, 0.53726363, 0.53698225, 0.440625  ,
       0.86206897, 0.50540806, 0.94642857, 0.71308017, 0.95205479])]

estim_algorithm = doc-model, mode = classification, metric = precision, confidence_scores = energy-conf, class_specific = True
test err: [0.2743894027219992, 0.2675480512180871, 0.2593338177944435, 0.2762516426900965, 0.2716870067685442]
estimated metric: [array([0.91386748, 0.85277205, 0.88359372, 0.78966571, 0.9062305 ,
       0.68056765, 0.89569231, 0.63740645, 0.79441463, 0.71388487]), array([0.91699008, 0.85129758, 0.87455373, 0.77741708, 0.91198585,
       0.67669492, 0.89127044, 0.63542038, 0.77587998, 0.71091074]), array([0.90140484, 0.84997168, 0.8760495 , 0.81293623, 0.9082943 ,
       0.70760394, 0.88835814, 0.65023803, 0.79962437, 0.69695309]), array([0.91144855, 0.85303856, 0.88108917, 0.79655534, 0.91057221,
       0.6748342 , 0.89360229, 0.62086518, 0.79623037, 0.71135665]), array([0.9107734 , 0.85206947, 0.8787695 , 0.79576861, 0.91166702,
       0.67788441, 0.89130669, 0.6436386 , 0.79261378, 0.70188698])]
real metric: [array([0.48590948, 0.82517483, 0.50160085, 0.46585736, 0.42749371,
       0.81749049, 0.53207547, 0.97235023, 0.75052411, 0.93831169]), array([0.48923841, 0.82033426, 0.50228311, 0.53125   , 0.43010753,
       0.85551331, 0.50970874, 0.93607306, 0.74482759, 0.93527508]), array([0.49069973, 0.84299859, 0.51927438, 0.52588556, 0.4263754 ,
       0.83443709, 0.54682779, 0.95689655, 0.76506024, 0.93728223]), array([0.51855047, 0.80027933, 0.51859956, 0.52888889, 0.42436306,
       0.84765625, 0.51544402, 0.97029703, 0.75518672, 0.97039474]), array([0.51202749, 0.80785414, 0.53726363, 0.53698225, 0.440625  ,
       0.86206897, 0.50540806, 0.94642857, 0.71308017, 0.95205479])]

estim_algorithm = doc-model, mode = classification, metric = precision, confidence_scores = entropy-conf, class_specific = False
test err: [0.3074489149668243, 0.3034538621318411, 0.29720908922290346, 0.3052080653082085, 0.2947658364484888]
estimated metric: [array([0.80399121, 0.70837373, 0.74909288, 0.65580223, 0.80148751,
       0.43294887, 0.78137399, 0.39419916, 0.58684326, 0.48580812]), array([0.80650303, 0.7054459 , 0.72852039, 0.64738568, 0.81505012,
       0.42879668, 0.77224434, 0.38715637, 0.56150089, 0.48170062]), array([0.79663915, 0.7065224 , 0.73582559, 0.68471525, 0.80713325,
       0.47342258, 0.76825223, 0.40631286, 0.59816788, 0.46366069]), array([0.799467  , 0.70675885, 0.74007211, 0.66392202, 0.80898699,
       0.42581987, 0.77312548, 0.36944041, 0.58665596, 0.48278593]), array([0.8019056 , 0.70572548, 0.73558096, 0.66197829, 0.81238523,
       0.43317059, 0.76814862, 0.39696689, 0.5799936 , 0.46566399])]
real metric: [array([0.48590948, 0.82517483, 0.50160085, 0.46585736, 0.42749371,
       0.81749049, 0.53207547, 0.97235023, 0.75052411, 0.93831169]), array([0.48923841, 0.82033426, 0.50228311, 0.53125   , 0.43010753,
       0.85551331, 0.50970874, 0.93607306, 0.74482759, 0.93527508]), array([0.49069973, 0.84299859, 0.51927438, 0.52588556, 0.4263754 ,
       0.83443709, 0.54682779, 0.95689655, 0.76506024, 0.93728223]), array([0.51855047, 0.80027933, 0.51859956, 0.52888889, 0.42436306,
       0.84765625, 0.51544402, 0.97029703, 0.75518672, 0.97039474]), array([0.51202749, 0.80785414, 0.53726363, 0.53698225, 0.440625  ,
       0.86206897, 0.50540806, 0.94642857, 0.71308017, 0.95205479])]

estim_algorithm = doc-model, mode = classification, metric = precision, confidence_scores = entropy-conf, class_specific = True
test err: [0.2419594338336541, 0.25180939326778334, 0.23660215972610393, 0.24725593448978328, 0.2399958658000218]
estimated metric: [array([0.54166337, 0.7461434 , 0.7874504 , 0.39504396, 0.83536674,
       0.52799039, 0.81846005, 0.47991874, 0.66979514, 0.56708377]), array([0.5449605 , 0.74870661, 0.77226755, 0.38410896, 0.84557317,
       0.52518296, 0.81244517, 0.4794453 , 0.64655503, 0.5650891 ]), array([0.53050652, 0.74144752, 0.77668862, 0.44075338, 0.84002293,
       0.56198597, 0.80837767, 0.49637144, 0.67902612, 0.54937266]), array([0.52942982, 0.74756784, 0.78300387, 0.42415154, 0.84268262,
       0.52192445, 0.8154452 , 0.46280212, 0.67274121, 0.56456084]), array([0.53424   , 0.74494363, 0.7790088 , 0.41287103, 0.84471179,
       0.52588132, 0.81209792, 0.48768837, 0.66813106, 0.55372914])]
real metric: [array([0.48590948, 0.82517483, 0.50160085, 0.46585736, 0.42749371,
       0.81749049, 0.53207547, 0.97235023, 0.75052411, 0.93831169]), array([0.48923841, 0.82033426, 0.50228311, 0.53125   , 0.43010753,
       0.85551331, 0.50970874, 0.93607306, 0.74482759, 0.93527508]), array([0.49069973, 0.84299859, 0.51927438, 0.52588556, 0.4263754 ,
       0.83443709, 0.54682779, 0.95689655, 0.76506024, 0.93728223]), array([0.51855047, 0.80027933, 0.51859956, 0.52888889, 0.42436306,
       0.84765625, 0.51544402, 0.97029703, 0.75518672, 0.97039474]), array([0.51202749, 0.80785414, 0.53726363, 0.53698225, 0.440625  ,
       0.86206897, 0.50540806, 0.94642857, 0.71308017, 0.95205479])]

estim_algorithm = doc-model, mode = classification, metric = precision, confidence_scores = doctor-conf, class_specific = False
test err: [0.3067214012237033, 0.30237696306295336, 0.296481271676703, 0.30409505475060084, 0.2938740643371619]
estimated metric: [array([0.81901977, 0.72029546, 0.7666906 , 0.68126977, 0.81539648,
       0.45552394, 0.79493371, 0.41263341, 0.60829354, 0.50426444]), array([0.82249706, 0.72088537, 0.75105454, 0.67771161, 0.83041218,
       0.4548731 , 0.78954652, 0.41050784, 0.58656026, 0.50406123]), array([0.81180751, 0.71866812, 0.75456064, 0.70917126, 0.82178903,
       0.49522663, 0.78325576, 0.42623695, 0.61985581, 0.48339579]), array([0.81356483, 0.71897688, 0.75932033, 0.68880058, 0.82297486,
       0.44787519, 0.78820019, 0.39106111, 0.6106692 , 0.50129593]), array([0.81714516, 0.71879658, 0.75533401, 0.68800624, 0.82664213,
       0.45510646, 0.78395632, 0.41630447, 0.60503994, 0.48627597])]
real metric: [array([0.48590948, 0.82517483, 0.50160085, 0.46585736, 0.42749371,
       0.81749049, 0.53207547, 0.97235023, 0.75052411, 0.93831169]), array([0.48923841, 0.82033426, 0.50228311, 0.53125   , 0.43010753,
       0.85551331, 0.50970874, 0.93607306, 0.74482759, 0.93527508]), array([0.49069973, 0.84299859, 0.51927438, 0.52588556, 0.4263754 ,
       0.83443709, 0.54682779, 0.95689655, 0.76506024, 0.93728223]), array([0.51855047, 0.80027933, 0.51859956, 0.52888889, 0.42436306,
       0.84765625, 0.51544402, 0.97029703, 0.75518672, 0.97039474]), array([0.51202749, 0.80785414, 0.53726363, 0.53698225, 0.440625  ,
       0.86206897, 0.50540806, 0.94642857, 0.71308017, 0.95205479])]

estim_algorithm = doc-model, mode = classification, metric = precision, confidence_scores = doctor-conf, class_specific = True
test err: [0.24922281628622409, 0.2590085852780403, 0.247220885136444, 0.26392748891504725, 0.2539624786307536]
estimated metric: [array([0.40438136, 0.73525607, 0.78147542, 0.37314432, 0.83165375,
       0.5211459 , 0.81445037, 0.47303624, 0.66302538, 0.55981025]), array([0.39584371, 0.7401327 , 0.76682369, 0.37004594, 0.84259436,
       0.51899024, 0.80896775, 0.47379266, 0.64087313, 0.55903391]), array([0.39798417, 0.72940188, 0.77036723, 0.41297245, 0.83637445,
       0.55486019, 0.80417427, 0.48960183, 0.67264772, 0.54202127]), array([0.39198728, 0.73450139, 0.77675115, 0.39944398, 0.83903273,
       0.51460672, 0.81130066, 0.4560212 , 0.66644713, 0.55764874]), array([0.40194948, 0.73226754, 0.77262879, 0.38842477, 0.84106698,
       0.51868728, 0.80786326, 0.4807885 , 0.66089901, 0.54611735])]
real metric: [array([0.48590948, 0.82517483, 0.50160085, 0.46585736, 0.42749371,
       0.81749049, 0.53207547, 0.97235023, 0.75052411, 0.93831169]), array([0.48923841, 0.82033426, 0.50228311, 0.53125   , 0.43010753,
       0.85551331, 0.50970874, 0.93607306, 0.74482759, 0.93527508]), array([0.49069973, 0.84299859, 0.51927438, 0.52588556, 0.4263754 ,
       0.83443709, 0.54682779, 0.95689655, 0.76506024, 0.93728223]), array([0.51855047, 0.80027933, 0.51859956, 0.52888889, 0.42436306,
       0.84765625, 0.51544402, 0.97029703, 0.75518672, 0.97039474]), array([0.51202749, 0.80785414, 0.53726363, 0.53698225, 0.440625  ,
       0.86206897, 0.50540806, 0.94642857, 0.71308017, 0.95205479])]

