estim_algorithm = moval-ensemble-cls-precision, mode = classification, metric = precision
test err: [0.44118788512948515, 0.4444401327115983, 0.41622694890308753, 0.4296906939260993, 0.4298656378264134]
estimated metric: [array([0.27693654, 0.50199543, 0.54404409, 0.64139127, 0.6438024 ,
       0.27023431, 0.3440884 , 0.23193501, 0.23452683, 0.14670404]), array([0.29080596, 0.50119679, 0.53326273, 0.63056122, 0.66127458,
       0.29081049, 0.34847534, 0.26526309, 0.24549587, 0.14320782]), array([0.30340573, 0.49482884, 0.55230142, 0.61820539, 0.64660548,
       0.30133544, 0.35998819, 0.26479206, 0.26116916, 0.13963254]), array([0.27819018, 0.49870637, 0.55913024, 0.64944059, 0.6506899 ,
       0.27571189, 0.35654308, 0.3019064 , 0.24233791, 0.13112607]), array([0.30061908, 0.48819944, 0.54500646, 0.64494698, 0.6700234 ,
       0.3117672 , 0.37090247, 0.26081245, 0.25072627, 0.15730004])]
real metric: [array([0.27109974, 0.80902778, 0.40505145, 0.32330301, 0.46219512,
       0.85119048, 0.91596639, 0.98540146, 0.9352518 , 1.        ]), array([0.25938567, 0.81643357, 0.40116279, 0.33162893, 0.42808219,
       0.90217391, 0.95      , 0.95679012, 0.91780822, 1.        ]), array([0.28351374, 0.77407407, 0.40386385, 0.33205815, 0.45929526,
       0.80927835, 0.91699605, 0.98765432, 0.86792453, 0.98630137]), array([0.28317433, 0.82201835, 0.4187558 , 0.3240028 , 0.48972189,
       0.85207101, 0.93089431, 0.97916667, 0.88732394, 1.        ]), array([0.28305158, 0.79284369, 0.41496599, 0.31665475, 0.47982063,
       0.85929648, 0.93436293, 0.97419355, 0.91156463, 1.        ])]

