estim_algorithm = ac-model, mode = classification, metric = precision, confidence_scores = max_class_probability-conf, class_specific = False
test err: [0.22262782896312222, 0.22651046591978402, 0.2239167887635544, 0.23454804074437274, 0.22060028966425538]
estimated metric: [array([0.95469315, 0.93633265, 0.93194405, 0.92952023, 0.89205699,
       0.85959386, 0.86386892, 0.84860727, 0.75976767, 0.79837467]), array([0.95226788, 0.93646709, 0.92077111, 0.93284879, 0.88994301,
       0.84878679, 0.85026197, 0.84050023, 0.74440901, 0.78977066]), array([0.95541786, 0.93194261, 0.92667635, 0.92605579, 0.8954469 ,
       0.86477114, 0.86048873, 0.81877932, 0.75427245, 0.7982639 ]), array([0.95404421, 0.93239657, 0.92649598, 0.92709825, 0.88801733,
       0.85883257, 0.86213255, 0.82513584, 0.73226557, 0.79697849]), array([0.95507082, 0.93578998, 0.9276193 , 0.92862864, 0.89156378,
       0.86545267, 0.85462543, 0.84281376, 0.75919978, 0.80444785])]
real metric: [array([0.44655415, 0.65446009, 0.61973279, 0.5208111 , 0.76677316,
       0.79035639, 0.91446029, 0.93607306, 0.97265625, 0.96825397]), array([0.45428973, 0.65474061, 0.60475651, 0.52952756, 0.7189441 ,
       0.81601732, 0.90537634, 0.93488372, 0.95983936, 0.98713826]), array([0.46272666, 0.6614937 , 0.60470085, 0.53687636, 0.73463268,
       0.80776699, 0.91919192, 0.92349727, 0.9609375 , 0.9752322 ]), array([0.45355932, 0.67236467, 0.58536585, 0.51534392, 0.71677215,
       0.80482897, 0.91929134, 0.95618557, 0.97854077, 0.96932515]), array([0.45816187, 0.67476636, 0.60841424, 0.53319058, 0.76666667,
       0.78853755, 0.92241379, 0.92705882, 0.9765625 , 0.96666667])]

estim_algorithm = ac-model, mode = classification, metric = precision, confidence_scores = energy-conf, class_specific = False
test err: [0.4871252201798292, 0.4881067868967432, 0.48901590890358726, 0.4899874331802413, 0.490816781548651]
estimated metric: [array([0.55205308, 0.51468929, 0.3632313 , 0.30571696, 0.24820933,
       0.21436562, 0.20783546, 0.18983374, 0.13727731, 0.19666482]), array([0.55943092, 0.52352816, 0.3204352 , 0.3248312 , 0.24425064,
       0.19842711, 0.19302   , 0.19781429, 0.13611802, 0.19687248]), array([0.56882472, 0.50697908, 0.33521393, 0.31157666, 0.26000798,
       0.21644742, 0.20275726, 0.16978726, 0.13374782, 0.20375101]), array([0.56538121, 0.51736538, 0.33500089, 0.30165459, 0.24744351,
       0.21661477, 0.20363739, 0.17557782, 0.12774883, 0.20492277]), array([0.56392831, 0.52354616, 0.34067362, 0.31274249, 0.2507915 ,
       0.21088062, 0.19441007, 0.19223114, 0.13671422, 0.19988597])]
real metric: [array([0.44655415, 0.65446009, 0.61973279, 0.5208111 , 0.76677316,
       0.79035639, 0.91446029, 0.93607306, 0.97265625, 0.96825397]), array([0.45428973, 0.65474061, 0.60475651, 0.52952756, 0.7189441 ,
       0.81601732, 0.90537634, 0.93488372, 0.95983936, 0.98713826]), array([0.46272666, 0.6614937 , 0.60470085, 0.53687636, 0.73463268,
       0.80776699, 0.91919192, 0.92349727, 0.9609375 , 0.9752322 ]), array([0.45355932, 0.67236467, 0.58536585, 0.51534392, 0.71677215,
       0.80482897, 0.91929134, 0.95618557, 0.97854077, 0.96932515]), array([0.45816187, 0.67476636, 0.60841424, 0.53319058, 0.76666667,
       0.78853755, 0.92241379, 0.92705882, 0.9765625 , 0.96666667])]

estim_algorithm = ac-model, mode = classification, metric = precision, confidence_scores = entropy-conf, class_specific = False
test err: [0.22490506119996628, 0.22858616997755615, 0.22654818307890112, 0.23690855531540517, 0.2228966563017356]
estimated metric: [array([0.94699093, 0.92606628, 0.92027384, 0.91742314, 0.87465663,
       0.83782254, 0.84272807, 0.82520807, 0.72792783, 0.77107466]), array([0.94454861, 0.92674901, 0.90782957, 0.92143599, 0.87281327,
       0.82643971, 0.82832617, 0.81765231, 0.71377354, 0.7631643 ]), array([0.94776591, 0.92104219, 0.91413796, 0.91302333, 0.87816095,
       0.84326728, 0.8384524 , 0.79195745, 0.72166986, 0.77049773]), array([0.94662782, 0.92198309, 0.9141817 , 0.91471456, 0.87051133,
       0.83755691, 0.84123669, 0.80004464, 0.70010814, 0.77020833]), array([0.94780971, 0.92587723, 0.91562438, 0.91661041, 0.87472808,
       0.84485058, 0.83283291, 0.81980805, 0.72877382, 0.77808358])]
real metric: [array([0.44655415, 0.65446009, 0.61973279, 0.5208111 , 0.76677316,
       0.79035639, 0.91446029, 0.93607306, 0.97265625, 0.96825397]), array([0.45428973, 0.65474061, 0.60475651, 0.52952756, 0.7189441 ,
       0.81601732, 0.90537634, 0.93488372, 0.95983936, 0.98713826]), array([0.46272666, 0.6614937 , 0.60470085, 0.53687636, 0.73463268,
       0.80776699, 0.91919192, 0.92349727, 0.9609375 , 0.9752322 ]), array([0.45355932, 0.67236467, 0.58536585, 0.51534392, 0.71677215,
       0.80482897, 0.91929134, 0.95618557, 0.97854077, 0.96932515]), array([0.45816187, 0.67476636, 0.60841424, 0.53319058, 0.76666667,
       0.78853755, 0.92241379, 0.92705882, 0.9765625 , 0.96666667])]

estim_algorithm = ac-model, mode = classification, metric = precision, confidence_scores = doctor-conf, class_specific = False
test err: [0.21702489721596702, 0.2209896219798931, 0.21798161004765135, 0.2287249482213852, 0.21481291425869017]
estimated metric: [array([0.9692851 , 0.95594641, 0.95367706, 0.95231608, 0.92535124,
       0.90217154, 0.90486138, 0.89374494, 0.82661104, 0.85603696]), array([0.96666249, 0.9554371 , 0.94485815, 0.95378475, 0.9223021 ,
       0.89183752, 0.89255089, 0.88447712, 0.81132379, 0.84559596]), array([0.96934737, 0.95204865, 0.94901885, 0.94911228, 0.92676889,
       0.90481929, 0.90097051, 0.8685367 , 0.81934984, 0.85310382]), array([0.96825217, 0.95238306, 0.94917012, 0.94969074, 0.92080805,
       0.89947454, 0.90160077, 0.87313403, 0.80111296, 0.85178937]), array([0.96940034, 0.95559864, 0.9508847 , 0.95180141, 0.92502226,
       0.90677623, 0.89844291, 0.88952788, 0.82573795, 0.86061023])]
real metric: [array([0.44655415, 0.65446009, 0.61973279, 0.5208111 , 0.76677316,
       0.79035639, 0.91446029, 0.93607306, 0.97265625, 0.96825397]), array([0.45428973, 0.65474061, 0.60475651, 0.52952756, 0.7189441 ,
       0.81601732, 0.90537634, 0.93488372, 0.95983936, 0.98713826]), array([0.46272666, 0.6614937 , 0.60470085, 0.53687636, 0.73463268,
       0.80776699, 0.91919192, 0.92349727, 0.9609375 , 0.9752322 ]), array([0.45355932, 0.67236467, 0.58536585, 0.51534392, 0.71677215,
       0.80482897, 0.91929134, 0.95618557, 0.97854077, 0.96932515]), array([0.45816187, 0.67476636, 0.60841424, 0.53319058, 0.76666667,
       0.78853755, 0.92241379, 0.92705882, 0.9765625 , 0.96666667])]

estim_algorithm = ts-model, mode = classification, metric = precision, confidence_scores = max_class_probability-conf, class_specific = False
test err: [0.2955637626029315, 0.2965315099904177, 0.29055520257153755, 0.2998198864192207, 0.2913580025689092]
estimated metric: [array([0.83328012, 0.79308663, 0.75366156, 0.729627  , 0.64410999,
       0.5759941 , 0.58439868, 0.55208481, 0.41971884, 0.48472625]), array([0.83046839, 0.79817062, 0.72188324, 0.744249  , 0.64372332,
       0.55789463, 0.56376404, 0.55160599, 0.40794418, 0.48340867]), array([0.83969123, 0.78573185, 0.73752359, 0.72507898, 0.65575973,
       0.58663684, 0.58078149, 0.50795381, 0.4163554 , 0.49044735]), array([0.83683625, 0.78929587, 0.737302  , 0.72465717, 0.64027557,
       0.58003911, 0.58379609, 0.5202803 , 0.39504699, 0.48876455]), array([0.83699192, 0.79452429, 0.73759476, 0.72950058, 0.64728055,
       0.58358708, 0.56583083, 0.54832733, 0.42180392, 0.49157478])]
real metric: [array([0.44655415, 0.65446009, 0.61973279, 0.5208111 , 0.76677316,
       0.79035639, 0.91446029, 0.93607306, 0.97265625, 0.96825397]), array([0.45428973, 0.65474061, 0.60475651, 0.52952756, 0.7189441 ,
       0.81601732, 0.90537634, 0.93488372, 0.95983936, 0.98713826]), array([0.46272666, 0.6614937 , 0.60470085, 0.53687636, 0.73463268,
       0.80776699, 0.91919192, 0.92349727, 0.9609375 , 0.9752322 ]), array([0.45355932, 0.67236467, 0.58536585, 0.51534392, 0.71677215,
       0.80482897, 0.91929134, 0.95618557, 0.97854077, 0.96932515]), array([0.45816187, 0.67476636, 0.60841424, 0.53319058, 0.76666667,
       0.78853755, 0.92241379, 0.92705882, 0.9765625 , 0.96666667])]

estim_algorithm = ts-model, mode = classification, metric = precision, confidence_scores = max_class_probability-conf, class_specific = True
test err: [0.2633489684976649, 0.26557687613859055, 0.26619285811927884, 0.2680311446723741, 0.26416049863761054]
estimated metric: [array([0.46265156, 0.56530849, 0.46939667, 0.441978  , 0.54902343,
       0.55437619, 0.56151085, 0.5332187 , 0.40035871, 0.45101377]), array([0.45707108, 0.57560214, 0.42517291, 0.46212109, 0.54871688,
       0.54281766, 0.54442347, 0.52495711, 0.39021207, 0.44421303]), array([0.47859852, 0.55492524, 0.44500758, 0.44105198, 0.56144956,
       0.57185866, 0.5621345 , 0.48697917, 0.39901978, 0.45584628]), array([0.47230397, 0.56384057, 0.44591225, 0.43803734, 0.54630482,
       0.56198942, 0.56737064, 0.50041382, 0.3755894 , 0.45699336]), array([0.47357059, 0.57712962, 0.44906777, 0.44593853, 0.55440994,
       0.57019274, 0.54884013, 0.52702116, 0.40161951, 0.46386151])]
real metric: [array([0.44655415, 0.65446009, 0.61973279, 0.5208111 , 0.76677316,
       0.79035639, 0.91446029, 0.93607306, 0.97265625, 0.96825397]), array([0.45428973, 0.65474061, 0.60475651, 0.52952756, 0.7189441 ,
       0.81601732, 0.90537634, 0.93488372, 0.95983936, 0.98713826]), array([0.46272666, 0.6614937 , 0.60470085, 0.53687636, 0.73463268,
       0.80776699, 0.91919192, 0.92349727, 0.9609375 , 0.9752322 ]), array([0.45355932, 0.67236467, 0.58536585, 0.51534392, 0.71677215,
       0.80482897, 0.91929134, 0.95618557, 0.97854077, 0.96932515]), array([0.45816187, 0.67476636, 0.60841424, 0.53319058, 0.76666667,
       0.78853755, 0.92241379, 0.92705882, 0.9765625 , 0.96666667])]

estim_algorithm = ts-model, mode = classification, metric = precision, confidence_scores = energy-conf, class_specific = False
test err: [0.4654350496240471, 0.466546479725102, 0.46775206900983657, 0.4676443568813796, 0.46825047804302766]
estimated metric: [array([0.55940669, 0.53018941, 0.39817618, 0.34822285, 0.27716523,
       0.23826709, 0.23257324, 0.21359553, 0.1517983 , 0.21209132]), array([0.56665535, 0.53978843, 0.35517422, 0.3653231 , 0.27445718,
       0.22302127, 0.21670742, 0.22063554, 0.15036373, 0.21265371]), array([0.57787454, 0.52134529, 0.37188408, 0.34935889, 0.2893514 ,
       0.24249998, 0.22918226, 0.19000503, 0.14917843, 0.21915129]), array([0.56980236, 0.53167478, 0.37321357, 0.34337907, 0.27822657,
       0.24163598, 0.229831  , 0.19839222, 0.14103837, 0.2204263 ]), array([0.56727641, 0.54114308, 0.37616775, 0.35171602, 0.28093283,
       0.23779394, 0.21910678, 0.21615153, 0.15126541, 0.2166096 ])]
real metric: [array([0.44655415, 0.65446009, 0.61973279, 0.5208111 , 0.76677316,
       0.79035639, 0.91446029, 0.93607306, 0.97265625, 0.96825397]), array([0.45428973, 0.65474061, 0.60475651, 0.52952756, 0.7189441 ,
       0.81601732, 0.90537634, 0.93488372, 0.95983936, 0.98713826]), array([0.46272666, 0.6614937 , 0.60470085, 0.53687636, 0.73463268,
       0.80776699, 0.91919192, 0.92349727, 0.9609375 , 0.9752322 ]), array([0.45355932, 0.67236467, 0.58536585, 0.51534392, 0.71677215,
       0.80482897, 0.91929134, 0.95618557, 0.97854077, 0.96932515]), array([0.45816187, 0.67476636, 0.60841424, 0.53319058, 0.76666667,
       0.78853755, 0.92241379, 0.92705882, 0.9765625 , 0.96666667])]

estim_algorithm = ts-model, mode = classification, metric = precision, confidence_scores = energy-conf, class_specific = True
test err: [0.2518968358611161, 0.2536773695539091, 0.25070860400868855, 0.25414253021347555, 0.2522125859487079]
estimated metric: [array([0.43155229, 0.70645012, 0.67384645, 0.44558626, 0.63019891,
       0.55841398, 0.5686296 , 0.53833552, 0.2875517 , 0.44280544]), array([0.42693985, 0.7116028 , 0.64498152, 0.46607752, 0.63271633,
       0.54583255, 0.55069318, 0.53001165, 0.27858486, 0.43547397]), array([0.44957055, 0.69880807, 0.66256995, 0.44342106, 0.64412723,
       0.5761086 , 0.56947415, 0.49238074, 0.2854805 , 0.44839618]), array([0.44207608, 0.70260754, 0.66349477, 0.44464165, 0.63058683,
       0.56653306, 0.57473198, 0.50606525, 0.26619269, 0.44996615]), array([0.43322943, 0.70843133, 0.66053628, 0.44517932, 0.63068835,
       0.57156063, 0.55341345, 0.53012255, 0.28576274, 0.45296312])]
real metric: [array([0.44655415, 0.65446009, 0.61973279, 0.5208111 , 0.76677316,
       0.79035639, 0.91446029, 0.93607306, 0.97265625, 0.96825397]), array([0.45428973, 0.65474061, 0.60475651, 0.52952756, 0.7189441 ,
       0.81601732, 0.90537634, 0.93488372, 0.95983936, 0.98713826]), array([0.46272666, 0.6614937 , 0.60470085, 0.53687636, 0.73463268,
       0.80776699, 0.91919192, 0.92349727, 0.9609375 , 0.9752322 ]), array([0.45355932, 0.67236467, 0.58536585, 0.51534392, 0.71677215,
       0.80482897, 0.91929134, 0.95618557, 0.97854077, 0.96932515]), array([0.45816187, 0.67476636, 0.60841424, 0.53319058, 0.76666667,
       0.78853755, 0.92241379, 0.92705882, 0.9765625 , 0.96666667])]

estim_algorithm = ts-model, mode = classification, metric = precision, confidence_scores = entropy-conf, class_specific = False
test err: [0.29578048705510696, 0.29606035836646205, 0.2907315406328074, 0.299754058265663, 0.2913986018500851]
estimated metric: [array([0.83104115, 0.79168916, 0.75038298, 0.72325723, 0.63856327,
       0.57324289, 0.57987239, 0.54574484, 0.42024835, 0.4879089 ]), array([0.82966581, 0.79699895, 0.71791875, 0.73938096, 0.63898831,
       0.55523069, 0.56000168, 0.54750034, 0.41246933, 0.48805523]), array([0.83851901, 0.78429048, 0.73284729, 0.72006047, 0.65064621,
       0.58408069, 0.5760236 , 0.50167065, 0.41776912, 0.49367257]), array([0.83596133, 0.78825276, 0.73321197, 0.71894518, 0.63589948,
       0.57684217, 0.57883624, 0.51524243, 0.39742938, 0.49289116]), array([0.83613789, 0.79335968, 0.73419267, 0.72475772, 0.64353003,
       0.58040886, 0.56191356, 0.5437138 , 0.42256155, 0.49570711])]
real metric: [array([0.44655415, 0.65446009, 0.61973279, 0.5208111 , 0.76677316,
       0.79035639, 0.91446029, 0.93607306, 0.97265625, 0.96825397]), array([0.45428973, 0.65474061, 0.60475651, 0.52952756, 0.7189441 ,
       0.81601732, 0.90537634, 0.93488372, 0.95983936, 0.98713826]), array([0.46272666, 0.6614937 , 0.60470085, 0.53687636, 0.73463268,
       0.80776699, 0.91919192, 0.92349727, 0.9609375 , 0.9752322 ]), array([0.45355932, 0.67236467, 0.58536585, 0.51534392, 0.71677215,
       0.80482897, 0.91929134, 0.95618557, 0.97854077, 0.96932515]), array([0.45816187, 0.67476636, 0.60841424, 0.53319058, 0.76666667,
       0.78853755, 0.92241379, 0.92705882, 0.9765625 , 0.96666667])]

estim_algorithm = ts-model, mode = classification, metric = precision, confidence_scores = entropy-conf, class_specific = True
test err: [0.255720519239722, 0.26128229006599285, 0.25846527845626177, 0.26201523579993025, 0.2566814685582348]
estimated metric: [array([0.44997586, 0.6498955 , 0.46897612, 0.41848702, 0.55027943,
       0.5547131 , 0.56184663, 0.53355814, 0.4006862 , 0.45135149]), array([0.45704036, 0.65347168, 0.41414457, 0.4386528 , 0.54964738,
       0.54253763, 0.5441436 , 0.52467572, 0.38994364, 0.44393448]), array([0.46123374, 0.64382617, 0.43301979, 0.42551611, 0.5626578 ,
       0.57192069, 0.56219686, 0.48704247, 0.39908056, 0.45590914]), array([0.45976083, 0.65110148, 0.4327762 , 0.4107251 , 0.54808599,
       0.5617928 , 0.56717457, 0.50021414, 0.37540211, 0.45679516]), array([0.44887677, 0.66496931, 0.44187007, 0.42875486, 0.55660683,
       0.57079218, 0.54944582, 0.52763094, 0.40220758, 0.46446997])]
real metric: [array([0.44655415, 0.65446009, 0.61973279, 0.5208111 , 0.76677316,
       0.79035639, 0.91446029, 0.93607306, 0.97265625, 0.96825397]), array([0.45428973, 0.65474061, 0.60475651, 0.52952756, 0.7189441 ,
       0.81601732, 0.90537634, 0.93488372, 0.95983936, 0.98713826]), array([0.46272666, 0.6614937 , 0.60470085, 0.53687636, 0.73463268,
       0.80776699, 0.91919192, 0.92349727, 0.9609375 , 0.9752322 ]), array([0.45355932, 0.67236467, 0.58536585, 0.51534392, 0.71677215,
       0.80482897, 0.91929134, 0.95618557, 0.97854077, 0.96932515]), array([0.45816187, 0.67476636, 0.60841424, 0.53319058, 0.76666667,
       0.78853755, 0.92241379, 0.92705882, 0.9765625 , 0.96666667])]

estim_algorithm = ts-model, mode = classification, metric = precision, confidence_scores = doctor-conf, class_specific = False
test err: [0.2953903027713289, 0.2947545149835234, 0.28995760956865974, 0.2986477107458488, 0.2907087840345125]
estimated metric: [array([0.83174256, 0.7896801 , 0.74622818, 0.72027288, 0.63402491,
       0.57217142, 0.57698742, 0.54130517, 0.42230004, 0.49424674]), array([0.83084591, 0.79562764, 0.71435058, 0.73781846, 0.63594492,
       0.55615345, 0.55790329, 0.54549579, 0.41891924, 0.49556544]), array([0.84027341, 0.78287431, 0.72899788, 0.71743249, 0.6478222 ,
       0.58407355, 0.57347363, 0.49804258, 0.42059732, 0.50145371]), array([0.83610612, 0.78674147, 0.73025186, 0.71755743, 0.63408438,
       0.57704434, 0.57641001, 0.51297212, 0.4005531 , 0.501426  ]), array([0.83692951, 0.79257006, 0.73156748, 0.72266515, 0.64033018,
       0.5802288 , 0.55947499, 0.54106426, 0.42436728, 0.50455181])]
real metric: [array([0.44655415, 0.65446009, 0.61973279, 0.5208111 , 0.76677316,
       0.79035639, 0.91446029, 0.93607306, 0.97265625, 0.96825397]), array([0.45428973, 0.65474061, 0.60475651, 0.52952756, 0.7189441 ,
       0.81601732, 0.90537634, 0.93488372, 0.95983936, 0.98713826]), array([0.46272666, 0.6614937 , 0.60470085, 0.53687636, 0.73463268,
       0.80776699, 0.91919192, 0.92349727, 0.9609375 , 0.9752322 ]), array([0.45355932, 0.67236467, 0.58536585, 0.51534392, 0.71677215,
       0.80482897, 0.91929134, 0.95618557, 0.97854077, 0.96932515]), array([0.45816187, 0.67476636, 0.60841424, 0.53319058, 0.76666667,
       0.78853755, 0.92241379, 0.92705882, 0.9765625 , 0.96666667])]

estim_algorithm = ts-model, mode = classification, metric = precision, confidence_scores = doctor-conf, class_specific = True
test err: [0.2511305112529138, 0.2562500290838425, 0.25366067761255034, 0.2562687960640881, 0.25271060136851226]
estimated metric: [array([0.44550921, 0.6478125 , 0.47485989, 0.43145042, 0.56586388,
       0.5569564 , 0.56408223, 0.53581884, 0.40287016, 0.4536026 ]), array([0.4497938 , 0.65187951, 0.42302429, 0.45366476, 0.56663988,
       0.54511337, 0.54671785, 0.5272644 , 0.39241636, 0.446499  ]), array([0.46092336, 0.6423711 , 0.4398414 , 0.43803207, 0.57960732,
       0.57461334, 0.56490414, 0.48979273, 0.4017231 , 0.45864078]), array([0.45479313, 0.64911339, 0.44130802, 0.42644413, 0.56533061,
       0.56440283, 0.5697771 , 0.50286639, 0.37789296, 0.45942882]), array([0.44480811, 0.66142737, 0.45046505, 0.44135048, 0.57169085,
       0.572989  , 0.55166608, 0.52986671, 0.40436684, 0.46670254])]
real metric: [array([0.44655415, 0.65446009, 0.61973279, 0.5208111 , 0.76677316,
       0.79035639, 0.91446029, 0.93607306, 0.97265625, 0.96825397]), array([0.45428973, 0.65474061, 0.60475651, 0.52952756, 0.7189441 ,
       0.81601732, 0.90537634, 0.93488372, 0.95983936, 0.98713826]), array([0.46272666, 0.6614937 , 0.60470085, 0.53687636, 0.73463268,
       0.80776699, 0.91919192, 0.92349727, 0.9609375 , 0.9752322 ]), array([0.45355932, 0.67236467, 0.58536585, 0.51534392, 0.71677215,
       0.80482897, 0.91929134, 0.95618557, 0.97854077, 0.96932515]), array([0.45816187, 0.67476636, 0.60841424, 0.53319058, 0.76666667,
       0.78853755, 0.92241379, 0.92705882, 0.9765625 , 0.96666667])]

estim_algorithm = doc-model, mode = classification, metric = precision, confidence_scores = max_class_probability-conf, class_specific = False
test err: [0.28988089787721216, 0.29099024599692813, 0.2848686347237659, 0.29403559974803006, 0.285519093613926]
estimated metric: [array([0.83986787, 0.79041827, 0.76461502, 0.75427055, 0.66484783,
       0.5934563 , 0.60497805, 0.57411391, 0.43126302, 0.48871861]), array([0.8372714 , 0.79701587, 0.73746036, 0.76536651, 0.66493672,
       0.58031255, 0.58529259, 0.57081446, 0.41838916, 0.4863509 ]), array([0.84613967, 0.78278157, 0.75354612, 0.74659874, 0.67536497,
       0.6050471 , 0.60116204, 0.52908079, 0.42974819, 0.49543765]), array([0.84429839, 0.78595523, 0.75139643, 0.74939605, 0.66069213,
       0.59933062, 0.60806337, 0.54174198, 0.40366837, 0.49550382]), array([0.84417703, 0.79095624, 0.75212241, 0.75141624, 0.66547309,
       0.60541412, 0.58638644, 0.56492043, 0.434168  , 0.50049186])]
real metric: [array([0.44655415, 0.65446009, 0.61973279, 0.5208111 , 0.76677316,
       0.79035639, 0.91446029, 0.93607306, 0.97265625, 0.96825397]), array([0.45428973, 0.65474061, 0.60475651, 0.52952756, 0.7189441 ,
       0.81601732, 0.90537634, 0.93488372, 0.95983936, 0.98713826]), array([0.46272666, 0.6614937 , 0.60470085, 0.53687636, 0.73463268,
       0.80776699, 0.91919192, 0.92349727, 0.9609375 , 0.9752322 ]), array([0.45355932, 0.67236467, 0.58536585, 0.51534392, 0.71677215,
       0.80482897, 0.91929134, 0.95618557, 0.97854077, 0.96932515]), array([0.45816187, 0.67476636, 0.60841424, 0.53319058, 0.76666667,
       0.78853755, 0.92241379, 0.92705882, 0.9765625 , 0.96666667])]

estim_algorithm = doc-model, mode = classification, metric = precision, confidence_scores = max_class_probability-conf, class_specific = True
test err: [0.25907971529669344, 0.26481715151213503, 0.2623264257221781, 0.26752496505352996, 0.26415473589511784]
estimated metric: [array([0.47778557, 0.61893337, 0.47161485, 0.44694213, 0.55631537,
       0.55231926, 0.55946068, 0.5311467 , 0.3983624 , 0.44891659]), array([0.48891549, 0.62619804, 0.42855786, 0.45390572, 0.55583999,
       0.54011102, 0.54171831, 0.5222378 , 0.38762122, 0.44148805]), array([0.49377737, 0.61089258, 0.45435544, 0.43436553, 0.56824018,
       0.56958529, 0.55984924, 0.48466127, 0.39679674, 0.45336964]), array([0.49995299, 0.61361317, 0.44607521, 0.43190973, 0.55157303,
       0.55871873, 0.56410896, 0.49709478, 0.37248101, 0.45358779]), array([0.49333558, 0.62172715, 0.44851388, 0.43861066, 0.55750066,
       0.56625023, 0.5448581 , 0.52301392, 0.3977639 , 0.45966503])]
real metric: [array([0.44655415, 0.65446009, 0.61973279, 0.5208111 , 0.76677316,
       0.79035639, 0.91446029, 0.93607306, 0.97265625, 0.96825397]), array([0.45428973, 0.65474061, 0.60475651, 0.52952756, 0.7189441 ,
       0.81601732, 0.90537634, 0.93488372, 0.95983936, 0.98713826]), array([0.46272666, 0.6614937 , 0.60470085, 0.53687636, 0.73463268,
       0.80776699, 0.91919192, 0.92349727, 0.9609375 , 0.9752322 ]), array([0.45355932, 0.67236467, 0.58536585, 0.51534392, 0.71677215,
       0.80482897, 0.91929134, 0.95618557, 0.97854077, 0.96932515]), array([0.45816187, 0.67476636, 0.60841424, 0.53319058, 0.76666667,
       0.78853755, 0.92241379, 0.92705882, 0.9765625 , 0.96666667])]

estim_algorithm = doc-model, mode = classification, metric = precision, confidence_scores = energy-conf, class_specific = False
test err: [0.29188526265892545, 0.29257490452205365, 0.2863341034331491, 0.29547114758971593, 0.28768158659854853]
estimated metric: [array([0.83073849, 0.79169747, 0.7531027 , 0.73440084, 0.64467454,
       0.58186091, 0.58439467, 0.55501267, 0.4301636 , 0.50199548]), array([0.82956757, 0.79843579, 0.72574641, 0.75124979, 0.6472475 ,
       0.56701736, 0.56554604, 0.55406714, 0.42310834, 0.50114883]), array([0.83850516, 0.78563559, 0.73979162, 0.73203392, 0.65961749,
       0.59688882, 0.58373636, 0.51058729, 0.4265885 , 0.51066778]), array([0.83608522, 0.78965015, 0.74110392, 0.73391249, 0.64485464,
       0.58940708, 0.58727066, 0.52497672, 0.40652278, 0.51131863]), array([0.83552589, 0.79488697, 0.74025411, 0.73551732, 0.64773439,
       0.59217806, 0.56848445, 0.55247847, 0.42911313, 0.51275288])]
real metric: [array([0.44655415, 0.65446009, 0.61973279, 0.5208111 , 0.76677316,
       0.79035639, 0.91446029, 0.93607306, 0.97265625, 0.96825397]), array([0.45428973, 0.65474061, 0.60475651, 0.52952756, 0.7189441 ,
       0.81601732, 0.90537634, 0.93488372, 0.95983936, 0.98713826]), array([0.46272666, 0.6614937 , 0.60470085, 0.53687636, 0.73463268,
       0.80776699, 0.91919192, 0.92349727, 0.9609375 , 0.9752322 ]), array([0.45355932, 0.67236467, 0.58536585, 0.51534392, 0.71677215,
       0.80482897, 0.91929134, 0.95618557, 0.97854077, 0.96932515]), array([0.45816187, 0.67476636, 0.60841424, 0.53319058, 0.76666667,
       0.78853755, 0.92241379, 0.92705882, 0.9765625 , 0.96666667])]

estim_algorithm = doc-model, mode = classification, metric = precision, confidence_scores = energy-conf, class_specific = True
test err: [0.2549809722983877, 0.2610775771810753, 0.25463924478795225, 0.25652729665695956, 0.2565492444114669]
estimated metric: [array([0.44938811, 0.67329357, 0.47632188, 0.4280689 , 0.55699981,
       0.55419658, 0.56133183, 0.53303774, 0.4001842 , 0.45083377]), array([0.4553878 , 0.67965569, 0.42499814, 0.44526345, 0.55792528,
       0.5421944 , 0.54380056, 0.52433084, 0.38961472, 0.44359314]), array([0.4656165 , 0.66746984, 0.4458082 , 0.43118104, 0.57214067,
       0.5719266 , 0.5622028 , 0.48704851, 0.39908635, 0.45591513]), array([0.45197205, 0.67565529, 0.44662836, 0.42172901, 0.55641436,
       0.56161345, 0.56699573, 0.50003202, 0.37523131, 0.45661441]), array([0.44046063, 0.68878526, 0.45256871, 0.4342445 , 0.56063931,
       0.56954577, 0.54818649, 0.52636319, 0.40098538, 0.46320517])]
real metric: [array([0.44655415, 0.65446009, 0.61973279, 0.5208111 , 0.76677316,
       0.79035639, 0.91446029, 0.93607306, 0.97265625, 0.96825397]), array([0.45428973, 0.65474061, 0.60475651, 0.52952756, 0.7189441 ,
       0.81601732, 0.90537634, 0.93488372, 0.95983936, 0.98713826]), array([0.46272666, 0.6614937 , 0.60470085, 0.53687636, 0.73463268,
       0.80776699, 0.91919192, 0.92349727, 0.9609375 , 0.9752322 ]), array([0.45355932, 0.67236467, 0.58536585, 0.51534392, 0.71677215,
       0.80482897, 0.91929134, 0.95618557, 0.97854077, 0.96932515]), array([0.45816187, 0.67476636, 0.60841424, 0.53319058, 0.76666667,
       0.78853755, 0.92241379, 0.92705882, 0.9765625 , 0.96666667])]

estim_algorithm = doc-model, mode = classification, metric = precision, confidence_scores = entropy-conf, class_specific = False
test err: [0.2904980999260439, 0.2913899574236909, 0.2857498889959039, 0.2947473032495048, 0.2860472665160614]
estimated metric: [array([0.83915548, 0.79038337, 0.7635003 , 0.75113816, 0.66247255,
       0.59156487, 0.60232536, 0.57029371, 0.42996714, 0.48958768]), array([0.83698552, 0.79697791, 0.73565635, 0.76258984, 0.66236375,
       0.57753832, 0.5827733 , 0.56797887, 0.41917676, 0.48736372]), array([0.84541905, 0.78222603, 0.75078742, 0.74374892, 0.67224189,
       0.60294752, 0.59753955, 0.52508228, 0.42771933, 0.49461294]), array([0.84390422, 0.78592116, 0.74991052, 0.74644526, 0.65834385,
       0.59657529, 0.60464755, 0.53838185, 0.40368459, 0.49538518]), array([0.84363134, 0.79105284, 0.7507414 , 0.74947954, 0.66398037,
       0.60314747, 0.58382702, 0.56307888, 0.43355069, 0.50022098])]
real metric: [array([0.44655415, 0.65446009, 0.61973279, 0.5208111 , 0.76677316,
       0.79035639, 0.91446029, 0.93607306, 0.97265625, 0.96825397]), array([0.45428973, 0.65474061, 0.60475651, 0.52952756, 0.7189441 ,
       0.81601732, 0.90537634, 0.93488372, 0.95983936, 0.98713826]), array([0.46272666, 0.6614937 , 0.60470085, 0.53687636, 0.73463268,
       0.80776699, 0.91919192, 0.92349727, 0.9609375 , 0.9752322 ]), array([0.45355932, 0.67236467, 0.58536585, 0.51534392, 0.71677215,
       0.80482897, 0.91929134, 0.95618557, 0.97854077, 0.96932515]), array([0.45816187, 0.67476636, 0.60841424, 0.53319058, 0.76666667,
       0.78853755, 0.92241379, 0.92705882, 0.9765625 , 0.96666667])]

estim_algorithm = doc-model, mode = classification, metric = precision, confidence_scores = entropy-conf, class_specific = True
test err: [0.2573618598717041, 0.26282631818909963, 0.26139044578380805, 0.26579039655245373, 0.2615566161276651]
estimated metric: [array([0.47679289, 0.62945038, 0.47345359, 0.44671787, 0.55708563,
       0.55298453, 0.56012378, 0.53181676, 0.3990075 , 0.4495572 ]), array([0.484524  , 0.63605261, 0.42835528, 0.45730242, 0.55617305,
       0.54053613, 0.54214319, 0.52266483, 0.38802758, 0.44193978]), array([0.49457816, 0.62100065, 0.45217859, 0.43490019, 0.56800145,
       0.5699737 , 0.56024091, 0.48504486, 0.39717727, 0.45375888]), array([0.49811332, 0.62667586, 0.44533845, 0.43121651, 0.55245465,
       0.55931772, 0.56470634, 0.49770223, 0.37304914, 0.45420753]), array([0.48673575, 0.63085702, 0.45094535, 0.44171979, 0.55863121,
       0.56695627, 0.54557102, 0.52373115, 0.39845285, 0.46042024])]
real metric: [array([0.44655415, 0.65446009, 0.61973279, 0.5208111 , 0.76677316,
       0.79035639, 0.91446029, 0.93607306, 0.97265625, 0.96825397]), array([0.45428973, 0.65474061, 0.60475651, 0.52952756, 0.7189441 ,
       0.81601732, 0.90537634, 0.93488372, 0.95983936, 0.98713826]), array([0.46272666, 0.6614937 , 0.60470085, 0.53687636, 0.73463268,
       0.80776699, 0.91919192, 0.92349727, 0.9609375 , 0.9752322 ]), array([0.45355932, 0.67236467, 0.58536585, 0.51534392, 0.71677215,
       0.80482897, 0.91929134, 0.95618557, 0.97854077, 0.96932515]), array([0.45816187, 0.67476636, 0.60841424, 0.53319058, 0.76666667,
       0.78853755, 0.92241379, 0.92705882, 0.9765625 , 0.96666667])]

estim_algorithm = doc-model, mode = classification, metric = precision, confidence_scores = doctor-conf, class_specific = False
test err: [0.2888345722289508, 0.2902016063061349, 0.28411970912563844, 0.293156657166295, 0.28446549469536453]
estimated metric: [array([0.84230147, 0.79075919, 0.76679568, 0.75697055, 0.66677809,
       0.59710994, 0.60752818, 0.57607052, 0.43548489, 0.49252453]), array([0.84094591, 0.79710169, 0.74005093, 0.76825836, 0.66731864,
       0.58378527, 0.58701956, 0.57104179, 0.42461634, 0.48944391]), array([0.84947726, 0.78293579, 0.75568369, 0.7495768 , 0.67770352,
       0.60996933, 0.60271476, 0.52941139, 0.43401474, 0.4981237 ]), array([0.84807123, 0.78632967, 0.75385214, 0.75310858, 0.6630532 ,
       0.60286235, 0.61020957, 0.54343021, 0.40891211, 0.49963779]), array([0.84683212, 0.79150258, 0.75480609, 0.75520327, 0.66813866,
       0.60918486, 0.58886468, 0.56818977, 0.43825485, 0.50442925])]
real metric: [array([0.44655415, 0.65446009, 0.61973279, 0.5208111 , 0.76677316,
       0.79035639, 0.91446029, 0.93607306, 0.97265625, 0.96825397]), array([0.45428973, 0.65474061, 0.60475651, 0.52952756, 0.7189441 ,
       0.81601732, 0.90537634, 0.93488372, 0.95983936, 0.98713826]), array([0.46272666, 0.6614937 , 0.60470085, 0.53687636, 0.73463268,
       0.80776699, 0.91919192, 0.92349727, 0.9609375 , 0.9752322 ]), array([0.45355932, 0.67236467, 0.58536585, 0.51534392, 0.71677215,
       0.80482897, 0.91929134, 0.95618557, 0.97854077, 0.96932515]), array([0.45816187, 0.67476636, 0.60841424, 0.53319058, 0.76666667,
       0.78853755, 0.92241379, 0.92705882, 0.9765625 , 0.96666667])]

estim_algorithm = doc-model, mode = classification, metric = precision, confidence_scores = doctor-conf, class_specific = True
test err: [0.2568509607182087, 0.2618585554042621, 0.25964276161845035, 0.26390494049005536, 0.2610714504273746]
estimated metric: [array([0.4764913 , 0.6063084 , 0.47943406, 0.45286287, 0.56107475,
       0.55536705, 0.5625147 , 0.53416889, 0.40133817, 0.45193576]), array([0.48584615, 0.61526297, 0.43760541, 0.46188555, 0.5608487 ,
       0.54322135, 0.54482693, 0.52535256, 0.39057647, 0.44461471]), array([0.49294996, 0.60023559, 0.46299855, 0.441503  , 0.57364653,
       0.57263039, 0.56299118, 0.48772003, 0.39987524, 0.45652464]), array([0.49452495, 0.60032816, 0.45646066, 0.44246145, 0.5576123 ,
       0.56213171, 0.56754237, 0.50058976, 0.37565241, 0.4571558 ]), array([0.4892956 , 0.60690018, 0.45948595, 0.44740475, 0.56253027,
       0.5696118 , 0.54818755, 0.52637525, 0.40105007, 0.46315058])]
real metric: [array([0.44655415, 0.65446009, 0.61973279, 0.5208111 , 0.76677316,
       0.79035639, 0.91446029, 0.93607306, 0.97265625, 0.96825397]), array([0.45428973, 0.65474061, 0.60475651, 0.52952756, 0.7189441 ,
       0.81601732, 0.90537634, 0.93488372, 0.95983936, 0.98713826]), array([0.46272666, 0.6614937 , 0.60470085, 0.53687636, 0.73463268,
       0.80776699, 0.91919192, 0.92349727, 0.9609375 , 0.9752322 ]), array([0.45355932, 0.67236467, 0.58536585, 0.51534392, 0.71677215,
       0.80482897, 0.91929134, 0.95618557, 0.97854077, 0.96932515]), array([0.45816187, 0.67476636, 0.60841424, 0.53319058, 0.76666667,
       0.78853755, 0.92241379, 0.92705882, 0.9765625 , 0.96666667])]

