estim_algorithm = ac-model, mode = classification, metric = sensitivity, confidence_scores = max_class_probability-conf, class_specific = False
test err: [0.3440963975123764, 0.33547329752387, 0.3498122474814735, 0.339632421000854, 0.3423770942702411]
estimated metric: [array([0.84316236, 0.92475102, 0.8209228 , 0.8171804 , 0.84270385,
       0.83397536, 0.88462299, 0.86711739, 0.84624582, 0.87938944]), array([0.84082359, 0.91503784, 0.81328186, 0.81192192, 0.83570156,
       0.84275525, 0.88633944, 0.8461028 , 0.83530636, 0.8700632 ]), array([0.84488443, 0.915184  , 0.81559125, 0.82586534, 0.84206997,
       0.85533869, 0.88426502, 0.85309632, 0.84416237, 0.86658444]), array([0.84225818, 0.9183818 , 0.80264745, 0.81340999, 0.8467954 ,
       0.85889441, 0.88877267, 0.87132557, 0.82726979, 0.86641153]), array([0.85011273, 0.92486527, 0.81061246, 0.81685718, 0.84656753,
       0.85033141, 0.88624647, 0.85111087, 0.84156606, 0.85947725])]
real metric: [array([0.47076462, 0.83426966, 0.5837037 , 0.38176638, 0.64786795,
       0.24380165, 0.88611111, 0.28730823, 0.421875  , 0.36461538]), array([0.48158254, 0.82589928, 0.59663866, 0.40203193, 0.65406977,
       0.22746186, 0.90846047, 0.27098675, 0.46685879, 0.35285285]), array([0.44950213, 0.83518006, 0.59533608, 0.35610465, 0.64022663,
       0.22928994, 0.90250696, 0.26995646, 0.41691843, 0.3903819 ]), array([0.47865854, 0.82281879, 0.57185629, 0.38427948, 0.64971751,
       0.23544974, 0.89111748, 0.28240109, 0.42732558, 0.40090772]), array([0.48498498, 0.80305132, 0.62095532, 0.36213992, 0.64977645,
       0.23201175, 0.89265537, 0.29420085, 0.40594059, 0.38107753])]

estim_algorithm = ac-model, mode = classification, metric = sensitivity, confidence_scores = energy-conf, class_specific = False
test err: [0.2791057306836342, 0.29264104762776777, 0.2781583451471149, 0.28290938086945294, 0.28282302833724393]
estimated metric: [array([0.18021362, 0.32985583, 0.20313666, 0.20529889, 0.21731241,
       0.23519027, 0.24533147, 0.27541473, 0.19367847, 0.24559403]), array([0.17711673, 0.31302407, 0.19569114, 0.19667511, 0.21624188,
       0.23718307, 0.24652078, 0.25400116, 0.19745938, 0.24596153]), array([0.17405061, 0.31261682, 0.20206582, 0.20967041, 0.22203668,
       0.23836257, 0.24883507, 0.27655688, 0.19905959, 0.25191144]), array([0.17851393, 0.30895992, 0.19551246, 0.20337933, 0.22925774,
       0.25246389, 0.25078341, 0.26742023, 0.19161075, 0.27156504]), array([0.18412602, 0.30851297, 0.19462047, 0.2028542 , 0.22996663,
       0.2431666 , 0.25028925, 0.2760251 , 0.19653151, 0.23478074])]
real metric: [array([0.47076462, 0.83426966, 0.5837037 , 0.38176638, 0.64786795,
       0.24380165, 0.88611111, 0.28730823, 0.421875  , 0.36461538]), array([0.48158254, 0.82589928, 0.59663866, 0.40203193, 0.65406977,
       0.22746186, 0.90846047, 0.27098675, 0.46685879, 0.35285285]), array([0.44950213, 0.83518006, 0.59533608, 0.35610465, 0.64022663,
       0.22928994, 0.90250696, 0.26995646, 0.41691843, 0.3903819 ]), array([0.47865854, 0.82281879, 0.57185629, 0.38427948, 0.64971751,
       0.23544974, 0.89111748, 0.28240109, 0.42732558, 0.40090772]), array([0.48498498, 0.80305132, 0.62095532, 0.36213992, 0.64977645,
       0.23201175, 0.89265537, 0.29420085, 0.40594059, 0.38107753])]

estim_algorithm = ac-model, mode = classification, metric = sensitivity, confidence_scores = entropy-conf, class_specific = False
test err: [0.32399452390287486, 0.31434841712876266, 0.328600980396594, 0.32068993501942206, 0.3214860203686275]
estimated metric: [array([0.81271616, 0.90959003, 0.79558203, 0.79119693, 0.81652616,
       0.81315442, 0.86053622, 0.84601965, 0.81440569, 0.85115186]), array([0.80947841, 0.89614664, 0.78842987, 0.7849011 , 0.81250792,
       0.8187889 , 0.86205591, 0.82176198, 0.79932205, 0.84412516]), array([0.80936169, 0.89769669, 0.79300441, 0.79842471, 0.81887404,
       0.8250249 , 0.8613429 , 0.83174426, 0.81134042, 0.84227089]), array([0.81017591, 0.90322632, 0.77804388, 0.78969753, 0.82465774,
       0.84114829, 0.86579981, 0.85374947, 0.79507983, 0.83921744]), array([0.81505207, 0.9069005 , 0.78282063, 0.7889502 , 0.82318633,
       0.82781474, 0.86416415, 0.83166855, 0.8100918 , 0.83402286])]
real metric: [array([0.47076462, 0.83426966, 0.5837037 , 0.38176638, 0.64786795,
       0.24380165, 0.88611111, 0.28730823, 0.421875  , 0.36461538]), array([0.48158254, 0.82589928, 0.59663866, 0.40203193, 0.65406977,
       0.22746186, 0.90846047, 0.27098675, 0.46685879, 0.35285285]), array([0.44950213, 0.83518006, 0.59533608, 0.35610465, 0.64022663,
       0.22928994, 0.90250696, 0.26995646, 0.41691843, 0.3903819 ]), array([0.47865854, 0.82281879, 0.57185629, 0.38427948, 0.64971751,
       0.23544974, 0.89111748, 0.28240109, 0.42732558, 0.40090772]), array([0.48498498, 0.80305132, 0.62095532, 0.36213992, 0.64977645,
       0.23201175, 0.89265537, 0.29420085, 0.40594059, 0.38107753])]

estim_algorithm = ac-model, mode = classification, metric = sensitivity, confidence_scores = doctor-conf, class_specific = False
test err: [0.3889701170439098, 0.3764357202685776, 0.39017448992270004, 0.38295685556919945, 0.3854543273421097]
estimated metric: [array([0.89223522, 0.94770721, 0.87427639, 0.87271177, 0.89073628,
       0.8908982 , 0.9214015 , 0.90983328, 0.89359035, 0.91839467]), array([0.88197401, 0.93825251, 0.8709537 , 0.87112025, 0.88553717,
       0.893146  , 0.9230333 , 0.89745065, 0.87669253, 0.91303997]), array([0.88782144, 0.94053052, 0.87239179, 0.87816863, 0.89370507,
       0.90390502, 0.92310426, 0.89497368, 0.88619037, 0.90635734]), array([0.88644485, 0.94180397, 0.86090363, 0.86978072, 0.89610416,
       0.90411656, 0.92402269, 0.91592974, 0.87265012, 0.90234434]), array([0.89232272, 0.94938559, 0.86789531, 0.87292408, 0.89655696,
       0.89798423, 0.92441132, 0.89171443, 0.88920882, 0.8989339 ])]
real metric: [array([0.47076462, 0.83426966, 0.5837037 , 0.38176638, 0.64786795,
       0.24380165, 0.88611111, 0.28730823, 0.421875  , 0.36461538]), array([0.48158254, 0.82589928, 0.59663866, 0.40203193, 0.65406977,
       0.22746186, 0.90846047, 0.27098675, 0.46685879, 0.35285285]), array([0.44950213, 0.83518006, 0.59533608, 0.35610465, 0.64022663,
       0.22928994, 0.90250696, 0.26995646, 0.41691843, 0.3903819 ]), array([0.47865854, 0.82281879, 0.57185629, 0.38427948, 0.64971751,
       0.23544974, 0.89111748, 0.28240109, 0.42732558, 0.40090772]), array([0.48498498, 0.80305132, 0.62095532, 0.36213992, 0.64977645,
       0.23201175, 0.89265537, 0.29420085, 0.40594059, 0.38107753])]

estim_algorithm = ts-model, mode = classification, metric = sensitivity, confidence_scores = max_class_probability-conf, class_specific = False
test err: [0.18029383420399564, 0.17964710934256015, 0.19321563262640112, 0.18021274511477425, 0.1847919142231943]
estimated metric: [array([0.57654653, 0.76677744, 0.57418164, 0.56132627, 0.59790219,
       0.59997637, 0.65537825, 0.65139457, 0.58158914, 0.64452383]), array([0.57892337, 0.7444905 , 0.55971573, 0.54809924, 0.5949103 ,
       0.60998765, 0.65941061, 0.61847258, 0.57672823, 0.6394937 ]), array([0.57209851, 0.74451987, 0.56917404, 0.57199664, 0.59954062,
       0.61209333, 0.65872061, 0.6515965 , 0.58979997, 0.6454303 ]), array([0.5821309 , 0.75012059, 0.5544312 , 0.55950351, 0.61306694,
       0.63740326, 0.66582008, 0.65483994, 0.57197945, 0.65322126]), array([0.58314315, 0.7497498 , 0.55551634, 0.55542212, 0.60978454,
       0.61985232, 0.66095592, 0.64724756, 0.58087223, 0.63130553])]
real metric: [array([0.47076462, 0.83426966, 0.5837037 , 0.38176638, 0.64786795,
       0.24380165, 0.88611111, 0.28730823, 0.421875  , 0.36461538]), array([0.48158254, 0.82589928, 0.59663866, 0.40203193, 0.65406977,
       0.22746186, 0.90846047, 0.27098675, 0.46685879, 0.35285285]), array([0.44950213, 0.83518006, 0.59533608, 0.35610465, 0.64022663,
       0.22928994, 0.90250696, 0.26995646, 0.41691843, 0.3903819 ]), array([0.47865854, 0.82281879, 0.57185629, 0.38427948, 0.64971751,
       0.23544974, 0.89111748, 0.28240109, 0.42732558, 0.40090772]), array([0.48498498, 0.80305132, 0.62095532, 0.36213992, 0.64977645,
       0.23201175, 0.89265537, 0.29420085, 0.40594059, 0.38107753])]

estim_algorithm = ts-model, mode = classification, metric = sensitivity, confidence_scores = max_class_probability-conf, class_specific = True
test err: [0.1851330875861355, 0.18608371086920078, 0.19259777532440903, 0.1884451496763728, 0.1830007441691553]
estimated metric: [array([0.89356602, 0.96028229, 0.70266388, 0.72527179, 0.68311965,
       0.498168  , 0.67730965, 0.55257171, 0.36951047, 0.38861914]), array([0.88952346, 0.95603025, 0.69076301, 0.71593747, 0.67908287,
       0.50736218, 0.68125866, 0.52270084, 0.37353657, 0.39043662]), array([0.89614003, 0.95603503, 0.69749855, 0.7347032 , 0.6836999 ,
       0.5093903 , 0.68033347, 0.557247  , 0.37755957, 0.39570922]), array([0.89246704, 0.95497954, 0.68132843, 0.72288435, 0.69544223,
       0.53414341, 0.6875988 , 0.55168184, 0.36744918, 0.41421873]), array([0.90183559, 0.96364821, 0.68611757, 0.72133846, 0.69238227,
       0.51530233, 0.68272238, 0.55221914, 0.37337696, 0.37928969])]
real metric: [array([0.47076462, 0.83426966, 0.5837037 , 0.38176638, 0.64786795,
       0.24380165, 0.88611111, 0.28730823, 0.421875  , 0.36461538]), array([0.48158254, 0.82589928, 0.59663866, 0.40203193, 0.65406977,
       0.22746186, 0.90846047, 0.27098675, 0.46685879, 0.35285285]), array([0.44950213, 0.83518006, 0.59533608, 0.35610465, 0.64022663,
       0.22928994, 0.90250696, 0.26995646, 0.41691843, 0.3903819 ]), array([0.47865854, 0.82281879, 0.57185629, 0.38427948, 0.64971751,
       0.23544974, 0.89111748, 0.28240109, 0.42732558, 0.40090772]), array([0.48498498, 0.80305132, 0.62095532, 0.36213992, 0.64977645,
       0.23201175, 0.89265537, 0.29420085, 0.40594059, 0.38107753])]

estim_algorithm = ts-model, mode = classification, metric = sensitivity, confidence_scores = energy-conf, class_specific = False
test err: [0.25629425396148153, 0.2521334497430377, 0.26434162659853844, 0.2542061253867286, 0.2517513350953422]
estimated metric: [array([0.6973513 , 0.73681853, 0.7072276 , 0.71097147, 0.71108125,
       0.71934406, 0.7161112 , 0.73043717, 0.70303061, 0.71775094]), array([0.69607812, 0.73296974, 0.70589166, 0.70870552, 0.71065008,
       0.719006  , 0.71611375, 0.72413709, 0.70552028, 0.71855263]), array([0.69596294, 0.73259538, 0.707347  , 0.71160223, 0.71272653,
       0.71942268, 0.7170693 , 0.73059909, 0.70471798, 0.7207317 ]), array([0.69637701, 0.73037366, 0.70617223, 0.71009115, 0.71420349,
       0.72232808, 0.71709923, 0.72552671, 0.70309349, 0.72840164]), array([0.69833963, 0.73021895, 0.70604231, 0.7104897 , 0.71491452,
       0.721254  , 0.71739826, 0.7303979 , 0.70446612, 0.71460709])]
real metric: [array([0.47076462, 0.83426966, 0.5837037 , 0.38176638, 0.64786795,
       0.24380165, 0.88611111, 0.28730823, 0.421875  , 0.36461538]), array([0.48158254, 0.82589928, 0.59663866, 0.40203193, 0.65406977,
       0.22746186, 0.90846047, 0.27098675, 0.46685879, 0.35285285]), array([0.44950213, 0.83518006, 0.59533608, 0.35610465, 0.64022663,
       0.22928994, 0.90250696, 0.26995646, 0.41691843, 0.3903819 ]), array([0.47865854, 0.82281879, 0.57185629, 0.38427948, 0.64971751,
       0.23544974, 0.89111748, 0.28240109, 0.42732558, 0.40090772]), array([0.48498498, 0.80305132, 0.62095532, 0.36213992, 0.64977645,
       0.23201175, 0.89265537, 0.29420085, 0.40594059, 0.38107753])]

estim_algorithm = ts-model, mode = classification, metric = sensitivity, confidence_scores = energy-conf, class_specific = True
test err: [0.2269583141727083, 0.22388770059975127, 0.2344464585990727, 0.22698563030162971, 0.2274337709990628]
estimated metric: [array([0.92773342, 0.95520283, 0.8023468 , 0.77745628, 0.79360419,
       0.60624022, 0.75249068, 0.61417007, 0.46824745, 0.42693405]), array([0.92692264, 0.95222307, 0.80119524, 0.77539865, 0.7932205 ,
       0.60594685, 0.75247942, 0.60618061, 0.47217524, 0.42801556]), array([0.92664559, 0.95269141, 0.80248021, 0.77798887, 0.79500787,
       0.60653956, 0.75339448, 0.61430551, 0.47096779, 0.43162156]), array([0.92709514, 0.95168529, 0.80146587, 0.77663924, 0.79631434,
       0.61030918, 0.75341019, 0.60803728, 0.46845791, 0.4455595 ]), array([0.92832017, 0.95153839, 0.80137299, 0.77701308, 0.79692921,
       0.60856672, 0.75368246, 0.61426554, 0.47064709, 0.42085033])]
real metric: [array([0.47076462, 0.83426966, 0.5837037 , 0.38176638, 0.64786795,
       0.24380165, 0.88611111, 0.28730823, 0.421875  , 0.36461538]), array([0.48158254, 0.82589928, 0.59663866, 0.40203193, 0.65406977,
       0.22746186, 0.90846047, 0.27098675, 0.46685879, 0.35285285]), array([0.44950213, 0.83518006, 0.59533608, 0.35610465, 0.64022663,
       0.22928994, 0.90250696, 0.26995646, 0.41691843, 0.3903819 ]), array([0.47865854, 0.82281879, 0.57185629, 0.38427948, 0.64971751,
       0.23544974, 0.89111748, 0.28240109, 0.42732558, 0.40090772]), array([0.48498498, 0.80305132, 0.62095532, 0.36213992, 0.64977645,
       0.23201175, 0.89265537, 0.29420085, 0.40594059, 0.38107753])]

estim_algorithm = ts-model, mode = classification, metric = sensitivity, confidence_scores = entropy-conf, class_specific = False
test err: [0.17728640399721332, 0.17557043918684453, 0.18775378802766055, 0.17608212579510815, 0.1807296884512309]
estimated metric: [array([0.55157886, 0.75866379, 0.56341256, 0.55541296, 0.58725116,
       0.60204617, 0.64353148, 0.64792334, 0.55888061, 0.62805993]), array([0.55192589, 0.73271508, 0.54819628, 0.53911664, 0.58663727,
       0.60849033, 0.64691404, 0.61558357, 0.55007219, 0.62168499]), array([0.54078273, 0.73447695, 0.56011893, 0.56181217, 0.59162665,
       0.60598476, 0.6477715 , 0.6472988 , 0.56537552, 0.62918171]), array([0.55525231, 0.74128992, 0.54398294, 0.55279364, 0.60635676,
       0.63197334, 0.65485498, 0.65543956, 0.54797585, 0.63738324]), array([0.5577713 , 0.73879599, 0.54311186, 0.54711673, 0.60226515,
       0.61639529, 0.65032863, 0.64624614, 0.55562623, 0.61256001])]
real metric: [array([0.47076462, 0.83426966, 0.5837037 , 0.38176638, 0.64786795,
       0.24380165, 0.88611111, 0.28730823, 0.421875  , 0.36461538]), array([0.48158254, 0.82589928, 0.59663866, 0.40203193, 0.65406977,
       0.22746186, 0.90846047, 0.27098675, 0.46685879, 0.35285285]), array([0.44950213, 0.83518006, 0.59533608, 0.35610465, 0.64022663,
       0.22928994, 0.90250696, 0.26995646, 0.41691843, 0.3903819 ]), array([0.47865854, 0.82281879, 0.57185629, 0.38427948, 0.64971751,
       0.23544974, 0.89111748, 0.28240109, 0.42732558, 0.40090772]), array([0.48498498, 0.80305132, 0.62095532, 0.36213992, 0.64977645,
       0.23201175, 0.89265537, 0.29420085, 0.40594059, 0.38107753])]

estim_algorithm = ts-model, mode = classification, metric = sensitivity, confidence_scores = entropy-conf, class_specific = True
test err: [0.18788506446726264, 0.18582740752035481, 0.19776915494399389, 0.19241864296506445, 0.19009368330030021]
estimated metric: [array([0.88998322, 0.958104  , 0.70042864, 0.72365132, 0.68434397,
       0.48264861, 0.66880207, 0.54512866, 0.31720403, 0.34255096]), array([0.88371017, 0.95217691, 0.68920421, 0.71324726, 0.68284848,
       0.48960984, 0.67205426, 0.51471744, 0.32026605, 0.34442124]), array([0.88888786, 0.95250658, 0.6975998 , 0.72985833, 0.68775073,
       0.48791183, 0.67266193, 0.54895413, 0.32519045, 0.35213666]), array([0.8865619 , 0.95335864, 0.68038773, 0.72176216, 0.69976186,
       0.51184963, 0.67983278, 0.54832241, 0.31476886, 0.37738559]), array([0.89265914, 0.96006249, 0.68285852, 0.71828462, 0.69617208,
       0.49634314, 0.67543772, 0.54780126, 0.31921924, 0.33114037])]
real metric: [array([0.47076462, 0.83426966, 0.5837037 , 0.38176638, 0.64786795,
       0.24380165, 0.88611111, 0.28730823, 0.421875  , 0.36461538]), array([0.48158254, 0.82589928, 0.59663866, 0.40203193, 0.65406977,
       0.22746186, 0.90846047, 0.27098675, 0.46685879, 0.35285285]), array([0.44950213, 0.83518006, 0.59533608, 0.35610465, 0.64022663,
       0.22928994, 0.90250696, 0.26995646, 0.41691843, 0.3903819 ]), array([0.47865854, 0.82281879, 0.57185629, 0.38427948, 0.64971751,
       0.23544974, 0.89111748, 0.28240109, 0.42732558, 0.40090772]), array([0.48498498, 0.80305132, 0.62095532, 0.36213992, 0.64977645,
       0.23201175, 0.89265537, 0.29420085, 0.40594059, 0.38107753])]

estim_algorithm = ts-model, mode = classification, metric = sensitivity, confidence_scores = doctor-conf, class_specific = False
test err: [0.16868523801638374, 0.16528286432387365, 0.17717931328290518, 0.1666177242207935, 0.1708441953872127]
estimated metric: [array([0.50568631, 0.74825803, 0.52639079, 0.52211786, 0.55857575,
       0.58206359, 0.62701085, 0.6323014 , 0.51618011, 0.60691737]), array([0.50479699, 0.71727129, 0.50561744, 0.5018651 , 0.55967413,
       0.59142186, 0.62978317, 0.58977087, 0.49951041, 0.59451598]), array([0.49166652, 0.72035383, 0.52004971, 0.52835265, 0.56511828,
       0.58309926, 0.63073753, 0.62252289, 0.5203193 , 0.60099566]), array([0.50811239, 0.73434276, 0.50115993, 0.52162076, 0.58096654,
       0.61271719, 0.6410727 , 0.64975858, 0.49688577, 0.60813654]), array([0.51609976, 0.72767427, 0.50069161, 0.51063716, 0.57698853,
       0.59563433, 0.63519009, 0.63375048, 0.50747118, 0.57931071])]
real metric: [array([0.47076462, 0.83426966, 0.5837037 , 0.38176638, 0.64786795,
       0.24380165, 0.88611111, 0.28730823, 0.421875  , 0.36461538]), array([0.48158254, 0.82589928, 0.59663866, 0.40203193, 0.65406977,
       0.22746186, 0.90846047, 0.27098675, 0.46685879, 0.35285285]), array([0.44950213, 0.83518006, 0.59533608, 0.35610465, 0.64022663,
       0.22928994, 0.90250696, 0.26995646, 0.41691843, 0.3903819 ]), array([0.47865854, 0.82281879, 0.57185629, 0.38427948, 0.64971751,
       0.23544974, 0.89111748, 0.28240109, 0.42732558, 0.40090772]), array([0.48498498, 0.80305132, 0.62095532, 0.36213992, 0.64977645,
       0.23201175, 0.89265537, 0.29420085, 0.40594059, 0.38107753])]

estim_algorithm = ts-model, mode = classification, metric = sensitivity, confidence_scores = doctor-conf, class_specific = True
test err: [0.19004784233104505, 0.18657159948012317, 0.19693760038101255, 0.19443006426595819, 0.19285663583352342]
estimated metric: [array([0.88356161, 0.9548443 , 0.68869776, 0.71342135, 0.66619376,
       0.4286781 , 0.65142189, 0.52834122, 0.24221946, 0.29273762]), array([0.87320536, 0.94689342, 0.67897476, 0.70170344, 0.66821178,
       0.43937863, 0.65373415, 0.48056876, 0.24587758, 0.29310977]), array([0.87862182, 0.94882885, 0.68602067, 0.71598966, 0.67350311,
       0.4306475 , 0.65480622, 0.52172667, 0.25490926, 0.31045814]), array([0.87730959, 0.94941002, 0.66451683, 0.70941379, 0.68623417,
       0.4643515 , 0.6647228 , 0.54063041, 0.23657894, 0.34043327]), array([0.88350221, 0.95701979, 0.66854874, 0.70796657, 0.68143439,
       0.45154405, 0.65942631, 0.53127186, 0.2409121 , 0.28493575])]
real metric: [array([0.47076462, 0.83426966, 0.5837037 , 0.38176638, 0.64786795,
       0.24380165, 0.88611111, 0.28730823, 0.421875  , 0.36461538]), array([0.48158254, 0.82589928, 0.59663866, 0.40203193, 0.65406977,
       0.22746186, 0.90846047, 0.27098675, 0.46685879, 0.35285285]), array([0.44950213, 0.83518006, 0.59533608, 0.35610465, 0.64022663,
       0.22928994, 0.90250696, 0.26995646, 0.41691843, 0.3903819 ]), array([0.47865854, 0.82281879, 0.57185629, 0.38427948, 0.64971751,
       0.23544974, 0.89111748, 0.28240109, 0.42732558, 0.40090772]), array([0.48498498, 0.80305132, 0.62095532, 0.36213992, 0.64977645,
       0.23201175, 0.89265537, 0.29420085, 0.40594059, 0.38107753])]

estim_algorithm = doc-model, mode = classification, metric = sensitivity, confidence_scores = max_class_probability-conf, class_specific = False
test err: [0.2214826696985619, 0.21312812953497132, 0.22929400331683483, 0.21600236240196388, 0.2134968484311987]
estimated metric: [array([0.6689666 , 0.75055526, 0.64672704, 0.64298464, 0.66850808,
       0.65977961, 0.71042723, 0.69292163, 0.67205006, 0.70519368]), array([0.66662782, 0.74084208, 0.63908609, 0.63772615, 0.6615058 ,
       0.66855949, 0.71214368, 0.67190704, 0.6611106 , 0.69586744]), array([0.67068867, 0.74098823, 0.64139549, 0.65166958, 0.6678742 ,
       0.68114293, 0.71006926, 0.67890056, 0.66996661, 0.69238868]), array([0.66806242, 0.74418604, 0.62845169, 0.63921423, 0.67259963,
       0.68469866, 0.71457691, 0.69712982, 0.65307403, 0.69221577]), array([0.67591697, 0.7506695 , 0.6364167 , 0.64266142, 0.67237176,
       0.67613566, 0.7120507 , 0.67691511, 0.6673703 , 0.68528149])]
real metric: [array([0.47076462, 0.83426966, 0.5837037 , 0.38176638, 0.64786795,
       0.24380165, 0.88611111, 0.28730823, 0.421875  , 0.36461538]), array([0.48158254, 0.82589928, 0.59663866, 0.40203193, 0.65406977,
       0.22746186, 0.90846047, 0.27098675, 0.46685879, 0.35285285]), array([0.44950213, 0.83518006, 0.59533608, 0.35610465, 0.64022663,
       0.22928994, 0.90250696, 0.26995646, 0.41691843, 0.3903819 ]), array([0.47865854, 0.82281879, 0.57185629, 0.38427948, 0.64971751,
       0.23544974, 0.89111748, 0.28240109, 0.42732558, 0.40090772]), array([0.48498498, 0.80305132, 0.62095532, 0.36213992, 0.64977645,
       0.23201175, 0.89265537, 0.29420085, 0.40594059, 0.38107753])]

estim_algorithm = doc-model, mode = classification, metric = sensitivity, confidence_scores = max_class_probability-conf, class_specific = True
test err: [0.20191684352427436, 0.1989950598937397, 0.20798010045652568, 0.1976228219365599, 0.20054547104715806]
estimated metric: [array([0.88774873, 0.95752211, 0.74371237, 0.7397286 , 0.72977155,
       0.56574484, 0.73355097, 0.58637806, 0.44898741, 0.4429872 ]), array([0.88321765, 0.95180994, 0.73607143, 0.73447012, 0.72276926,
       0.57452473, 0.73526742, 0.5652895 , 0.43997946, 0.43324922]), array([0.88776003, 0.95194372, 0.73838082, 0.74841354, 0.72913767,
       0.58710817, 0.733193  , 0.57249448, 0.44720961, 0.43093525]), array([0.8841843 , 0.95252399, 0.72543703, 0.73595819, 0.7338631 ,
       0.59066389, 0.73770065, 0.59051227, 0.43087824, 0.4322051 ]), array([0.89441747, 0.95985716, 0.73340204, 0.73940538, 0.73363523,
       0.58210089, 0.73517444, 0.57045375, 0.44438017, 0.42446041])]
real metric: [array([0.47076462, 0.83426966, 0.5837037 , 0.38176638, 0.64786795,
       0.24380165, 0.88611111, 0.28730823, 0.421875  , 0.36461538]), array([0.48158254, 0.82589928, 0.59663866, 0.40203193, 0.65406977,
       0.22746186, 0.90846047, 0.27098675, 0.46685879, 0.35285285]), array([0.44950213, 0.83518006, 0.59533608, 0.35610465, 0.64022663,
       0.22928994, 0.90250696, 0.26995646, 0.41691843, 0.3903819 ]), array([0.47865854, 0.82281879, 0.57185629, 0.38427948, 0.64971751,
       0.23544974, 0.89111748, 0.28240109, 0.42732558, 0.40090772]), array([0.48498498, 0.80305132, 0.62095532, 0.36213992, 0.64977645,
       0.23201175, 0.89265537, 0.29420085, 0.40594059, 0.38107753])]

estim_algorithm = doc-model, mode = classification, metric = sensitivity, confidence_scores = energy-conf, class_specific = False
test err: [0.2062259508913542, 0.2023504481050309, 0.2146387068720907, 0.20594576357881986, 0.20198414619518]
estimated metric: [array([0.60554388, 0.74464245, 0.62830086, 0.63008809, 0.64186343,
       0.65992243, 0.66824302, 0.69396951, 0.6187331 , 0.66603678]), array([0.60271382, 0.72712479, 0.62040537, 0.62219991, 0.64065607,
       0.66246238, 0.66952172, 0.67564306, 0.62056897, 0.66679739]), array([0.59920579, 0.72803861, 0.62730322, 0.63498742, 0.64565006,
       0.6631396 , 0.6718483 , 0.69370215, 0.62237612, 0.66993881]), array([0.60401982, 0.72603557, 0.62076211, 0.62897641, 0.65339582,
       0.67575591, 0.67347447, 0.68961148, 0.61593118, 0.68717461]), array([0.6091425 , 0.72532817, 0.61986901, 0.62816064, 0.65268269,
       0.66806452, 0.67238731, 0.69493846, 0.62004107, 0.65786614])]
real metric: [array([0.47076462, 0.83426966, 0.5837037 , 0.38176638, 0.64786795,
       0.24380165, 0.88611111, 0.28730823, 0.421875  , 0.36461538]), array([0.48158254, 0.82589928, 0.59663866, 0.40203193, 0.65406977,
       0.22746186, 0.90846047, 0.27098675, 0.46685879, 0.35285285]), array([0.44950213, 0.83518006, 0.59533608, 0.35610465, 0.64022663,
       0.22928994, 0.90250696, 0.26995646, 0.41691843, 0.3903819 ]), array([0.47865854, 0.82281879, 0.57185629, 0.38427948, 0.64971751,
       0.23544974, 0.89111748, 0.28240109, 0.42732558, 0.40090772]), array([0.48498498, 0.80305132, 0.62095532, 0.36213992, 0.64977645,
       0.23201175, 0.89265537, 0.29420085, 0.40594059, 0.38107753])]

estim_algorithm = doc-model, mode = classification, metric = sensitivity, confidence_scores = energy-conf, class_specific = True
test err: [0.1955233081900559, 0.19788448724969412, 0.20220521793956917, 0.19879862076211124, 0.1944751320677745]
estimated metric: [array([0.881671  , 0.94668062, 0.74453852, 0.74678621, 0.73647505,
       0.53747383, 0.69806514, 0.57467455, 0.38801879, 0.3791287 ]), array([0.88195412, 0.93826301, 0.73701685, 0.73920632, 0.73567353,
       0.53946663, 0.69942447, 0.55424943, 0.39167019, 0.38031402]), array([0.87754522, 0.94021967, 0.74365709, 0.75079567, 0.73962329,
       0.54064613, 0.70178259, 0.5764856 , 0.39325504, 0.38609419]), array([0.88318087, 0.94290143, 0.73748524, 0.74564844, 0.74729309,
       0.55436432, 0.70323305, 0.56816465, 0.38595107, 0.40577837]), array([0.88487763, 0.94094052, 0.73679471, 0.74483802, 0.74572683,
       0.54545016, 0.70190681, 0.57548242, 0.39087183, 0.36913323])]
real metric: [array([0.47076462, 0.83426966, 0.5837037 , 0.38176638, 0.64786795,
       0.24380165, 0.88611111, 0.28730823, 0.421875  , 0.36461538]), array([0.48158254, 0.82589928, 0.59663866, 0.40203193, 0.65406977,
       0.22746186, 0.90846047, 0.27098675, 0.46685879, 0.35285285]), array([0.44950213, 0.83518006, 0.59533608, 0.35610465, 0.64022663,
       0.22928994, 0.90250696, 0.26995646, 0.41691843, 0.3903819 ]), array([0.47865854, 0.82281879, 0.57185629, 0.38427948, 0.64971751,
       0.23544974, 0.89111748, 0.28240109, 0.42732558, 0.40090772]), array([0.48498498, 0.80305132, 0.62095532, 0.36213992, 0.64977645,
       0.23201175, 0.89265537, 0.29420085, 0.40594059, 0.38107753])]

estim_algorithm = doc-model, mode = classification, metric = sensitivity, confidence_scores = entropy-conf, class_specific = False
test err: [0.21304548734751144, 0.2046863620835561, 0.22020900933211549, 0.20873524715252337, 0.20482682815055572]
estimated metric: [array([0.65290056, 0.74977444, 0.63576644, 0.63138133, 0.65675449,
       0.65333883, 0.70072062, 0.68620406, 0.6545901 , 0.69133627]), array([0.64970639, 0.73633104, 0.62861428, 0.6250855 , 0.65272307,
       0.65897331, 0.70224031, 0.66194639, 0.63950645, 0.68430956]), array([0.64955322, 0.7378811 , 0.63318881, 0.63860912, 0.65905844,
       0.66520931, 0.7015273 , 0.67192867, 0.65152483, 0.6824553 ]), array([0.65036032, 0.74341073, 0.61822829, 0.62994191, 0.66484215,
       0.6813327 , 0.70598422, 0.69393388, 0.63526424, 0.67950362]), array([0.65523647, 0.74708491, 0.62300504, 0.62913461, 0.66337073,
       0.66799915, 0.70434855, 0.67185296, 0.65027621, 0.67420726])]
real metric: [array([0.47076462, 0.83426966, 0.5837037 , 0.38176638, 0.64786795,
       0.24380165, 0.88611111, 0.28730823, 0.421875  , 0.36461538]), array([0.48158254, 0.82589928, 0.59663866, 0.40203193, 0.65406977,
       0.22746186, 0.90846047, 0.27098675, 0.46685879, 0.35285285]), array([0.44950213, 0.83518006, 0.59533608, 0.35610465, 0.64022663,
       0.22928994, 0.90250696, 0.26995646, 0.41691843, 0.3903819 ]), array([0.47865854, 0.82281879, 0.57185629, 0.38427948, 0.64971751,
       0.23544974, 0.89111748, 0.28240109, 0.42732558, 0.40090772]), array([0.48498498, 0.80305132, 0.62095532, 0.36213992, 0.64977645,
       0.23201175, 0.89265537, 0.29420085, 0.40594059, 0.38107753])]

estim_algorithm = doc-model, mode = classification, metric = sensitivity, confidence_scores = entropy-conf, class_specific = True
test err: [0.19478571957360405, 0.19509173989680456, 0.19995029967430095, 0.19416147913214, 0.19268099963180188]
estimated metric: [array([0.87673634, 0.95343454, 0.73291838, 0.73407565, 0.72247318,
       0.55712769, 0.72402432, 0.58404524, 0.43215052, 0.42878145]), array([0.87141025, 0.94463713, 0.72576622, 0.72777982, 0.71845494,
       0.5627732 , 0.72554401, 0.55978757, 0.41850371, 0.42056036]), array([0.87172808, 0.94663551, 0.73034076, 0.74130344, 0.72482105,
       0.56899817, 0.724831  , 0.5704248 , 0.42947078, 0.42100071]), array([0.86995254, 0.94884192, 0.71538023, 0.73257626, 0.73060476,
       0.58512155, 0.72928792, 0.59177505, 0.41379208, 0.41808857]), array([0.87865031, 0.95348868, 0.72015699, 0.73182893, 0.72913335,
       0.57178801, 0.72765225, 0.57075254, 0.42732986, 0.41281693])]
real metric: [array([0.47076462, 0.83426966, 0.5837037 , 0.38176638, 0.64786795,
       0.24380165, 0.88611111, 0.28730823, 0.421875  , 0.36461538]), array([0.48158254, 0.82589928, 0.59663866, 0.40203193, 0.65406977,
       0.22746186, 0.90846047, 0.27098675, 0.46685879, 0.35285285]), array([0.44950213, 0.83518006, 0.59533608, 0.35610465, 0.64022663,
       0.22928994, 0.90250696, 0.26995646, 0.41691843, 0.3903819 ]), array([0.47865854, 0.82281879, 0.57185629, 0.38427948, 0.64971751,
       0.23544974, 0.89111748, 0.28240109, 0.42732558, 0.40090772]), array([0.48498498, 0.80305132, 0.62095532, 0.36213992, 0.64977645,
       0.23201175, 0.89265537, 0.29420085, 0.40594059, 0.38107753])]

estim_algorithm = doc-model, mode = classification, metric = sensitivity, confidence_scores = doctor-conf, class_specific = False
test err: [0.23643050991348705, 0.22848437819423567, 0.24248475975077777, 0.22992789090185753, 0.22746303125023765]
estimated metric: [array([0.68731722, 0.74304219, 0.66969607, 0.66861036, 0.68607078,
       0.6859802 , 0.71679152, 0.70516713, 0.68914252, 0.71347667]), array([0.67797193, 0.73377203, 0.6670298 , 0.66669448, 0.68153051,
       0.68822801, 0.71826905, 0.69253265, 0.67289889, 0.70812198]), array([0.68336601, 0.73581389, 0.66769187, 0.67396783, 0.68910515,
       0.69919474, 0.71836117, 0.69193573, 0.68135976, 0.70243076]), array([0.68172757, 0.73768949, 0.65697537, 0.66544067, 0.69132493,
       0.69919857, 0.71945497, 0.71101174, 0.66871287, 0.69869132]), array([0.68841765, 0.74449845, 0.66318888, 0.66838984, 0.69175445,
       0.69316866, 0.71954886, 0.68933404, 0.68543242, 0.69437239])]
real metric: [array([0.47076462, 0.83426966, 0.5837037 , 0.38176638, 0.64786795,
       0.24380165, 0.88611111, 0.28730823, 0.421875  , 0.36461538]), array([0.48158254, 0.82589928, 0.59663866, 0.40203193, 0.65406977,
       0.22746186, 0.90846047, 0.27098675, 0.46685879, 0.35285285]), array([0.44950213, 0.83518006, 0.59533608, 0.35610465, 0.64022663,
       0.22928994, 0.90250696, 0.26995646, 0.41691843, 0.3903819 ]), array([0.47865854, 0.82281879, 0.57185629, 0.38427948, 0.64971751,
       0.23544974, 0.89111748, 0.28240109, 0.42732558, 0.40090772]), array([0.48498498, 0.80305132, 0.62095532, 0.36213992, 0.64977645,
       0.23201175, 0.89265537, 0.29420085, 0.40594059, 0.38107753])]

estim_algorithm = doc-model, mode = classification, metric = sensitivity, confidence_scores = doctor-conf, class_specific = True
test err: [0.2122311971719529, 0.2060045874390149, 0.2169269070044976, 0.20722213271473433, 0.20998870481867976]
estimated metric: [array([0.88848166, 0.95398085, 0.7639424 , 0.74721127, 0.75279153,
       0.58887232, 0.74669082, 0.59828265, 0.47086776, 0.45443383]), array([0.87823605, 0.9450533 , 0.76094377, 0.74537727, 0.74797556,
       0.59196671, 0.74821933, 0.58511889, 0.4573702 , 0.44716822]), array([0.88407635, 0.94740449, 0.76208088, 0.75253569, 0.75581261,
       0.6025724 , 0.74827979, 0.58562365, 0.46346094, 0.44437115]), array([0.88269128, 0.94832602, 0.75086375, 0.74406225, 0.75807578,
       0.60229992, 0.74935882, 0.60359798, 0.45228807, 0.44167234]), array([0.88856915, 0.95596174, 0.75758381, 0.74698941, 0.75849544,
       0.59660845, 0.74951797, 0.58363074, 0.46612837, 0.43692125])]
real metric: [array([0.47076462, 0.83426966, 0.5837037 , 0.38176638, 0.64786795,
       0.24380165, 0.88611111, 0.28730823, 0.421875  , 0.36461538]), array([0.48158254, 0.82589928, 0.59663866, 0.40203193, 0.65406977,
       0.22746186, 0.90846047, 0.27098675, 0.46685879, 0.35285285]), array([0.44950213, 0.83518006, 0.59533608, 0.35610465, 0.64022663,
       0.22928994, 0.90250696, 0.26995646, 0.41691843, 0.3903819 ]), array([0.47865854, 0.82281879, 0.57185629, 0.38427948, 0.64971751,
       0.23544974, 0.89111748, 0.28240109, 0.42732558, 0.40090772]), array([0.48498498, 0.80305132, 0.62095532, 0.36213992, 0.64977645,
       0.23201175, 0.89265537, 0.29420085, 0.40594059, 0.38107753])]

estim_algorithm = atc-model, mode = classification, metric = sensitivity, confidence_scores = max_class_probability-conf, class_specific = False
test err: [0.1567103120052136, 0.15968183022681018, 0.17997018268380277, 0.1706338272072851, 0.16580796725302258]
estimated metric: [array([0.53636365, 0.78395062, 0.49647059, 0.47022588, 0.54368932,
       0.50666669, 0.65396683, 0.58904111, 0.53954804, 0.62151396]), array([0.56964658, 0.75314862, 0.45882354, 0.46428572, 0.53942308,
       0.53000002, 0.65970409, 0.51530615, 0.53092785, 0.61445785]), array([0.54853274, 0.75301205, 0.46495328, 0.50000001, 0.52909091,
       0.55000002, 0.6479682 , 0.574359  , 0.55000001, 0.61073827]), array([0.55286345, 0.77372263, 0.44823387, 0.49237474, 0.55941499,
       0.6233184 , 0.66904232, 0.61538463, 0.52303524, 0.62328768]), array([0.54310346, 0.76084263, 0.45892019, 0.46804125, 0.55310622,
       0.56218908, 0.66652155, 0.5818182 , 0.5431755 , 0.59305995])]
real metric: [array([0.47076462, 0.83426966, 0.5837037 , 0.38176638, 0.64786795,
       0.24380165, 0.88611111, 0.28730823, 0.421875  , 0.36461538]), array([0.48158254, 0.82589928, 0.59663866, 0.40203193, 0.65406977,
       0.22746186, 0.90846047, 0.27098675, 0.46685879, 0.35285285]), array([0.44950213, 0.83518006, 0.59533608, 0.35610465, 0.64022663,
       0.22928994, 0.90250696, 0.26995646, 0.41691843, 0.3903819 ]), array([0.47865854, 0.82281879, 0.57185629, 0.38427948, 0.64971751,
       0.23544974, 0.89111748, 0.28240109, 0.42732558, 0.40090772]), array([0.48498498, 0.80305132, 0.62095532, 0.36213992, 0.64977645,
       0.23201175, 0.89265537, 0.29420085, 0.40594059, 0.38107753])]

estim_algorithm = atc-model, mode = classification, metric = sensitivity, confidence_scores = max_class_probability-conf, class_specific = True
test err: [0.17703680859864956, 0.1685275840023694, 0.1811785641488296, 0.1829308452363668, 0.18132640118763277]
estimated metric: [array([0.87272728, 0.95555556, 0.66588236, 0.67556469, 0.59752869,
       0.44000002, 0.63693411, 0.5342466 , 0.29943505, 0.35856576]), array([0.86070686, 0.94080605, 0.6482353 , 0.67857143, 0.59038462,
       0.42000003, 0.64099217, 0.43877554, 0.31185569, 0.36947794]), array([0.8758465 , 0.94819277, 0.66121496, 0.71145375, 0.59363637,
       0.43000003, 0.63295053, 0.53846156, 0.35555557, 0.38590606]), array([0.85903084, 0.93673966, 0.63093789, 0.68409587, 0.60511883,
       0.53811661, 0.65167038, 0.54751133, 0.30623308, 0.40410961]), array([0.8987069 , 0.96282528, 0.64201878, 0.69484537, 0.59519038,
       0.48258709, 0.64954288, 0.50909093, 0.32033428, 0.3438486 ])]
real metric: [array([0.47076462, 0.83426966, 0.5837037 , 0.38176638, 0.64786795,
       0.24380165, 0.88611111, 0.28730823, 0.421875  , 0.36461538]), array([0.48158254, 0.82589928, 0.59663866, 0.40203193, 0.65406977,
       0.22746186, 0.90846047, 0.27098675, 0.46685879, 0.35285285]), array([0.44950213, 0.83518006, 0.59533608, 0.35610465, 0.64022663,
       0.22928994, 0.90250696, 0.26995646, 0.41691843, 0.3903819 ]), array([0.47865854, 0.82281879, 0.57185629, 0.38427948, 0.64971751,
       0.23544974, 0.89111748, 0.28240109, 0.42732558, 0.40090772]), array([0.48498498, 0.80305132, 0.62095532, 0.36213992, 0.64977645,
       0.23201175, 0.89265537, 0.29420085, 0.40594059, 0.38107753])]

estim_algorithm = atc-model, mode = classification, metric = sensitivity, confidence_scores = energy-conf, class_specific = False
test err: [0.17765365241080203, 0.1756117994248141, 0.18011043106610844, 0.1797095466796789, 0.1766322560135426]
estimated metric: [array([0.37500001, 0.71604939, 0.45411765, 0.49281315, 0.51279789,
       0.59111113, 0.56476916, 0.63926942, 0.42090397, 0.5298805 ]), array([0.3866944 , 0.6675063 , 0.43764707, 0.43055557, 0.50673077,
       0.58500002, 0.5770235 , 0.55612247, 0.40206187, 0.48192773]), array([0.36794584, 0.69397591, 0.45327103, 0.51541851, 0.51909091,
       0.57000002, 0.57420495, 0.59487182, 0.42222224, 0.54697988]), array([0.39867843, 0.70559611, 0.43848965, 0.49019609, 0.53930531,
       0.58295966, 0.59020045, 0.68778282, 0.38482386, 0.55479454]), array([0.40301725, 0.6889715 , 0.42488264, 0.46391754, 0.53406814,
       0.60696519, 0.57596866, 0.62727274, 0.40389974, 0.51104102])]
real metric: [array([0.47076462, 0.83426966, 0.5837037 , 0.38176638, 0.64786795,
       0.24380165, 0.88611111, 0.28730823, 0.421875  , 0.36461538]), array([0.48158254, 0.82589928, 0.59663866, 0.40203193, 0.65406977,
       0.22746186, 0.90846047, 0.27098675, 0.46685879, 0.35285285]), array([0.44950213, 0.83518006, 0.59533608, 0.35610465, 0.64022663,
       0.22928994, 0.90250696, 0.26995646, 0.41691843, 0.3903819 ]), array([0.47865854, 0.82281879, 0.57185629, 0.38427948, 0.64971751,
       0.23544974, 0.89111748, 0.28240109, 0.42732558, 0.40090772]), array([0.48498498, 0.80305132, 0.62095532, 0.36213992, 0.64977645,
       0.23201175, 0.89265537, 0.29420085, 0.40594059, 0.38107753])]

estim_algorithm = atc-model, mode = classification, metric = sensitivity, confidence_scores = energy-conf, class_specific = True
test err: [0.19182187115245103, 0.18481046397925746, 0.1901772978686027, 0.18819447766770028, 0.20307175636580785]
estimated metric: [array([0.83181819, 0.96419753, 0.6482353 , 0.73511294, 0.65136805,
       0.36000003, 0.55939041, 0.49771692, 0.19491528, 0.23904386]), array([0.81704782, 0.94332494, 0.61058824, 0.69642858, 0.65576923,
       0.41500003, 0.5748477 , 0.47448982, 0.20618559, 0.25301208]), array([0.79232506, 0.94819277, 0.62850468, 0.70264318, 0.65090909,
       0.39000003, 0.57155477, 0.51282054, 0.21111113, 0.27516781]), array([0.82378855, 0.94890511, 0.61753959, 0.7211329 , 0.67458867,
       0.41255608, 0.58841871, 0.51583713, 0.20596208, 0.3321918 ]), array([0.82758621, 0.95415118, 0.62558686, 0.71340207, 0.68236473,
       0.45273635, 0.57248585, 0.52727275, 0.17270197, 0.23974766])]
real metric: [array([0.47076462, 0.83426966, 0.5837037 , 0.38176638, 0.64786795,
       0.24380165, 0.88611111, 0.28730823, 0.421875  , 0.36461538]), array([0.48158254, 0.82589928, 0.59663866, 0.40203193, 0.65406977,
       0.22746186, 0.90846047, 0.27098675, 0.46685879, 0.35285285]), array([0.44950213, 0.83518006, 0.59533608, 0.35610465, 0.64022663,
       0.22928994, 0.90250696, 0.26995646, 0.41691843, 0.3903819 ]), array([0.47865854, 0.82281879, 0.57185629, 0.38427948, 0.64971751,
       0.23544974, 0.89111748, 0.28240109, 0.42732558, 0.40090772]), array([0.48498498, 0.80305132, 0.62095532, 0.36213992, 0.64977645,
       0.23201175, 0.89265537, 0.29420085, 0.40594059, 0.38107753])]

estim_algorithm = atc-model, mode = classification, metric = sensitivity, confidence_scores = entropy-conf, class_specific = False
test err: [0.15899070577705096, 0.16038988031132434, 0.17946985742841254, 0.17221855166348826, 0.16537447765632793]
estimated metric: [array([0.52954547, 0.78271605, 0.49176471, 0.47022588, 0.53662842,
       0.52000002, 0.64858808, 0.60273974, 0.51977402, 0.62549802]), array([0.57796259, 0.7443325 , 0.46000001, 0.45436509, 0.53461539,
       0.52500002, 0.65361184, 0.51530615, 0.51804125, 0.62248998]), array([0.53498872, 0.74819277, 0.4614486 , 0.4889868 , 0.52727273,
       0.55000002, 0.63913428, 0.574359  , 0.54722223, 0.61409397]), array([0.5352423 , 0.77250609, 0.44336176, 0.49019609, 0.55393053,
       0.63228701, 0.66280624, 0.62895929, 0.51490516, 0.62671234]), array([0.52586208, 0.75836432, 0.44483569, 0.45567011, 0.55110221,
       0.57213932, 0.65824989, 0.5818182 , 0.53481895, 0.58990538])]
real metric: [array([0.47076462, 0.83426966, 0.5837037 , 0.38176638, 0.64786795,
       0.24380165, 0.88611111, 0.28730823, 0.421875  , 0.36461538]), array([0.48158254, 0.82589928, 0.59663866, 0.40203193, 0.65406977,
       0.22746186, 0.90846047, 0.27098675, 0.46685879, 0.35285285]), array([0.44950213, 0.83518006, 0.59533608, 0.35610465, 0.64022663,
       0.22928994, 0.90250696, 0.26995646, 0.41691843, 0.3903819 ]), array([0.47865854, 0.82281879, 0.57185629, 0.38427948, 0.64971751,
       0.23544974, 0.89111748, 0.28240109, 0.42732558, 0.40090772]), array([0.48498498, 0.80305132, 0.62095532, 0.36213992, 0.64977645,
       0.23201175, 0.89265537, 0.29420085, 0.40594059, 0.38107753])]

estim_algorithm = atc-model, mode = classification, metric = sensitivity, confidence_scores = entropy-conf, class_specific = True
test err: [0.17264857261754768, 0.159399551817234, 0.1728859852590829, 0.17319200612817734, 0.17135743323456035]
estimated metric: [array([0.83636364, 0.95555556, 0.63411765, 0.6899384 , 0.61076788,
       0.43111114, 0.6185567 , 0.54337902, 0.29096047, 0.36254983]), array([0.7962578 , 0.94080605, 0.62588236, 0.66666667, 0.59807693,
       0.41500003, 0.62315057, 0.43877554, 0.30154641, 0.36144581]), array([0.80586908, 0.94578313, 0.6343458 , 0.69823789, 0.60909091,
       0.43000003, 0.61263251, 0.54871797, 0.33888891, 0.39261747]), array([0.81057269, 0.93917275, 0.58952497, 0.67538127, 0.60603291,
       0.51569509, 0.6311804 , 0.54298645, 0.30352305, 0.40753427]), array([0.84051724, 0.95910781, 0.6173709 , 0.68453609, 0.61723447,
       0.46268659, 0.63430562, 0.50909093, 0.30362119, 0.3438486 ])]
real metric: [array([0.47076462, 0.83426966, 0.5837037 , 0.38176638, 0.64786795,
       0.24380165, 0.88611111, 0.28730823, 0.421875  , 0.36461538]), array([0.48158254, 0.82589928, 0.59663866, 0.40203193, 0.65406977,
       0.22746186, 0.90846047, 0.27098675, 0.46685879, 0.35285285]), array([0.44950213, 0.83518006, 0.59533608, 0.35610465, 0.64022663,
       0.22928994, 0.90250696, 0.26995646, 0.41691843, 0.3903819 ]), array([0.47865854, 0.82281879, 0.57185629, 0.38427948, 0.64971751,
       0.23544974, 0.89111748, 0.28240109, 0.42732558, 0.40090772]), array([0.48498498, 0.80305132, 0.62095532, 0.36213992, 0.64977645,
       0.23201175, 0.89265537, 0.29420085, 0.40594059, 0.38107753])]

estim_algorithm = atc-model, mode = classification, metric = sensitivity, confidence_scores = doctor-conf, class_specific = False
test err: [0.1570315713009349, 0.1590954563105006, 0.17937807790023874, 0.17081200092586782, 0.1652236139362922]
estimated metric: [array([0.53636365, 0.78395062, 0.49647059, 0.47227927, 0.54368932,
       0.50666669, 0.65396683, 0.58904111, 0.53672318, 0.62549802]), array([0.57172558, 0.75314862, 0.46117648, 0.46428572, 0.53942308,
       0.53000002, 0.66013925, 0.51530615, 0.52577321, 0.61445785]), array([0.54853274, 0.75301205, 0.46495328, 0.50000001, 0.5309091 ,
       0.55000002, 0.64929329, 0.574359  , 0.54722223, 0.61073827]), array([0.55286345, 0.77372263, 0.44823387, 0.49237474, 0.55941499,
       0.6233184 , 0.66726058, 0.61538463, 0.52303524, 0.62328768]), array([0.54094829, 0.76084263, 0.45892019, 0.46391754, 0.55310622,
       0.56218908, 0.6660862 , 0.5818182 , 0.5431755 , 0.59305995])]
real metric: [array([0.47076462, 0.83426966, 0.5837037 , 0.38176638, 0.64786795,
       0.24380165, 0.88611111, 0.28730823, 0.421875  , 0.36461538]), array([0.48158254, 0.82589928, 0.59663866, 0.40203193, 0.65406977,
       0.22746186, 0.90846047, 0.27098675, 0.46685879, 0.35285285]), array([0.44950213, 0.83518006, 0.59533608, 0.35610465, 0.64022663,
       0.22928994, 0.90250696, 0.26995646, 0.41691843, 0.3903819 ]), array([0.47865854, 0.82281879, 0.57185629, 0.38427948, 0.64971751,
       0.23544974, 0.89111748, 0.28240109, 0.42732558, 0.40090772]), array([0.48498498, 0.80305132, 0.62095532, 0.36213992, 0.64977645,
       0.23201175, 0.89265537, 0.29420085, 0.40594059, 0.38107753])]

estim_algorithm = atc-model, mode = classification, metric = sensitivity, confidence_scores = doctor-conf, class_specific = True
test err: [0.1755284051959219, 0.16131808595187744, 0.17582058816249074, 0.1802603417215288, 0.17773276547202543]
estimated metric: [array([0.83863637, 0.94691358, 0.6682353 , 0.67761808, 0.59664608,
       0.44000002, 0.61631556, 0.53881281, 0.30225991, 0.35856576]), array([0.80665281, 0.93324937, 0.6482353 , 0.67063493, 0.59326923,
       0.42000003, 0.62489121, 0.43877554, 0.31958765, 0.36144581]), array([0.82167043, 0.93614458, 0.66471963, 0.70484582, 0.59454546,
       0.43000003, 0.6135159 , 0.53846156, 0.35833335, 0.38590606]), array([0.82158591, 0.93673966, 0.63702802, 0.67755992, 0.60420476,
       0.53811661, 0.63028953, 0.54751133, 0.31436316, 0.40068495]), array([0.85344828, 0.95786865, 0.63967137, 0.68659794, 0.59719439,
       0.48258709, 0.63212887, 0.50909093, 0.32033428, 0.33438488])]
real metric: [array([0.47076462, 0.83426966, 0.5837037 , 0.38176638, 0.64786795,
       0.24380165, 0.88611111, 0.28730823, 0.421875  , 0.36461538]), array([0.48158254, 0.82589928, 0.59663866, 0.40203193, 0.65406977,
       0.22746186, 0.90846047, 0.27098675, 0.46685879, 0.35285285]), array([0.44950213, 0.83518006, 0.59533608, 0.35610465, 0.64022663,
       0.22928994, 0.90250696, 0.26995646, 0.41691843, 0.3903819 ]), array([0.47865854, 0.82281879, 0.57185629, 0.38427948, 0.64971751,
       0.23544974, 0.89111748, 0.28240109, 0.42732558, 0.40090772]), array([0.48498498, 0.80305132, 0.62095532, 0.36213992, 0.64977645,
       0.23201175, 0.89265537, 0.29420085, 0.40594059, 0.38107753])]

estim_algorithm = ts-atc-model, mode = classification, metric = sensitivity, confidence_scores = max_class_probability-conf, class_specific = False
test err: [0.15329905858672893, 0.15539297923279163, 0.17155543461197434, 0.16426891259703638, 0.1604361608803097]
estimated metric: [array([0.47500001, 0.76666667, 0.4682353 , 0.45995894, 0.51897617,
       0.50666669, 0.6109368 , 0.62557079, 0.48305086, 0.56573707]), array([0.50519752, 0.72040303, 0.42705883, 0.42460319, 0.50865385,
       0.53000002, 0.6205396 , 0.54081635, 0.46134022, 0.57429721]), array([0.47178331, 0.72650603, 0.45794393, 0.46916301, 0.49909091,
       0.50500002, 0.60865725, 0.60512823, 0.50833335, 0.58724834]), array([0.5044053 , 0.75182482, 0.42630939, 0.44880175, 0.52742231,
       0.60986549, 0.62939867, 0.63348418, 0.45528457, 0.59931508]), array([0.48922415, 0.74225527, 0.42370893, 0.42268042, 0.52605211,
       0.56218908, 0.61819765, 0.59545456, 0.46796659, 0.57097793])]
real metric: [array([0.47076462, 0.83426966, 0.5837037 , 0.38176638, 0.64786795,
       0.24380165, 0.88611111, 0.28730823, 0.421875  , 0.36461538]), array([0.48158254, 0.82589928, 0.59663866, 0.40203193, 0.65406977,
       0.22746186, 0.90846047, 0.27098675, 0.46685879, 0.35285285]), array([0.44950213, 0.83518006, 0.59533608, 0.35610465, 0.64022663,
       0.22928994, 0.90250696, 0.26995646, 0.41691843, 0.3903819 ]), array([0.47865854, 0.82281879, 0.57185629, 0.38427948, 0.64971751,
       0.23544974, 0.89111748, 0.28240109, 0.42732558, 0.40090772]), array([0.48498498, 0.80305132, 0.62095532, 0.36213992, 0.64977645,
       0.23201175, 0.89265537, 0.29420085, 0.40594059, 0.38107753])]

estim_algorithm = ts-atc-model, mode = classification, metric = sensitivity, confidence_scores = max_class_probability-conf, class_specific = True
test err: [0.18761314247780458, 0.1842516545734054, 0.19705292088034615, 0.18506362659573475, 0.19872156850277448]
estimated metric: [array([0.89090909, 0.96419753, 0.6482353 , 0.70020534, 0.60812004,
       0.34222225, 0.60510982, 0.5342466 , 0.21468929, 0.29482075]), array([0.8939709 , 0.96095718, 0.62470589, 0.67460318, 0.59326923,
       0.39000003, 0.61531767, 0.47959186, 0.23711342, 0.31325304]), array([0.90293454, 0.96024096, 0.6390187 , 0.71365639, 0.60454546,
       0.37500003, 0.59938163, 0.53333336, 0.23888891, 0.32550338]), array([0.88986784, 0.95255475, 0.59805116, 0.67320262, 0.60329068,
       0.42152469, 0.62449889, 0.54298645, 0.23035232, 0.36301372]), array([0.92456897, 0.9739777 , 0.62206573, 0.69896908, 0.62024048,
       0.42786072, 0.61210274, 0.54545457, 0.20891367, 0.29652999])]
real metric: [array([0.47076462, 0.83426966, 0.5837037 , 0.38176638, 0.64786795,
       0.24380165, 0.88611111, 0.28730823, 0.421875  , 0.36461538]), array([0.48158254, 0.82589928, 0.59663866, 0.40203193, 0.65406977,
       0.22746186, 0.90846047, 0.27098675, 0.46685879, 0.35285285]), array([0.44950213, 0.83518006, 0.59533608, 0.35610465, 0.64022663,
       0.22928994, 0.90250696, 0.26995646, 0.41691843, 0.3903819 ]), array([0.47865854, 0.82281879, 0.57185629, 0.38427948, 0.64971751,
       0.23544974, 0.89111748, 0.28240109, 0.42732558, 0.40090772]), array([0.48498498, 0.80305132, 0.62095532, 0.36213992, 0.64977645,
       0.23201175, 0.89265537, 0.29420085, 0.40594059, 0.38107753])]

estim_algorithm = ts-atc-model, mode = classification, metric = sensitivity, confidence_scores = energy-conf, class_specific = False
test err: [0.19976243349638315, 0.20104639379480704, 0.19594330398630147, 0.19350217546315907, 0.20190759700991096]
estimated metric: [array([0.30000002, 0.67901235, 0.48588236, 0.56057496, 0.54104149,
       0.71111112, 0.55535634, 0.62557079, 0.39548024, 0.49003986]), array([0.29729731, 0.62090681, 0.48352942, 0.52182541, 0.53942308,
       0.64000002, 0.55570061, 0.57142859, 0.38402063, 0.47791167]), array([0.2911964 , 0.63855422, 0.51869159, 0.56167402, 0.54181819,
       0.64000002, 0.56316255, 0.60000002, 0.38611113, 0.50335572]), array([0.32819385, 0.64355232, 0.48721072, 0.56644881, 0.57038392,
       0.62780271, 0.57193764, 0.66515839, 0.38211384, 0.52054796]), array([0.33189657, 0.62205701, 0.4730047 , 0.55051547, 0.56112225,
       0.68159206, 0.55724859, 0.6318182 , 0.37325907, 0.48580443])]
real metric: [array([0.47076462, 0.83426966, 0.5837037 , 0.38176638, 0.64786795,
       0.24380165, 0.88611111, 0.28730823, 0.421875  , 0.36461538]), array([0.48158254, 0.82589928, 0.59663866, 0.40203193, 0.65406977,
       0.22746186, 0.90846047, 0.27098675, 0.46685879, 0.35285285]), array([0.44950213, 0.83518006, 0.59533608, 0.35610465, 0.64022663,
       0.22928994, 0.90250696, 0.26995646, 0.41691843, 0.3903819 ]), array([0.47865854, 0.82281879, 0.57185629, 0.38427948, 0.64971751,
       0.23544974, 0.89111748, 0.28240109, 0.42732558, 0.40090772]), array([0.48498498, 0.80305132, 0.62095532, 0.36213992, 0.64977645,
       0.23201175, 0.89265537, 0.29420085, 0.40594059, 0.38107753])]

estim_algorithm = ts-atc-model, mode = classification, metric = sensitivity, confidence_scores = energy-conf, class_specific = True
test err: [0.19893581086113002, 0.19205446931053766, 0.20045865496860266, 0.19597129166764513, 0.20615512513293402]
estimated metric: [array([0.81363637, 0.95308642, 0.64941177, 0.73305955, 0.6619594 ,
       0.37333336, 0.55849395, 0.49315071, 0.14971754, 0.20318728]), array([0.80249481, 0.92947103, 0.62117648, 0.69444445, 0.6673077 ,
       0.42000003, 0.55874674, 0.44897962, 0.15721652, 0.2168675 ]), array([0.76297969, 0.93855422, 0.65537384, 0.70264318, 0.65363637,
       0.41500003, 0.56537103, 0.49743592, 0.15833336, 0.23154365]), array([0.80837005, 0.94403893, 0.6406821 , 0.71241831, 0.67184644,
       0.37219734, 0.57327394, 0.52941179, 0.14905151, 0.29109591]), array([0.80387931, 0.95291202, 0.65375587, 0.69278351, 0.67034068,
       0.4427861 , 0.56029604, 0.51363639, 0.14206131, 0.1987382 ])]
real metric: [array([0.47076462, 0.83426966, 0.5837037 , 0.38176638, 0.64786795,
       0.24380165, 0.88611111, 0.28730823, 0.421875  , 0.36461538]), array([0.48158254, 0.82589928, 0.59663866, 0.40203193, 0.65406977,
       0.22746186, 0.90846047, 0.27098675, 0.46685879, 0.35285285]), array([0.44950213, 0.83518006, 0.59533608, 0.35610465, 0.64022663,
       0.22928994, 0.90250696, 0.26995646, 0.41691843, 0.3903819 ]), array([0.47865854, 0.82281879, 0.57185629, 0.38427948, 0.64971751,
       0.23544974, 0.89111748, 0.28240109, 0.42732558, 0.40090772]), array([0.48498498, 0.80305132, 0.62095532, 0.36213992, 0.64977645,
       0.23201175, 0.89265537, 0.29420085, 0.40594059, 0.38107753])]

estim_algorithm = ts-atc-model, mode = classification, metric = sensitivity, confidence_scores = entropy-conf, class_specific = False
test err: [0.16188424729483114, 0.16101664831368062, 0.1712528483124549, 0.15980800438806267, 0.16740645854960456]
estimated metric: [array([0.42954547, 0.74567902, 0.43529412, 0.44763862, 0.49779347,
       0.51555558, 0.58449126, 0.62100458, 0.4463277 , 0.55776894]), array([0.46361747, 0.71032746, 0.41294118, 0.39285715, 0.48653847,
       0.52500002, 0.59442994, 0.55102043, 0.43556702, 0.54618476]), array([0.43115125, 0.72168675, 0.44275702, 0.45594715, 0.5       ,
       0.52500002, 0.58745583, 0.60512823, 0.47222224, 0.57718122]), array([0.47577094, 0.74695864, 0.40925701, 0.44226581, 0.52285192,
       0.56502244, 0.60445434, 0.64705884, 0.43360435, 0.58561645]), array([0.45258622, 0.72862454, 0.40258217, 0.40000001, 0.51803608,
       0.56218908, 0.59468873, 0.62272729, 0.4512535 , 0.55835964])]
real metric: [array([0.47076462, 0.83426966, 0.5837037 , 0.38176638, 0.64786795,
       0.24380165, 0.88611111, 0.28730823, 0.421875  , 0.36461538]), array([0.48158254, 0.82589928, 0.59663866, 0.40203193, 0.65406977,
       0.22746186, 0.90846047, 0.27098675, 0.46685879, 0.35285285]), array([0.44950213, 0.83518006, 0.59533608, 0.35610465, 0.64022663,
       0.22928994, 0.90250696, 0.26995646, 0.41691843, 0.3903819 ]), array([0.47865854, 0.82281879, 0.57185629, 0.38427948, 0.64971751,
       0.23544974, 0.89111748, 0.28240109, 0.42732558, 0.40090772]), array([0.48498498, 0.80305132, 0.62095532, 0.36213992, 0.64977645,
       0.23201175, 0.89265537, 0.29420085, 0.40594059, 0.38107753])]

estim_algorithm = ts-atc-model, mode = classification, metric = sensitivity, confidence_scores = entropy-conf, class_specific = True
test err: [0.17824298873564876, 0.17687030897986733, 0.18338753757905046, 0.17768837107651006, 0.1929916415874261]
estimated metric: [array([0.85      , 0.95679012, 0.63058824, 0.65297742, 0.619594  ,
       0.32000003, 0.58762887, 0.52511418, 0.19774014, 0.2669323 ]), array([0.82328483, 0.94458438, 0.61294118, 0.63492064, 0.62884616,
       0.38500003, 0.59747607, 0.50510207, 0.21134023, 0.27710846]), array([0.8442438 , 0.94457831, 0.61214954, 0.68061675, 0.63909091,
       0.37000003, 0.58657244, 0.52307695, 0.2277778 , 0.30201345]), array([0.83039648, 0.94160584, 0.59926919, 0.66666667, 0.63893967,
       0.39013456, 0.60222717, 0.54751133, 0.20867211, 0.34246578]), array([0.87068966, 0.96034696, 0.59389672, 0.65360825, 0.6492986 ,
       0.41791048, 0.59730083, 0.54545457, 0.18662955, 0.26498425])]
real metric: [array([0.47076462, 0.83426966, 0.5837037 , 0.38176638, 0.64786795,
       0.24380165, 0.88611111, 0.28730823, 0.421875  , 0.36461538]), array([0.48158254, 0.82589928, 0.59663866, 0.40203193, 0.65406977,
       0.22746186, 0.90846047, 0.27098675, 0.46685879, 0.35285285]), array([0.44950213, 0.83518006, 0.59533608, 0.35610465, 0.64022663,
       0.22928994, 0.90250696, 0.26995646, 0.41691843, 0.3903819 ]), array([0.47865854, 0.82281879, 0.57185629, 0.38427948, 0.64971751,
       0.23544974, 0.89111748, 0.28240109, 0.42732558, 0.40090772]), array([0.48498498, 0.80305132, 0.62095532, 0.36213992, 0.64977645,
       0.23201175, 0.89265537, 0.29420085, 0.40594059, 0.38107753])]

estim_algorithm = ts-atc-model, mode = classification, metric = sensitivity, confidence_scores = doctor-conf, class_specific = False
test err: [0.16214375407123868, 0.1629147378196866, 0.1714253088186918, 0.15923488030323993, 0.16779329128005505]
estimated metric: [array([0.43181819, 0.74691358, 0.44000001, 0.449692  , 0.50132392,
       0.52000002, 0.58628418, 0.62100458, 0.45197742, 0.56175301]), array([0.46361747, 0.71032746, 0.4164706 , 0.39880954, 0.4875    ,
       0.53000002, 0.59442994, 0.57142859, 0.43556702, 0.55020082]), array([0.43566593, 0.72168675, 0.44509346, 0.46035243, 0.50181819,
       0.52500002, 0.58922262, 0.60512823, 0.48333335, 0.57382552]), array([0.47356829, 0.74939173, 0.41412912, 0.44008716, 0.52285192,
       0.56502244, 0.60489978, 0.64705884, 0.43902441, 0.5821918 ]), array([0.45043105, 0.73110285, 0.40492958, 0.40412372, 0.51703407,
       0.56218908, 0.59643013, 0.62272729, 0.4512535 , 0.56151421])]
real metric: [array([0.47076462, 0.83426966, 0.5837037 , 0.38176638, 0.64786795,
       0.24380165, 0.88611111, 0.28730823, 0.421875  , 0.36461538]), array([0.48158254, 0.82589928, 0.59663866, 0.40203193, 0.65406977,
       0.22746186, 0.90846047, 0.27098675, 0.46685879, 0.35285285]), array([0.44950213, 0.83518006, 0.59533608, 0.35610465, 0.64022663,
       0.22928994, 0.90250696, 0.26995646, 0.41691843, 0.3903819 ]), array([0.47865854, 0.82281879, 0.57185629, 0.38427948, 0.64971751,
       0.23544974, 0.89111748, 0.28240109, 0.42732558, 0.40090772]), array([0.48498498, 0.80305132, 0.62095532, 0.36213992, 0.64977645,
       0.23201175, 0.89265537, 0.29420085, 0.40594059, 0.38107753])]

estim_algorithm = ts-atc-model, mode = classification, metric = sensitivity, confidence_scores = doctor-conf, class_specific = True
test err: [0.17766935108160262, 0.174825976353718, 0.18095794946435995, 0.1792847698804066, 0.1873110400364068]
estimated metric: [array([0.83863637, 0.94567901, 0.63882353, 0.64887064, 0.6125331 ,
       0.32444447, 0.58493949, 0.53881281, 0.20903957, 0.27091636]), array([0.80873181, 0.92947103, 0.62117648, 0.64087302, 0.62115385,
       0.39000003, 0.59530026, 0.51020411, 0.22422682, 0.28915666]), array([0.8194131 , 0.93493976, 0.62032711, 0.67180617, 0.63272728,
       0.37000003, 0.58524735, 0.53846156, 0.23333335, 0.30872486]), array([0.81938326, 0.93673966, 0.59926919, 0.66013073, 0.6261426 ,
       0.40807178, 0.60222717, 0.57013577, 0.21680219, 0.34931509]), array([0.84482759, 0.95291202, 0.60328639, 0.64536083, 0.64328658,
       0.41791048, 0.59730083, 0.55454547, 0.19498609, 0.27760255])]
real metric: [array([0.47076462, 0.83426966, 0.5837037 , 0.38176638, 0.64786795,
       0.24380165, 0.88611111, 0.28730823, 0.421875  , 0.36461538]), array([0.48158254, 0.82589928, 0.59663866, 0.40203193, 0.65406977,
       0.22746186, 0.90846047, 0.27098675, 0.46685879, 0.35285285]), array([0.44950213, 0.83518006, 0.59533608, 0.35610465, 0.64022663,
       0.22928994, 0.90250696, 0.26995646, 0.41691843, 0.3903819 ]), array([0.47865854, 0.82281879, 0.57185629, 0.38427948, 0.64971751,
       0.23544974, 0.89111748, 0.28240109, 0.42732558, 0.40090772]), array([0.48498498, 0.80305132, 0.62095532, 0.36213992, 0.64977645,
       0.23201175, 0.89265537, 0.29420085, 0.40594059, 0.38107753])]

