estim_algorithm = moval-ensemble-cls-f1score, mode = classification, metric = f1score
test err: [0.05675263967426336, 0.05460943443197228, 0.05784047313466639, 0.04900608002055804, 0.04546348648483274]
estimated metric: [array([0.5054036 , 0.67479886, 0.58483755, 0.4778068 , 0.60681977,
       0.41042895, 0.62464184, 0.71428572, 0.44943821, 0.57623144]), array([0.50386441, 0.70519049, 0.60452323, 0.44674158, 0.60123542,
       0.41218927, 0.61986558, 0.65105387, 0.4833703 , 0.56547858]), array([0.54426492, 0.67892572, 0.56057867, 0.4551224 , 0.60212458,
       0.46250001, 0.61398177, 0.70260664, 0.44508257, 0.5637255 ]), array([0.51331003, 0.6892911 , 0.60028209, 0.46386397, 0.6166065 ,
       0.41888414, 0.67080746, 0.63856169, 0.4088146 , 0.5852728 ]), array([0.53284072, 0.70039293, 0.60233559, 0.48272922, 0.5900858 ,
       0.42176872, 0.60000001, 0.6990401 , 0.46844321, 0.55871447])]
real metric: [array([0.50688705, 0.77561608, 0.60487145, 0.50341168, 0.59171598,
       0.48062016, 0.57342657, 0.57279693, 0.49905123, 0.66820631]), array([0.52228797, 0.80152672, 0.63157895, 0.50965251, 0.59527922,
       0.48875855, 0.5578635 , 0.62697674, 0.53740157, 0.68421053]), array([0.53736089, 0.78966346, 0.59377163, 0.50521251, 0.57073761,
       0.49480642, 0.54720617, 0.60780669, 0.5300286 , 0.63099042]), array([0.51743265, 0.77530236, 0.61200775, 0.48314607, 0.59299517,
       0.47581441, 0.57929725, 0.61494797, 0.49708738, 0.67025365]), array([0.52315191, 0.7815231 , 0.61453287, 0.4832    , 0.60283688,
       0.52591894, 0.58252427, 0.64240218, 0.51546392, 0.67182663])]

