estim_algorithm = ac-model, mode = classification, metric = sensitivity, confidence_scores = max_class_probability-conf, class_specific = False
test err: [0.3536256214364205, 0.3558310748952712, 0.34394734225680157, 0.3527894182713475, 0.34767938952227945]
estimated metric: [array([0.8059956 , 0.89413652, 0.77784097, 0.75370027, 0.77575922,
       0.76695176, 0.79356142, 0.82868941, 0.82576583, 0.82312114]), array([0.8094765 , 0.89989124, 0.77756941, 0.77515401, 0.76927027,
       0.77058182, 0.80056545, 0.81134465, 0.78422162, 0.84163312]), array([0.78427912, 0.88831219, 0.77401812, 0.74257828, 0.76590957,
       0.79990352, 0.80292321, 0.81790304, 0.80608844, 0.82229609]), array([0.7965267 , 0.8939391 , 0.78174206, 0.76083941, 0.77214888,
       0.82123642, 0.7989433 , 0.82324796, 0.79856459, 0.82210809]), array([0.81831059, 0.89721438, 0.77127768, 0.76968355, 0.7707027 ,
       0.76198807, 0.79387196, 0.81047572, 0.80835113, 0.81446007])]
real metric: [array([0.28165007, 0.87701318, 0.79606188, 0.40519878, 0.59888579,
       0.11836115, 0.84852547, 0.15691869, 0.36680614, 0.20621469]), array([0.27719821, 0.83261803, 0.81016442, 0.40298507, 0.58393113,
       0.1378866 , 0.83676471, 0.16011236, 0.39185393, 0.18547141]), array([0.29172714, 0.84782609, 0.78851541, 0.39078752, 0.59119497,
       0.13239437, 0.82251656, 0.15804196, 0.37971014, 0.23020528]), array([0.31176471, 0.84308131, 0.80234261, 0.39915966, 0.57554945,
       0.14228188, 0.8272328 , 0.14851485, 0.36858476, 0.22067039]), array([0.31964809, 0.87242268, 0.79635258, 0.41143654, 0.57142857,
       0.12537313, 0.83880171, 0.13913043, 0.36940837, 0.23554913])]

estim_algorithm = ac-model, mode = classification, metric = sensitivity, confidence_scores = energy-conf, class_specific = False
test err: [0.2976367698055447, 0.29383770927623987, 0.2918805612306021, 0.28935136407980355, 0.29640645463459464]
estimated metric: [array([0.16895848, 0.2573184 , 0.17746183, 0.18704309, 0.19187102,
       0.21092798, 0.20694802, 0.23109248, 0.19203593, 0.22333724]), array([0.17177602, 0.25194151, 0.17775854, 0.1967905 , 0.19196345,
       0.22478196, 0.20714773, 0.21156524, 0.17169788, 0.21906039]), array([0.16468231, 0.25951458, 0.17754215, 0.18778716, 0.18583265,
       0.21213326, 0.20892727, 0.23697917, 0.18059196, 0.21747551]), array([0.17462395, 0.25696299, 0.17988056, 0.19260846, 0.19202611,
       0.23455465, 0.20740881, 0.20883263, 0.1835487 , 0.22093779]), array([0.17510214, 0.26599796, 0.17588545, 0.19820002, 0.18522257,
       0.20770699, 0.21086575, 0.22409178, 0.18554128, 0.22146317])]
real metric: [array([0.28165007, 0.87701318, 0.79606188, 0.40519878, 0.59888579,
       0.11836115, 0.84852547, 0.15691869, 0.36680614, 0.20621469]), array([0.27719821, 0.83261803, 0.81016442, 0.40298507, 0.58393113,
       0.1378866 , 0.83676471, 0.16011236, 0.39185393, 0.18547141]), array([0.29172714, 0.84782609, 0.78851541, 0.39078752, 0.59119497,
       0.13239437, 0.82251656, 0.15804196, 0.37971014, 0.23020528]), array([0.31176471, 0.84308131, 0.80234261, 0.39915966, 0.57554945,
       0.14228188, 0.8272328 , 0.14851485, 0.36858476, 0.22067039]), array([0.31964809, 0.87242268, 0.79635258, 0.41143654, 0.57142857,
       0.12537313, 0.83880171, 0.13913043, 0.36940837, 0.23554913])]

estim_algorithm = ac-model, mode = classification, metric = sensitivity, confidence_scores = entropy-conf, class_specific = False
test err: [0.33882789451850104, 0.339732922804466, 0.32778613172484444, 0.33583106135930507, 0.33087359589527154]
estimated metric: [array([0.76986898, 0.86823394, 0.74290314, 0.72423187, 0.74476322,
       0.75035271, 0.76557589, 0.80647804, 0.78623645, 0.79549543]), array([0.77336826, 0.87415017, 0.74231985, 0.74751298, 0.7414904 ,
       0.75876785, 0.77042375, 0.77821307, 0.74421941, 0.81747831]), array([0.74755145, 0.86478821, 0.74069347, 0.72150837, 0.73318117,
       0.78032922, 0.77379078, 0.79555931, 0.76564058, 0.79464276]), array([0.76305574, 0.86829819, 0.74835027, 0.73497677, 0.7403121 ,
       0.79905653, 0.76906096, 0.78248974, 0.75966701, 0.80789737]), array([0.78205897, 0.87570582, 0.73682957, 0.7444162 , 0.73582658,
       0.73836366, 0.76639517, 0.78037223, 0.7697803 , 0.7946796 ])]
real metric: [array([0.28165007, 0.87701318, 0.79606188, 0.40519878, 0.59888579,
       0.11836115, 0.84852547, 0.15691869, 0.36680614, 0.20621469]), array([0.27719821, 0.83261803, 0.81016442, 0.40298507, 0.58393113,
       0.1378866 , 0.83676471, 0.16011236, 0.39185393, 0.18547141]), array([0.29172714, 0.84782609, 0.78851541, 0.39078752, 0.59119497,
       0.13239437, 0.82251656, 0.15804196, 0.37971014, 0.23020528]), array([0.31176471, 0.84308131, 0.80234261, 0.39915966, 0.57554945,
       0.14228188, 0.8272328 , 0.14851485, 0.36858476, 0.22067039]), array([0.31964809, 0.87242268, 0.79635258, 0.41143654, 0.57142857,
       0.12537313, 0.83880171, 0.13913043, 0.36940837, 0.23554913])]

estim_algorithm = ac-model, mode = classification, metric = sensitivity, confidence_scores = doctor-conf, class_specific = False
test err: [0.4316229556982288, 0.43389636901773165, 0.42983181294145323, 0.4333347953265013, 0.427417515923551]
estimated metric: [array([0.89223582, 0.94103355, 0.88235582, 0.86510197, 0.88055547,
       0.88604425, 0.89154945, 0.91626641, 0.90465464, 0.912068  ]), array([0.89311167, 0.94730276, 0.88159008, 0.87977767, 0.87561926,
       0.88336007, 0.89525139, 0.89979641, 0.87803534, 0.92410489]), array([0.87977214, 0.93839691, 0.88038933, 0.85988056, 0.87325785,
       0.90090495, 0.8982036 , 0.90667457, 0.8894773 , 0.90428035]), array([0.8874324 , 0.94185496, 0.8855682 , 0.87191321, 0.87617695,
       0.90935996, 0.89568169, 0.90545985, 0.88669249, 0.91239066]), array([0.90531373, 0.94307115, 0.87952631, 0.87729927, 0.87572943,
       0.87669987, 0.89095447, 0.90623134, 0.89245949, 0.90644136])]
real metric: [array([0.28165007, 0.87701318, 0.79606188, 0.40519878, 0.59888579,
       0.11836115, 0.84852547, 0.15691869, 0.36680614, 0.20621469]), array([0.27719821, 0.83261803, 0.81016442, 0.40298507, 0.58393113,
       0.1378866 , 0.83676471, 0.16011236, 0.39185393, 0.18547141]), array([0.29172714, 0.84782609, 0.78851541, 0.39078752, 0.59119497,
       0.13239437, 0.82251656, 0.15804196, 0.37971014, 0.23020528]), array([0.31176471, 0.84308131, 0.80234261, 0.39915966, 0.57554945,
       0.14228188, 0.8272328 , 0.14851485, 0.36858476, 0.22067039]), array([0.31964809, 0.87242268, 0.79635258, 0.41143654, 0.57142857,
       0.12537313, 0.83880171, 0.13913043, 0.36940837, 0.23554913])]

estim_algorithm = ts-model, mode = classification, metric = sensitivity, confidence_scores = max_class_probability-conf, class_specific = False
test err: [0.264424732918474, 0.25598962051201374, 0.2511324423823405, 0.2542121485603183, 0.2515471949153112]
estimated metric: [array([0.55766085, 0.71516664, 0.52858563, 0.51801496, 0.53771686,
       0.54169732, 0.56576184, 0.60552979, 0.58007184, 0.60316673]), array([0.56208562, 0.71353918, 0.52751261, 0.53830088, 0.53614934,
       0.5614175 , 0.56814706, 0.57796776, 0.53830729, 0.61919465]), array([0.53820907, 0.7101906 , 0.52654102, 0.51417135, 0.52508806,
       0.56748475, 0.57202821, 0.59618265, 0.56405648, 0.59788141]), array([0.55740972, 0.71391396, 0.53284337, 0.52747905, 0.5341625 ,
       0.59897973, 0.56547997, 0.57527575, 0.56037271, 0.61177441]), array([0.56701958, 0.72869053, 0.52023778, 0.53675023, 0.52656315,
       0.53679103, 0.56838052, 0.57166952, 0.56681968, 0.60183404])]
real metric: [array([0.28165007, 0.87701318, 0.79606188, 0.40519878, 0.59888579,
       0.11836115, 0.84852547, 0.15691869, 0.36680614, 0.20621469]), array([0.27719821, 0.83261803, 0.81016442, 0.40298507, 0.58393113,
       0.1378866 , 0.83676471, 0.16011236, 0.39185393, 0.18547141]), array([0.29172714, 0.84782609, 0.78851541, 0.39078752, 0.59119497,
       0.13239437, 0.82251656, 0.15804196, 0.37971014, 0.23020528]), array([0.31176471, 0.84308131, 0.80234261, 0.39915966, 0.57554945,
       0.14228188, 0.8272328 , 0.14851485, 0.36858476, 0.22067039]), array([0.31964809, 0.87242268, 0.79635258, 0.41143654, 0.57142857,
       0.12537313, 0.83880171, 0.13913043, 0.36940837, 0.23554913])]

estim_algorithm = ts-model, mode = classification, metric = sensitivity, confidence_scores = max_class_probability-conf, class_specific = True
test err: [0.24314520936952017, 0.25646491471147925, 0.23897346861345206, 0.24519623495325157, 0.2391265908556987]
estimated metric: [array([0.93439286, 0.9526763 , 0.71826515, 0.70619889, 0.66649691,
       0.48929613, 0.54439696, 0.4924748 , 0.30791228, 0.39333945]), array([0.93427811, 0.9563224 , 0.71778118, 0.72915305, 0.66243372,
       0.50956847, 0.54637472, 0.46796358, 0.28461996, 0.39512543]), array([0.92281644, 0.945675  , 0.71497206, 0.69736487, 0.65417877,
       0.50988251, 0.55030307, 0.48713589, 0.29494521, 0.38433676]), array([0.93291114, 0.95183322, 0.72284149, 0.71459125, 0.66212429,
       0.5416519 , 0.54383911, 0.46405709, 0.29851114, 0.39284729]), array([0.94682295, 0.95084815, 0.71069443, 0.72447569, 0.65740496,
       0.48561775, 0.54726465, 0.46453733, 0.3014778 , 0.39142188])]
real metric: [array([0.28165007, 0.87701318, 0.79606188, 0.40519878, 0.59888579,
       0.11836115, 0.84852547, 0.15691869, 0.36680614, 0.20621469]), array([0.27719821, 0.83261803, 0.81016442, 0.40298507, 0.58393113,
       0.1378866 , 0.83676471, 0.16011236, 0.39185393, 0.18547141]), array([0.29172714, 0.84782609, 0.78851541, 0.39078752, 0.59119497,
       0.13239437, 0.82251656, 0.15804196, 0.37971014, 0.23020528]), array([0.31176471, 0.84308131, 0.80234261, 0.39915966, 0.57554945,
       0.14228188, 0.8272328 , 0.14851485, 0.36858476, 0.22067039]), array([0.31964809, 0.87242268, 0.79635258, 0.41143654, 0.57142857,
       0.12537313, 0.83880171, 0.13913043, 0.36940837, 0.23554913])]

estim_algorithm = ts-model, mode = classification, metric = sensitivity, confidence_scores = energy-conf, class_specific = False
test err: [0.3230923258366298, 0.3178655106799869, 0.3123909473725093, 0.31476928645205965, 0.3177164196893915]
estimated metric: [array([0.69805308, 0.71540428, 0.70440005, 0.70986519, 0.70988626,
       0.71705576, 0.71255335, 0.72052322, 0.70593193, 0.71440028]), array([0.69859099, 0.71397214, 0.70463773, 0.71205237, 0.70988123,
       0.72140621, 0.71265461, 0.71529988, 0.7013805 , 0.71119996]), array([0.69769139, 0.71693976, 0.70459538, 0.71020111, 0.70869114,
       0.71587871, 0.71295704, 0.72464442, 0.70296724, 0.71353096]), array([0.69976996, 0.71557581, 0.70490731, 0.71111702, 0.71014231,
       0.72264229, 0.71307954, 0.7150123 , 0.70407381, 0.71236682]), array([0.69956035, 0.71753017, 0.70443498, 0.71285154, 0.70836902,
       0.71654448, 0.71393113, 0.72221544, 0.70423239, 0.71368455])]
real metric: [array([0.28165007, 0.87701318, 0.79606188, 0.40519878, 0.59888579,
       0.11836115, 0.84852547, 0.15691869, 0.36680614, 0.20621469]), array([0.27719821, 0.83261803, 0.81016442, 0.40298507, 0.58393113,
       0.1378866 , 0.83676471, 0.16011236, 0.39185393, 0.18547141]), array([0.29172714, 0.84782609, 0.78851541, 0.39078752, 0.59119497,
       0.13239437, 0.82251656, 0.15804196, 0.37971014, 0.23020528]), array([0.31176471, 0.84308131, 0.80234261, 0.39915966, 0.57554945,
       0.14228188, 0.8272328 , 0.14851485, 0.36858476, 0.22067039]), array([0.31964809, 0.87242268, 0.79635258, 0.41143654, 0.57142857,
       0.12537313, 0.83880171, 0.13913043, 0.36940837, 0.23554913])]

estim_algorithm = ts-model, mode = classification, metric = sensitivity, confidence_scores = energy-conf, class_specific = True
test err: [0.27524773054671037, 0.2821082368290369, 0.27561972144557917, 0.2732512322392161, 0.2719624327071112]
estimated metric: [array([0.94975016, 0.95682719, 0.84779812, 0.80964144, 0.81525874,
       0.59888791, 0.69225416, 0.59737808, 0.35611713, 0.45027959]), array([0.95009351, 0.9559331 , 0.84802768, 0.81153832, 0.81525619,
       0.60412548, 0.69235855, 0.59102159, 0.34608298, 0.44527663]), array([0.9495343 , 0.95712081, 0.84798774, 0.80993631, 0.8142546 ,
       0.59753453, 0.69267142, 0.60218621, 0.34951359, 0.44829375]), array([0.95080472, 0.95644248, 0.84824643, 0.81071957, 0.81548214,
       0.60564965, 0.69279128, 0.59062219, 0.35213144, 0.44701518]), array([0.9507438 , 0.95772027, 0.84786529, 0.81225698, 0.81396088,
       0.59829143, 0.69367528, 0.59914017, 0.35269029, 0.44914217])]
real metric: [array([0.28165007, 0.87701318, 0.79606188, 0.40519878, 0.59888579,
       0.11836115, 0.84852547, 0.15691869, 0.36680614, 0.20621469]), array([0.27719821, 0.83261803, 0.81016442, 0.40298507, 0.58393113,
       0.1378866 , 0.83676471, 0.16011236, 0.39185393, 0.18547141]), array([0.29172714, 0.84782609, 0.78851541, 0.39078752, 0.59119497,
       0.13239437, 0.82251656, 0.15804196, 0.37971014, 0.23020528]), array([0.31176471, 0.84308131, 0.80234261, 0.39915966, 0.57554945,
       0.14228188, 0.8272328 , 0.14851485, 0.36858476, 0.22067039]), array([0.31964809, 0.87242268, 0.79635258, 0.41143654, 0.57142857,
       0.12537313, 0.83880171, 0.13913043, 0.36940837, 0.23554913])]

estim_algorithm = ts-model, mode = classification, metric = sensitivity, confidence_scores = entropy-conf, class_specific = False
test err: [0.2644655749416428, 0.2546349945000922, 0.25043967455987703, 0.2526984697786183, 0.25076331917841876]
estimated metric: [array([0.53584864, 0.69615605, 0.51585014, 0.51482601, 0.53005904,
       0.55262154, 0.56400648, 0.60544955, 0.55438153, 0.60226338]), array([0.53750164, 0.69388533, 0.51551053, 0.53680357, 0.52982983,
       0.57231819, 0.5642063 , 0.56673923, 0.5121378 , 0.61631081]), array([0.51517539, 0.69188548, 0.51514807, 0.51540357, 0.51654   ,
       0.57011748, 0.56860477, 0.59801178, 0.5374474 , 0.59323283]), array([0.53815173, 0.69526823, 0.52249372, 0.52658893, 0.52747285,
       0.60416912, 0.56235954, 0.55804644, 0.53520285, 0.61519006]), array([0.54707784, 0.71282527, 0.50948854, 0.53643606, 0.51631507,
       0.54179282, 0.56691284, 0.567695  , 0.54032989, 0.60138346])]
real metric: [array([0.28165007, 0.87701318, 0.79606188, 0.40519878, 0.59888579,
       0.11836115, 0.84852547, 0.15691869, 0.36680614, 0.20621469]), array([0.27719821, 0.83261803, 0.81016442, 0.40298507, 0.58393113,
       0.1378866 , 0.83676471, 0.16011236, 0.39185393, 0.18547141]), array([0.29172714, 0.84782609, 0.78851541, 0.39078752, 0.59119497,
       0.13239437, 0.82251656, 0.15804196, 0.37971014, 0.23020528]), array([0.31176471, 0.84308131, 0.80234261, 0.39915966, 0.57554945,
       0.14228188, 0.8272328 , 0.14851485, 0.36858476, 0.22067039]), array([0.31964809, 0.87242268, 0.79635258, 0.41143654, 0.57142857,
       0.12537313, 0.83880171, 0.13913043, 0.36940837, 0.23554913])]

estim_algorithm = ts-model, mode = classification, metric = sensitivity, confidence_scores = entropy-conf, class_specific = True
test err: [0.24458927688347898, 0.2571641597047703, 0.24053905200295406, 0.24442236096563322, 0.2392721289399085]
estimated metric: [array([0.9287374 , 0.94940539, 0.72099803, 0.71055839, 0.66809991,
       0.48649105, 0.54222938, 0.48832212, 0.24650716, 0.35686194]), array([0.92810047, 0.95463249, 0.72042921, 0.7341488 , 0.6662084 ,
       0.50729329, 0.54215369, 0.45256587, 0.22003921, 0.35273415]), array([0.91838033, 0.94433383, 0.71905049, 0.70833208, 0.65509778,
       0.49834907, 0.54654927, 0.48586562, 0.23108943, 0.34315621]), array([0.92292969, 0.94958977, 0.72685793, 0.72163902, 0.66384966,
       0.53466724, 0.54041775, 0.44403691, 0.23680539, 0.35445448]), array([0.93900699, 0.94920571, 0.71470757, 0.73127963, 0.65652483,
       0.47718249, 0.54546943, 0.45628813, 0.2401878 , 0.35402422])]
real metric: [array([0.28165007, 0.87701318, 0.79606188, 0.40519878, 0.59888579,
       0.11836115, 0.84852547, 0.15691869, 0.36680614, 0.20621469]), array([0.27719821, 0.83261803, 0.81016442, 0.40298507, 0.58393113,
       0.1378866 , 0.83676471, 0.16011236, 0.39185393, 0.18547141]), array([0.29172714, 0.84782609, 0.78851541, 0.39078752, 0.59119497,
       0.13239437, 0.82251656, 0.15804196, 0.37971014, 0.23020528]), array([0.31176471, 0.84308131, 0.80234261, 0.39915966, 0.57554945,
       0.14228188, 0.8272328 , 0.14851485, 0.36858476, 0.22067039]), array([0.31964809, 0.87242268, 0.79635258, 0.41143654, 0.57142857,
       0.12537313, 0.83880171, 0.13913043, 0.36940837, 0.23554913])]

estim_algorithm = ts-model, mode = classification, metric = sensitivity, confidence_scores = doctor-conf, class_specific = False
test err: [0.26304645521745124, 0.2506332483931734, 0.24778063650146426, 0.24878429753023368, 0.247888773733857]
estimated metric: [array([0.49701237, 0.66357137, 0.4881159 , 0.49840033, 0.50919042,
       0.55613304, 0.55487319, 0.60436187, 0.51342606, 0.59154496]), array([0.49306513, 0.66122434, 0.48913652, 0.52919935, 0.507479  ,
       0.57322298, 0.55589007, 0.55100412, 0.45999038, 0.60560975]), array([0.46779508, 0.65895848, 0.48791662, 0.50070984, 0.49301862,
       0.57056095, 0.56029891, 0.60113698, 0.48816068, 0.58244885]), array([0.4976674 , 0.66256367, 0.49924348, 0.51455748, 0.50845699,
       0.61265734, 0.55486957, 0.53755069, 0.48417681, 0.60913705]), array([0.51462258, 0.68385811, 0.48334   , 0.5262895 , 0.49281346,
       0.53684681, 0.55893494, 0.56050377, 0.49295735, 0.58815438])]
real metric: [array([0.28165007, 0.87701318, 0.79606188, 0.40519878, 0.59888579,
       0.11836115, 0.84852547, 0.15691869, 0.36680614, 0.20621469]), array([0.27719821, 0.83261803, 0.81016442, 0.40298507, 0.58393113,
       0.1378866 , 0.83676471, 0.16011236, 0.39185393, 0.18547141]), array([0.29172714, 0.84782609, 0.78851541, 0.39078752, 0.59119497,
       0.13239437, 0.82251656, 0.15804196, 0.37971014, 0.23020528]), array([0.31176471, 0.84308131, 0.80234261, 0.39915966, 0.57554945,
       0.14228188, 0.8272328 , 0.14851485, 0.36858476, 0.22067039]), array([0.31964809, 0.87242268, 0.79635258, 0.41143654, 0.57142857,
       0.12537313, 0.83880171, 0.13913043, 0.36940837, 0.23554913])]

estim_algorithm = ts-model, mode = classification, metric = sensitivity, confidence_scores = doctor-conf, class_specific = True
test err: [0.24387989311867003, 0.2555531444657849, 0.23987552288829145, 0.24297267364205868, 0.23682525387239034]
estimated metric: [array([0.91901336, 0.94234545, 0.72084504, 0.71127401, 0.6739279 ,
       0.46707342, 0.52539524, 0.47201011, 0.1633465 , 0.29559032]), array([0.9188878 , 0.94854559, 0.7217647 , 0.73788631, 0.67242928,
       0.49021744, 0.52659074, 0.42023751, 0.13257386, 0.28967657]), array([0.90941614, 0.93968329, 0.71998867, 0.71236922, 0.65991152,
       0.47980106, 0.53052448, 0.4705767 , 0.15187058, 0.28081623]), array([0.91447295, 0.94313726, 0.73006442, 0.72482863, 0.67087385,
       0.52623521, 0.52530624, 0.4110608 , 0.15721438, 0.29456517]), array([0.93020878, 0.94428421, 0.71767566, 0.73599946, 0.66002694,
       0.45232912, 0.52990818, 0.42868006, 0.16213384, 0.29686758])]
real metric: [array([0.28165007, 0.87701318, 0.79606188, 0.40519878, 0.59888579,
       0.11836115, 0.84852547, 0.15691869, 0.36680614, 0.20621469]), array([0.27719821, 0.83261803, 0.81016442, 0.40298507, 0.58393113,
       0.1378866 , 0.83676471, 0.16011236, 0.39185393, 0.18547141]), array([0.29172714, 0.84782609, 0.78851541, 0.39078752, 0.59119497,
       0.13239437, 0.82251656, 0.15804196, 0.37971014, 0.23020528]), array([0.31176471, 0.84308131, 0.80234261, 0.39915966, 0.57554945,
       0.14228188, 0.8272328 , 0.14851485, 0.36858476, 0.22067039]), array([0.31964809, 0.87242268, 0.79635258, 0.41143654, 0.57142857,
       0.12537313, 0.83880171, 0.13913043, 0.36940837, 0.23554913])]

estim_algorithm = doc-model, mode = classification, metric = sensitivity, confidence_scores = max_class_probability-conf, class_specific = False
test err: [0.2847146235156518, 0.27689010134786024, 0.27036379007272393, 0.277131530509814, 0.2772347194395719]
estimated metric: [array([0.64227977, 0.73042068, 0.61412513, 0.58998443, 0.61204338,
       0.60323594, 0.62984558, 0.66497358, 0.66204999, 0.65940531]), array([0.64576067, 0.7361754 , 0.61385357, 0.61143817, 0.60555443,
       0.60686599, 0.63684962, 0.64762882, 0.62050578, 0.67791729]), array([0.62056328, 0.72459636, 0.61030228, 0.57886244, 0.60219373,
       0.6361877 , 0.63920737, 0.65418722, 0.6423726 , 0.65858026]), array([0.63281087, 0.73022326, 0.61802622, 0.59712357, 0.60843304,
       0.6575206 , 0.63522746, 0.65953214, 0.63484876, 0.65839226]), array([0.65459476, 0.73349854, 0.60756184, 0.60596771, 0.60698686,
       0.59827225, 0.63015612, 0.64675989, 0.64463529, 0.65074424])]
real metric: [array([0.28165007, 0.87701318, 0.79606188, 0.40519878, 0.59888579,
       0.11836115, 0.84852547, 0.15691869, 0.36680614, 0.20621469]), array([0.27719821, 0.83261803, 0.81016442, 0.40298507, 0.58393113,
       0.1378866 , 0.83676471, 0.16011236, 0.39185393, 0.18547141]), array([0.29172714, 0.84782609, 0.78851541, 0.39078752, 0.59119497,
       0.13239437, 0.82251656, 0.15804196, 0.37971014, 0.23020528]), array([0.31176471, 0.84308131, 0.80234261, 0.39915966, 0.57554945,
       0.14228188, 0.8272328 , 0.14851485, 0.36858476, 0.22067039]), array([0.31964809, 0.87242268, 0.79635258, 0.41143654, 0.57142857,
       0.12537313, 0.83880171, 0.13913043, 0.36940837, 0.23554913])]

estim_algorithm = doc-model, mode = classification, metric = sensitivity, confidence_scores = max_class_probability-conf, class_specific = True
test err: [0.24659913676117462, 0.26150424182749166, 0.2442345266939347, 0.2517084008085372, 0.2442722857292706]
estimated metric: [array([0.9197464 , 0.94363708, 0.74446609, 0.71510688, 0.71455727,
       0.53496154, 0.60266586, 0.54308858, 0.35795685, 0.43283129]), array([0.92119124, 0.94918071, 0.74419453, 0.73656062, 0.70806832,
       0.5385916 , 0.6096699 , 0.52574382, 0.32096261, 0.45195289]), array([0.90664271, 0.93911404, 0.74064323, 0.70398489, 0.70470762,
       0.5679133 , 0.61202765, 0.53230221, 0.34245273, 0.43423932]), array([0.91436013, 0.94401401, 0.74836718, 0.72224602, 0.71094693,
       0.5892462 , 0.60804775, 0.53764714, 0.33423264, 0.43213323]), array([0.93276392, 0.94332177, 0.7379028 , 0.73109016, 0.70950074,
       0.52999785, 0.6029764 , 0.52487489, 0.34262491, 0.42510354])]
real metric: [array([0.28165007, 0.87701318, 0.79606188, 0.40519878, 0.59888579,
       0.11836115, 0.84852547, 0.15691869, 0.36680614, 0.20621469]), array([0.27719821, 0.83261803, 0.81016442, 0.40298507, 0.58393113,
       0.1378866 , 0.83676471, 0.16011236, 0.39185393, 0.18547141]), array([0.29172714, 0.84782609, 0.78851541, 0.39078752, 0.59119497,
       0.13239437, 0.82251656, 0.15804196, 0.37971014, 0.23020528]), array([0.31176471, 0.84308131, 0.80234261, 0.39915966, 0.57554945,
       0.14228188, 0.8272328 , 0.14851485, 0.36858476, 0.22067039]), array([0.31964809, 0.87242268, 0.79635258, 0.41143654, 0.57142857,
       0.12537313, 0.83880171, 0.13913043, 0.36940837, 0.23554913])]

estim_algorithm = doc-model, mode = classification, metric = sensitivity, confidence_scores = energy-conf, class_specific = False
test err: [0.28912996440087735, 0.2833920987299033, 0.27666307653932554, 0.28113488151741217, 0.2822605896209375]
estimated metric: [array([0.60429677, 0.69007389, 0.61258936, 0.62238139, 0.62675098,
       0.64626624, 0.64222431, 0.66603501, 0.62531885, 0.65757273]), array([0.60711431, 0.68507586, 0.6129886 , 0.63193364, 0.62717063,
       0.66012023, 0.64227264, 0.64687295, 0.60653923, 0.65439866]), array([0.6000206 , 0.69084479, 0.61271747, 0.62311317, 0.62111962,
       0.64747153, 0.6441522 , 0.67177031, 0.61437601, 0.65167732]), array([0.60972269, 0.68886537, 0.61506872, 0.62787184, 0.6269868 ,
       0.66989292, 0.64251114, 0.6441709 , 0.61741405, 0.65560384]), array([0.61022172, 0.69799305, 0.6110575 , 0.63351653, 0.6203555 ,
       0.64304526, 0.64593438, 0.65752008, 0.62073828, 0.65659075])]
real metric: [array([0.28165007, 0.87701318, 0.79606188, 0.40519878, 0.59888579,
       0.11836115, 0.84852547, 0.15691869, 0.36680614, 0.20621469]), array([0.27719821, 0.83261803, 0.81016442, 0.40298507, 0.58393113,
       0.1378866 , 0.83676471, 0.16011236, 0.39185393, 0.18547141]), array([0.29172714, 0.84782609, 0.78851541, 0.39078752, 0.59119497,
       0.13239437, 0.82251656, 0.15804196, 0.37971014, 0.23020528]), array([0.31176471, 0.84308131, 0.80234261, 0.39915966, 0.57554945,
       0.14228188, 0.8272328 , 0.14851485, 0.36858476, 0.22067039]), array([0.31964809, 0.87242268, 0.79635258, 0.41143654, 0.57142857,
       0.12537313, 0.83880171, 0.13913043, 0.36940837, 0.23554913])]

estim_algorithm = doc-model, mode = classification, metric = sensitivity, confidence_scores = energy-conf, class_specific = True
test err: [0.2494505938045027, 0.2601746379707713, 0.24737131088618183, 0.24931942287224582, 0.24621521702659935]
estimated metric: [array([0.91047465, 0.92822995, 0.77724309, 0.77374413, 0.74213616,
       0.54643954, 0.62756695, 0.53667249, 0.30263373, 0.39710165]), array([0.90769384, 0.92787027, 0.77746129, 0.78200697, 0.74273222,
       0.56029352, 0.62764377, 0.51714525, 0.28229568, 0.39282479]), array([0.90361913, 0.9264617 , 0.77705958, 0.77420899, 0.73715254,
       0.54764482, 0.62948864, 0.54255918, 0.29118975, 0.39123992]), array([0.90996703, 0.92839614, 0.78001176, 0.77842557, 0.74211429,
       0.57006621, 0.62786951, 0.51441265, 0.2941465 , 0.3947022 ]), array([0.91431401, 0.93367275, 0.77567198, 0.7840789 , 0.73584574,
       0.54321855, 0.63130283, 0.52933445, 0.29613908, 0.39522758])]
real metric: [array([0.28165007, 0.87701318, 0.79606188, 0.40519878, 0.59888579,
       0.11836115, 0.84852547, 0.15691869, 0.36680614, 0.20621469]), array([0.27719821, 0.83261803, 0.81016442, 0.40298507, 0.58393113,
       0.1378866 , 0.83676471, 0.16011236, 0.39185393, 0.18547141]), array([0.29172714, 0.84782609, 0.78851541, 0.39078752, 0.59119497,
       0.13239437, 0.82251656, 0.15804196, 0.37971014, 0.23020528]), array([0.31176471, 0.84308131, 0.80234261, 0.39915966, 0.57554945,
       0.14228188, 0.8272328 , 0.14851485, 0.36858476, 0.22067039]), array([0.31964809, 0.87242268, 0.79635258, 0.41143654, 0.57142857,
       0.12537313, 0.83880171, 0.13913043, 0.36940837, 0.23554913])]

estim_algorithm = doc-model, mode = classification, metric = sensitivity, confidence_scores = entropy-conf, class_specific = False
test err: [0.2801812652006897, 0.27248420061914574, 0.26652532002863505, 0.27184539134236824, 0.2712823266269641]
estimated metric: [array([0.62251324, 0.72087819, 0.59554739, 0.57687612, 0.59740747,
       0.60299698, 0.61822014, 0.65912231, 0.6388807 , 0.64813969]), array([0.62601252, 0.72679442, 0.5949641 , 0.60015724, 0.59413465,
       0.61141211, 0.623068  , 0.63085734, 0.59686366, 0.67012257]), array([0.60019571, 0.71743247, 0.59333772, 0.57415262, 0.58582543,
       0.63297349, 0.62643504, 0.64820358, 0.61828483, 0.64728702]), array([0.6157    , 0.72094244, 0.60099452, 0.58762102, 0.59295636,
       0.6517008 , 0.62170521, 0.635134  , 0.61231127, 0.66054164]), array([0.63477976, 0.72835008, 0.58947382, 0.59706046, 0.58847084,
       0.59100792, 0.61903942, 0.6330165 , 0.62242456, 0.64732386])]
real metric: [array([0.28165007, 0.87701318, 0.79606188, 0.40519878, 0.59888579,
       0.11836115, 0.84852547, 0.15691869, 0.36680614, 0.20621469]), array([0.27719821, 0.83261803, 0.81016442, 0.40298507, 0.58393113,
       0.1378866 , 0.83676471, 0.16011236, 0.39185393, 0.18547141]), array([0.29172714, 0.84782609, 0.78851541, 0.39078752, 0.59119497,
       0.13239437, 0.82251656, 0.15804196, 0.37971014, 0.23020528]), array([0.31176471, 0.84308131, 0.80234261, 0.39915966, 0.57554945,
       0.14228188, 0.8272328 , 0.14851485, 0.36858476, 0.22067039]), array([0.31964809, 0.87242268, 0.79635258, 0.41143654, 0.57142857,
       0.12537313, 0.83880171, 0.13913043, 0.36940837, 0.23554913])]

estim_algorithm = doc-model, mode = classification, metric = sensitivity, confidence_scores = entropy-conf, class_specific = True
test err: [0.2456189705208481, 0.2613363446946969, 0.24396784162953344, 0.25020953699284415, 0.24272511618655393]
estimated metric: [array([0.90308084, 0.93243015, 0.73044338, 0.71270881, 0.69911483,
       0.53157813, 0.5925417 , 0.5423017 , 0.33102316, 0.42183236]), array([0.9055859 , 0.93887932, 0.7298601 , 0.73598993, 0.69584201,
       0.53999326, 0.59738956, 0.51407437, 0.29215927, 0.44382733]), array([0.88797719, 0.93022613, 0.72823371, 0.70998531, 0.68753279,
       0.56155464, 0.60075659, 0.53138297, 0.31272483, 0.42416973]), array([0.89837821, 0.9328167 , 0.73589052, 0.72345371, 0.69466372,
       0.58028195, 0.59602677, 0.51831339, 0.30634594, 0.435313  ]), array([0.91583644, 0.93485289, 0.72436982, 0.73289314, 0.6901782 ,
       0.51958907, 0.59336098, 0.51619589, 0.31681282, 0.42267507])]
real metric: [array([0.28165007, 0.87701318, 0.79606188, 0.40519878, 0.59888579,
       0.11836115, 0.84852547, 0.15691869, 0.36680614, 0.20621469]), array([0.27719821, 0.83261803, 0.81016442, 0.40298507, 0.58393113,
       0.1378866 , 0.83676471, 0.16011236, 0.39185393, 0.18547141]), array([0.29172714, 0.84782609, 0.78851541, 0.39078752, 0.59119497,
       0.13239437, 0.82251656, 0.15804196, 0.37971014, 0.23020528]), array([0.31176471, 0.84308131, 0.80234261, 0.39915966, 0.57554945,
       0.14228188, 0.8272328 , 0.14851485, 0.36858476, 0.22067039]), array([0.31964809, 0.87242268, 0.79635258, 0.41143654, 0.57142857,
       0.12537313, 0.83880171, 0.13913043, 0.36940837, 0.23554913])]

estim_algorithm = doc-model, mode = classification, metric = sensitivity, confidence_scores = doctor-conf, class_specific = False
test err: [0.3070582907584048, 0.2991275275225543, 0.2923047337657101, 0.2973736778580377, 0.3003792414334647]
estimated metric: [array([0.67749679, 0.72630851, 0.66761678, 0.65036294, 0.66581644,
       0.67130524, 0.67681042, 0.7015274 , 0.68991561, 0.69732898]), array([0.67873084, 0.73256373, 0.66685105, 0.66514228, 0.66088023,
       0.66862105, 0.68051236, 0.6850574 , 0.66329631, 0.70936587]), array([0.66503311, 0.723709  , 0.6656503 , 0.64514152, 0.65851881,
       0.68616594, 0.68346456, 0.69193555, 0.67473827, 0.68954132]), array([0.67293455, 0.72711593, 0.67082916, 0.65717418, 0.66143792,
       0.69462094, 0.68094266, 0.69072083, 0.67195346, 0.69765164]), array([0.69109792, 0.72833211, 0.66478727, 0.66256024, 0.66099039,
       0.66196086, 0.67621543, 0.69149232, 0.67772046, 0.69170234])]
real metric: [array([0.28165007, 0.87701318, 0.79606188, 0.40519878, 0.59888579,
       0.11836115, 0.84852547, 0.15691869, 0.36680614, 0.20621469]), array([0.27719821, 0.83261803, 0.81016442, 0.40298507, 0.58393113,
       0.1378866 , 0.83676471, 0.16011236, 0.39185393, 0.18547141]), array([0.29172714, 0.84782609, 0.78851541, 0.39078752, 0.59119497,
       0.13239437, 0.82251656, 0.15804196, 0.37971014, 0.23020528]), array([0.31176471, 0.84308131, 0.80234261, 0.39915966, 0.57554945,
       0.14228188, 0.8272328 , 0.14851485, 0.36858476, 0.22067039]), array([0.31964809, 0.87242268, 0.79635258, 0.41143654, 0.57142857,
       0.12537313, 0.83880171, 0.13913043, 0.36940837, 0.23554913])]

estim_algorithm = doc-model, mode = classification, metric = sensitivity, confidence_scores = doctor-conf, class_specific = True
test err: [0.2581298820557466, 0.267091386311248, 0.25310825806231807, 0.2561833749528327, 0.2525100444158722]
estimated metric: [array([0.91122441, 0.94175566, 0.80075553, 0.7524408 , 0.77135099,
       0.57950618, 0.65154034, 0.58673344, 0.37955674, 0.46810031]), array([0.91218117, 0.94805286, 0.7999898 , 0.7671165 , 0.76641478,
       0.57682199, 0.65523713, 0.57026344, 0.35342741, 0.48013721]), array([0.89991959, 0.93913299, 0.79878905, 0.74721939, 0.76405336,
       0.59436688, 0.65818933, 0.57714159, 0.36532224, 0.46243733]), array([0.90682328, 0.94258853, 0.80396791, 0.75925205, 0.76697247,
       0.60282188, 0.65566743, 0.57592687, 0.36172747, 0.46842296]), array([0.92459048, 0.94378186, 0.79792603, 0.7646381 , 0.76652495,
       0.5701618 , 0.6509402 , 0.57669837, 0.36801484, 0.46286501])]
real metric: [array([0.28165007, 0.87701318, 0.79606188, 0.40519878, 0.59888579,
       0.11836115, 0.84852547, 0.15691869, 0.36680614, 0.20621469]), array([0.27719821, 0.83261803, 0.81016442, 0.40298507, 0.58393113,
       0.1378866 , 0.83676471, 0.16011236, 0.39185393, 0.18547141]), array([0.29172714, 0.84782609, 0.78851541, 0.39078752, 0.59119497,
       0.13239437, 0.82251656, 0.15804196, 0.37971014, 0.23020528]), array([0.31176471, 0.84308131, 0.80234261, 0.39915966, 0.57554945,
       0.14228188, 0.8272328 , 0.14851485, 0.36858476, 0.22067039]), array([0.31964809, 0.87242268, 0.79635258, 0.41143654, 0.57142857,
       0.12537313, 0.83880171, 0.13913043, 0.36940837, 0.23554913])]

estim_algorithm = atc-model, mode = classification, metric = sensitivity, confidence_scores = max_class_probability-conf, class_specific = False
test err: [0.24211346692333496, 0.22884166534348255, 0.23576801818111726, 0.23960723985445515, 0.2247423011304655]
estimated metric: [array([0.49498329, 0.73633441, 0.42674481, 0.37809188, 0.43922652,
       0.36956529, 0.47151277, 0.5446429 , 0.56145253, 0.5066667 ]), array([0.5162455 , 0.75      , 0.43580563, 0.43833334, 0.43738657,
       0.43307091, 0.49615116, 0.49152547, 0.47894738, 0.5416667 ]), array([0.46732028, 0.73044398, 0.41790282, 0.39779007, 0.41634242,
       0.48148153, 0.49387755, 0.54310349, 0.51219514, 0.54716984]), array([0.4955224 , 0.74282678, 0.4423077 , 0.39062501, 0.43188138,
       0.52800004, 0.47561838, 0.5700935 , 0.49557524, 0.53459122]), array([0.51533744, 0.74824474, 0.41176471, 0.41968913, 0.42018349,
       0.36274516, 0.48312237, 0.50000005, 0.5284091 , 0.50609759])]
real metric: [array([0.28165007, 0.87701318, 0.79606188, 0.40519878, 0.59888579,
       0.11836115, 0.84852547, 0.15691869, 0.36680614, 0.20621469]), array([0.27719821, 0.83261803, 0.81016442, 0.40298507, 0.58393113,
       0.1378866 , 0.83676471, 0.16011236, 0.39185393, 0.18547141]), array([0.29172714, 0.84782609, 0.78851541, 0.39078752, 0.59119497,
       0.13239437, 0.82251656, 0.15804196, 0.37971014, 0.23020528]), array([0.31176471, 0.84308131, 0.80234261, 0.39915966, 0.57554945,
       0.14228188, 0.8272328 , 0.14851485, 0.36858476, 0.22067039]), array([0.31964809, 0.87242268, 0.79635258, 0.41143654, 0.57142857,
       0.12537313, 0.83880171, 0.13913043, 0.36940837, 0.23554913])]

estim_algorithm = atc-model, mode = classification, metric = sensitivity, confidence_scores = max_class_probability-conf, class_specific = True
test err: [0.2033810162874324, 0.236716610278203, 0.20581356512732793, 0.22738252853684307, 0.21013312420409863]
estimated metric: [array([0.8729097 , 0.91639871, 0.65476825, 0.63074206, 0.59484347,
       0.36956529, 0.45645056, 0.3928572 , 0.25418996, 0.24666672]), array([0.90613719, 0.93721973, 0.65268542, 0.68500001, 0.59709619,
       0.43307091, 0.47655704, 0.38983056, 0.21052634, 0.30000006]), array([0.85294118, 0.91226216, 0.64501279, 0.59668509, 0.59435798,
       0.49074079, 0.47006803, 0.36206902, 0.27371276, 0.28930822]), array([0.88656717, 0.92454835, 0.65956341, 0.66145834, 0.60889713,
       0.53600004, 0.46360424, 0.33644866, 0.25368734, 0.33962268]), array([0.92638037, 0.91775326, 0.63957219, 0.66839379, 0.60366973,
       0.37254908, 0.47187061, 0.33673476, 0.24715911, 0.30487809])]
real metric: [array([0.28165007, 0.87701318, 0.79606188, 0.40519878, 0.59888579,
       0.11836115, 0.84852547, 0.15691869, 0.36680614, 0.20621469]), array([0.27719821, 0.83261803, 0.81016442, 0.40298507, 0.58393113,
       0.1378866 , 0.83676471, 0.16011236, 0.39185393, 0.18547141]), array([0.29172714, 0.84782609, 0.78851541, 0.39078752, 0.59119497,
       0.13239437, 0.82251656, 0.15804196, 0.37971014, 0.23020528]), array([0.31176471, 0.84308131, 0.80234261, 0.39915966, 0.57554945,
       0.14228188, 0.8272328 , 0.14851485, 0.36858476, 0.22067039]), array([0.31964809, 0.87242268, 0.79635258, 0.41143654, 0.57142857,
       0.12537313, 0.83880171, 0.13913043, 0.36940837, 0.23554913])]

estim_algorithm = atc-model, mode = classification, metric = sensitivity, confidence_scores = energy-conf, class_specific = False
test err: [0.24921083736487848, 0.25468869710242, 0.24480582440995144, 0.2501084392675379, 0.23624652020686732]
estimated metric: [array([0.32775922, 0.57020365, 0.33191263, 0.40459365, 0.41344384,
       0.51086962, 0.45121153, 0.56250004, 0.36033521, 0.49333337]), array([0.31407945, 0.57062781, 0.32225064, 0.42166668, 0.39927405,
       0.55905515, 0.46745977, 0.51694919, 0.30526318, 0.50833337]), array([0.30718957, 0.56131079, 0.33657289, 0.39594845, 0.38132296,
       0.51851856, 0.46802721, 0.60344831, 0.36585368, 0.50943399]), array([0.33731345, 0.56854411, 0.33627859, 0.4201389 , 0.4012975 ,
       0.64000003, 0.45724382, 0.49532715, 0.35103247, 0.52830192]), array([0.3435583 , 0.60782347, 0.31871658, 0.45423144, 0.36880735,
       0.45098045, 0.45710268, 0.47959189, 0.35511365, 0.52439027])]
real metric: [array([0.28165007, 0.87701318, 0.79606188, 0.40519878, 0.59888579,
       0.11836115, 0.84852547, 0.15691869, 0.36680614, 0.20621469]), array([0.27719821, 0.83261803, 0.81016442, 0.40298507, 0.58393113,
       0.1378866 , 0.83676471, 0.16011236, 0.39185393, 0.18547141]), array([0.29172714, 0.84782609, 0.78851541, 0.39078752, 0.59119497,
       0.13239437, 0.82251656, 0.15804196, 0.37971014, 0.23020528]), array([0.31176471, 0.84308131, 0.80234261, 0.39915966, 0.57554945,
       0.14228188, 0.8272328 , 0.14851485, 0.36858476, 0.22067039]), array([0.31964809, 0.87242268, 0.79635258, 0.41143654, 0.57142857,
       0.12537313, 0.83880171, 0.13913043, 0.36940837, 0.23554913])]

estim_algorithm = atc-model, mode = classification, metric = sensitivity, confidence_scores = energy-conf, class_specific = True
test err: [0.23212457341953785, 0.24366955182497702, 0.23065142051663465, 0.23907638088532437, 0.22116428412033112]
estimated metric: [array([0.88294315, 0.90139336, 0.66435802, 0.74381626, 0.60865562,
       0.34782616, 0.3994761 , 0.40178577, 0.12849164, 0.26000005]), array([0.89530686, 0.88901345, 0.67314578, 0.78666667, 0.58802178,
       0.44094493, 0.40797761, 0.37288141, 0.10526318, 0.19166673]), array([0.85947713, 0.89852009, 0.66803069, 0.74769798, 0.5807393 ,
       0.37962969, 0.41632653, 0.39655178, 0.11924122, 0.18238999]), array([0.89253732, 0.90541977, 0.69230769, 0.75694445, 0.6163114 ,
       0.48000004, 0.40918728, 0.35514025, 0.12389383, 0.1886793 ]), array([0.92944785, 0.90772317, 0.66524064, 0.7685665 , 0.58990826,
       0.32352948, 0.40436006, 0.33673476, 0.14204548, 0.23780492])]
real metric: [array([0.28165007, 0.87701318, 0.79606188, 0.40519878, 0.59888579,
       0.11836115, 0.84852547, 0.15691869, 0.36680614, 0.20621469]), array([0.27719821, 0.83261803, 0.81016442, 0.40298507, 0.58393113,
       0.1378866 , 0.83676471, 0.16011236, 0.39185393, 0.18547141]), array([0.29172714, 0.84782609, 0.78851541, 0.39078752, 0.59119497,
       0.13239437, 0.82251656, 0.15804196, 0.37971014, 0.23020528]), array([0.31176471, 0.84308131, 0.80234261, 0.39915966, 0.57554945,
       0.14228188, 0.8272328 , 0.14851485, 0.36858476, 0.22067039]), array([0.31964809, 0.87242268, 0.79635258, 0.41143654, 0.57142857,
       0.12537313, 0.83880171, 0.13913043, 0.36940837, 0.23554913])]

estim_algorithm = atc-model, mode = classification, metric = sensitivity, confidence_scores = entropy-conf, class_specific = False
test err: [0.24690525055430448, 0.2341005778632749, 0.24332390090561035, 0.23952763084979295, 0.22377642096062575]
estimated metric: [array([0.49498329, 0.72990354, 0.40490144, 0.37279153, 0.42449356,
       0.38043485, 0.45645056, 0.53571433, 0.53072627, 0.52000003]), array([0.50902529, 0.73542601, 0.40971867, 0.42166668, 0.41833031,
       0.43307091, 0.47865641, 0.50000004, 0.44473686, 0.5666667 ]), array([0.45424838, 0.71458774, 0.39846548, 0.37937386, 0.39883269,
       0.49074079, 0.47210885, 0.55172418, 0.48509486, 0.56603776]), array([0.47164181, 0.72582359, 0.42723493, 0.38541668, 0.41705283,
       0.54400004, 0.46289753, 0.52336453, 0.47197642, 0.54716984]), array([0.49079756, 0.74523571, 0.39465241, 0.40932644, 0.39633028,
       0.36274516, 0.4697609 , 0.45918373, 0.50852274, 0.53048783])]
real metric: [array([0.28165007, 0.87701318, 0.79606188, 0.40519878, 0.59888579,
       0.11836115, 0.84852547, 0.15691869, 0.36680614, 0.20621469]), array([0.27719821, 0.83261803, 0.81016442, 0.40298507, 0.58393113,
       0.1378866 , 0.83676471, 0.16011236, 0.39185393, 0.18547141]), array([0.29172714, 0.84782609, 0.78851541, 0.39078752, 0.59119497,
       0.13239437, 0.82251656, 0.15804196, 0.37971014, 0.23020528]), array([0.31176471, 0.84308131, 0.80234261, 0.39915966, 0.57554945,
       0.14228188, 0.8272328 , 0.14851485, 0.36858476, 0.22067039]), array([0.31964809, 0.87242268, 0.79635258, 0.41143654, 0.57142857,
       0.12537313, 0.83880171, 0.13913043, 0.36940837, 0.23554913])]

estim_algorithm = atc-model, mode = classification, metric = sensitivity, confidence_scores = entropy-conf, class_specific = True
test err: [0.19696111867801974, 0.22897348702060846, 0.20388031013704597, 0.21879054059686015, 0.20160616722838545]
estimated metric: [array([0.85953178, 0.88853162, 0.64624401, 0.58657245, 0.60957643,
       0.36956529, 0.42698101, 0.3928572 , 0.27094974, 0.24000005]), array([0.866426  , 0.90134529, 0.63478261, 0.64000001, 0.60889293,
       0.4251969 , 0.44996501, 0.38983056, 0.21578949, 0.30000006]), array([0.83986929, 0.88900634, 0.62710998, 0.5801105 , 0.59435798,
       0.48148153, 0.43809524, 0.3793104 , 0.27913281, 0.2704403 ]), array([0.84477612, 0.89798087, 0.6460499 , 0.61631945, 0.6163114 ,
       0.52800004, 0.43392227, 0.34579445, 0.26548675, 0.32704407]), array([0.91104295, 0.89267804, 0.62459893, 0.62867013, 0.60183487,
       0.35294124, 0.44444445, 0.3163266 , 0.25284093, 0.30487809])]
real metric: [array([0.28165007, 0.87701318, 0.79606188, 0.40519878, 0.59888579,
       0.11836115, 0.84852547, 0.15691869, 0.36680614, 0.20621469]), array([0.27719821, 0.83261803, 0.81016442, 0.40298507, 0.58393113,
       0.1378866 , 0.83676471, 0.16011236, 0.39185393, 0.18547141]), array([0.29172714, 0.84782609, 0.78851541, 0.39078752, 0.59119497,
       0.13239437, 0.82251656, 0.15804196, 0.37971014, 0.23020528]), array([0.31176471, 0.84308131, 0.80234261, 0.39915966, 0.57554945,
       0.14228188, 0.8272328 , 0.14851485, 0.36858476, 0.22067039]), array([0.31964809, 0.87242268, 0.79635258, 0.41143654, 0.57142857,
       0.12537313, 0.83880171, 0.13913043, 0.36940837, 0.23554913])]

estim_algorithm = atc-model, mode = classification, metric = sensitivity, confidence_scores = doctor-conf, class_specific = False
test err: [0.2427227943409332, 0.22814227692967165, 0.23794047775524224, 0.24035078850618782, 0.22346487793503883]
estimated metric: [array([0.49832778, 0.73740622, 0.42354822, 0.37809188, 0.43646409,
       0.36956529, 0.47085789, 0.5446429 , 0.55865923, 0.5066667 ]), array([0.5162455 , 0.75      , 0.43375959, 0.43166668, 0.43466425,
       0.43307091, 0.493352  , 0.49152547, 0.47105265, 0.5416667 ]), array([0.46732028, 0.72621565, 0.41381074, 0.39594845, 0.4114786 ,
       0.48148153, 0.48707483, 0.54310349, 0.50948511, 0.55345915]), array([0.49253733, 0.74070138, 0.43918919, 0.39062501, 0.43002781,
       0.52800004, 0.47279152, 0.57943929, 0.48672568, 0.53459122]), array([0.51533744, 0.74924775, 0.40909091, 0.41796201, 0.41926606,
       0.36274516, 0.47960619, 0.47959189, 0.5255682 , 0.51219515])]
real metric: [array([0.28165007, 0.87701318, 0.79606188, 0.40519878, 0.59888579,
       0.11836115, 0.84852547, 0.15691869, 0.36680614, 0.20621469]), array([0.27719821, 0.83261803, 0.81016442, 0.40298507, 0.58393113,
       0.1378866 , 0.83676471, 0.16011236, 0.39185393, 0.18547141]), array([0.29172714, 0.84782609, 0.78851541, 0.39078752, 0.59119497,
       0.13239437, 0.82251656, 0.15804196, 0.37971014, 0.23020528]), array([0.31176471, 0.84308131, 0.80234261, 0.39915966, 0.57554945,
       0.14228188, 0.8272328 , 0.14851485, 0.36858476, 0.22067039]), array([0.31964809, 0.87242268, 0.79635258, 0.41143654, 0.57142857,
       0.12537313, 0.83880171, 0.13913043, 0.36940837, 0.23554913])]

estim_algorithm = atc-model, mode = classification, metric = sensitivity, confidence_scores = doctor-conf, class_specific = True
test err: [0.2002008326220214, 0.23013057822329594, 0.20008305537373322, 0.21967796783187804, 0.20453604402965975]
estimated metric: [array([0.86622074, 0.91639871, 0.66755461, 0.62367492, 0.59023941,
       0.36956529, 0.4551408 , 0.3928572 , 0.26536315, 0.24666672]), array([0.87003611, 0.9338565 , 0.66035806, 0.67833334, 0.59346643,
       0.43307091, 0.47445767, 0.38983056, 0.22105265, 0.30000006]), array([0.82026144, 0.91014799, 0.6511509 , 0.59116023, 0.58560312,
       0.47222227, 0.46802721, 0.37068971, 0.27913281, 0.28930822]), array([0.84477612, 0.92242296, 0.66891892, 0.66319445, 0.60611678,
       0.52000004, 0.4614841 , 0.33644866, 0.26253689, 0.33962268]), array([0.90490798, 0.91474423, 0.6513369 , 0.65975821, 0.59816514,
       0.36274516, 0.4676512 , 0.33673476, 0.24715911, 0.30487809])]
real metric: [array([0.28165007, 0.87701318, 0.79606188, 0.40519878, 0.59888579,
       0.11836115, 0.84852547, 0.15691869, 0.36680614, 0.20621469]), array([0.27719821, 0.83261803, 0.81016442, 0.40298507, 0.58393113,
       0.1378866 , 0.83676471, 0.16011236, 0.39185393, 0.18547141]), array([0.29172714, 0.84782609, 0.78851541, 0.39078752, 0.59119497,
       0.13239437, 0.82251656, 0.15804196, 0.37971014, 0.23020528]), array([0.31176471, 0.84308131, 0.80234261, 0.39915966, 0.57554945,
       0.14228188, 0.8272328 , 0.14851485, 0.36858476, 0.22067039]), array([0.31964809, 0.87242268, 0.79635258, 0.41143654, 0.57142857,
       0.12537313, 0.83880171, 0.13913043, 0.36940837, 0.23554913])]

estim_algorithm = ts-atc-model, mode = classification, metric = sensitivity, confidence_scores = max_class_probability-conf, class_specific = False
test err: [0.25885012300545973, 0.23871409874970415, 0.24764176205556807, 0.24271319081466336, 0.23358437228202109]
estimated metric: [array([0.43812711, 0.69131833, 0.36494406, 0.35865726, 0.39410682,
       0.40217398, 0.43156516, 0.58035718, 0.48603353, 0.5266667 ]), array([0.44404334, 0.68721973, 0.36521739, 0.39500001, 0.38656988,
       0.43307091, 0.44996501, 0.49152547, 0.38684212, 0.5916667 ]), array([0.4150327 , 0.67970402, 0.36112532, 0.35727441, 0.37645915,
       0.50000005, 0.44693878, 0.5344828 , 0.43360435, 0.56603776]), array([0.43283584, 0.69287992, 0.37629938, 0.36458334, 0.37905469,
       0.53600004, 0.43674912, 0.47663556, 0.41592922, 0.55974846]), array([0.44171781, 0.71414243, 0.34973262, 0.39378239, 0.36697248,
       0.37254908, 0.44866386, 0.48979597, 0.44886365, 0.55487808])]
real metric: [array([0.28165007, 0.87701318, 0.79606188, 0.40519878, 0.59888579,
       0.11836115, 0.84852547, 0.15691869, 0.36680614, 0.20621469]), array([0.27719821, 0.83261803, 0.81016442, 0.40298507, 0.58393113,
       0.1378866 , 0.83676471, 0.16011236, 0.39185393, 0.18547141]), array([0.29172714, 0.84782609, 0.78851541, 0.39078752, 0.59119497,
       0.13239437, 0.82251656, 0.15804196, 0.37971014, 0.23020528]), array([0.31176471, 0.84308131, 0.80234261, 0.39915966, 0.57554945,
       0.14228188, 0.8272328 , 0.14851485, 0.36858476, 0.22067039]), array([0.31964809, 0.87242268, 0.79635258, 0.41143654, 0.57142857,
       0.12537313, 0.83880171, 0.13913043, 0.36940837, 0.23554913])]

estim_algorithm = ts-atc-model, mode = classification, metric = sensitivity, confidence_scores = max_class_probability-conf, class_specific = True
test err: [0.22516304475870177, 0.24655558444921563, 0.2311538818658195, 0.24169345585235322, 0.212925425644088]
estimated metric: [array([0.93311037, 0.94962487, 0.66702185, 0.63074206, 0.60957643,
       0.35869572, 0.41322856, 0.36607149, 0.1564246 , 0.27333338]), array([0.94945849, 0.95852018, 0.65933504, 0.68666667, 0.61343013,
       0.41732288, 0.43037089, 0.35593226, 0.12631581, 0.24166673]), array([0.92810458, 0.94186047, 0.65217391, 0.59852671, 0.60214008,
       0.47222227, 0.42585034, 0.40517247, 0.15989162, 0.20754722]), array([0.95522388, 0.94792774, 0.67047817, 0.66666667, 0.6283596 ,
       0.52000004, 0.4204947 , 0.35514025, 0.15634221, 0.20754722]), array([0.96319019, 0.94884654, 0.65187166, 0.66839379, 0.60550459,
       0.3333334 , 0.42194093, 0.27551028, 0.15909093, 0.23780492])]
real metric: [array([0.28165007, 0.87701318, 0.79606188, 0.40519878, 0.59888579,
       0.11836115, 0.84852547, 0.15691869, 0.36680614, 0.20621469]), array([0.27719821, 0.83261803, 0.81016442, 0.40298507, 0.58393113,
       0.1378866 , 0.83676471, 0.16011236, 0.39185393, 0.18547141]), array([0.29172714, 0.84782609, 0.78851541, 0.39078752, 0.59119497,
       0.13239437, 0.82251656, 0.15804196, 0.37971014, 0.23020528]), array([0.31176471, 0.84308131, 0.80234261, 0.39915966, 0.57554945,
       0.14228188, 0.8272328 , 0.14851485, 0.36858476, 0.22067039]), array([0.31964809, 0.87242268, 0.79635258, 0.41143654, 0.57142857,
       0.12537313, 0.83880171, 0.13913043, 0.36940837, 0.23554913])]

estim_algorithm = ts-atc-model, mode = classification, metric = sensitivity, confidence_scores = energy-conf, class_specific = False
test err: [0.2590908140622225, 0.2691930742968729, 0.2583529772689349, 0.2547060460301813, 0.25523107030110714]
estimated metric: [array([0.27090303, 0.48445874, 0.41555674, 0.56537103, 0.52117864,
       0.63043482, 0.56581533, 0.59821432, 0.34078214, 0.51333337]), array([0.26714804, 0.4674888 , 0.40613811, 0.57666667, 0.49637024,
       0.68503939, 0.56403079, 0.59322037, 0.30789476, 0.50000004]), array([0.28758172, 0.47780127, 0.42506394, 0.54327809, 0.49610895,
       0.64814818, 0.55714286, 0.63793107, 0.3279133 , 0.5157233 ]), array([0.28955226, 0.47715197, 0.42255718, 0.57118056, 0.53012049,
       0.69600002, 0.56749117, 0.54205612, 0.32153394, 0.52830192]), array([0.30674849, 0.50451355, 0.40695187, 0.57685666, 0.48165138,
       0.63725494, 0.57594937, 0.59183678, 0.34659093, 0.51219515])]
real metric: [array([0.28165007, 0.87701318, 0.79606188, 0.40519878, 0.59888579,
       0.11836115, 0.84852547, 0.15691869, 0.36680614, 0.20621469]), array([0.27719821, 0.83261803, 0.81016442, 0.40298507, 0.58393113,
       0.1378866 , 0.83676471, 0.16011236, 0.39185393, 0.18547141]), array([0.29172714, 0.84782609, 0.78851541, 0.39078752, 0.59119497,
       0.13239437, 0.82251656, 0.15804196, 0.37971014, 0.23020528]), array([0.31176471, 0.84308131, 0.80234261, 0.39915966, 0.57554945,
       0.14228188, 0.8272328 , 0.14851485, 0.36858476, 0.22067039]), array([0.31964809, 0.87242268, 0.79635258, 0.41143654, 0.57142857,
       0.12537313, 0.83880171, 0.13913043, 0.36940837, 0.23554913])]

estim_algorithm = ts-atc-model, mode = classification, metric = sensitivity, confidence_scores = energy-conf, class_specific = True
test err: [0.2541086987548332, 0.26150432503374094, 0.248160722671647, 0.2545171513098584, 0.2402845361984424]
estimated metric: [array([0.91973244, 0.92175777, 0.65530101, 0.79505301, 0.63259669,
       0.43478267, 0.4210871 , 0.43750005, 0.09776539, 0.20666672]), array([0.93140794, 0.90246637, 0.68030691, 0.82833334, 0.61978222,
       0.51181106, 0.43317005, 0.36440683, 0.08421055, 0.17500007]), array([0.87908497, 0.91437632, 0.67109975, 0.79742173, 0.61867705,
       0.35185191, 0.43333334, 0.4568966 , 0.08401086, 0.15723276]), array([0.93731343, 0.92029756, 0.69490645, 0.80381945, 0.639481  ,
       0.48800004, 0.4303887 , 0.37383183, 0.12094398, 0.16981137]), array([0.92944785, 0.9217653 , 0.67860963, 0.81174439, 0.60550459,
       0.39215692, 0.43811533, 0.38775516, 0.12215912, 0.20731712])]
real metric: [array([0.28165007, 0.87701318, 0.79606188, 0.40519878, 0.59888579,
       0.11836115, 0.84852547, 0.15691869, 0.36680614, 0.20621469]), array([0.27719821, 0.83261803, 0.81016442, 0.40298507, 0.58393113,
       0.1378866 , 0.83676471, 0.16011236, 0.39185393, 0.18547141]), array([0.29172714, 0.84782609, 0.78851541, 0.39078752, 0.59119497,
       0.13239437, 0.82251656, 0.15804196, 0.37971014, 0.23020528]), array([0.31176471, 0.84308131, 0.80234261, 0.39915966, 0.57554945,
       0.14228188, 0.8272328 , 0.14851485, 0.36858476, 0.22067039]), array([0.31964809, 0.87242268, 0.79635258, 0.41143654, 0.57142857,
       0.12537313, 0.83880171, 0.13913043, 0.36940837, 0.23554913])]

estim_algorithm = ts-atc-model, mode = classification, metric = sensitivity, confidence_scores = entropy-conf, class_specific = False
test err: [0.26350355342841963, 0.2560861624925268, 0.25244382104168156, 0.2562756876249783, 0.2431421497673089]
estimated metric: [array([0.42474918, 0.65380493, 0.32498668, 0.32332157, 0.36279927,
       0.38043485, 0.39751146, 0.56250004, 0.42737432, 0.5066667 ]), array([0.38989172, 0.65246637, 0.32020461, 0.36000001, 0.35480944,
       0.44881894, 0.41287614, 0.49152547, 0.35000002, 0.58333337]), array([0.36601309, 0.64904863, 0.32736573, 0.33333335, 0.33268483,
       0.49074079, 0.41292517, 0.50000004, 0.39566397, 0.57861638]), array([0.42388061, 0.65781084, 0.32536383, 0.3420139 , 0.33549584,
       0.52800004, 0.40353357, 0.44859818, 0.3923304 , 0.57861638]), array([0.42024542, 0.68405216, 0.3053476 , 0.35751296, 0.3321101 ,
       0.35294124, 0.41068917, 0.52040821, 0.38352274, 0.54268295])]
real metric: [array([0.28165007, 0.87701318, 0.79606188, 0.40519878, 0.59888579,
       0.11836115, 0.84852547, 0.15691869, 0.36680614, 0.20621469]), array([0.27719821, 0.83261803, 0.81016442, 0.40298507, 0.58393113,
       0.1378866 , 0.83676471, 0.16011236, 0.39185393, 0.18547141]), array([0.29172714, 0.84782609, 0.78851541, 0.39078752, 0.59119497,
       0.13239437, 0.82251656, 0.15804196, 0.37971014, 0.23020528]), array([0.31176471, 0.84308131, 0.80234261, 0.39915966, 0.57554945,
       0.14228188, 0.8272328 , 0.14851485, 0.36858476, 0.22067039]), array([0.31964809, 0.87242268, 0.79635258, 0.41143654, 0.57142857,
       0.12537313, 0.83880171, 0.13913043, 0.36940837, 0.23554913])]

estim_algorithm = ts-atc-model, mode = classification, metric = sensitivity, confidence_scores = entropy-conf, class_specific = True
test err: [0.22712468043761574, 0.23873715031006443, 0.2273372335612657, 0.226937195320841, 0.2115002468824423]
estimated metric: [array([0.91304348, 0.93461951, 0.64890783, 0.57950531, 0.57734807,
       0.33695659, 0.38375901, 0.40178577, 0.12290505, 0.27333338]), array([0.92418773, 0.94282511, 0.63273657, 0.63166667, 0.56442832,
       0.40944887, 0.40027992, 0.33050853, 0.10526318, 0.22500006]), array([0.90849674, 0.91649049, 0.6286445 , 0.57826888, 0.55642024,
       0.42592598, 0.39727892, 0.34482764, 0.10840111, 0.20125791]), array([0.93134329, 0.93411265, 0.64864865, 0.61284723, 0.58943467,
       0.45600004, 0.38727916, 0.32710287, 0.12389383, 0.22012584]), array([0.96319019, 0.92978937, 0.62406417, 0.62176166, 0.57247707,
       0.30392164, 0.40014065, 0.29591844, 0.13352275, 0.25609761])]
real metric: [array([0.28165007, 0.87701318, 0.79606188, 0.40519878, 0.59888579,
       0.11836115, 0.84852547, 0.15691869, 0.36680614, 0.20621469]), array([0.27719821, 0.83261803, 0.81016442, 0.40298507, 0.58393113,
       0.1378866 , 0.83676471, 0.16011236, 0.39185393, 0.18547141]), array([0.29172714, 0.84782609, 0.78851541, 0.39078752, 0.59119497,
       0.13239437, 0.82251656, 0.15804196, 0.37971014, 0.23020528]), array([0.31176471, 0.84308131, 0.80234261, 0.39915966, 0.57554945,
       0.14228188, 0.8272328 , 0.14851485, 0.36858476, 0.22067039]), array([0.31964809, 0.87242268, 0.79635258, 0.41143654, 0.57142857,
       0.12537313, 0.83880171, 0.13913043, 0.36940837, 0.23554913])]

estim_algorithm = ts-atc-model, mode = classification, metric = sensitivity, confidence_scores = doctor-conf, class_specific = False
test err: [0.25599705265491624, 0.2564247042349287, 0.2546551547471899, 0.2621138706909096, 0.24052336881196892]
estimated metric: [array([0.40133781, 0.6227224 , 0.3079382 , 0.33215549, 0.35174955,
       0.36956529, 0.4027505 , 0.53571433, 0.38826817, 0.4866667 ]), array([0.35740075, 0.62331839, 0.30537085, 0.36000001, 0.34482759,
       0.47244099, 0.41147656, 0.45762716, 0.33421054, 0.55833337]), array([0.34640525, 0.6205074 , 0.31508952, 0.32596686, 0.32587549,
       0.48148153, 0.40680273, 0.52586211, 0.38482386, 0.55345915]), array([0.38208957, 0.63336876, 0.30613306, 0.34895834, 0.33549584,
       0.56800003, 0.40212015, 0.46728977, 0.38938055, 0.58490569]), array([0.38957057, 0.66700101, 0.29304813, 0.35924008, 0.32201835,
       0.36274516, 0.40365683, 0.50000005, 0.37215911, 0.52439027])]
real metric: [array([0.28165007, 0.87701318, 0.79606188, 0.40519878, 0.59888579,
       0.11836115, 0.84852547, 0.15691869, 0.36680614, 0.20621469]), array([0.27719821, 0.83261803, 0.81016442, 0.40298507, 0.58393113,
       0.1378866 , 0.83676471, 0.16011236, 0.39185393, 0.18547141]), array([0.29172714, 0.84782609, 0.78851541, 0.39078752, 0.59119497,
       0.13239437, 0.82251656, 0.15804196, 0.37971014, 0.23020528]), array([0.31176471, 0.84308131, 0.80234261, 0.39915966, 0.57554945,
       0.14228188, 0.8272328 , 0.14851485, 0.36858476, 0.22067039]), array([0.31964809, 0.87242268, 0.79635258, 0.41143654, 0.57142857,
       0.12537313, 0.83880171, 0.13913043, 0.36940837, 0.23554913])]

estim_algorithm = ts-atc-model, mode = classification, metric = sensitivity, confidence_scores = doctor-conf, class_specific = True
test err: [0.2270323041789787, 0.2387480462009291, 0.22394353327822042, 0.22276103674218356, 0.21337240394630314]
estimated metric: [array([0.86956522, 0.91747053, 0.64358018, 0.614841  , 0.5709024 ,
       0.34782616, 0.39096268, 0.41071434, 0.12290505, 0.27333338]), array([0.87003611, 0.9338565 , 0.62966752, 0.67333334, 0.56805808,
       0.4251969 , 0.40237929, 0.33898311, 0.10526318, 0.22500006]), array([0.82352942, 0.91120507, 0.63478261, 0.6151013 , 0.55350195,
       0.41666672, 0.39659864, 0.37068971, 0.10298105, 0.20125791]), array([0.8477612 , 0.92348565, 0.6522869 , 0.65451389, 0.58480075,
       0.48000004, 0.39222615, 0.32710287, 0.12389383, 0.22012584]), array([0.89570552, 0.91574724, 0.62513369, 0.66666667, 0.56697248,
       0.3333334 , 0.38959213, 0.30612252, 0.13068184, 0.25609761])]
real metric: [array([0.28165007, 0.87701318, 0.79606188, 0.40519878, 0.59888579,
       0.11836115, 0.84852547, 0.15691869, 0.36680614, 0.20621469]), array([0.27719821, 0.83261803, 0.81016442, 0.40298507, 0.58393113,
       0.1378866 , 0.83676471, 0.16011236, 0.39185393, 0.18547141]), array([0.29172714, 0.84782609, 0.78851541, 0.39078752, 0.59119497,
       0.13239437, 0.82251656, 0.15804196, 0.37971014, 0.23020528]), array([0.31176471, 0.84308131, 0.80234261, 0.39915966, 0.57554945,
       0.14228188, 0.8272328 , 0.14851485, 0.36858476, 0.22067039]), array([0.31964809, 0.87242268, 0.79635258, 0.41143654, 0.57142857,
       0.12537313, 0.83880171, 0.13913043, 0.36940837, 0.23554913])]

