estim_algorithm = moval-ensemble-cls-precision, mode = classification, metric = precision
test err: [0.4334659104945898, 0.4306318079973502, 0.4404255844848145, 0.4281828012636324, 0.4317081329305612]
estimated metric: [array([0.09615671, 0.80433173, 0.69227586, 0.751062  , 0.57121107,
       0.45141628, 0.40013647, 0.25382608, 0.1959039 , 0.09369965]), array([0.12244372, 0.79210053, 0.69268091, 0.75419117, 0.56331704,
       0.40065533, 0.38434007, 0.26229695, 0.20603562, 0.09476478]), array([0.1038145 , 0.7994804 , 0.68462858, 0.75969031, 0.54191632,
       0.39546972, 0.35389847, 0.26018767, 0.20378592, 0.08754448]), array([0.11019709, 0.80022441, 0.69495031, 0.75458585, 0.57257003,
       0.42197006, 0.38394759, 0.27662567, 0.19906376, 0.10189558]), array([0.10714792, 0.79970458, 0.69335789, 0.73653421, 0.54919548,
       0.42944336, 0.37651347, 0.25203539, 0.18669661, 0.09365318])]
real metric: [array([0.35554279, 0.69710983, 0.36760563, 0.30773956, 0.61553785,
       0.75806452, 0.85714286, 0.97761194, 0.95789474, 1.        ]), array([0.37210615, 0.70813397, 0.38019391, 0.31111111, 0.66056911,
       0.73333333, 0.864     , 0.98601399, 0.88461538, 1.        ]), array([0.35336672, 0.69454123, 0.37801418, 0.33197674, 0.625     ,
       0.73015873, 0.88288288, 0.97902098, 0.94117647, 1.        ]), array([0.35924007, 0.72537659, 0.38220987, 0.33090024, 0.64752475,
       0.73818182, 0.88979592, 0.97350993, 0.92857143, 1.        ]), array([0.34850949, 0.67844523, 0.36531871, 0.31994901, 0.67515924,
       0.72508591, 0.8442623 , 0.94964029, 0.90322581, 1.        ])]

