estim_algorithm = ac-model, mode = classification, metric = precision, confidence_scores = max_class_probability-conf, class_specific = False
test err: [0.3936476917053947, 0.40427408188758535, 0.40329617451630223, 0.3995495103489661, 0.39246174192565747]
estimated metric: [array([0.85462958, 0.85948573, 0.88483686, 0.79832098, 0.83420725,
       0.38311756, 0.94484122, 0.54052564, 0.50809682, 0.61902408]), array([0.85631117, 0.86022429, 0.88463706, 0.77581011, 0.83831209,
       0.40580955, 0.94742958, 0.50993676, 0.48005737, 0.59460475]), array([0.84978384, 0.86887643, 0.88673861, 0.79865971, 0.83806104,
       0.38479218, 0.94895471, 0.55633725, 0.49622125, 0.59004245]), array([0.85804358, 0.86269048, 0.87904448, 0.79455528, 0.83725302,
       0.32856871, 0.94675184, 0.55018781, 0.46067556, 0.62490613]), array([0.85822885, 0.86096599, 0.88717485, 0.77420713, 0.83625597,
       0.3807533 , 0.94461096, 0.5538114 , 0.50746081, 0.62200199])]
real metric: [array([0.49305556, 0.67626728, 0.37545788, 0.45557351, 0.44268775,
       0.86792453, 0.29610014, 0.90909091, 0.85798817, 0.91505792]), array([0.50688073, 0.67779056, 0.34678899, 0.37342908, 0.42030848,
       0.8173913 , 0.28849722, 0.95294118, 0.8125    , 0.90128755]), array([0.50679852, 0.67546755, 0.36481481, 0.41390728, 0.43512451,
       0.84313725, 0.29278446, 0.97395833, 0.81481481, 0.92626728]), array([0.50113636, 0.67643743, 0.3705486 , 0.39408867, 0.44357977,
       0.85882353, 0.30258824, 0.93333333, 0.77241379, 0.90530303]), array([0.49150623, 0.68721461, 0.33933393, 0.45027125, 0.44760673,
       0.86138614, 0.30698795, 0.94871795, 0.80924855, 0.93076923])]

estim_algorithm = ac-model, mode = classification, metric = precision, confidence_scores = energy-conf, class_specific = False
test err: [0.4707944419131259, 0.45602721984355404, 0.46937879662868276, 0.4584072733949739, 0.46837734667222886]
estimated metric: [array([0.39969089, 0.33596258, 0.19813951, 0.13021205, 0.16889989,
       0.02741565, 0.45166027, 0.04996154, 0.04356316, 0.08687391]), array([0.40083966, 0.34544621, 0.20021967, 0.11417362, 0.17386386,
       0.03272635, 0.46277846, 0.04706293, 0.03582346, 0.07317118]), array([0.39686297, 0.34779214, 0.19847666, 0.12671486, 0.16931954,
       0.0285948 , 0.47068118, 0.05725748, 0.03939761, 0.07398305]), array([0.40868339, 0.33850289, 0.18607356, 0.13147455, 0.1701967 ,
       0.02059126, 0.46141915, 0.05682581, 0.03286712, 0.08520743]), array([0.40252262, 0.33605867, 0.19900186, 0.11500708, 0.1631895 ,
       0.02838587, 0.45290516, 0.05679416, 0.04265829, 0.08458031])]
real metric: [array([0.49305556, 0.67626728, 0.37545788, 0.45557351, 0.44268775,
       0.86792453, 0.29610014, 0.90909091, 0.85798817, 0.91505792]), array([0.50688073, 0.67779056, 0.34678899, 0.37342908, 0.42030848,
       0.8173913 , 0.28849722, 0.95294118, 0.8125    , 0.90128755]), array([0.50679852, 0.67546755, 0.36481481, 0.41390728, 0.43512451,
       0.84313725, 0.29278446, 0.97395833, 0.81481481, 0.92626728]), array([0.50113636, 0.67643743, 0.3705486 , 0.39408867, 0.44357977,
       0.85882353, 0.30258824, 0.93333333, 0.77241379, 0.90530303]), array([0.49150623, 0.68721461, 0.33933393, 0.45027125, 0.44760673,
       0.86138614, 0.30698795, 0.94871795, 0.80924855, 0.93076923])]

estim_algorithm = ac-model, mode = classification, metric = precision, confidence_scores = entropy-conf, class_specific = False
test err: [0.39769540669016945, 0.40844860847546755, 0.40759531796913756, 0.4034729973661075, 0.39666965033459567]
estimated metric: [array([0.82558437, 0.83489005, 0.86031016, 0.76168982, 0.80279231,
       0.33539278, 0.93369042, 0.48684037, 0.45821151, 0.57247783]), array([0.8280125 , 0.83613773, 0.86019215, 0.7362145 , 0.80757505,
       0.35725178, 0.93682767, 0.45891663, 0.42950843, 0.54522164]), array([0.8199256 , 0.84557906, 0.86210885, 0.7612186 , 0.806877  ,
       0.33737486, 0.93856793, 0.50474661, 0.44410403, 0.54137892]), array([0.82973184, 0.83830785, 0.85352025, 0.75729803, 0.80618289,
       0.28447319, 0.93578167, 0.49850263, 0.40817809, 0.57643327]), array([0.82970595, 0.83628954, 0.86270213, 0.73428759, 0.80386686,
       0.33272039, 0.93333331, 0.50053956, 0.45524941, 0.57218069])]
real metric: [array([0.49305556, 0.67626728, 0.37545788, 0.45557351, 0.44268775,
       0.86792453, 0.29610014, 0.90909091, 0.85798817, 0.91505792]), array([0.50688073, 0.67779056, 0.34678899, 0.37342908, 0.42030848,
       0.8173913 , 0.28849722, 0.95294118, 0.8125    , 0.90128755]), array([0.50679852, 0.67546755, 0.36481481, 0.41390728, 0.43512451,
       0.84313725, 0.29278446, 0.97395833, 0.81481481, 0.92626728]), array([0.50113636, 0.67643743, 0.3705486 , 0.39408867, 0.44357977,
       0.85882353, 0.30258824, 0.93333333, 0.77241379, 0.90530303]), array([0.49150623, 0.68721461, 0.33933393, 0.45027125, 0.44760673,
       0.86138614, 0.30698795, 0.94871795, 0.80924855, 0.93076923])]

estim_algorithm = ac-model, mode = classification, metric = precision, confidence_scores = doctor-conf, class_specific = False
test err: [0.38386693480492645, 0.39349812203053847, 0.39258968201420097, 0.39012874950793675, 0.38354948203814204]
estimated metric: [array([0.89223958, 0.89200388, 0.91453073, 0.8455387 , 0.87382932,
       0.46123252, 0.95825515, 0.61362529, 0.58436112, 0.68942848]), array([0.89441961, 0.89285122, 0.91468071, 0.82887197, 0.87757924,
       0.48430732, 0.96047664, 0.58935621, 0.56272927, 0.66793033]), array([0.88926771, 0.89922446, 0.9166456 , 0.84677209, 0.87805685,
       0.46423869, 0.96162024, 0.63049371, 0.57649234, 0.66374595]), array([0.89502422, 0.89421848, 0.9089961 , 0.84205825, 0.87559152,
       0.40178658, 0.95951421, 0.62279722, 0.53815866, 0.69286745]), array([0.8940638 , 0.89290881, 0.91585206, 0.82662257, 0.87551174,
       0.45582232, 0.95783507, 0.62431157, 0.58491876, 0.68944774])]
real metric: [array([0.49305556, 0.67626728, 0.37545788, 0.45557351, 0.44268775,
       0.86792453, 0.29610014, 0.90909091, 0.85798817, 0.91505792]), array([0.50688073, 0.67779056, 0.34678899, 0.37342908, 0.42030848,
       0.8173913 , 0.28849722, 0.95294118, 0.8125    , 0.90128755]), array([0.50679852, 0.67546755, 0.36481481, 0.41390728, 0.43512451,
       0.84313725, 0.29278446, 0.97395833, 0.81481481, 0.92626728]), array([0.50113636, 0.67643743, 0.3705486 , 0.39408867, 0.44357977,
       0.85882353, 0.30258824, 0.93333333, 0.77241379, 0.90530303]), array([0.49150623, 0.68721461, 0.33933393, 0.45027125, 0.44760673,
       0.86138614, 0.30698795, 0.94871795, 0.80924855, 0.93076923])]

estim_algorithm = ts-model, mode = classification, metric = precision, confidence_scores = max_class_probability-conf, class_specific = False
test err: [0.3691128700595706, 0.37843813534277876, 0.3758014455503992, 0.3704345006978005, 0.3733400736849345]
estimated metric: [array([0.56108525, 0.63034848, 0.61867292, 0.46220999, 0.53124642,
       0.12379519, 0.81191452, 0.21554076, 0.19607121, 0.29169872]), array([0.56431932, 0.63536   , 0.61920316, 0.42535673, 0.53951447,
       0.13853143, 0.81988716, 0.19832564, 0.17412733, 0.26356117]), array([0.55060304, 0.64934555, 0.61951392, 0.46023459, 0.53578741,
       0.12529699, 0.82459945, 0.23059621, 0.18436007, 0.26334078]), array([0.56794977, 0.63637835, 0.60518131, 0.45940767, 0.53593984,
       0.09918301, 0.81765968, 0.2259126 , 0.1629317 , 0.29175708]), array([0.56948976, 0.63370908, 0.6215695 , 0.42583095, 0.52830393,
       0.12548743, 0.81198398, 0.23174636, 0.19382076, 0.28952473])]
real metric: [array([0.49305556, 0.67626728, 0.37545788, 0.45557351, 0.44268775,
       0.86792453, 0.29610014, 0.90909091, 0.85798817, 0.91505792]), array([0.50688073, 0.67779056, 0.34678899, 0.37342908, 0.42030848,
       0.8173913 , 0.28849722, 0.95294118, 0.8125    , 0.90128755]), array([0.50679852, 0.67546755, 0.36481481, 0.41390728, 0.43512451,
       0.84313725, 0.29278446, 0.97395833, 0.81481481, 0.92626728]), array([0.50113636, 0.67643743, 0.3705486 , 0.39408867, 0.44357977,
       0.85882353, 0.30258824, 0.93333333, 0.77241379, 0.90530303]), array([0.49150623, 0.68721461, 0.33933393, 0.45027125, 0.44760673,
       0.86138614, 0.30698795, 0.94871795, 0.80924855, 0.93076923])]

estim_algorithm = ts-model, mode = classification, metric = precision, confidence_scores = max_class_probability-conf, class_specific = True
test err: [0.3538142699053515, 0.35291010634594105, 0.3582975353364512, 0.34296055315784557, 0.3580718607248256]
estimated metric: [array([0.29957619, 0.46416246, 0.46546557, 0.31133712, 0.57662337,
       0.23575126, 0.85804241, 0.35241364, 0.32967475, 0.42978532]), array([0.30552664, 0.47449882, 0.47059456, 0.28513252, 0.58809603,
       0.25328124, 0.86411422, 0.33396149, 0.32061511, 0.40731365]), array([0.28567552, 0.48789523, 0.4671986 , 0.31005731, 0.57974039,
       0.23126914, 0.86443888, 0.36155156, 0.32332452, 0.39025648]), array([0.30605794, 0.4743199 , 0.44921648, 0.31114071, 0.58218323,
       0.19925837, 0.86151618, 0.36341147, 0.29799714, 0.43594438]), array([0.30482376, 0.46561318, 0.46833107, 0.28140768, 0.57352745,
       0.2266023 , 0.85753914, 0.36130193, 0.33416081, 0.42995475])]
real metric: [array([0.49305556, 0.67626728, 0.37545788, 0.45557351, 0.44268775,
       0.86792453, 0.29610014, 0.90909091, 0.85798817, 0.91505792]), array([0.50688073, 0.67779056, 0.34678899, 0.37342908, 0.42030848,
       0.8173913 , 0.28849722, 0.95294118, 0.8125    , 0.90128755]), array([0.50679852, 0.67546755, 0.36481481, 0.41390728, 0.43512451,
       0.84313725, 0.29278446, 0.97395833, 0.81481481, 0.92626728]), array([0.50113636, 0.67643743, 0.3705486 , 0.39408867, 0.44357977,
       0.85882353, 0.30258824, 0.93333333, 0.77241379, 0.90530303]), array([0.49150623, 0.68721461, 0.33933393, 0.45027125, 0.44760673,
       0.86138614, 0.30698795, 0.94871795, 0.80924855, 0.93076923])]

estim_algorithm = ts-model, mode = classification, metric = precision, confidence_scores = energy-conf, class_specific = False
test err: [0.3933658539687244, 0.40264794531500653, 0.4039631319466445, 0.39598134024730836, 0.39270045770921885]
estimated metric: [array([0.70545102, 0.71476284, 0.76012327, 0.62534941, 0.67715345,
       0.21142097, 0.87959463, 0.32298615, 0.29921561, 0.40607276]), array([0.70767444, 0.71606117, 0.76003106, 0.59826766, 0.68359113,
       0.22644486, 0.88530198, 0.30262494, 0.28727978, 0.37852337]), array([0.69006136, 0.72657887, 0.75841308, 0.61980668, 0.67924211,
       0.20509427, 0.88593044, 0.33158801, 0.29034771, 0.36265179]), array([0.70985651, 0.72028846, 0.74927074, 0.6220038 , 0.68123617,
       0.17553919, 0.88319315, 0.33456975, 0.26672169, 0.41069941]), array([0.71022534, 0.71650681, 0.76351377, 0.59591409, 0.68107994,
       0.20324338, 0.87931714, 0.33304992, 0.30385676, 0.40660364])]
real metric: [array([0.49305556, 0.67626728, 0.37545788, 0.45557351, 0.44268775,
       0.86792453, 0.29610014, 0.90909091, 0.85798817, 0.91505792]), array([0.50688073, 0.67779056, 0.34678899, 0.37342908, 0.42030848,
       0.8173913 , 0.28849722, 0.95294118, 0.8125    , 0.90128755]), array([0.50679852, 0.67546755, 0.36481481, 0.41390728, 0.43512451,
       0.84313725, 0.29278446, 0.97395833, 0.81481481, 0.92626728]), array([0.50113636, 0.67643743, 0.3705486 , 0.39408867, 0.44357977,
       0.85882353, 0.30258824, 0.93333333, 0.77241379, 0.90530303]), array([0.49150623, 0.68721461, 0.33933393, 0.45027125, 0.44760673,
       0.86138614, 0.30698795, 0.94871795, 0.80924855, 0.93076923])]

estim_algorithm = ts-model, mode = classification, metric = precision, confidence_scores = energy-conf, class_specific = True
test err: [0.35524527903749614, 0.3539453621622714, 0.3600511801242055, 0.34434945572939385, 0.35962435531111436]
estimated metric: [array([0.3025522 , 0.5552756 , 0.53339359, 0.32400419, 0.6913378 ,
       0.25052658, 0.8675462 , 0.37095167, 0.34765879, 0.44956785]), array([0.29677451, 0.57458632, 0.53972544, 0.3001338 , 0.70058434,
       0.26958337, 0.87372905, 0.35300162, 0.33928195, 0.42784936]), array([0.28609667, 0.57844268, 0.53703721, 0.32337748, 0.69641984,
       0.24667146, 0.87406314, 0.38132652, 0.34212908, 0.41059176]), array([0.30393277, 0.56902838, 0.51647291, 0.32583811, 0.6962316 ,
       0.21252284, 0.87091697, 0.38238516, 0.31524684, 0.45599238]), array([0.30106494, 0.56510385, 0.53908724, 0.29648713, 0.696056  ,
       0.24227293, 0.86787938, 0.38169043, 0.35386629, 0.45147885])]
real metric: [array([0.49305556, 0.67626728, 0.37545788, 0.45557351, 0.44268775,
       0.86792453, 0.29610014, 0.90909091, 0.85798817, 0.91505792]), array([0.50688073, 0.67779056, 0.34678899, 0.37342908, 0.42030848,
       0.8173913 , 0.28849722, 0.95294118, 0.8125    , 0.90128755]), array([0.50679852, 0.67546755, 0.36481481, 0.41390728, 0.43512451,
       0.84313725, 0.29278446, 0.97395833, 0.81481481, 0.92626728]), array([0.50113636, 0.67643743, 0.3705486 , 0.39408867, 0.44357977,
       0.85882353, 0.30258824, 0.93333333, 0.77241379, 0.90530303]), array([0.49150623, 0.68721461, 0.33933393, 0.45027125, 0.44760673,
       0.86138614, 0.30698795, 0.94871795, 0.80924855, 0.93076923])]

estim_algorithm = ts-model, mode = classification, metric = precision, confidence_scores = entropy-conf, class_specific = False
test err: [0.3683593419856447, 0.37273436171831703, 0.3698753412583235, 0.3653917302918442, 0.3735852040036917]
estimated metric: [array([0.53023244, 0.61108449, 0.58767825, 0.43329174, 0.50353806,
       0.11339383, 0.79537426, 0.19556084, 0.18008085, 0.27441883]), array([0.53139929, 0.61772256, 0.58802735, 0.39728845, 0.51197545,
       0.12834781, 0.80458251, 0.18263942, 0.15768614, 0.2455396 ]), array([0.5178859 , 0.63112026, 0.58846074, 0.43104146, 0.50870523,
       0.11483506, 0.8097441 , 0.21404449, 0.16853826, 0.24876159]), array([0.53845145, 0.61548656, 0.57232411, 0.43236819, 0.50753746,
       0.09124018, 0.80192691, 0.20778416, 0.14608664, 0.27246275]), array([0.53874257, 0.61490988, 0.59008852, 0.39907272, 0.49824581,
       0.11497273, 0.79517559, 0.21190624, 0.17748924, 0.27022253])]
real metric: [array([0.49305556, 0.67626728, 0.37545788, 0.45557351, 0.44268775,
       0.86792453, 0.29610014, 0.90909091, 0.85798817, 0.91505792]), array([0.50688073, 0.67779056, 0.34678899, 0.37342908, 0.42030848,
       0.8173913 , 0.28849722, 0.95294118, 0.8125    , 0.90128755]), array([0.50679852, 0.67546755, 0.36481481, 0.41390728, 0.43512451,
       0.84313725, 0.29278446, 0.97395833, 0.81481481, 0.92626728]), array([0.50113636, 0.67643743, 0.3705486 , 0.39408867, 0.44357977,
       0.85882353, 0.30258824, 0.93333333, 0.77241379, 0.90530303]), array([0.49150623, 0.68721461, 0.33933393, 0.45027125, 0.44760673,
       0.86138614, 0.30698795, 0.94871795, 0.80924855, 0.93076923])]

estim_algorithm = ts-model, mode = classification, metric = precision, confidence_scores = entropy-conf, class_specific = True
test err: [0.35183303327742077, 0.34410205787642123, 0.35274177450954325, 0.3431338157183267, 0.3489659717065902]
estimated metric: [array([0.34874552, 0.52287909, 0.30843101, 0.22699018, 0.55645894,
       0.22454648, 0.8501624 , 0.33811722, 0.31585087, 0.41435847]), array([0.33451512, 0.5460074 , 0.31726203, 0.20510649, 0.56826125,
       0.2416026 , 0.85657927, 0.32015773, 0.30710864, 0.39226363]), array([0.35012236, 0.5403264 , 0.31214465, 0.22514377, 0.56049317,
       0.22049881, 0.85705647, 0.34745625, 0.30999591, 0.37570062]), array([0.34209414, 0.53981397, 0.29327407, 0.23164298, 0.56186053,
       0.18930287, 0.85375106, 0.34882727, 0.28486339, 0.4203715 ]), array([0.33476236, 0.53229053, 0.30752847, 0.20452106, 0.55165891,
       0.21549442, 0.84947345, 0.34654983, 0.31996175, 0.41421744])]
real metric: [array([0.49305556, 0.67626728, 0.37545788, 0.45557351, 0.44268775,
       0.86792453, 0.29610014, 0.90909091, 0.85798817, 0.91505792]), array([0.50688073, 0.67779056, 0.34678899, 0.37342908, 0.42030848,
       0.8173913 , 0.28849722, 0.95294118, 0.8125    , 0.90128755]), array([0.50679852, 0.67546755, 0.36481481, 0.41390728, 0.43512451,
       0.84313725, 0.29278446, 0.97395833, 0.81481481, 0.92626728]), array([0.50113636, 0.67643743, 0.3705486 , 0.39408867, 0.44357977,
       0.85882353, 0.30258824, 0.93333333, 0.77241379, 0.90530303]), array([0.49150623, 0.68721461, 0.33933393, 0.45027125, 0.44760673,
       0.86138614, 0.30698795, 0.94871795, 0.80924855, 0.93076923])]

estim_algorithm = ts-model, mode = classification, metric = precision, confidence_scores = doctor-conf, class_specific = False
test err: [0.38557880147897594, 0.3849437690377072, 0.38269799639874097, 0.37496575553417594, 0.39280937935647353]
estimated metric: [array([0.68180463, 0.61182465, 0.49771343, 0.3574834 , 0.43344405,
       0.08514825, 0.75954158, 0.16245562, 0.15072401, 0.24216811]), array([0.68667342, 0.6165638 , 0.50103109, 0.32022099, 0.44528828,
       0.10368924, 0.76765874, 0.14982467, 0.12214715, 0.21163225]), array([0.68142843, 0.6266472 , 0.49689284, 0.35098167, 0.43482605,
       0.0922621 , 0.77489205, 0.18161891, 0.13567203, 0.22250464]), array([0.69365471, 0.6136306 , 0.48013776, 0.3547277 , 0.43621752,
       0.06887399, 0.76512125, 0.17418338, 0.11492373, 0.23640559]), array([0.68614049, 0.61400558, 0.49754377, 0.31903554, 0.42334999,
       0.09179054, 0.75972537, 0.1821834 , 0.14682887, 0.23550825])]
real metric: [array([0.49305556, 0.67626728, 0.37545788, 0.45557351, 0.44268775,
       0.86792453, 0.29610014, 0.90909091, 0.85798817, 0.91505792]), array([0.50688073, 0.67779056, 0.34678899, 0.37342908, 0.42030848,
       0.8173913 , 0.28849722, 0.95294118, 0.8125    , 0.90128755]), array([0.50679852, 0.67546755, 0.36481481, 0.41390728, 0.43512451,
       0.84313725, 0.29278446, 0.97395833, 0.81481481, 0.92626728]), array([0.50113636, 0.67643743, 0.3705486 , 0.39408867, 0.44357977,
       0.85882353, 0.30258824, 0.93333333, 0.77241379, 0.90530303]), array([0.49150623, 0.68721461, 0.33933393, 0.45027125, 0.44760673,
       0.86138614, 0.30698795, 0.94871795, 0.80924855, 0.93076923])]

estim_algorithm = ts-model, mode = classification, metric = precision, confidence_scores = doctor-conf, class_specific = True
test err: [0.38339751337941996, 0.3647526848377735, 0.377978362660628, 0.36879957182464446, 0.38340886373174893]
estimated metric: [array([0.64957442, 0.49721239, 0.18377635, 0.17427359, 0.38611782,
       0.13006093, 0.8345955 , 0.31237955, 0.29106279, 0.38620359]), array([0.64739658, 0.51657872, 0.19070096, 0.15241542, 0.40066886,
       0.14594574, 0.84144952, 0.2950133 , 0.2825631 , 0.36449237]), array([0.65178065, 0.50993188, 0.19679162, 0.17722626, 0.39036529,
       0.13136286, 0.84229498, 0.32171757, 0.28581674, 0.34898863]), array([0.64337417, 0.51608734, 0.16814406, 0.18655988, 0.38946507,
       0.10681178, 0.83881965, 0.32321066, 0.26205371, 0.39266917]), array([0.65940011, 0.49985503, 0.17489218, 0.15286251, 0.37628948,
       0.12930556, 0.83397386, 0.32067748, 0.29517772, 0.38627958])]
real metric: [array([0.49305556, 0.67626728, 0.37545788, 0.45557351, 0.44268775,
       0.86792453, 0.29610014, 0.90909091, 0.85798817, 0.91505792]), array([0.50688073, 0.67779056, 0.34678899, 0.37342908, 0.42030848,
       0.8173913 , 0.28849722, 0.95294118, 0.8125    , 0.90128755]), array([0.50679852, 0.67546755, 0.36481481, 0.41390728, 0.43512451,
       0.84313725, 0.29278446, 0.97395833, 0.81481481, 0.92626728]), array([0.50113636, 0.67643743, 0.3705486 , 0.39408867, 0.44357977,
       0.85882353, 0.30258824, 0.93333333, 0.77241379, 0.90530303]), array([0.49150623, 0.68721461, 0.33933393, 0.45027125, 0.44760673,
       0.86138614, 0.30698795, 0.94871795, 0.80924855, 0.93076923])]

estim_algorithm = doc-model, mode = classification, metric = precision, confidence_scores = max_class_probability-conf, class_specific = False
test err: [0.38518793985772826, 0.39546102227053914, 0.3949637035260352, 0.38833309681509154, 0.38308081863780274]
estimated metric: [array([0.66676617, 0.68939226, 0.70954986, 0.56551208, 0.62564545,
       0.17208957, 0.85940874, 0.28762273, 0.25889763, 0.35670465]), array([0.67129995, 0.69248804, 0.70962691, 0.5285275 , 0.63249963,
       0.18679469, 0.8654706 , 0.26098857, 0.23361142, 0.33433268]), array([0.65758115, 0.70349125, 0.70942048, 0.56257865, 0.6251263 ,
       0.17222411, 0.86826967, 0.29896261, 0.24491054, 0.33001376]), array([0.67378641, 0.69456355, 0.70056476, 0.55689125, 0.62993221,
       0.1396628 , 0.86346988, 0.29430017, 0.22149601, 0.36191273]), array([0.67450316, 0.69194912, 0.71442398, 0.52605624, 0.62600581,
       0.17259794, 0.85954012, 0.29939318, 0.25644734, 0.36043295])]
real metric: [array([0.49305556, 0.67626728, 0.37545788, 0.45557351, 0.44268775,
       0.86792453, 0.29610014, 0.90909091, 0.85798817, 0.91505792]), array([0.50688073, 0.67779056, 0.34678899, 0.37342908, 0.42030848,
       0.8173913 , 0.28849722, 0.95294118, 0.8125    , 0.90128755]), array([0.50679852, 0.67546755, 0.36481481, 0.41390728, 0.43512451,
       0.84313725, 0.29278446, 0.97395833, 0.81481481, 0.92626728]), array([0.50113636, 0.67643743, 0.3705486 , 0.39408867, 0.44357977,
       0.85882353, 0.30258824, 0.93333333, 0.77241379, 0.90530303]), array([0.49150623, 0.68721461, 0.33933393, 0.45027125, 0.44760673,
       0.86138614, 0.30698795, 0.94871795, 0.80924855, 0.93076923])]

estim_algorithm = doc-model, mode = classification, metric = precision, confidence_scores = max_class_probability-conf, class_specific = True
test err: [0.3287993648795774, 0.32897512499043496, 0.33245855953885267, 0.3210867954118001, 0.33329823295277533]
estimated metric: [array([0.4286905 , 0.60802941, 0.44030346, 0.28895533, 0.60965503,
       0.23773209, 0.85937238, 0.35491948, 0.33210182, 0.43162069]), array([0.43232414, 0.61905742, 0.44522406, 0.25284577, 0.61997535,
       0.25516653, 0.86532498, 0.33626779, 0.32287393, 0.40886328]), array([0.4329437 , 0.61513053, 0.4358183 , 0.28511764, 0.60968627,
       0.23306494, 0.86561496, 0.36388014, 0.32553243, 0.39249181]), array([0.42330154, 0.61622839, 0.43523581, 0.2819717 , 0.61604056,
       0.20137083, 0.86308137, 0.36646776, 0.30076322, 0.43820588]), array([0.44833324, 0.60805696, 0.44255028, 0.24533365, 0.60999265,
       0.22882497, 0.85907509, 0.3642236 , 0.33697881, 0.43206982])]
real metric: [array([0.49305556, 0.67626728, 0.37545788, 0.45557351, 0.44268775,
       0.86792453, 0.29610014, 0.90909091, 0.85798817, 0.91505792]), array([0.50688073, 0.67779056, 0.34678899, 0.37342908, 0.42030848,
       0.8173913 , 0.28849722, 0.95294118, 0.8125    , 0.90128755]), array([0.50679852, 0.67546755, 0.36481481, 0.41390728, 0.43512451,
       0.84313725, 0.29278446, 0.97395833, 0.81481481, 0.92626728]), array([0.50113636, 0.67643743, 0.3705486 , 0.39408867, 0.44357977,
       0.85882353, 0.30258824, 0.93333333, 0.77241379, 0.90530303]), array([0.49150623, 0.68721461, 0.33933393, 0.45027125, 0.44760673,
       0.86138614, 0.30698795, 0.94871795, 0.80924855, 0.93076923])]

estim_algorithm = doc-model, mode = classification, metric = precision, confidence_scores = energy-conf, class_specific = False
test err: [0.3782875906894959, 0.3873703661956212, 0.38511072718374645, 0.37908211079540044, 0.3787953919717969]
estimated metric: [array([0.60689792, 0.65015282, 0.67342814, 0.52256283, 0.58330277,
       0.15249578, 0.8341167 , 0.24565977, 0.22459436, 0.3279837 ]), array([0.60940652, 0.65417204, 0.67404106, 0.49244575, 0.59141838,
       0.16713332, 0.84186907, 0.22986566, 0.2103391 , 0.29997309]), array([0.59165801, 0.6666916 , 0.67352257, 0.51897629, 0.58786538,
       0.15003782, 0.84405804, 0.25925382, 0.21637846, 0.29282695]), array([0.61224308, 0.65656237, 0.66009151, 0.52078661, 0.58813785,
       0.12380586, 0.83932449, 0.25880629, 0.19395836, 0.33099901]), array([0.61255154, 0.65215233, 0.67672741, 0.49063614, 0.585188  ,
       0.14810875, 0.83384012, 0.25815781, 0.2266363 , 0.32756449])]
real metric: [array([0.49305556, 0.67626728, 0.37545788, 0.45557351, 0.44268775,
       0.86792453, 0.29610014, 0.90909091, 0.85798817, 0.91505792]), array([0.50688073, 0.67779056, 0.34678899, 0.37342908, 0.42030848,
       0.8173913 , 0.28849722, 0.95294118, 0.8125    , 0.90128755]), array([0.50679852, 0.67546755, 0.36481481, 0.41390728, 0.43512451,
       0.84313725, 0.29278446, 0.97395833, 0.81481481, 0.92626728]), array([0.50113636, 0.67643743, 0.3705486 , 0.39408867, 0.44357977,
       0.85882353, 0.30258824, 0.93333333, 0.77241379, 0.90530303]), array([0.49150623, 0.68721461, 0.33933393, 0.45027125, 0.44760673,
       0.86138614, 0.30698795, 0.94871795, 0.80924855, 0.93076923])]

estim_algorithm = doc-model, mode = classification, metric = precision, confidence_scores = energy-conf, class_specific = True
test err: [0.3447784217968698, 0.34124297764592776, 0.34641893049174516, 0.33575777889986963, 0.34725651241090627]
estimated metric: [array([0.32210383, 0.56272727, 0.36281696, 0.25499233, 0.59865915,
       0.22864328, 0.85311605, 0.34336858, 0.32092409, 0.42004249]), array([0.31979232, 0.58213017, 0.36910555, 0.22895972, 0.60933905,
       0.2459246 , 0.85943563, 0.32528227, 0.31212021, 0.39786688]), array([0.32089735, 0.58042706, 0.36560047, 0.2515134 , 0.60451414,
       0.22479828, 0.86007298, 0.35310985, 0.31533452, 0.38154507]), array([0.3250819 , 0.57770398, 0.3468938 , 0.25668962, 0.60394706,
       0.19286467, 0.85660491, 0.35407964, 0.28958094, 0.42599638]), array([0.3140688 , 0.57066591, 0.36661128, 0.22890607, 0.60092147,
       0.22008796, 0.85288899, 0.35268108, 0.32585717, 0.42077498])]
real metric: [array([0.49305556, 0.67626728, 0.37545788, 0.45557351, 0.44268775,
       0.86792453, 0.29610014, 0.90909091, 0.85798817, 0.91505792]), array([0.50688073, 0.67779056, 0.34678899, 0.37342908, 0.42030848,
       0.8173913 , 0.28849722, 0.95294118, 0.8125    , 0.90128755]), array([0.50679852, 0.67546755, 0.36481481, 0.41390728, 0.43512451,
       0.84313725, 0.29278446, 0.97395833, 0.81481481, 0.92626728]), array([0.50113636, 0.67643743, 0.3705486 , 0.39408867, 0.44357977,
       0.85882353, 0.30258824, 0.93333333, 0.77241379, 0.90530303]), array([0.49150623, 0.68721461, 0.33933393, 0.45027125, 0.44760673,
       0.86138614, 0.30698795, 0.94871795, 0.80924855, 0.93076923])]

estim_algorithm = doc-model, mode = classification, metric = precision, confidence_scores = entropy-conf, class_specific = False
test err: [0.38103738974524826, 0.3913077246477799, 0.3908598969492598, 0.38428027016910116, 0.38103612723025826]
estimated metric: [array([0.64923126, 0.6767459 , 0.69221348, 0.54583136, 0.60697215,
       0.16165825, 0.85046124, 0.26992953, 0.24669831, 0.3437148 ]), array([0.65204863, 0.68087715, 0.69254744, 0.50879754, 0.61402337,
       0.1757436 , 0.857189  , 0.2471369 , 0.22112554, 0.3188248 ]), array([0.63967799, 0.69218861, 0.69213205, 0.54135216, 0.60774575,
       0.16252871, 0.86001268, 0.28357616, 0.231359  , 0.31632695]), array([0.65654775, 0.68186813, 0.68163273, 0.53795209, 0.61169431,
       0.13100035, 0.85474263, 0.27857477, 0.20735606, 0.34619837]), array([0.65806247, 0.67984537, 0.69694725, 0.50701177, 0.60513219,
       0.16195004, 0.85036248, 0.28189589, 0.24202221, 0.34307176])]
real metric: [array([0.49305556, 0.67626728, 0.37545788, 0.45557351, 0.44268775,
       0.86792453, 0.29610014, 0.90909091, 0.85798817, 0.91505792]), array([0.50688073, 0.67779056, 0.34678899, 0.37342908, 0.42030848,
       0.8173913 , 0.28849722, 0.95294118, 0.8125    , 0.90128755]), array([0.50679852, 0.67546755, 0.36481481, 0.41390728, 0.43512451,
       0.84313725, 0.29278446, 0.97395833, 0.81481481, 0.92626728]), array([0.50113636, 0.67643743, 0.3705486 , 0.39408867, 0.44357977,
       0.85882353, 0.30258824, 0.93333333, 0.77241379, 0.90530303]), array([0.49150623, 0.68721461, 0.33933393, 0.45027125, 0.44760673,
       0.86138614, 0.30698795, 0.94871795, 0.80924855, 0.93076923])]

estim_algorithm = doc-model, mode = classification, metric = precision, confidence_scores = entropy-conf, class_specific = True
test err: [0.3263735548772756, 0.32716526596429574, 0.33033907136970975, 0.31840362332729033, 0.3318101536448004]
estimated metric: [array([0.43848928, 0.60829418, 0.40754103, 0.27444797, 0.60034369,
       0.23473537, 0.85735186, 0.351126  , 0.32824775, 0.42687257]), array([0.4427656 , 0.61867417, 0.41570154, 0.23477278, 0.61070719,
       0.25209767, 0.86340417, 0.33262114, 0.31930524, 0.40454936]), array([0.44604163, 0.61740331, 0.40533263, 0.26445014, 0.60205675,
       0.23035776, 0.86383377, 0.36036744, 0.32216714, 0.38867227]), array([0.43748285, 0.61578792, 0.4002466 , 0.26433472, 0.60693399,
       0.19857798, 0.86100422, 0.36242426, 0.2969815 , 0.43337888]), array([0.44803205, 0.61119779, 0.41148892, 0.22967629, 0.59932388,
       0.22576558, 0.85694809, 0.36007923, 0.33309798, 0.42699578])]
real metric: [array([0.49305556, 0.67626728, 0.37545788, 0.45557351, 0.44268775,
       0.86792453, 0.29610014, 0.90909091, 0.85798817, 0.91505792]), array([0.50688073, 0.67779056, 0.34678899, 0.37342908, 0.42030848,
       0.8173913 , 0.28849722, 0.95294118, 0.8125    , 0.90128755]), array([0.50679852, 0.67546755, 0.36481481, 0.41390728, 0.43512451,
       0.84313725, 0.29278446, 0.97395833, 0.81481481, 0.92626728]), array([0.50113636, 0.67643743, 0.3705486 , 0.39408867, 0.44357977,
       0.85882353, 0.30258824, 0.93333333, 0.77241379, 0.90530303]), array([0.49150623, 0.68721461, 0.33933393, 0.45027125, 0.44760673,
       0.86138614, 0.30698795, 0.94871795, 0.80924855, 0.93076923])]

estim_algorithm = doc-model, mode = classification, metric = precision, confidence_scores = doctor-conf, class_specific = False
test err: [0.3900896554833956, 0.3998232473990121, 0.3992667470304026, 0.3929226633804519, 0.38828300962839785]
estimated metric: [array([0.69393554, 0.69966613, 0.72534326, 0.58425444, 0.64128148,
       0.1819086 , 0.86594448, 0.29689546, 0.27119536, 0.37044876]), array([0.69526051, 0.70319438, 0.72572696, 0.54846124, 0.64925483,
       0.19600933, 0.8720263 , 0.27353271, 0.2482461 , 0.34832857]), array([0.68190229, 0.71292515, 0.72536823, 0.58060606, 0.64071543,
       0.18183848, 0.87400231, 0.30930799, 0.25740261, 0.34358347]), array([0.69728274, 0.70437712, 0.71568765, 0.57539423, 0.64592284,
       0.14757469, 0.86978699, 0.30525756, 0.23246769, 0.37541962]), array([0.6986044 , 0.7026391 , 0.73049709, 0.54598404, 0.64190196,
       0.18168498, 0.86567745, 0.30733971, 0.26755896, 0.37309147])]
real metric: [array([0.49305556, 0.67626728, 0.37545788, 0.45557351, 0.44268775,
       0.86792453, 0.29610014, 0.90909091, 0.85798817, 0.91505792]), array([0.50688073, 0.67779056, 0.34678899, 0.37342908, 0.42030848,
       0.8173913 , 0.28849722, 0.95294118, 0.8125    , 0.90128755]), array([0.50679852, 0.67546755, 0.36481481, 0.41390728, 0.43512451,
       0.84313725, 0.29278446, 0.97395833, 0.81481481, 0.92626728]), array([0.50113636, 0.67643743, 0.3705486 , 0.39408867, 0.44357977,
       0.85882353, 0.30258824, 0.93333333, 0.77241379, 0.90530303]), array([0.49150623, 0.68721461, 0.33933393, 0.45027125, 0.44760673,
       0.86138614, 0.30698795, 0.94871795, 0.80924855, 0.93076923])]

estim_algorithm = doc-model, mode = classification, metric = precision, confidence_scores = doctor-conf, class_specific = True
test err: [0.33369836519084406, 0.33340885527097436, 0.3375158855364008, 0.32423451819150795, 0.33813302071645285]
estimated metric: [array([0.39598482, 0.60000684, 0.47725934, 0.31369404, 0.62283892,
       0.24233313, 0.86239342, 0.36053088, 0.33645566, 0.43721474]), array([0.40605143, 0.60790715, 0.48060125, 0.27670835, 0.63389957,
       0.25986941, 0.86834463, 0.34200163, 0.32827429, 0.41457036]), array([0.4000675 , 0.60602893, 0.4729499 , 0.30895914, 0.62371927,
       0.23774435, 0.86861817, 0.36975206, 0.33065391, 0.39854985]), array([0.40928045, 0.60735298, 0.46868372, 0.30392042, 0.62931962,
       0.20538386, 0.8659601 , 0.37179294, 0.30522483, 0.44348231]), array([0.41978441, 0.5999071 , 0.47920549, 0.26653445, 0.62371074,
       0.23317401, 0.86211234, 0.36954984, 0.34260509, 0.43732881])]
real metric: [array([0.49305556, 0.67626728, 0.37545788, 0.45557351, 0.44268775,
       0.86792453, 0.29610014, 0.90909091, 0.85798817, 0.91505792]), array([0.50688073, 0.67779056, 0.34678899, 0.37342908, 0.42030848,
       0.8173913 , 0.28849722, 0.95294118, 0.8125    , 0.90128755]), array([0.50679852, 0.67546755, 0.36481481, 0.41390728, 0.43512451,
       0.84313725, 0.29278446, 0.97395833, 0.81481481, 0.92626728]), array([0.50113636, 0.67643743, 0.3705486 , 0.39408867, 0.44357977,
       0.85882353, 0.30258824, 0.93333333, 0.77241379, 0.90530303]), array([0.49150623, 0.68721461, 0.33933393, 0.45027125, 0.44760673,
       0.86138614, 0.30698795, 0.94871795, 0.80924855, 0.93076923])]

