estim_algorithm = ac-model, mode = classification, metric = auc, confidence_scores = max_class_probability-conf, class_specific = False
test err: [0.07348326254681964, 0.07261899548421576, 0.07126944351295643, 0.07155222275088391, 0.06924290219891933]
estimated metric: [array([0.98678577, 0.98770481, 0.98455287, 0.98196722, 0.98467287,
       0.98475821, 0.98145049, 0.9822494 , 0.98382677, 0.98069401]), array([0.98576813, 0.98723459, 0.98408846, 0.98115708, 0.98397085,
       0.98459776, 0.98259056, 0.98335158, 0.98171279, 0.98234852]), array([0.98638959, 0.98776961, 0.98475718, 0.98134867, 0.98400555,
       0.98346032, 0.98387103, 0.98374838, 0.98244773, 0.98246198]), array([0.986843  , 0.98821247, 0.98580346, 0.98240127, 0.98480166,
       0.98434363, 0.98327728, 0.98304947, 0.9838771 , 0.98145312]), array([0.98658118, 0.98808283, 0.98509311, 0.98224435, 0.98448583,
       0.98494733, 0.98243163, 0.98348923, 0.98481009, 0.97959237])]
real metric: [array([0.95074968, 0.97598064, 0.9190626 , 0.89710864, 0.90734326,
       0.87785229, 0.85362282, 0.90207732, 0.89038719, 0.92964536]), array([0.94957703, 0.98074414, 0.90964353, 0.88903515, 0.91564283,
       0.87916269, 0.87048385, 0.88854396, 0.89219965, 0.93559755]), array([0.95297405, 0.98092042, 0.92199989, 0.89323155, 0.91595534,
       0.87599191, 0.86097695, 0.9133648 , 0.87990355, 0.93224716]), array([0.95301757, 0.98137713, 0.92286689, 0.89679833, 0.91022112,
       0.86848118, 0.8766459 , 0.89721589, 0.88567644, 0.93623979]), array([0.95372638, 0.98039116, 0.90813432, 0.90359855, 0.9103251 ,
       0.88141582, 0.86889382, 0.91548946, 0.89445432, 0.93290001])]

estim_algorithm = ac-model, mode = classification, metric = auc, confidence_scores = energy-conf, class_specific = False
test err: [0.12971399968745373, 0.12233993296320533, 0.11713131927922853, 0.11959201642667763, 0.12754496862017198]
estimated metric: [array([0.77187766, 0.84820644, 0.84818705, 0.85873405, 0.76011022,
       0.78313583, 0.67152862, 0.85416459, 0.70037663, 0.7103687 ]), array([0.77459046, 0.80992134, 0.83116471, 0.85340299, 0.75936068,
       0.79425714, 0.7027188 , 0.84720931, 0.75437446, 0.76023116]), array([0.79867278, 0.8170379 , 0.8464113 , 0.86995363, 0.74450061,
       0.76699649, 0.84158714, 0.78087786, 0.69563328, 0.79458142]), array([0.7709747 , 0.80131857, 0.82273006, 0.83295416, 0.78329512,
       0.79521817, 0.725111  , 0.85487788, 0.71293574, 0.83320467]), array([0.78722756, 0.85772238, 0.83653787, 0.82063749, 0.73534199,
       0.80083831, 0.72055407, 0.82942928, 0.74707752, 0.73851277])]
real metric: [array([0.95074968, 0.97598064, 0.9190626 , 0.89710864, 0.90734326,
       0.87785229, 0.85362282, 0.90207732, 0.89038719, 0.92964536]), array([0.94957703, 0.98074414, 0.90964353, 0.88903515, 0.91564283,
       0.87916269, 0.87048385, 0.88854396, 0.89219965, 0.93559755]), array([0.95297405, 0.98092042, 0.92199989, 0.89323155, 0.91595534,
       0.87599191, 0.86097695, 0.9133648 , 0.87990355, 0.93224716]), array([0.95301757, 0.98137713, 0.92286689, 0.89679833, 0.91022112,
       0.86848118, 0.8766459 , 0.89721589, 0.88567644, 0.93623979]), array([0.95372638, 0.98039116, 0.90813432, 0.90359855, 0.9103251 ,
       0.88141582, 0.86889382, 0.91548946, 0.89445432, 0.93290001])]

estim_algorithm = ac-model, mode = classification, metric = auc, confidence_scores = entropy-conf, class_specific = False
test err: [0.06949688974933045, 0.06879826742371772, 0.06745421552403329, 0.06803868895626641, 0.06561958385321806]
estimated metric: [array([0.98262948, 0.98493279, 0.9811561 , 0.97612651, 0.9817037 ,
       0.98232318, 0.97721248, 0.97900847, 0.97976645, 0.97393954]), array([0.98141724, 0.98475457, 0.98010975, 0.97496108, 0.97987028,
       0.98174047, 0.97947737, 0.98036493, 0.97875263, 0.97716472]), array([0.98238556, 0.98507316, 0.98130706, 0.97544492, 0.98075731,
       0.98022478, 0.98071334, 0.98018237, 0.97609674, 0.97992252]), array([0.98321567, 0.98611139, 0.98196169, 0.97652619, 0.98109233,
       0.98141802, 0.9782256 , 0.98013476, 0.98124754, 0.97899392]), array([0.9824498 , 0.98583732, 0.98147422, 0.97637283, 0.98108977,
       0.98154097, 0.98023023, 0.98034792, 0.98004114, 0.97614056])]
real metric: [array([0.95074968, 0.97598064, 0.9190626 , 0.89710864, 0.90734326,
       0.87785229, 0.85362282, 0.90207732, 0.89038719, 0.92964536]), array([0.94957703, 0.98074414, 0.90964353, 0.88903515, 0.91564283,
       0.87916269, 0.87048385, 0.88854396, 0.89219965, 0.93559755]), array([0.95297405, 0.98092042, 0.92199989, 0.89323155, 0.91595534,
       0.87599191, 0.86097695, 0.9133648 , 0.87990355, 0.93224716]), array([0.95301757, 0.98137713, 0.92286689, 0.89679833, 0.91022112,
       0.86848118, 0.8766459 , 0.89721589, 0.88567644, 0.93623979]), array([0.95372638, 0.98039116, 0.90813432, 0.90359855, 0.9103251 ,
       0.88141582, 0.86889382, 0.91548946, 0.89445432, 0.93290001])]

estim_algorithm = ac-model, mode = classification, metric = auc, confidence_scores = doctor-conf, class_specific = False
test err: [0.07763648870169931, 0.07653825302346674, 0.07539791576970362, 0.07547586632314444, 0.07331337666092318]
estimated metric: [array([0.99032267, 0.99172004, 0.98846652, 0.98677436, 0.98838061,
       0.98808677, 0.98616507, 0.98718029, 0.98751858, 0.98557977]), array([0.98958979, 0.99110646, 0.98758898, 0.98593245, 0.98798768,
       0.98777201, 0.98790475, 0.98731145, 0.98448954, 0.9863298 ]), array([0.99023823, 0.99128865, 0.98883852, 0.9864897 , 0.98775958,
       0.98745586, 0.98734504, 0.98860718, 0.98645495, 0.98706704]), array([0.9902689 , 0.99158297, 0.98934176, 0.98699131, 0.98835945,
       0.98812999, 0.9880928 , 0.98793972, 0.98805061, 0.98454138]), array([0.9900463 , 0.99160125, 0.98877258, 0.98698002, 0.98849817,
       0.98850962, 0.98832105, 0.98822522, 0.98809293, 0.98341556])]
real metric: [array([0.95074968, 0.97598064, 0.9190626 , 0.89710864, 0.90734326,
       0.87785229, 0.85362282, 0.90207732, 0.89038719, 0.92964536]), array([0.94957703, 0.98074414, 0.90964353, 0.88903515, 0.91564283,
       0.87916269, 0.87048385, 0.88854396, 0.89219965, 0.93559755]), array([0.95297405, 0.98092042, 0.92199989, 0.89323155, 0.91595534,
       0.87599191, 0.86097695, 0.9133648 , 0.87990355, 0.93224716]), array([0.95301757, 0.98137713, 0.92286689, 0.89679833, 0.91022112,
       0.86848118, 0.8766459 , 0.89721589, 0.88567644, 0.93623979]), array([0.95372638, 0.98039116, 0.90813432, 0.90359855, 0.9103251 ,
       0.88141582, 0.86889382, 0.91548946, 0.89445432, 0.93290001])]

estim_algorithm = ts-model, mode = classification, metric = auc, confidence_scores = max_class_probability-conf, class_specific = False
test err: [0.03646275139411801, 0.03839801236222643, 0.036242213984240414, 0.03723752120390824, 0.0344292626983028]
estimated metric: [array([0.93372347, 0.94819397, 0.9406742 , 0.92352622, 0.93846637,
       0.94538012, 0.92326486, 0.94716622, 0.92805006, 0.95038606]), array([0.93281742, 0.94693909, 0.93794027, 0.92245181, 0.93678874,
       0.93775276, 0.93704366, 0.94941222, 0.93679966, 0.95553555]), array([0.93300312, 0.94662968, 0.939963  , 0.92283605, 0.93607662,
       0.9397727 , 0.94814464, 0.93966196, 0.94273828, 0.93263837]), array([0.93595746, 0.94910848, 0.94143403, 0.92084417, 0.94007504,
       0.94360003, 0.92751129, 0.94727975, 0.94351306, 0.95293462]), array([0.93567523, 0.94894729, 0.94086014, 0.92259605, 0.93774504,
       0.94235047, 0.94103263, 0.94571346, 0.93887941, 0.94083181])]
real metric: [array([0.95074968, 0.97598064, 0.9190626 , 0.89710864, 0.90734326,
       0.87785229, 0.85362282, 0.90207732, 0.89038719, 0.92964536]), array([0.94957703, 0.98074414, 0.90964353, 0.88903515, 0.91564283,
       0.87916269, 0.87048385, 0.88854396, 0.89219965, 0.93559755]), array([0.95297405, 0.98092042, 0.92199989, 0.89323155, 0.91595534,
       0.87599191, 0.86097695, 0.9133648 , 0.87990355, 0.93224716]), array([0.95301757, 0.98137713, 0.92286689, 0.89679833, 0.91022112,
       0.86848118, 0.8766459 , 0.89721589, 0.88567644, 0.93623979]), array([0.95372638, 0.98039116, 0.90813432, 0.90359855, 0.9103251 ,
       0.88141582, 0.86889382, 0.91548946, 0.89445432, 0.93290001])]

estim_algorithm = ts-model, mode = classification, metric = auc, confidence_scores = max_class_probability-conf, class_specific = True
test err: [0.033471544110406884, 0.036292143303263955, 0.03254607623282775, 0.035510597964535616, 0.031198298676400348]
estimated metric: [array([0.94697278, 0.97159552, 0.94497435, 0.91254533, 0.95936261,
       0.91673809, 0.96532242, 0.96285118, 0.89578086, 0.94607807]), array([0.94541006, 0.97094855, 0.94191527, 0.91784853, 0.95801937,
       0.89738589, 0.96519181, 0.9637892 , 0.9301085 , 0.9550095 ]), array([0.94814899, 0.97220684, 0.94498703, 0.9171324 , 0.95957556,
       0.88912987, 0.96744111, 0.96553675, 0.92298347, 0.92568724]), array([0.94805402, 0.97196916, 0.94487191, 0.90504153, 0.95997205,
       0.92353169, 0.96712342, 0.96426965, 0.91868175, 0.95138801]), array([0.94822748, 0.97208797, 0.94540647, 0.91003207, 0.9601068 ,
       0.91263531, 0.9684624 , 0.96440703, 0.9179965 , 0.93434572])]
real metric: [array([0.95074968, 0.97598064, 0.9190626 , 0.89710864, 0.90734326,
       0.87785229, 0.85362282, 0.90207732, 0.89038719, 0.92964536]), array([0.94957703, 0.98074414, 0.90964353, 0.88903515, 0.91564283,
       0.87916269, 0.87048385, 0.88854396, 0.89219965, 0.93559755]), array([0.95297405, 0.98092042, 0.92199989, 0.89323155, 0.91595534,
       0.87599191, 0.86097695, 0.9133648 , 0.87990355, 0.93224716]), array([0.95301757, 0.98137713, 0.92286689, 0.89679833, 0.91022112,
       0.86848118, 0.8766459 , 0.89721589, 0.88567644, 0.93623979]), array([0.95372638, 0.98039116, 0.90813432, 0.90359855, 0.9103251 ,
       0.88141582, 0.86889382, 0.91548946, 0.89445432, 0.93290001])]

estim_algorithm = ts-model, mode = classification, metric = auc, confidence_scores = energy-conf, class_specific = False
test err: [0.03883513595503241, 0.04163701195863401, 0.03728996932714519, 0.03485518954051303, 0.02843470874134544]
estimated metric: [array([0.86963238, 0.91801616, 0.9238393 , 0.92242675, 0.88207907,
       0.89146609, 0.84478925, 0.95240747, 0.8524192 , 0.8464803 ]), array([0.86383507, 0.90839427, 0.9115802 , 0.91722616, 0.87591853,
       0.9148252 , 0.84892144, 0.95058638, 0.88457547, 0.87406279]), array([0.87884786, 0.90695644, 0.92449853, 0.92699489, 0.86428565,
       0.89589206, 0.93648843, 0.90841   , 0.84974854, 0.92589073]), array([0.86842301, 0.89772879, 0.90892028, 0.89857912, 0.8890426 ,
       0.9056298 , 0.86444983, 0.95074363, 0.84917485, 0.93221074]), array([0.8770202 , 0.93803287, 0.91231953, 0.90133986, 0.8729787 ,
       0.89873399, 0.86430091, 0.93839625, 0.87767024, 0.87300964])]
real metric: [array([0.95074968, 0.97598064, 0.9190626 , 0.89710864, 0.90734326,
       0.87785229, 0.85362282, 0.90207732, 0.89038719, 0.92964536]), array([0.94957703, 0.98074414, 0.90964353, 0.88903515, 0.91564283,
       0.87916269, 0.87048385, 0.88854396, 0.89219965, 0.93559755]), array([0.95297405, 0.98092042, 0.92199989, 0.89323155, 0.91595534,
       0.87599191, 0.86097695, 0.9133648 , 0.87990355, 0.93224716]), array([0.95301757, 0.98137713, 0.92286689, 0.89679833, 0.91022112,
       0.86848118, 0.8766459 , 0.89721589, 0.88567644, 0.93623979]), array([0.95372638, 0.98039116, 0.90813432, 0.90359855, 0.9103251 ,
       0.88141582, 0.86889382, 0.91548946, 0.89445432, 0.93290001])]

estim_algorithm = ts-model, mode = classification, metric = auc, confidence_scores = energy-conf, class_specific = True
test err: [0.06799672607179173, 0.06882730925707681, 0.05541885763479535, 0.0543605594729338, 0.0645843147469006]
estimated metric: [array([0.99163459, 0.99251774, 0.96907155, 0.95888196, 0.9925289 ,
       0.89876054, 0.99149673, 0.98910006, 0.89876165, 0.75824737]), array([0.99148098, 0.9923289 , 0.97796721, 0.95859948, 0.99232902,
       0.92212381, 0.99116622, 0.98245149, 0.93016691, 0.81090567]), array([0.99184167, 0.99261942, 0.97337877, 0.96033423, 0.99264767,
       0.90244607, 0.99158152, 0.96220475, 0.89887395, 0.84866819]), array([0.99167746, 0.99241626, 0.97149234, 0.95656347, 0.99241804,
       0.91252408, 0.99105967, 0.98151242, 0.89840271, 0.88840019]), array([0.99187085, 0.99265258, 0.97033457, 0.96812705, 0.99266399,
       0.90523201, 0.9915189 , 0.98075945, 0.92526129, 0.78904864])]
real metric: [array([0.95074968, 0.97598064, 0.9190626 , 0.89710864, 0.90734326,
       0.87785229, 0.85362282, 0.90207732, 0.89038719, 0.92964536]), array([0.94957703, 0.98074414, 0.90964353, 0.88903515, 0.91564283,
       0.87916269, 0.87048385, 0.88854396, 0.89219965, 0.93559755]), array([0.95297405, 0.98092042, 0.92199989, 0.89323155, 0.91595534,
       0.87599191, 0.86097695, 0.9133648 , 0.87990355, 0.93224716]), array([0.95301757, 0.98137713, 0.92286689, 0.89679833, 0.91022112,
       0.86848118, 0.8766459 , 0.89721589, 0.88567644, 0.93623979]), array([0.95372638, 0.98039116, 0.90813432, 0.90359855, 0.9103251 ,
       0.88141582, 0.86889382, 0.91548946, 0.89445432, 0.93290001])]

estim_algorithm = ts-model, mode = classification, metric = auc, confidence_scores = entropy-conf, class_specific = False
test err: [0.037634218528362615, 0.03961479144822176, 0.03768267086161851, 0.039129811572672965, 0.035594868787083775]
estimated metric: [array([0.93661436, 0.94964675, 0.9424758 , 0.92577586, 0.94006356,
       0.94611707, 0.92779077, 0.94451112, 0.9327662 , 0.95347208]), array([0.93526371, 0.9486727 , 0.94000155, 0.92370365, 0.93777635,
       0.94001242, 0.94110081, 0.94926055, 0.94077026, 0.95744676]), array([0.9359206 , 0.94784208, 0.94209105, 0.9247972 , 0.93940748,
       0.94276097, 0.94761243, 0.94058202, 0.94700186, 0.93611304]), array([0.93750351, 0.94953721, 0.94378985, 0.92363011, 0.94252572,
       0.94635161, 0.93177616, 0.94748871, 0.9476691 , 0.95485841]), array([0.93769662, 0.95016229, 0.94260903, 0.92543478, 0.94046778,
       0.94389565, 0.94178014, 0.94833493, 0.93810703, 0.94427212])]
real metric: [array([0.95074968, 0.97598064, 0.9190626 , 0.89710864, 0.90734326,
       0.87785229, 0.85362282, 0.90207732, 0.89038719, 0.92964536]), array([0.94957703, 0.98074414, 0.90964353, 0.88903515, 0.91564283,
       0.87916269, 0.87048385, 0.88854396, 0.89219965, 0.93559755]), array([0.95297405, 0.98092042, 0.92199989, 0.89323155, 0.91595534,
       0.87599191, 0.86097695, 0.9133648 , 0.87990355, 0.93224716]), array([0.95301757, 0.98137713, 0.92286689, 0.89679833, 0.91022112,
       0.86848118, 0.8766459 , 0.89721589, 0.88567644, 0.93623979]), array([0.95372638, 0.98039116, 0.90813432, 0.90359855, 0.9103251 ,
       0.88141582, 0.86889382, 0.91548946, 0.89445432, 0.93290001])]

estim_algorithm = ts-model, mode = classification, metric = auc, confidence_scores = entropy-conf, class_specific = True
test err: [0.033843414176684336, 0.03672285673255489, 0.03303073613689721, 0.03602760944127668, 0.03068077267664999]
estimated metric: [array([0.96450963, 0.97354054, 0.9457161 , 0.91741413, 0.9603036 ,
       0.914371  , 0.96418844, 0.95957083, 0.89081628, 0.94695317]), array([0.96347278, 0.97309255, 0.94204408, 0.9217717 , 0.95841176,
       0.89513163, 0.96343645, 0.95812078, 0.9302425 , 0.95683154]), array([0.96582911, 0.97438421, 0.94632136, 0.92265276, 0.96020926,
       0.88717267, 0.96706199, 0.96033133, 0.92153912, 0.92519557]), array([0.96561017, 0.97404272, 0.94581527, 0.90927532, 0.95985062,
       0.92643989, 0.96488256, 0.9596158 , 0.91634003, 0.95227513]), array([0.96561323, 0.97419184, 0.94662959, 0.91272189, 0.96023445,
       0.90945926, 0.96550341, 0.95816923, 0.91729583, 0.9339193 ])]
real metric: [array([0.95074968, 0.97598064, 0.9190626 , 0.89710864, 0.90734326,
       0.87785229, 0.85362282, 0.90207732, 0.89038719, 0.92964536]), array([0.94957703, 0.98074414, 0.90964353, 0.88903515, 0.91564283,
       0.87916269, 0.87048385, 0.88854396, 0.89219965, 0.93559755]), array([0.95297405, 0.98092042, 0.92199989, 0.89323155, 0.91595534,
       0.87599191, 0.86097695, 0.9133648 , 0.87990355, 0.93224716]), array([0.95301757, 0.98137713, 0.92286689, 0.89679833, 0.91022112,
       0.86848118, 0.8766459 , 0.89721589, 0.88567644, 0.93623979]), array([0.95372638, 0.98039116, 0.90813432, 0.90359855, 0.9103251 ,
       0.88141582, 0.86889382, 0.91548946, 0.89445432, 0.93290001])]

estim_algorithm = ts-model, mode = classification, metric = auc, confidence_scores = doctor-conf, class_specific = False
test err: [0.0409821227559359, 0.04152770652703138, 0.04052556878974954, 0.041894709959518016, 0.03841281338584056]
estimated metric: [array([0.94580355, 0.95399223, 0.94813934, 0.93751121, 0.94589102,
       0.95045576, 0.93805296, 0.94740792, 0.94444181, 0.94808614]), array([0.94443847, 0.95321031, 0.94736093, 0.93534923, 0.94430943,
       0.94614443, 0.94637483, 0.94730864, 0.94587917, 0.95018722]), array([0.94504068, 0.95376436, 0.94914672, 0.93536024, 0.94581261,
       0.94676625, 0.94972181, 0.94573622, 0.947588  , 0.94370554]), array([0.94690865, 0.95433023, 0.9497386 , 0.93600419, 0.94827578,
       0.95044023, 0.94258285, 0.94947971, 0.9503554 , 0.95306005]), array([0.94678965, 0.95526765, 0.94912033, 0.93800831, 0.94487073,
       0.9478629 , 0.9477648 , 0.94871224, 0.94474119, 0.94619879])]
real metric: [array([0.95074968, 0.97598064, 0.9190626 , 0.89710864, 0.90734326,
       0.87785229, 0.85362282, 0.90207732, 0.89038719, 0.92964536]), array([0.94957703, 0.98074414, 0.90964353, 0.88903515, 0.91564283,
       0.87916269, 0.87048385, 0.88854396, 0.89219965, 0.93559755]), array([0.95297405, 0.98092042, 0.92199989, 0.89323155, 0.91595534,
       0.87599191, 0.86097695, 0.9133648 , 0.87990355, 0.93224716]), array([0.95301757, 0.98137713, 0.92286689, 0.89679833, 0.91022112,
       0.86848118, 0.8766459 , 0.89721589, 0.88567644, 0.93623979]), array([0.95372638, 0.98039116, 0.90813432, 0.90359855, 0.9103251 ,
       0.88141582, 0.86889382, 0.91548946, 0.89445432, 0.93290001])]

estim_algorithm = ts-model, mode = classification, metric = auc, confidence_scores = doctor-conf, class_specific = True
test err: [0.03623420354741878, 0.036930555806949636, 0.033951378161908005, 0.03781707054131611, 0.03393599493502046]
estimated metric: [array([0.94120617, 0.96665527, 0.9433391 , 0.92977683, 0.95609272,
       0.91677782, 0.95798191, 0.9587505 , 0.90864576, 0.949208  ]), array([0.93999135, 0.96577369, 0.9395208 , 0.93403   , 0.95426294,
       0.90178473, 0.95881715, 0.95819371, 0.93768458, 0.94076471]), array([0.94207308, 0.96763574, 0.94355288, 0.93493113, 0.95654036,
       0.8934982 , 0.96042552, 0.96090962, 0.92379221, 0.93534936]), array([0.94199115, 0.96720523, 0.94259737, 0.92441246, 0.95638009,
       0.92327559, 0.96005153, 0.96008379, 0.92770075, 0.95261633]), array([0.94300821, 0.96763313, 0.94335775, 0.92252605, 0.95680632,
       0.91276596, 0.96033791, 0.96025836, 0.93213276, 0.94291004])]
real metric: [array([0.95074968, 0.97598064, 0.9190626 , 0.89710864, 0.90734326,
       0.87785229, 0.85362282, 0.90207732, 0.89038719, 0.92964536]), array([0.94957703, 0.98074414, 0.90964353, 0.88903515, 0.91564283,
       0.87916269, 0.87048385, 0.88854396, 0.89219965, 0.93559755]), array([0.95297405, 0.98092042, 0.92199989, 0.89323155, 0.91595534,
       0.87599191, 0.86097695, 0.9133648 , 0.87990355, 0.93224716]), array([0.95301757, 0.98137713, 0.92286689, 0.89679833, 0.91022112,
       0.86848118, 0.8766459 , 0.89721589, 0.88567644, 0.93623979]), array([0.95372638, 0.98039116, 0.90813432, 0.90359855, 0.9103251 ,
       0.88141582, 0.86889382, 0.91548946, 0.89445432, 0.93290001])]

estim_algorithm = doc-model, mode = classification, metric = auc, confidence_scores = max_class_probability-conf, class_specific = False
test err: [0.050483144730439376, 0.050457144633622296, 0.05162682001632535, 0.05142941567279117, 0.05366652056370774]
estimated metric: [array([0.86341389, 0.86618888, 0.86157123, 0.85665854, 0.86219993,
       0.86215157, 0.8585461 , 0.85963342, 0.86087546, 0.85760588]), array([0.862491  , 0.86542697, 0.86079742, 0.85538114, 0.86149709,
       0.86203344, 0.8598124 , 0.86065329, 0.85867272, 0.85929345]), array([0.86334062, 0.86610299, 0.86200913, 0.85617232, 0.86160004,
       0.8609437 , 0.8609947 , 0.86118297, 0.85954304, 0.85944339]), array([0.86358022, 0.86659466, 0.86299902, 0.85670196, 0.86234881,
       0.8619309 , 0.86038965, 0.86043933, 0.86083054, 0.85843098]), array([0.86332806, 0.86644902, 0.86216926, 0.85704076, 0.86207706,
       0.8625787 , 0.85963465, 0.86088936, 0.86192071, 0.85657616])]
real metric: [array([0.95074968, 0.97598064, 0.9190626 , 0.89710864, 0.90734326,
       0.87785229, 0.85362282, 0.90207732, 0.89038719, 0.92964536]), array([0.94957703, 0.98074414, 0.90964353, 0.88903515, 0.91564283,
       0.87916269, 0.87048385, 0.88854396, 0.89219965, 0.93559755]), array([0.95297405, 0.98092042, 0.92199989, 0.89323155, 0.91595534,
       0.87599191, 0.86097695, 0.9133648 , 0.87990355, 0.93224716]), array([0.95301757, 0.98137713, 0.92286689, 0.89679833, 0.91022112,
       0.86848118, 0.8766459 , 0.89721589, 0.88567644, 0.93623979]), array([0.95372638, 0.98039116, 0.90813432, 0.90359855, 0.9103251 ,
       0.88141582, 0.86889382, 0.91548946, 0.89445432, 0.93290001])]

estim_algorithm = doc-model, mode = classification, metric = auc, confidence_scores = max_class_probability-conf, class_specific = True
test err: [0.0500752737696861, 0.0490853558723491, 0.04793563947496604, 0.04809656670666962, 0.045864942543706856]
estimated metric: [array([0.97021949, 0.98630894, 0.95908741, 0.93800654, 0.96994963,
       0.94259135, 0.97088284, 0.96281129, 0.94938317, 0.95534189]), array([0.96916953, 0.98519074, 0.95848813, 0.93702355, 0.96919184,
       0.94238299, 0.97199128, 0.96385616, 0.94727306, 0.95691665]), array([0.97002546, 0.98586853, 0.95946108, 0.93753998, 0.96941577,
       0.94142219, 0.9734406 , 0.96442216, 0.94811732, 0.95720889]), array([0.97032613, 0.98628407, 0.96039262, 0.93832369, 0.97011909,
       0.94225817, 0.97271718, 0.96362863, 0.94943025, 0.95602609]), array([0.97015199, 0.98606261, 0.95971196, 0.93841525, 0.96988013,
       0.94293088, 0.97197462, 0.96410921, 0.95044769, 0.95429403])]
real metric: [array([0.95074968, 0.97598064, 0.9190626 , 0.89710864, 0.90734326,
       0.87785229, 0.85362282, 0.90207732, 0.89038719, 0.92964536]), array([0.94957703, 0.98074414, 0.90964353, 0.88903515, 0.91564283,
       0.87916269, 0.87048385, 0.88854396, 0.89219965, 0.93559755]), array([0.95297405, 0.98092042, 0.92199989, 0.89323155, 0.91595534,
       0.87599191, 0.86097695, 0.9133648 , 0.87990355, 0.93224716]), array([0.95301757, 0.98137713, 0.92286689, 0.89679833, 0.91022112,
       0.86848118, 0.8766459 , 0.89721589, 0.88567644, 0.93623979]), array([0.95372638, 0.98039116, 0.90813432, 0.90359855, 0.9103251 ,
       0.88141582, 0.86889382, 0.91548946, 0.89445432, 0.93290001])]

estim_algorithm = doc-model, mode = classification, metric = auc, confidence_scores = energy-conf, class_specific = False
test err: [0.031065295904904665, 0.03940696064770103, 0.037908561318294634, 0.037943085010695196, 0.03848952222329235]
estimated metric: [array([0.93010272, 0.95039081, 0.94057323, 0.92186831, 0.94299035,
       0.95245696, 0.87964142, 0.95657392, 0.90835845, 0.92023773]), array([0.92943502, 0.94821193, 0.93451315, 0.92125329, 0.94209168,
       0.94448273, 0.91086296, 0.95881356, 0.9600166 , 0.9496706 ]), array([0.92909679, 0.94831207, 0.94003837, 0.92177203, 0.93713461,
       0.95059844, 0.95939504, 0.95300721, 0.90440958, 0.94991587]), array([0.93098882, 0.95036179, 0.93792096, 0.92506342, 0.94090128,
       0.94986577, 0.93598413, 0.9557258 , 0.92342299, 0.95164795]), array([0.93334286, 0.94919472, 0.93958781, 0.92252544, 0.94061179,
       0.95216319, 0.93097091, 0.95807292, 0.95479649, 0.94979812])]
real metric: [array([0.95074968, 0.97598064, 0.9190626 , 0.89710864, 0.90734326,
       0.87785229, 0.85362282, 0.90207732, 0.89038719, 0.92964536]), array([0.94957703, 0.98074414, 0.90964353, 0.88903515, 0.91564283,
       0.87916269, 0.87048385, 0.88854396, 0.89219965, 0.93559755]), array([0.95297405, 0.98092042, 0.92199989, 0.89323155, 0.91595534,
       0.87599191, 0.86097695, 0.9133648 , 0.87990355, 0.93224716]), array([0.95301757, 0.98137713, 0.92286689, 0.89679833, 0.91022112,
       0.86848118, 0.8766459 , 0.89721589, 0.88567644, 0.93623979]), array([0.95372638, 0.98039116, 0.90813432, 0.90359855, 0.9103251 ,
       0.88141582, 0.86889382, 0.91548946, 0.89445432, 0.93290001])]

estim_algorithm = doc-model, mode = classification, metric = auc, confidence_scores = energy-conf, class_specific = True
test err: [0.06210024720860439, 0.055376534777423735, 0.05168390304899716, 0.04668639009219674, 0.05352550074455328]
estimated metric: [array([0.98379476, 0.98393014, 0.96861555, 0.94501067, 0.97859418,
       0.87401089, 0.9765787 , 0.9679234 , 0.84657285, 0.75480107]), array([0.98352963, 0.98363054, 0.96881909, 0.94496541, 0.97664248,
       0.88571356, 0.97489375, 0.97750288, 0.90481676, 0.80731349]), array([0.98422059, 0.98443877, 0.97070567, 0.94627483, 0.97822059,
       0.85728517, 0.97710703, 0.97139224, 0.84318045, 0.84377468]), array([0.98424388, 0.98436475, 0.97063413, 0.94684845, 0.97868266,
       0.88517966, 0.97476181, 0.97354016, 0.86199976, 0.88468408]), array([0.98445259, 0.98461221, 0.9698476 , 0.94698833, 0.97866151,
       0.89390429, 0.97665047, 0.97187236, 0.89752223, 0.78572767])]
real metric: [array([0.95074968, 0.97598064, 0.9190626 , 0.89710864, 0.90734326,
       0.87785229, 0.85362282, 0.90207732, 0.89038719, 0.92964536]), array([0.94957703, 0.98074414, 0.90964353, 0.88903515, 0.91564283,
       0.87916269, 0.87048385, 0.88854396, 0.89219965, 0.93559755]), array([0.95297405, 0.98092042, 0.92199989, 0.89323155, 0.91595534,
       0.87599191, 0.86097695, 0.9133648 , 0.87990355, 0.93224716]), array([0.95301757, 0.98137713, 0.92286689, 0.89679833, 0.91022112,
       0.86848118, 0.8766459 , 0.89721589, 0.88567644, 0.93623979]), array([0.95372638, 0.98039116, 0.90813432, 0.90359855, 0.9103251 ,
       0.88141582, 0.86889382, 0.91548946, 0.89445432, 0.93290001])]

estim_algorithm = doc-model, mode = classification, metric = auc, confidence_scores = entropy-conf, class_specific = False
test err: [0.04712051372040277, 0.04601416681241689, 0.048383133732441484, 0.046781441703700376, 0.04908803514426704]
estimated metric: [array([0.86717282, 0.87150991, 0.86622065, 0.85804841, 0.86756726,
       0.86815467, 0.86283784, 0.8647596 , 0.8653491 , 0.85943444]), array([0.86583719, 0.87121704, 0.86508301, 0.85674088, 0.86578947,
       0.8676477 , 0.86515209, 0.86614024, 0.86419702, 0.86268406]), array([0.86682983, 0.871475  , 0.86653991, 0.85751591, 0.86655773,
       0.86603043, 0.86630004, 0.86605247, 0.86172417, 0.86535496]), array([0.86748662, 0.87252969, 0.86722764, 0.85830925, 0.86690601,
       0.86738794, 0.86385776, 0.86588426, 0.86669683, 0.86443981]), array([0.8669496 , 0.8723798 , 0.86662311, 0.85863236, 0.86689914,
       0.86758748, 0.8658758 , 0.86617517, 0.86573127, 0.86159486])]
real metric: [array([0.95074968, 0.97598064, 0.9190626 , 0.89710864, 0.90734326,
       0.87785229, 0.85362282, 0.90207732, 0.89038719, 0.92964536]), array([0.94957703, 0.98074414, 0.90964353, 0.88903515, 0.91564283,
       0.87916269, 0.87048385, 0.88854396, 0.89219965, 0.93559755]), array([0.95297405, 0.98092042, 0.92199989, 0.89323155, 0.91595534,
       0.87599191, 0.86097695, 0.9133648 , 0.87990355, 0.93224716]), array([0.95301757, 0.98137713, 0.92286689, 0.89679833, 0.91022112,
       0.86848118, 0.8766459 , 0.89721589, 0.88567644, 0.93623979]), array([0.95372638, 0.98039116, 0.90813432, 0.90359855, 0.9103251 ,
       0.88141582, 0.86889382, 0.91548946, 0.89445432, 0.93290001])]

estim_algorithm = doc-model, mode = classification, metric = auc, confidence_scores = entropy-conf, class_specific = True
test err: [0.048567757939802315, 0.04781026466839615, 0.04674275348138901, 0.0470996935041794, 0.0447747929870117]
estimated metric: [array([0.96914213, 0.98538053, 0.95777728, 0.93530095, 0.97009189,
       0.94268375, 0.96863766, 0.96167911, 0.94778325, 0.95103082]), array([0.96790913, 0.98464838, 0.95670284, 0.93411135, 0.9682787 ,
       0.94210847, 0.97090082, 0.96304834, 0.9468264 , 0.95419858]), array([0.96911293, 0.98561812, 0.95818921, 0.93488463, 0.96941077,
       0.94082125, 0.97236016, 0.96310202, 0.94432229, 0.95717176]), array([0.96978997, 0.98570882, 0.95871155, 0.93576411, 0.96960782,
       0.94191124, 0.96973994, 0.96290298, 0.94934751, 0.95605323]), array([0.9691157 , 0.98568822, 0.95825569, 0.93581511, 0.9696778 ,
       0.94210725, 0.97178621, 0.96315781, 0.94818121, 0.95329188])]
real metric: [array([0.95074968, 0.97598064, 0.9190626 , 0.89710864, 0.90734326,
       0.87785229, 0.85362282, 0.90207732, 0.89038719, 0.92964536]), array([0.94957703, 0.98074414, 0.90964353, 0.88903515, 0.91564283,
       0.87916269, 0.87048385, 0.88854396, 0.89219965, 0.93559755]), array([0.95297405, 0.98092042, 0.92199989, 0.89323155, 0.91595534,
       0.87599191, 0.86097695, 0.9133648 , 0.87990355, 0.93224716]), array([0.95301757, 0.98137713, 0.92286689, 0.89679833, 0.91022112,
       0.86848118, 0.8766459 , 0.89721589, 0.88567644, 0.93623979]), array([0.95372638, 0.98039116, 0.90813432, 0.90359855, 0.9103251 ,
       0.88141582, 0.86889382, 0.91548946, 0.89445432, 0.93290001])]

estim_algorithm = doc-model, mode = classification, metric = auc, confidence_scores = doctor-conf, class_specific = False
test err: [0.06166580834792762, 0.0631773283660371, 0.06358873192520793, 0.06423957828368379, 0.06585818816819189]
estimated metric: [array([0.85031823, 0.85255719, 0.84813153, 0.84490739, 0.84827289,
       0.8477673 , 0.84834412, 0.85003976, 0.8496409 , 0.8471924 ]), array([0.84959156, 0.85410931, 0.84706592, 0.84360804, 0.84775219,
       0.84743495, 0.84793805, 0.84721535, 0.84618229, 0.84795943]), array([0.85153735, 0.85324697, 0.84856474, 0.84463469, 0.84761395,
       0.85021401, 0.84947582, 0.85130272, 0.8464719 , 0.84861612]), array([0.85052631, 0.85240629, 0.84924555, 0.84499181, 0.84835196,
       0.84799568, 0.85016193, 0.84798064, 0.84981112, 0.84467315]), array([0.85025007, 0.85231871, 0.84851843, 0.84521055, 0.85163782,
       0.84835354, 0.85070815, 0.84798569, 0.85050484, 0.84525925])]
real metric: [array([0.95074968, 0.97598064, 0.9190626 , 0.89710864, 0.90734326,
       0.87785229, 0.85362282, 0.90207732, 0.89038719, 0.92964536]), array([0.94957703, 0.98074414, 0.90964353, 0.88903515, 0.91564283,
       0.87916269, 0.87048385, 0.88854396, 0.89219965, 0.93559755]), array([0.95297405, 0.98092042, 0.92199989, 0.89323155, 0.91595534,
       0.87599191, 0.86097695, 0.9133648 , 0.87990355, 0.93224716]), array([0.95301757, 0.98137713, 0.92286689, 0.89679833, 0.91022112,
       0.86848118, 0.8766459 , 0.89721589, 0.88567644, 0.93623979]), array([0.95372638, 0.98039116, 0.90813432, 0.90359855, 0.9103251 ,
       0.88141582, 0.86889382, 0.91548946, 0.89445432, 0.93290001])]

estim_algorithm = doc-model, mode = classification, metric = auc, confidence_scores = doctor-conf, class_specific = True
test err: [0.05126475266789683, 0.05011271610206143, 0.04917080466122882, 0.049172507163102695, 0.04706311780779195]
estimated metric: [array([0.97135664, 0.98688641, 0.96054131, 0.93984392, 0.97093042,
       0.94277285, 0.97241618, 0.9655987 , 0.94953856, 0.95659234]), array([0.97058203, 0.98625813, 0.95958876, 0.93882625, 0.97051658,
       0.94248693, 0.97410515, 0.96565749, 0.94643646, 0.95729975]), array([0.97141773, 0.98663174, 0.96106166, 0.93969412, 0.97043798,
       0.94228237, 0.97376411, 0.96717823, 0.94858897, 0.95821676]), array([0.97136375, 0.98683456, 0.96151888, 0.940059  , 0.97098309,
       0.94297723, 0.9743947 , 0.96641103, 0.95009464, 0.95562843]), array([0.97119993, 0.98693806, 0.96098053, 0.94021288, 0.97118144,
       0.94340956, 0.97464197, 0.96670722, 0.95020193, 0.95448658])]
real metric: [array([0.95074968, 0.97598064, 0.9190626 , 0.89710864, 0.90734326,
       0.87785229, 0.85362282, 0.90207732, 0.89038719, 0.92964536]), array([0.94957703, 0.98074414, 0.90964353, 0.88903515, 0.91564283,
       0.87916269, 0.87048385, 0.88854396, 0.89219965, 0.93559755]), array([0.95297405, 0.98092042, 0.92199989, 0.89323155, 0.91595534,
       0.87599191, 0.86097695, 0.9133648 , 0.87990355, 0.93224716]), array([0.95301757, 0.98137713, 0.92286689, 0.89679833, 0.91022112,
       0.86848118, 0.8766459 , 0.89721589, 0.88567644, 0.93623979]), array([0.95372638, 0.98039116, 0.90813432, 0.90359855, 0.9103251 ,
       0.88141582, 0.86889382, 0.91548946, 0.89445432, 0.93290001])]

