estim_algorithm = ac-model, mode = classification, metric = precision, confidence_scores = max_class_probability-conf, class_specific = False
test err: [0.24658290740391892, 0.24232954666139045, 0.2516338718552028, 0.2469640163842098, 0.24771736990136337]
estimated metric: [array([0.9397015 , 0.89614667, 0.91388418, 0.93151411, 0.88303514,
       0.78622402, 0.75906733, 0.75642118, 0.72527029, 0.76524486]), array([0.93667579, 0.89653112, 0.90655697, 0.92990587, 0.87295935,
       0.80499355, 0.77384433, 0.75039108, 0.73789586, 0.74223712]), array([0.93727213, 0.89202248, 0.91047345, 0.93232996, 0.88345399,
       0.8032171 , 0.75592415, 0.7409798 , 0.7244302 , 0.7521069 ]), array([0.93795763, 0.8970028 , 0.90596621, 0.93386455, 0.88182313,
       0.80621416, 0.75810514, 0.74611577, 0.73227656, 0.74496052]), array([0.93618781, 0.89056212, 0.90974007, 0.93161885, 0.87447472,
       0.80529026, 0.7615628 , 0.7332611 , 0.72655745, 0.75636824])]
real metric: [array([0.48597475, 0.80046948, 0.57899902, 0.46022727, 0.69078947,
       0.815     , 0.97050147, 0.97032641, 0.96885813, 0.98554913]), array([0.46953405, 0.79271071, 0.58865979, 0.44148507, 0.73082287,
       0.78663793, 0.96825397, 0.97575758, 0.9522293 , 0.99365079]), array([0.46413199, 0.79136691, 0.58424726, 0.45023697, 0.7027027 ,
       0.84222222, 0.99120235, 0.9522293 , 0.96575342, 0.9787234 ]), array([0.49216524, 0.82068966, 0.57202944, 0.43637783, 0.70472441,
       0.80306346, 0.98525074, 0.98119122, 0.96357616, 0.98730159]), array([0.46695402, 0.79951981, 0.55841584, 0.44830308, 0.69767442,
       0.78833693, 0.96901408, 0.97697368, 0.94352159, 0.97674419])]

estim_algorithm = ac-model, mode = classification, metric = precision, confidence_scores = energy-conf, class_specific = False
test err: [0.5185954309784455, 0.5197804156482596, 0.5199895130812042, 0.5195572316346369, 0.5083732695158396]
estimated metric: [array([0.48472036, 0.42760181, 0.3280794 , 0.324524  , 0.26992943,
       0.14653777, 0.12575   , 0.13725117, 0.12691998, 0.16942692]), array([0.47848615, 0.41986171, 0.31948771, 0.32201913, 0.26266847,
       0.16090968, 0.1325453 , 0.13244813, 0.13392873, 0.1574871 ]), array([0.46870122, 0.41343435, 0.32706052, 0.3291217 , 0.28427876,
       0.16466949, 0.12085936, 0.13189322, 0.12705645, 0.16498478]), array([0.48349685, 0.43294525, 0.30931968, 0.33300628, 0.27593224,
       0.16559922, 0.12734667, 0.13304153, 0.13107751, 0.15903221]), array([0.46909294, 0.4274783 , 0.33004104, 0.33172156, 0.26383879,
       0.16490965, 0.12877353, 0.13248192, 0.12603043, 0.17163462])]
real metric: [array([0.48597475, 0.80046948, 0.57899902, 0.46022727, 0.69078947,
       0.815     , 0.97050147, 0.97032641, 0.96885813, 0.98554913]), array([0.46953405, 0.79271071, 0.58865979, 0.44148507, 0.73082287,
       0.78663793, 0.96825397, 0.97575758, 0.9522293 , 0.99365079]), array([0.46413199, 0.79136691, 0.58424726, 0.45023697, 0.7027027 ,
       0.84222222, 0.99120235, 0.9522293 , 0.96575342, 0.9787234 ]), array([0.49216524, 0.82068966, 0.57202944, 0.43637783, 0.70472441,
       0.80306346, 0.98525074, 0.98119122, 0.96357616, 0.98730159]), array([0.46695402, 0.79951981, 0.55841584, 0.44830308, 0.69767442,
       0.78833693, 0.96901408, 0.97697368, 0.94352159, 0.97674419])]

estim_algorithm = ac-model, mode = classification, metric = precision, confidence_scores = entropy-conf, class_specific = False
test err: [0.25555181991426074, 0.24705725175309304, 0.2602366750185506, 0.255057148428758, 0.2525509494505026]
estimated metric: [array([0.92980818, 0.88101512, 0.89931983, 0.91930521, 0.86428727,
       0.75602303, 0.72624488, 0.72298997, 0.6925419 , 0.73419278]), array([0.92642467, 0.88171451, 0.89134933, 0.91773159, 0.85334911,
       0.77747404, 0.74289965, 0.71632776, 0.70644102, 0.7101713 ]), array([0.92709401, 0.87689174, 0.89583472, 0.92060363, 0.86555366,
       0.77596157, 0.72331865, 0.70822647, 0.69218521, 0.72136396]), array([0.92785471, 0.88222486, 0.89048788, 0.92223438, 0.86323329,
       0.77816487, 0.72599406, 0.71297093, 0.70002382, 0.71270653]), array([0.92622164, 0.87571194, 0.89566489, 0.91992122, 0.85586415,
       0.77860828, 0.730536  , 0.6999594 , 0.69559161, 0.72690237])]
real metric: [array([0.48597475, 0.80046948, 0.57899902, 0.46022727, 0.69078947,
       0.815     , 0.97050147, 0.97032641, 0.96885813, 0.98554913]), array([0.46953405, 0.79271071, 0.58865979, 0.44148507, 0.73082287,
       0.78663793, 0.96825397, 0.97575758, 0.9522293 , 0.99365079]), array([0.46413199, 0.79136691, 0.58424726, 0.45023697, 0.7027027 ,
       0.84222222, 0.99120235, 0.9522293 , 0.96575342, 0.9787234 ]), array([0.49216524, 0.82068966, 0.57202944, 0.43637783, 0.70472441,
       0.80306346, 0.98525074, 0.98119122, 0.96357616, 0.98730159]), array([0.46695402, 0.79951981, 0.55841584, 0.44830308, 0.69767442,
       0.78833693, 0.96901408, 0.97697368, 0.94352159, 0.97674419])]

estim_algorithm = ac-model, mode = classification, metric = precision, confidence_scores = doctor-conf, class_specific = False
test err: [0.2315975256735737, 0.23357550957108703, 0.23384965402616253, 0.23696840209188608, 0.23820555988635134]
estimated metric: [array([0.96225089, 0.93232109, 0.94651077, 0.95830639, 0.92590613,
       0.86049015, 0.83862159, 0.83725795, 0.81507723, 0.84262855]), array([0.96015747, 0.93248931, 0.94161296, 0.95725015, 0.91890399,
       0.87470509, 0.84962177, 0.83124839, 0.82353211, 0.82500282]), array([0.96064245, 0.92916208, 0.94399737, 0.95877018, 0.92538118,
       0.87176067, 0.83570444, 0.82418679, 0.81265989, 0.8316667 ]), array([0.96118758, 0.93310773, 0.94149065, 0.95992174, 0.92531136,
       0.87522584, 0.83795937, 0.82887504, 0.82033919, 0.82765695]), array([0.95999135, 0.92823159, 0.9432249 , 0.9584779 , 0.91954991,
       0.87351739, 0.83978259, 0.81722937, 0.81507679, 0.83589813])]
real metric: [array([0.48597475, 0.80046948, 0.57899902, 0.46022727, 0.69078947,
       0.815     , 0.97050147, 0.97032641, 0.96885813, 0.98554913]), array([0.46953405, 0.79271071, 0.58865979, 0.44148507, 0.73082287,
       0.78663793, 0.96825397, 0.97575758, 0.9522293 , 0.99365079]), array([0.46413199, 0.79136691, 0.58424726, 0.45023697, 0.7027027 ,
       0.84222222, 0.99120235, 0.9522293 , 0.96575342, 0.9787234 ]), array([0.49216524, 0.82068966, 0.57202944, 0.43637783, 0.70472441,
       0.80306346, 0.98525074, 0.98119122, 0.96357616, 0.98730159]), array([0.46695402, 0.79951981, 0.55841584, 0.44830308, 0.69767442,
       0.78833693, 0.96901408, 0.97697368, 0.94352159, 0.97674419])]

estim_algorithm = ts-model, mode = classification, metric = precision, confidence_scores = max_class_probability-conf, class_specific = False
test err: [0.310484810343996, 0.3038621409083021, 0.313806893482406, 0.31213199704008887, 0.306247123238675]
estimated metric: [array([0.84574119, 0.7712218 , 0.77914287, 0.80720505, 0.71685403,
       0.54407949, 0.51112966, 0.50736209, 0.47439789, 0.53061822]), array([0.83859525, 0.77138894, 0.76657084, 0.80455452, 0.70153106,
       0.57143938, 0.53063043, 0.50069977, 0.49377108, 0.50202279]), array([0.8389873 , 0.76426252, 0.77340316, 0.80985833, 0.72372218,
       0.57468456, 0.5043914 , 0.49159061, 0.4756661 , 0.51748555]), array([0.84281911, 0.7743946 , 0.76327195, 0.8136406 , 0.71680919,
       0.57639711, 0.5109372 , 0.49930859, 0.48471498, 0.50524428]), array([0.83860208, 0.76449052, 0.7754454 , 0.80895934, 0.70583841,
       0.57717139, 0.51668988, 0.48725063, 0.47985742, 0.52367709])]
real metric: [array([0.48597475, 0.80046948, 0.57899902, 0.46022727, 0.69078947,
       0.815     , 0.97050147, 0.97032641, 0.96885813, 0.98554913]), array([0.46953405, 0.79271071, 0.58865979, 0.44148507, 0.73082287,
       0.78663793, 0.96825397, 0.97575758, 0.9522293 , 0.99365079]), array([0.46413199, 0.79136691, 0.58424726, 0.45023697, 0.7027027 ,
       0.84222222, 0.99120235, 0.9522293 , 0.96575342, 0.9787234 ]), array([0.49216524, 0.82068966, 0.57202944, 0.43637783, 0.70472441,
       0.80306346, 0.98525074, 0.98119122, 0.96357616, 0.98730159]), array([0.46695402, 0.79951981, 0.55841584, 0.44830308, 0.69767442,
       0.78833693, 0.96901408, 0.97697368, 0.94352159, 0.97674419])]

estim_algorithm = ts-model, mode = classification, metric = precision, confidence_scores = max_class_probability-conf, class_specific = True
test err: [0.26552993268555375, 0.25706942035780234, 0.2662959599246458, 0.2702360589861979, 0.2583330246973631]
estimated metric: [array([0.32934888, 0.68693842, 0.71065302, 0.56059663, 0.70230491,
       0.55390071, 0.5127421 , 0.51126366, 0.47287815, 0.51784694]), array([0.32788641, 0.68624925, 0.70147217, 0.56390635, 0.69085588,
       0.59120096, 0.54089393, 0.50703463, 0.49461038, 0.49540521]), array([0.32215829, 0.67644171, 0.7065368 , 0.57081148, 0.70687636,
       0.58274895, 0.51417202, 0.4935538 , 0.47541349, 0.50521945]), array([0.33202126, 0.68716846, 0.69271419, 0.57260794, 0.70219261,
       0.58576798, 0.51195128, 0.49675135, 0.48306676, 0.49359704]), array([0.32272325, 0.68597312, 0.71205134, 0.57449852, 0.69608495,
       0.5919511 , 0.52658184, 0.4878368 , 0.48535923, 0.51872913])]
real metric: [array([0.48597475, 0.80046948, 0.57899902, 0.46022727, 0.69078947,
       0.815     , 0.97050147, 0.97032641, 0.96885813, 0.98554913]), array([0.46953405, 0.79271071, 0.58865979, 0.44148507, 0.73082287,
       0.78663793, 0.96825397, 0.97575758, 0.9522293 , 0.99365079]), array([0.46413199, 0.79136691, 0.58424726, 0.45023697, 0.7027027 ,
       0.84222222, 0.99120235, 0.9522293 , 0.96575342, 0.9787234 ]), array([0.49216524, 0.82068966, 0.57202944, 0.43637783, 0.70472441,
       0.80306346, 0.98525074, 0.98119122, 0.96357616, 0.98730159]), array([0.46695402, 0.79951981, 0.55841584, 0.44830308, 0.69767442,
       0.78833693, 0.96901408, 0.97697368, 0.94352159, 0.97674419])]

estim_algorithm = ts-model, mode = classification, metric = precision, confidence_scores = energy-conf, class_specific = False
test err: [0.2981169188975621, 0.28436465085802964, 0.30135697982124277, 0.3001745198181344, 0.29320960848262917]
estimated metric: [array([0.86191257, 0.77865961, 0.806207  , 0.83843713, 0.7492767 ,
       0.59674819, 0.5532659 , 0.55597082, 0.51603707, 0.56869674]), array([0.8579856 , 0.78303682, 0.796554  , 0.83886711, 0.73657261,
       0.63294723, 0.58008314, 0.54875405, 0.5357314 , 0.54451866]), array([0.85806062, 0.7735816 , 0.80306681, 0.84268957, 0.75397015,
       0.62640827, 0.55333804, 0.53733417, 0.51757182, 0.55616214]), array([0.8598497 , 0.78312155, 0.79355595, 0.84516362, 0.75058188,
       0.63123225, 0.55356307, 0.54195297, 0.52732076, 0.54599125]), array([0.85840068, 0.77514696, 0.80489506, 0.84340184, 0.74142663,
       0.63367784, 0.56552608, 0.53055109, 0.52525829, 0.5686308 ])]
real metric: [array([0.48597475, 0.80046948, 0.57899902, 0.46022727, 0.69078947,
       0.815     , 0.97050147, 0.97032641, 0.96885813, 0.98554913]), array([0.46953405, 0.79271071, 0.58865979, 0.44148507, 0.73082287,
       0.78663793, 0.96825397, 0.97575758, 0.9522293 , 0.99365079]), array([0.46413199, 0.79136691, 0.58424726, 0.45023697, 0.7027027 ,
       0.84222222, 0.99120235, 0.9522293 , 0.96575342, 0.9787234 ]), array([0.49216524, 0.82068966, 0.57202944, 0.43637783, 0.70472441,
       0.80306346, 0.98525074, 0.98119122, 0.96357616, 0.98730159]), array([0.46695402, 0.79951981, 0.55841584, 0.44830308, 0.69767442,
       0.78833693, 0.96901408, 0.97697368, 0.94352159, 0.97674419])]

estim_algorithm = ts-model, mode = classification, metric = precision, confidence_scores = energy-conf, class_specific = True
test err: [0.261346285923448, 0.2506302372331997, 0.2652127697911145, 0.26063416634320036, 0.25651075959633185]
estimated metric: [array([0.87569174, 0.83159027, 0.85210885, 0.86145105, 0.81497582,
       0.69863747, 0.66270088, 0.66137695, 0.6261605 , 0.6672542 ]), array([0.8720435 , 0.83721865, 0.84698589, 0.86437855, 0.80769574,
       0.73104193, 0.68888784, 0.65906346, 0.64780935, 0.64853445]), array([0.86896227, 0.82878549, 0.85024218, 0.86658325, 0.81850496,
       0.72313349, 0.66433954, 0.64570293, 0.62891491, 0.65630445]), array([0.87177135, 0.83469097, 0.84296247, 0.86858993, 0.81558218,
       0.7262015 , 0.66301335, 0.64929524, 0.63672523, 0.6464165 ]), array([0.86967415, 0.82904162, 0.85155179, 0.8672789 , 0.80972588,
       0.72939271, 0.67391246, 0.63895797, 0.63666697, 0.66695795])]
real metric: [array([0.48597475, 0.80046948, 0.57899902, 0.46022727, 0.69078947,
       0.815     , 0.97050147, 0.97032641, 0.96885813, 0.98554913]), array([0.46953405, 0.79271071, 0.58865979, 0.44148507, 0.73082287,
       0.78663793, 0.96825397, 0.97575758, 0.9522293 , 0.99365079]), array([0.46413199, 0.79136691, 0.58424726, 0.45023697, 0.7027027 ,
       0.84222222, 0.99120235, 0.9522293 , 0.96575342, 0.9787234 ]), array([0.49216524, 0.82068966, 0.57202944, 0.43637783, 0.70472441,
       0.80306346, 0.98525074, 0.98119122, 0.96357616, 0.98730159]), array([0.46695402, 0.79951981, 0.55841584, 0.44830308, 0.69767442,
       0.78833693, 0.96901408, 0.97697368, 0.94352159, 0.97674419])]

estim_algorithm = ts-model, mode = classification, metric = precision, confidence_scores = entropy-conf, class_specific = False
test err: [0.31007882525898384, 0.3043307131361997, 0.31351463537653446, 0.3115311480496905, 0.30560759361278145]
estimated metric: [array([0.84403212, 0.76987396, 0.77711281, 0.80439115, 0.71453369,
       0.54436265, 0.50735838, 0.50401917, 0.47732161, 0.53105986]), array([0.83688035, 0.76939476, 0.76461512, 0.80115245, 0.69847977,
       0.57262697, 0.52593338, 0.49560664, 0.4956346 , 0.50204889]), array([0.83718048, 0.76268386, 0.7717627 , 0.80681136, 0.72085358,
       0.57452145, 0.50002445, 0.48873689, 0.4782725 , 0.51740129]), array([0.84131409, 0.77335407, 0.76160993, 0.81125558, 0.71492582,
       0.57694973, 0.50826976, 0.49666593, 0.48816018, 0.50617014]), array([0.83745552, 0.76357193, 0.77410101, 0.8071115 , 0.70425454,
       0.5782238 , 0.51343853, 0.48436021, 0.48381243, 0.52620268])]
real metric: [array([0.48597475, 0.80046948, 0.57899902, 0.46022727, 0.69078947,
       0.815     , 0.97050147, 0.97032641, 0.96885813, 0.98554913]), array([0.46953405, 0.79271071, 0.58865979, 0.44148507, 0.73082287,
       0.78663793, 0.96825397, 0.97575758, 0.9522293 , 0.99365079]), array([0.46413199, 0.79136691, 0.58424726, 0.45023697, 0.7027027 ,
       0.84222222, 0.99120235, 0.9522293 , 0.96575342, 0.9787234 ]), array([0.49216524, 0.82068966, 0.57202944, 0.43637783, 0.70472441,
       0.80306346, 0.98525074, 0.98119122, 0.96357616, 0.98730159]), array([0.46695402, 0.79951981, 0.55841584, 0.44830308, 0.69767442,
       0.78833693, 0.96901408, 0.97697368, 0.94352159, 0.97674419])]

estim_algorithm = ts-model, mode = classification, metric = precision, confidence_scores = entropy-conf, class_specific = True
test err: [0.25915965100258564, 0.252558503956851, 0.26098218646244703, 0.2647732442942864, 0.25283482466418583]
estimated metric: [array([0.38697911, 0.69548223, 0.71135133, 0.53996011, 0.69776317,
       0.54855028, 0.5073371 , 0.50585807, 0.4674902 , 0.51244472]), array([0.37311017, 0.6984191 , 0.70146319, 0.53819532, 0.68525084,
       0.58487481, 0.53440239, 0.50050644, 0.48808379, 0.48887828]), array([0.36527875, 0.68896483, 0.70725843, 0.54642387, 0.70192235,
       0.57695263, 0.50822698, 0.48760789, 0.46948353, 0.49927154]), array([0.3869831 , 0.6969524 , 0.69370369, 0.54936335, 0.6975111 ,
       0.58035009, 0.50638151, 0.49118052, 0.47750379, 0.48802728]), array([0.36954363, 0.70342294, 0.71307224, 0.55306776, 0.69174384,
       0.58700509, 0.521484  , 0.48273159, 0.48025563, 0.51362483])]
real metric: [array([0.48597475, 0.80046948, 0.57899902, 0.46022727, 0.69078947,
       0.815     , 0.97050147, 0.97032641, 0.96885813, 0.98554913]), array([0.46953405, 0.79271071, 0.58865979, 0.44148507, 0.73082287,
       0.78663793, 0.96825397, 0.97575758, 0.9522293 , 0.99365079]), array([0.46413199, 0.79136691, 0.58424726, 0.45023697, 0.7027027 ,
       0.84222222, 0.99120235, 0.9522293 , 0.96575342, 0.9787234 ]), array([0.49216524, 0.82068966, 0.57202944, 0.43637783, 0.70472441,
       0.80306346, 0.98525074, 0.98119122, 0.96357616, 0.98730159]), array([0.46695402, 0.79951981, 0.55841584, 0.44830308, 0.69767442,
       0.78833693, 0.96901408, 0.97697368, 0.94352159, 0.97674419])]

estim_algorithm = ts-model, mode = classification, metric = precision, confidence_scores = doctor-conf, class_specific = False
test err: [0.3120551710947021, 0.3099497110126713, 0.3152940942597133, 0.31315486700052647, 0.30779636391882204]
estimated metric: [array([0.85992817, 0.7734533 , 0.76658634, 0.79296375, 0.70505433,
       0.53614634, 0.49730309, 0.4914217 , 0.47283571, 0.52753485]), array([0.85468189, 0.77101918, 0.75354995, 0.78694218, 0.68608115,
       0.55949456, 0.51131148, 0.48235898, 0.48869778, 0.49709803]), array([0.85355918, 0.76602376, 0.76059073, 0.79328272, 0.71029741,
       0.56388172, 0.48986364, 0.4793852 , 0.47372017, 0.51209327]), array([0.85652833, 0.77589223, 0.75143845, 0.79973521, 0.70478228,
       0.56447925, 0.50195766, 0.48757713, 0.48351421, 0.50329102]), array([0.85063186, 0.76727831, 0.76534122, 0.79406425, 0.69486973,
       0.56892026, 0.50292268, 0.47497193, 0.47896639, 0.52225617])]
real metric: [array([0.48597475, 0.80046948, 0.57899902, 0.46022727, 0.69078947,
       0.815     , 0.97050147, 0.97032641, 0.96885813, 0.98554913]), array([0.46953405, 0.79271071, 0.58865979, 0.44148507, 0.73082287,
       0.78663793, 0.96825397, 0.97575758, 0.9522293 , 0.99365079]), array([0.46413199, 0.79136691, 0.58424726, 0.45023697, 0.7027027 ,
       0.84222222, 0.99120235, 0.9522293 , 0.96575342, 0.9787234 ]), array([0.49216524, 0.82068966, 0.57202944, 0.43637783, 0.70472441,
       0.80306346, 0.98525074, 0.98119122, 0.96357616, 0.98730159]), array([0.46695402, 0.79951981, 0.55841584, 0.44830308, 0.69767442,
       0.78833693, 0.96901408, 0.97697368, 0.94352159, 0.97674419])]

estim_algorithm = ts-model, mode = classification, metric = precision, confidence_scores = doctor-conf, class_specific = True
test err: [0.2759947338169038, 0.27193704194950474, 0.2809226652815361, 0.2789495378877773, 0.27223446513735927]
estimated metric: [array([0.64635404, 0.65800818, 0.69815102, 0.44985677, 0.67328912,
       0.52030017, 0.47895766, 0.47748117, 0.43935196, 0.48406029]), array([0.65526693, 0.65924302, 0.68826594, 0.45293767, 0.66061963,
       0.55746136, 0.5064684 , 0.47254602, 0.46017798, 0.46096795]), array([0.66019801, 0.64975359, 0.69476925, 0.46197399, 0.67845368,
       0.54995325, 0.48078864, 0.46024093, 0.44225581, 0.47185279]), array([0.64321812, 0.66196491, 0.68080572, 0.45507272, 0.67265225,
       0.55204635, 0.47757979, 0.46243342, 0.44885102, 0.45929814]), array([0.65400525, 0.66416311, 0.70156697, 0.47059369, 0.66803407,
       0.56035931, 0.49425304, 0.45559754, 0.45313884, 0.48638712])]
real metric: [array([0.48597475, 0.80046948, 0.57899902, 0.46022727, 0.69078947,
       0.815     , 0.97050147, 0.97032641, 0.96885813, 0.98554913]), array([0.46953405, 0.79271071, 0.58865979, 0.44148507, 0.73082287,
       0.78663793, 0.96825397, 0.97575758, 0.9522293 , 0.99365079]), array([0.46413199, 0.79136691, 0.58424726, 0.45023697, 0.7027027 ,
       0.84222222, 0.99120235, 0.9522293 , 0.96575342, 0.9787234 ]), array([0.49216524, 0.82068966, 0.57202944, 0.43637783, 0.70472441,
       0.80306346, 0.98525074, 0.98119122, 0.96357616, 0.98730159]), array([0.46695402, 0.79951981, 0.55841584, 0.44830308, 0.69767442,
       0.78833693, 0.96901408, 0.97697368, 0.94352159, 0.97674419])]

estim_algorithm = doc-model, mode = classification, metric = precision, confidence_scores = max_class_probability-conf, class_specific = False
test err: [0.304245223235903, 0.2924050467294676, 0.3071569968438494, 0.305939423530618, 0.30022060316544225]
estimated metric: [array([0.85693944, 0.77399689, 0.79521665, 0.827684  , 0.73746502,
       0.57456445, 0.54019794, 0.53535413, 0.49482563, 0.55062796]), array([0.85132238, 0.77695028, 0.78321732, 0.82618941, 0.72221122,
       0.60223187, 0.56347444, 0.53350343, 0.51518433, 0.52350729]), array([0.85119507, 0.76840936, 0.78981521, 0.83032759, 0.74228309,
       0.60220023, 0.53854513, 0.51979342, 0.49749594, 0.53578559]), array([0.85351367, 0.77707226, 0.78024208, 0.83336215, 0.73591435,
       0.60414637, 0.54177015, 0.525633  , 0.50567662, 0.52511552]), array([0.85032296, 0.7666582 , 0.7914804 , 0.82850295, 0.72608346,
       0.60637606, 0.54836848, 0.51249269, 0.50101861, 0.54203263])]
real metric: [array([0.48597475, 0.80046948, 0.57899902, 0.46022727, 0.69078947,
       0.815     , 0.97050147, 0.97032641, 0.96885813, 0.98554913]), array([0.46953405, 0.79271071, 0.58865979, 0.44148507, 0.73082287,
       0.78663793, 0.96825397, 0.97575758, 0.9522293 , 0.99365079]), array([0.46413199, 0.79136691, 0.58424726, 0.45023697, 0.7027027 ,
       0.84222222, 0.99120235, 0.9522293 , 0.96575342, 0.9787234 ]), array([0.49216524, 0.82068966, 0.57202944, 0.43637783, 0.70472441,
       0.80306346, 0.98525074, 0.98119122, 0.96357616, 0.98730159]), array([0.46695402, 0.79951981, 0.55841584, 0.44830308, 0.69767442,
       0.78833693, 0.96901408, 0.97697368, 0.94352159, 0.97674419])]

estim_algorithm = doc-model, mode = classification, metric = precision, confidence_scores = max_class_probability-conf, class_specific = True
test err: [0.2539060428159946, 0.24446820676221453, 0.252525076365815, 0.25854565165598664, 0.24489230215900282]
estimated metric: [array([0.45246688, 0.70163614, 0.71709192, 0.56107201, 0.69940403,
       0.55047935, 0.50928473, 0.50780587, 0.46910668, 0.51439149]), array([0.4496837 , 0.71202748, 0.70682719, 0.56028821, 0.68798458,
       0.58795614, 0.53756215, 0.5036826 , 0.49093569, 0.49205333]), array([0.44995943, 0.70139428, 0.71289952, 0.56615273, 0.7042955 ,
       0.579725  , 0.51106806, 0.49044866, 0.47185046, 0.50209375]), array([0.45907413, 0.70338999, 0.70017463, 0.57046787, 0.69917519,
       0.58227271, 0.50835593, 0.49315489, 0.47931717, 0.49000118]), array([0.46436358, 0.6994283 , 0.71704271, 0.55996779, 0.69170295,
       0.5869586 , 0.52143615, 0.48267431, 0.47996648, 0.51357693])]
real metric: [array([0.48597475, 0.80046948, 0.57899902, 0.46022727, 0.69078947,
       0.815     , 0.97050147, 0.97032641, 0.96885813, 0.98554913]), array([0.46953405, 0.79271071, 0.58865979, 0.44148507, 0.73082287,
       0.78663793, 0.96825397, 0.97575758, 0.9522293 , 0.99365079]), array([0.46413199, 0.79136691, 0.58424726, 0.45023697, 0.7027027 ,
       0.84222222, 0.99120235, 0.9522293 , 0.96575342, 0.9787234 ]), array([0.49216524, 0.82068966, 0.57202944, 0.43637783, 0.70472441,
       0.80306346, 0.98525074, 0.98119122, 0.96357616, 0.98730159]), array([0.46695402, 0.79951981, 0.55841584, 0.44830308, 0.69767442,
       0.78833693, 0.96901408, 0.97697368, 0.94352159, 0.97674419])]

estim_algorithm = doc-model, mode = classification, metric = precision, confidence_scores = energy-conf, class_specific = False
test err: [0.30416463173350883, 0.2949603762594129, 0.3082294403917761, 0.3058277027319217, 0.29962635681011496]
estimated metric: [array([0.84858965, 0.77348967, 0.78788868, 0.81850929, 0.72799096,
       0.56586588, 0.52271704, 0.52796805, 0.49402642, 0.55197931]), array([0.84234323, 0.77415217, 0.77623832, 0.81712437, 0.71345807,
       0.59850676, 0.54498562, 0.51903702, 0.5110092 , 0.52533755]), array([0.84253328, 0.76563937, 0.78323074, 0.8218242 , 0.73322109,
       0.59541795, 0.51720183, 0.50956751, 0.49319515, 0.53767177]), array([0.84669183, 0.77773199, 0.77430072, 0.82610086, 0.72998605,
       0.60203216, 0.52313427, 0.51660326, 0.50556228, 0.52951437]), array([0.84352604, 0.76880979, 0.78571132, 0.82316986, 0.71897356,
       0.60143695, 0.53227942, 0.50523463, 0.49982057, 0.5502988 ])]
real metric: [array([0.48597475, 0.80046948, 0.57899902, 0.46022727, 0.69078947,
       0.815     , 0.97050147, 0.97032641, 0.96885813, 0.98554913]), array([0.46953405, 0.79271071, 0.58865979, 0.44148507, 0.73082287,
       0.78663793, 0.96825397, 0.97575758, 0.9522293 , 0.99365079]), array([0.46413199, 0.79136691, 0.58424726, 0.45023697, 0.7027027 ,
       0.84222222, 0.99120235, 0.9522293 , 0.96575342, 0.9787234 ]), array([0.49216524, 0.82068966, 0.57202944, 0.43637783, 0.70472441,
       0.80306346, 0.98525074, 0.98119122, 0.96357616, 0.98730159]), array([0.46695402, 0.79951981, 0.55841584, 0.44830308, 0.69767442,
       0.78833693, 0.96901408, 0.97697368, 0.94352159, 0.97674419])]

estim_algorithm = doc-model, mode = classification, metric = precision, confidence_scores = energy-conf, class_specific = True
test err: [0.2616271242510514, 0.2508378069140094, 0.26546824357922355, 0.26086574582143474, 0.2567121035501122]
estimated metric: [array([0.86435411, 0.82862276, 0.8477134 , 0.85523155, 0.81061339,
       0.69256681, 0.65626248, 0.65492644, 0.61942516, 0.66085823]), array([0.86020054, 0.83369668, 0.84225422, 0.85788211, 0.80291748,
       0.72500749, 0.68231862, 0.65218244, 0.64082498, 0.64155651]), array([0.85595821, 0.82514408, 0.84544713, 0.85996682, 0.81375231,
       0.71674769, 0.65724045, 0.6384242 , 0.62149347, 0.64912517]), array([0.85939303, 0.83203693, 0.8381442 , 0.86240473, 0.81111418,
       0.72031064, 0.65640621, 0.64256414, 0.62989039, 0.63966081]), array([0.85720935, 0.8260484 , 0.84722109, 0.86115435, 0.80516109,
       0.72355863, 0.66742765, 0.63215745, 0.6298483 , 0.66040453])]
real metric: [array([0.48597475, 0.80046948, 0.57899902, 0.46022727, 0.69078947,
       0.815     , 0.97050147, 0.97032641, 0.96885813, 0.98554913]), array([0.46953405, 0.79271071, 0.58865979, 0.44148507, 0.73082287,
       0.78663793, 0.96825397, 0.97575758, 0.9522293 , 0.99365079]), array([0.46413199, 0.79136691, 0.58424726, 0.45023697, 0.7027027 ,
       0.84222222, 0.99120235, 0.9522293 , 0.96575342, 0.9787234 ]), array([0.49216524, 0.82068966, 0.57202944, 0.43637783, 0.70472441,
       0.80306346, 0.98525074, 0.98119122, 0.96357616, 0.98730159]), array([0.46695402, 0.79951981, 0.55841584, 0.44830308, 0.69767442,
       0.78833693, 0.96901408, 0.97697368, 0.94352159, 0.97674419])]

estim_algorithm = doc-model, mode = classification, metric = precision, confidence_scores = entropy-conf, class_specific = False
test err: [0.30519622694962784, 0.29432443109861206, 0.30789186057243195, 0.306876862646096, 0.3009098544510851]
estimated metric: [array([0.85496603, 0.77293108, 0.79256879, 0.82393511, 0.73334469,
       0.57012541, 0.53431093, 0.52927928, 0.49412113, 0.54679863]), array([0.84938766, 0.77550134, 0.78070791, 0.82236414, 0.71796231,
       0.59933728, 0.55775971, 0.52537008, 0.51378018, 0.51988873]), array([0.84945359, 0.76733498, 0.78734367, 0.82669019, 0.73845603,
       0.59912943, 0.532377  , 0.51528457, 0.49610484, 0.53297273]), array([0.85148075, 0.77599888, 0.7773688 , 0.82985644, 0.73231785,
       0.59976323, 0.53650222, 0.52031598, 0.50415002, 0.52130079]), array([0.84845341, 0.76604704, 0.7890902 , 0.82559058, 0.72262886,
       0.60296384, 0.54292032, 0.5068415 , 0.50057168, 0.54008307])]
real metric: [array([0.48597475, 0.80046948, 0.57899902, 0.46022727, 0.69078947,
       0.815     , 0.97050147, 0.97032641, 0.96885813, 0.98554913]), array([0.46953405, 0.79271071, 0.58865979, 0.44148507, 0.73082287,
       0.78663793, 0.96825397, 0.97575758, 0.9522293 , 0.99365079]), array([0.46413199, 0.79136691, 0.58424726, 0.45023697, 0.7027027 ,
       0.84222222, 0.99120235, 0.9522293 , 0.96575342, 0.9787234 ]), array([0.49216524, 0.82068966, 0.57202944, 0.43637783, 0.70472441,
       0.80306346, 0.98525074, 0.98119122, 0.96357616, 0.98730159]), array([0.46695402, 0.79951981, 0.55841584, 0.44830308, 0.69767442,
       0.78833693, 0.96901408, 0.97697368, 0.94352159, 0.97674419])]

estim_algorithm = doc-model, mode = classification, metric = precision, confidence_scores = entropy-conf, class_specific = True
test err: [0.2510896803519313, 0.24291692212769692, 0.2509431981224495, 0.25596441363607364, 0.24420475574561493]
estimated metric: [array([0.47100416, 0.70924721, 0.71990654, 0.56418853, 0.70100269,
       0.55236312, 0.51117763, 0.5097092 , 0.47106966, 0.51629361]), array([0.45514855, 0.7211302 , 0.70996859, 0.56610345, 0.68943945,
       0.58959919, 0.53924867, 0.50537899, 0.49266059, 0.49374952]), array([0.45585796, 0.71134818, 0.71576394, 0.57045215, 0.70571054,
       0.58138184, 0.51276808, 0.49214913, 0.4736442 , 0.50378792]), array([0.47191431, 0.71175419, 0.70266891, 0.5731941 , 0.70057986,
       0.58389838, 0.5100272 , 0.49482648, 0.4811012 , 0.49167245]), array([0.47437753, 0.70817835, 0.71971664, 0.56550366, 0.69333596,
       0.58881661, 0.52334956, 0.48459756, 0.48189144, 0.51549256])]
real metric: [array([0.48597475, 0.80046948, 0.57899902, 0.46022727, 0.69078947,
       0.815     , 0.97050147, 0.97032641, 0.96885813, 0.98554913]), array([0.46953405, 0.79271071, 0.58865979, 0.44148507, 0.73082287,
       0.78663793, 0.96825397, 0.97575758, 0.9522293 , 0.99365079]), array([0.46413199, 0.79136691, 0.58424726, 0.45023697, 0.7027027 ,
       0.84222222, 0.99120235, 0.9522293 , 0.96575342, 0.9787234 ]), array([0.49216524, 0.82068966, 0.57202944, 0.43637783, 0.70472441,
       0.80306346, 0.98525074, 0.98119122, 0.96357616, 0.98730159]), array([0.46695402, 0.79951981, 0.55841584, 0.44830308, 0.69767442,
       0.78833693, 0.96901408, 0.97697368, 0.94352159, 0.97674419])]

estim_algorithm = doc-model, mode = classification, metric = precision, confidence_scores = doctor-conf, class_specific = False
test err: [0.30128395982814327, 0.2877687814627926, 0.3043852477625013, 0.30279493808146607, 0.2971470275797704]
estimated metric: [array([0.86212998, 0.77662135, 0.80184063, 0.83419016, 0.74391052,
       0.58765583, 0.54876558, 0.54382349, 0.50813924, 0.55894032]), array([0.85692158, 0.78023845, 0.79053747, 0.83334249, 0.72955308,
       0.61760469, 0.57358826, 0.54209201, 0.52775616, 0.53266531]), array([0.85691346, 0.77103358, 0.7970243 , 0.83678516, 0.74824072,
       0.61460616, 0.54782538, 0.52900942, 0.50901094, 0.54380437]), array([0.85822455, 0.77980168, 0.78781295, 0.83991951, 0.74344935,
       0.61749591, 0.55172206, 0.53471711, 0.51936651, 0.5341296 ]), array([0.85612694, 0.77035495, 0.7986146 , 0.83593726, 0.73369484,
       0.61958247, 0.5581571 , 0.52021187, 0.51480503, 0.55255488])]
real metric: [array([0.48597475, 0.80046948, 0.57899902, 0.46022727, 0.69078947,
       0.815     , 0.97050147, 0.97032641, 0.96885813, 0.98554913]), array([0.46953405, 0.79271071, 0.58865979, 0.44148507, 0.73082287,
       0.78663793, 0.96825397, 0.97575758, 0.9522293 , 0.99365079]), array([0.46413199, 0.79136691, 0.58424726, 0.45023697, 0.7027027 ,
       0.84222222, 0.99120235, 0.9522293 , 0.96575342, 0.9787234 ]), array([0.49216524, 0.82068966, 0.57202944, 0.43637783, 0.70472441,
       0.80306346, 0.98525074, 0.98119122, 0.96357616, 0.98730159]), array([0.46695402, 0.79951981, 0.55841584, 0.44830308, 0.69767442,
       0.78833693, 0.96901408, 0.97697368, 0.94352159, 0.97674419])]

estim_algorithm = doc-model, mode = classification, metric = precision, confidence_scores = doctor-conf, class_specific = True
test err: [0.26410323251182893, 0.257050215267168, 0.26420467243048673, 0.2711482676770928, 0.2564615938009053]
estimated metric: [array([0.35375194, 0.68636203, 0.71147192, 0.5261306 , 0.69372251,
       0.54382264, 0.5024312 , 0.50108996, 0.46182023, 0.50767832]), array([0.34058988, 0.69876952, 0.70092149, 0.52913726, 0.68209658,
       0.58132922, 0.53073502, 0.49686016, 0.48339413, 0.48523441]), array([0.34619809, 0.68692356, 0.70789867, 0.53387775, 0.69881094,
       0.5733614 , 0.50455333, 0.48393662, 0.46436573, 0.4954281 ]), array([0.35596157, 0.6857051 , 0.6944505 , 0.54070261, 0.69328236,
       0.57550695, 0.50141809, 0.48621934, 0.47206451, 0.48306771]), array([0.36416839, 0.68387195, 0.71114751, 0.52610665, 0.68594213,
       0.58042776, 0.51472583, 0.47597608, 0.47268527, 0.50686063])]
real metric: [array([0.48597475, 0.80046948, 0.57899902, 0.46022727, 0.69078947,
       0.815     , 0.97050147, 0.97032641, 0.96885813, 0.98554913]), array([0.46953405, 0.79271071, 0.58865979, 0.44148507, 0.73082287,
       0.78663793, 0.96825397, 0.97575758, 0.9522293 , 0.99365079]), array([0.46413199, 0.79136691, 0.58424726, 0.45023697, 0.7027027 ,
       0.84222222, 0.99120235, 0.9522293 , 0.96575342, 0.9787234 ]), array([0.49216524, 0.82068966, 0.57202944, 0.43637783, 0.70472441,
       0.80306346, 0.98525074, 0.98119122, 0.96357616, 0.98730159]), array([0.46695402, 0.79951981, 0.55841584, 0.44830308, 0.69767442,
       0.78833693, 0.96901408, 0.97697368, 0.94352159, 0.97674419])]

