estim_algorithm = ac-model, mode = classification, metric = f1score, confidence_scores = max_class_probability-conf, class_specific = False
test err: [0.228558705825455, 0.24414970451449017, 0.23572831288462867, 0.224046965147575, 0.23740028304796695]
estimated metric: [array([0.94581114, 0.97167556, 0.92976466, 0.89922964, 0.93149397,
       0.91949556, 0.93026921, 0.92900233, 0.94047244, 0.9564404 ]), array([0.94468853, 0.97337171, 0.92196793, 0.89533642, 0.9349881 ,
       0.90552823, 0.94514647, 0.93850925, 0.94152497, 0.94637718]), array([0.94373833, 0.9744896 , 0.92601902, 0.89501155, 0.94106301,
       0.92254793, 0.92491904, 0.92991461, 0.93248121, 0.94795792]), array([0.94490424, 0.97126715, 0.93270403, 0.89940251, 0.93784949,
       0.91274361, 0.92681646, 0.92918022, 0.93099688, 0.95100986]), array([0.94779092, 0.96991193, 0.93114655, 0.89347061, 0.93635584,
       0.90492496, 0.92577877, 0.94308408, 0.9330573 , 0.94578607])]
real metric: [array([0.64240039, 0.8239521 , 0.74115456, 0.64127345, 0.76691729,
       0.69991823, 0.73504274, 0.69927536, 0.61164021, 0.70649351]), array([0.62768943, 0.83990719, 0.7062621 , 0.6180514 , 0.74964639,
       0.68495298, 0.72170686, 0.70134529, 0.56888008, 0.6875    ]), array([0.63870353, 0.84335982, 0.72727273, 0.63241107, 0.74581209,
       0.68815471, 0.71948998, 0.68692449, 0.61216351, 0.68656716]), array([0.64568431, 0.83703234, 0.7588785 , 0.63528077, 0.75692308,
       0.69285153, 0.73561301, 0.69266481, 0.60344828, 0.73802817]), array([0.65938242, 0.85154394, 0.72821847, 0.59763314, 0.74137931,
       0.66      , 0.72865596, 0.68815331, 0.59777102, 0.70456664])]

estim_algorithm = ac-model, mode = classification, metric = f1score, confidence_scores = energy-conf, class_specific = False
test err: [0.2772818396496456, 0.2626918139997637, 0.2718655609089049, 0.2839082888244313, 0.2684756085690932]
estimated metric: [array([0.40318691, 0.61824608, 0.39944165, 0.31511271, 0.40643185,
       0.37895034, 0.33937809, 0.40477296, 0.475417  , 0.55431185]), array([0.40107618, 0.62697559, 0.39653484, 0.30857656, 0.40580064,
       0.36287016, 0.35516839, 0.41349818, 0.47503595, 0.53348713]), array([0.39694638, 0.62052952, 0.39845722, 0.30678048, 0.41228955,
       0.39188299, 0.33234251, 0.40596145, 0.4645522 , 0.53246119]), array([0.40306112, 0.62060268, 0.4074146 , 0.31575464, 0.40960327,
       0.37081096, 0.33672509, 0.401456  , 0.45556639, 0.53632717]), array([0.40421686, 0.61674382, 0.40434324, 0.30177417, 0.41128916,
       0.35769527, 0.34366075, 0.41504705, 0.46444674, 0.55333106])]
real metric: [array([0.64240039, 0.8239521 , 0.74115456, 0.64127345, 0.76691729,
       0.69991823, 0.73504274, 0.69927536, 0.61164021, 0.70649351]), array([0.62768943, 0.83990719, 0.7062621 , 0.6180514 , 0.74964639,
       0.68495298, 0.72170686, 0.70134529, 0.56888008, 0.6875    ]), array([0.63870353, 0.84335982, 0.72727273, 0.63241107, 0.74581209,
       0.68815471, 0.71948998, 0.68692449, 0.61216351, 0.68656716]), array([0.64568431, 0.83703234, 0.7588785 , 0.63528077, 0.75692308,
       0.69285153, 0.73561301, 0.69266481, 0.60344828, 0.73802817]), array([0.65938242, 0.85154394, 0.72821847, 0.59763314, 0.74137931,
       0.66      , 0.72865596, 0.68815331, 0.59777102, 0.70456664])]

estim_algorithm = ac-model, mode = classification, metric = f1score, confidence_scores = entropy-conf, class_specific = False
test err: [0.2170670844442486, 0.23284579172580386, 0.22461238151168045, 0.21276955934411812, 0.22571368021146138]
estimated metric: [array([0.93652498, 0.96944286, 0.91921136, 0.88064567, 0.91846823,
       0.90630886, 0.91122996, 0.91529899, 0.93419764, 0.94741013]), array([0.93460609, 0.97045864, 0.91091854, 0.87559771, 0.92168671,
       0.89557059, 0.92685551, 0.92515087, 0.9342114 , 0.93934359]), array([0.93249419, 0.97149725, 0.91382579, 0.8761724 , 0.92817807,
       0.91413787, 0.90542996, 0.9176338 , 0.92704602, 0.94056756]), array([0.93525611, 0.96792909, 0.92181637, 0.88093952, 0.92666962,
       0.90054635, 0.91070408, 0.91306857, 0.92456467, 0.94260602]), array([0.93726547, 0.96613556, 0.92124101, 0.87276831, 0.92455502,
       0.89052974, 0.90761791, 0.92900957, 0.92699677, 0.93832166])]
real metric: [array([0.64240039, 0.8239521 , 0.74115456, 0.64127345, 0.76691729,
       0.69991823, 0.73504274, 0.69927536, 0.61164021, 0.70649351]), array([0.62768943, 0.83990719, 0.7062621 , 0.6180514 , 0.74964639,
       0.68495298, 0.72170686, 0.70134529, 0.56888008, 0.6875    ]), array([0.63870353, 0.84335982, 0.72727273, 0.63241107, 0.74581209,
       0.68815471, 0.71948998, 0.68692449, 0.61216351, 0.68656716]), array([0.64568431, 0.83703234, 0.7588785 , 0.63528077, 0.75692308,
       0.69285153, 0.73561301, 0.69266481, 0.60344828, 0.73802817]), array([0.65938242, 0.85154394, 0.72821847, 0.59763314, 0.74137931,
       0.66      , 0.72865596, 0.68815331, 0.59777102, 0.70456664])]

estim_algorithm = ac-model, mode = classification, metric = f1score, confidence_scores = doctor-conf, class_specific = False
test err: [0.2526475274789277, 0.26868222156671245, 0.26028699637289565, 0.24839892382872017, 0.26212147355808046]
estimated metric: [array([0.96693966, 0.98282384, 0.95499034, 0.93516729, 0.95443813,
       0.95000144, 0.95372993, 0.95442808, 0.96654655, 0.97547785]), array([0.9648388 , 0.98312931, 0.95000616, 0.93357328, 0.95829097,
       0.94009522, 0.96460697, 0.9605989 , 0.96802105, 0.96960329]), array([0.96431614, 0.98437541, 0.95198023, 0.93176659, 0.96223852,
       0.95168861, 0.95094402, 0.95471661, 0.96219383, 0.9695091 ]), array([0.96489066, 0.98228865, 0.95481254, 0.93467686, 0.96124298,
       0.94522677, 0.95095433, 0.95254387, 0.9623559 , 0.97140148]), array([0.96735634, 0.98010777, 0.95752796, 0.9321714 , 0.95790592,
       0.93981056, 0.94963619, 0.96426237, 0.96152739, 0.96821304])]
real metric: [array([0.64240039, 0.8239521 , 0.74115456, 0.64127345, 0.76691729,
       0.69991823, 0.73504274, 0.69927536, 0.61164021, 0.70649351]), array([0.62768943, 0.83990719, 0.7062621 , 0.6180514 , 0.74964639,
       0.68495298, 0.72170686, 0.70134529, 0.56888008, 0.6875    ]), array([0.63870353, 0.84335982, 0.72727273, 0.63241107, 0.74581209,
       0.68815471, 0.71948998, 0.68692449, 0.61216351, 0.68656716]), array([0.64568431, 0.83703234, 0.7588785 , 0.63528077, 0.75692308,
       0.69285153, 0.73561301, 0.69266481, 0.60344828, 0.73802817]), array([0.65938242, 0.85154394, 0.72821847, 0.59763314, 0.74137931,
       0.66      , 0.72865596, 0.68815331, 0.59777102, 0.70456664])]

estim_algorithm = ts-model, mode = classification, metric = f1score, confidence_scores = max_class_probability-conf, class_specific = False
test err: [0.12285396326921523, 0.13804552781673468, 0.12926975740516217, 0.11721637222241714, 0.13070468800803683]
estimated metric: [array([0.84871739, 0.93118951, 0.82525393, 0.74850787, 0.82155594,
       0.79420758, 0.79378383, 0.81295063, 0.84871198, 0.87172881]), array([0.84622936, 0.93349278, 0.81487428, 0.74004347, 0.82503232,
       0.77898571, 0.81767355, 0.82701611, 0.84505808, 0.85799136]), array([0.84339869, 0.93287285, 0.81767856, 0.74161754, 0.83220549,
       0.8090187 , 0.78495882, 0.81552878, 0.83660096, 0.85967629]), array([0.8483988 , 0.92923308, 0.83160182, 0.75076109, 0.82928295,
       0.78658575, 0.79140953, 0.80957397, 0.82781818, 0.86390336]), array([0.8510981 , 0.92808185, 0.8256346 , 0.73421192, 0.82831348,
       0.7714515 , 0.79586098, 0.82978437, 0.83863409, 0.86128019])]
real metric: [array([0.64240039, 0.8239521 , 0.74115456, 0.64127345, 0.76691729,
       0.69991823, 0.73504274, 0.69927536, 0.61164021, 0.70649351]), array([0.62768943, 0.83990719, 0.7062621 , 0.6180514 , 0.74964639,
       0.68495298, 0.72170686, 0.70134529, 0.56888008, 0.6875    ]), array([0.63870353, 0.84335982, 0.72727273, 0.63241107, 0.74581209,
       0.68815471, 0.71948998, 0.68692449, 0.61216351, 0.68656716]), array([0.64568431, 0.83703234, 0.7588785 , 0.63528077, 0.75692308,
       0.69285153, 0.73561301, 0.69266481, 0.60344828, 0.73802817]), array([0.65938242, 0.85154394, 0.72821847, 0.59763314, 0.74137931,
       0.66      , 0.72865596, 0.68815331, 0.59777102, 0.70456664])]

estim_algorithm = ts-model, mode = classification, metric = f1score, confidence_scores = max_class_probability-conf, class_specific = True
test err: [0.016357400422906954, 0.03367416222247853, 0.02306374090359774, 0.022530819963109926, 0.028425051940664824]
estimated metric: [array([0.67220749, 0.82253657, 0.74736678, 0.66053199, 0.77152259,
       0.68682175, 0.75776929, 0.71462643, 0.64814605, 0.69189813]), array([0.66905689, 0.82705958, 0.73908928, 0.65193217, 0.77472051,
       0.67128517, 0.78229777, 0.7275772 , 0.64517664, 0.67354269]), array([0.66664012, 0.82301997, 0.74149047, 0.65334679, 0.78149745,
       0.70295917, 0.74874254, 0.71604896, 0.63800292, 0.67406591]), array([0.67170387, 0.82197495, 0.75461261, 0.66332659, 0.7780729 ,
       0.67841708, 0.75513336, 0.70862143, 0.62475948, 0.67848106]), array([0.67391801, 0.81995797, 0.7481956 , 0.6449776 , 0.77783757,
       0.66308174, 0.7614077 , 0.7282633 , 0.63898594, 0.68737592])]
real metric: [array([0.64240039, 0.8239521 , 0.74115456, 0.64127345, 0.76691729,
       0.69991823, 0.73504274, 0.69927536, 0.61164021, 0.70649351]), array([0.62768943, 0.83990719, 0.7062621 , 0.6180514 , 0.74964639,
       0.68495298, 0.72170686, 0.70134529, 0.56888008, 0.6875    ]), array([0.63870353, 0.84335982, 0.72727273, 0.63241107, 0.74581209,
       0.68815471, 0.71948998, 0.68692449, 0.61216351, 0.68656716]), array([0.64568431, 0.83703234, 0.7588785 , 0.63528077, 0.75692308,
       0.69285153, 0.73561301, 0.69266481, 0.60344828, 0.73802817]), array([0.65938242, 0.85154394, 0.72821847, 0.59763314, 0.74137931,
       0.66      , 0.72865596, 0.68815331, 0.59777102, 0.70456664])]

estim_algorithm = ts-model, mode = classification, metric = f1score, confidence_scores = energy-conf, class_specific = False
test err: [0.1414922947057668, 0.15737765176902987, 0.14965794083669476, 0.1381213469458722, 0.15244592997636502]
estimated metric: [array([0.83774044, 0.87986612, 0.8396194 , 0.8315039 , 0.84358979,
       0.84024967, 0.83279226, 0.84489747, 0.85523659, 0.87749515]), array([0.83772637, 0.88227484, 0.83995181, 0.83106574, 0.84306767,
       0.83797187, 0.8335398 , 0.84562781, 0.85566585, 0.87282649]), array([0.83716723, 0.88062436, 0.84013074, 0.83053979, 0.84394724,
       0.84138576, 0.83203452, 0.84517089, 0.85388693, 0.87255106]), array([0.83790937, 0.88112491, 0.84082345, 0.83147975, 0.84355365,
       0.83913857, 0.83232035, 0.84511479, 0.8529598 , 0.87319362]), array([0.83785804, 0.88002251, 0.84066686, 0.83036974, 0.84413234,
       0.83783198, 0.83309297, 0.84588933, 0.85362659, 0.87827316])]
real metric: [array([0.64240039, 0.8239521 , 0.74115456, 0.64127345, 0.76691729,
       0.69991823, 0.73504274, 0.69927536, 0.61164021, 0.70649351]), array([0.62768943, 0.83990719, 0.7062621 , 0.6180514 , 0.74964639,
       0.68495298, 0.72170686, 0.70134529, 0.56888008, 0.6875    ]), array([0.63870353, 0.84335982, 0.72727273, 0.63241107, 0.74581209,
       0.68815471, 0.71948998, 0.68692449, 0.61216351, 0.68656716]), array([0.64568431, 0.83703234, 0.7588785 , 0.63528077, 0.75692308,
       0.69285153, 0.73561301, 0.69266481, 0.60344828, 0.73802817]), array([0.65938242, 0.85154394, 0.72821847, 0.59763314, 0.74137931,
       0.66      , 0.72865596, 0.68815331, 0.59777102, 0.70456664])]

estim_algorithm = ts-model, mode = classification, metric = f1score, confidence_scores = energy-conf, class_specific = True
test err: [0.03137399028926467, 0.04749603413647312, 0.04067236968391948, 0.03761361601479618, 0.04685133885881233]
estimated metric: [array([0.69429212, 0.81542774, 0.75985005, 0.68249223, 0.80310844,
       0.70465881, 0.79980693, 0.72889012, 0.65502133, 0.69177574]), array([0.69417853, 0.81883763, 0.76032093, 0.68164038, 0.80251119,
       0.70077988, 0.8007097 , 0.73008988, 0.65583039, 0.68113555]), array([0.69320725, 0.81647722, 0.76057886, 0.68075257, 0.8035405 ,
       0.70671445, 0.79895583, 0.72925934, 0.65181589, 0.68061865]), array([0.69452101, 0.81716921, 0.76156521, 0.68252647, 0.80308796,
       0.70267291, 0.79927715, 0.72904195, 0.64895818, 0.6820617 ]), array([0.69448068, 0.81564669, 0.76133645, 0.68037258, 0.80374259,
       0.70042377, 0.80016641, 0.7304694 , 0.65141322, 0.69316196])]
real metric: [array([0.64240039, 0.8239521 , 0.74115456, 0.64127345, 0.76691729,
       0.69991823, 0.73504274, 0.69927536, 0.61164021, 0.70649351]), array([0.62768943, 0.83990719, 0.7062621 , 0.6180514 , 0.74964639,
       0.68495298, 0.72170686, 0.70134529, 0.56888008, 0.6875    ]), array([0.63870353, 0.84335982, 0.72727273, 0.63241107, 0.74581209,
       0.68815471, 0.71948998, 0.68692449, 0.61216351, 0.68656716]), array([0.64568431, 0.83703234, 0.7588785 , 0.63528077, 0.75692308,
       0.69285153, 0.73561301, 0.69266481, 0.60344828, 0.73802817]), array([0.65938242, 0.85154394, 0.72821847, 0.59763314, 0.74137931,
       0.66      , 0.72865596, 0.68815331, 0.59777102, 0.70456664])]

estim_algorithm = ts-model, mode = classification, metric = f1score, confidence_scores = entropy-conf, class_specific = False
test err: [0.12062299259713631, 0.13562635498697473, 0.126658254042913, 0.11510106715276161, 0.12828099544277735]
estimated metric: [array([0.8457873 , 0.93340663, 0.82182248, 0.73868365, 0.81608494,
       0.79378181, 0.78038978, 0.80738691, 0.85930044, 0.87765384]), array([0.84255506, 0.93533046, 0.8103466 , 0.72898036, 0.81863946,
       0.77975905, 0.80367103, 0.82068714, 0.85515087, 0.86708526]), array([0.83784696, 0.93439563, 0.81239397, 0.7298955 , 0.82615865,
       0.81114323, 0.77173378, 0.81059673, 0.84660764, 0.86666955]), array([0.84457889, 0.93032833, 0.82708847, 0.73968777, 0.82570595,
       0.78797425, 0.77954795, 0.80280965, 0.83936724, 0.87032697]), array([0.84696888, 0.9294569 , 0.8224362 , 0.72179656, 0.82317225,
       0.77095149, 0.78301956, 0.82420322, 0.8484445 , 0.86966461])]
real metric: [array([0.64240039, 0.8239521 , 0.74115456, 0.64127345, 0.76691729,
       0.69991823, 0.73504274, 0.69927536, 0.61164021, 0.70649351]), array([0.62768943, 0.83990719, 0.7062621 , 0.6180514 , 0.74964639,
       0.68495298, 0.72170686, 0.70134529, 0.56888008, 0.6875    ]), array([0.63870353, 0.84335982, 0.72727273, 0.63241107, 0.74581209,
       0.68815471, 0.71948998, 0.68692449, 0.61216351, 0.68656716]), array([0.64568431, 0.83703234, 0.7588785 , 0.63528077, 0.75692308,
       0.69285153, 0.73561301, 0.69266481, 0.60344828, 0.73802817]), array([0.65938242, 0.85154394, 0.72821847, 0.59763314, 0.74137931,
       0.66      , 0.72865596, 0.68815331, 0.59777102, 0.70456664])]

estim_algorithm = ts-model, mode = classification, metric = f1score, confidence_scores = entropy-conf, class_specific = True
test err: [0.012349198510429316, 0.028916144531015174, 0.017418321260808677, 0.018932051028604836, 0.02300595554054565]
estimated metric: [array([0.66154217, 0.82295915, 0.74438915, 0.65104881, 0.76538998,
       0.68333571, 0.75034659, 0.71185855, 0.63738377, 0.68788662]), array([0.65772551, 0.82808072, 0.73399375, 0.64031952, 0.76745443,
       0.66663751, 0.77440167, 0.72480128, 0.63491536, 0.66851045]), array([0.65315958, 0.82322961, 0.73586061, 0.64087077, 0.77492092,
       0.70247713, 0.74129498, 0.71316825, 0.62378002, 0.66711431]), array([0.66083268, 0.82107891, 0.750822  , 0.65209914, 0.77416482,
       0.67598669, 0.74913841, 0.7048244 , 0.61096284, 0.67199048]), array([0.66309932, 0.81959938, 0.74476042, 0.63150268, 0.77217741,
       0.6571453 , 0.75443396, 0.72662311, 0.62400088, 0.6847105 ])]
real metric: [array([0.64240039, 0.8239521 , 0.74115456, 0.64127345, 0.76691729,
       0.69991823, 0.73504274, 0.69927536, 0.61164021, 0.70649351]), array([0.62768943, 0.83990719, 0.7062621 , 0.6180514 , 0.74964639,
       0.68495298, 0.72170686, 0.70134529, 0.56888008, 0.6875    ]), array([0.63870353, 0.84335982, 0.72727273, 0.63241107, 0.74581209,
       0.68815471, 0.71948998, 0.68692449, 0.61216351, 0.68656716]), array([0.64568431, 0.83703234, 0.7588785 , 0.63528077, 0.75692308,
       0.69285153, 0.73561301, 0.69266481, 0.60344828, 0.73802817]), array([0.65938242, 0.85154394, 0.72821847, 0.59763314, 0.74137931,
       0.66      , 0.72865596, 0.68815331, 0.59777102, 0.70456664])]

estim_algorithm = ts-model, mode = classification, metric = f1score, confidence_scores = doctor-conf, class_specific = False
test err: [0.11415421342041392, 0.12869518377667008, 0.11882138409246287, 0.10856096916484854, 0.11998366326061208]
estimated metric: [array([0.84089172, 0.93427241, 0.80977166, 0.7104908 , 0.80395723,
       0.78755676, 0.76326755, 0.7951878 , 0.87284318, 0.89137086]), array([0.83749449, 0.93682937, 0.79055007, 0.69629719, 0.80674137,
       0.76881647, 0.79268867, 0.81289493, 0.86925885, 0.88132217]), array([0.82890063, 0.93595141, 0.79547119, 0.69575903, 0.81804112,
       0.80857748, 0.75067895, 0.80071751, 0.85560759, 0.87936803]), array([0.83858024, 0.92965736, 0.81467606, 0.7085346 , 0.82019652,
       0.78088687, 0.76481859, 0.79052153, 0.85108576, 0.88305696]), array([0.84178402, 0.92874316, 0.81164036, 0.68506416, 0.81536988,
       0.75600294, 0.76067587, 0.81980233, 0.85636785, 0.88169027])]
real metric: [array([0.64240039, 0.8239521 , 0.74115456, 0.64127345, 0.76691729,
       0.69991823, 0.73504274, 0.69927536, 0.61164021, 0.70649351]), array([0.62768943, 0.83990719, 0.7062621 , 0.6180514 , 0.74964639,
       0.68495298, 0.72170686, 0.70134529, 0.56888008, 0.6875    ]), array([0.63870353, 0.84335982, 0.72727273, 0.63241107, 0.74581209,
       0.68815471, 0.71948998, 0.68692449, 0.61216351, 0.68656716]), array([0.64568431, 0.83703234, 0.7588785 , 0.63528077, 0.75692308,
       0.69285153, 0.73561301, 0.69266481, 0.60344828, 0.73802817]), array([0.65938242, 0.85154394, 0.72821847, 0.59763314, 0.74137931,
       0.66      , 0.72865596, 0.68815331, 0.59777102, 0.70456664])]

estim_algorithm = ts-model, mode = classification, metric = f1score, confidence_scores = doctor-conf, class_specific = True
test err: [0.01196434247552255, 0.021753535466301967, 0.012208927316643792, 0.01685314068508311, 0.01786920905476247]
estimated metric: [array([0.64408927, 0.8227169 , 0.73445549, 0.63285245, 0.74853681,
       0.67023343, 0.73179747, 0.6913131 , 0.62974007, 0.68226691]), array([0.63971683, 0.82984161, 0.71419162, 0.61543871, 0.75015313,
       0.64300737, 0.76388937, 0.71416677, 0.62467215, 0.65584824]), array([0.63500254, 0.82557753, 0.71950257, 0.61325169, 0.7629095 ,
       0.6981204 , 0.71799463, 0.69518676, 0.60533032, 0.65654461]), array([0.64553748, 0.81983968, 0.74350307, 0.63070069, 0.76524195,
       0.66061224, 0.73312173, 0.68869248, 0.59181616, 0.66544567]), array([0.64938332, 0.81910247, 0.73477076, 0.60204478, 0.76050774,
       0.62739193, 0.73091067, 0.71846954, 0.60913837, 0.67495384])]
real metric: [array([0.64240039, 0.8239521 , 0.74115456, 0.64127345, 0.76691729,
       0.69991823, 0.73504274, 0.69927536, 0.61164021, 0.70649351]), array([0.62768943, 0.83990719, 0.7062621 , 0.6180514 , 0.74964639,
       0.68495298, 0.72170686, 0.70134529, 0.56888008, 0.6875    ]), array([0.63870353, 0.84335982, 0.72727273, 0.63241107, 0.74581209,
       0.68815471, 0.71948998, 0.68692449, 0.61216351, 0.68656716]), array([0.64568431, 0.83703234, 0.7588785 , 0.63528077, 0.75692308,
       0.69285153, 0.73561301, 0.69266481, 0.60344828, 0.73802817]), array([0.65938242, 0.85154394, 0.72821847, 0.59763314, 0.74137931,
       0.66      , 0.72865596, 0.68815331, 0.59777102, 0.70456664])]

estim_algorithm = doc-model, mode = classification, metric = f1score, confidence_scores = max_class_probability-conf, class_specific = False
test err: [0.1340534231965039, 0.14952028311465443, 0.1409330233640645, 0.12923060470508702, 0.14247337825410597]
estimated metric: [array([0.85326636, 0.88380549, 0.83425344, 0.79793268, 0.83630489,
       0.82205923, 0.83485205, 0.83334893, 0.84694636, 0.86583265]), array([0.85193788, 0.88580361, 0.82499699, 0.79328843, 0.84044811,
       0.80543989, 0.85247984, 0.84462091, 0.8481928 , 0.85393611]), array([0.85081323, 0.88712022, 0.82980804, 0.79290076, 0.84764576,
       0.825686  , 0.82850203, 0.83443135, 0.83747577, 0.85580616]), array([0.85219316, 0.88332429, 0.83774001, 0.79813882, 0.84383924,
       0.8140301 , 0.8307547 , 0.83356001, 0.83571527, 0.85941525]), array([0.85560862, 0.88172727, 0.83589281, 0.79106163, 0.84206926,
       0.8047212 , 0.82952281, 0.85003876, 0.83815893, 0.85323671])]
real metric: [array([0.64240039, 0.8239521 , 0.74115456, 0.64127345, 0.76691729,
       0.69991823, 0.73504274, 0.69927536, 0.61164021, 0.70649351]), array([0.62768943, 0.83990719, 0.7062621 , 0.6180514 , 0.74964639,
       0.68495298, 0.72170686, 0.70134529, 0.56888008, 0.6875    ]), array([0.63870353, 0.84335982, 0.72727273, 0.63241107, 0.74581209,
       0.68815471, 0.71948998, 0.68692449, 0.61216351, 0.68656716]), array([0.64568431, 0.83703234, 0.7588785 , 0.63528077, 0.75692308,
       0.69285153, 0.73561301, 0.69266481, 0.60344828, 0.73802817]), array([0.65938242, 0.85154394, 0.72821847, 0.59763314, 0.74137931,
       0.66      , 0.72865596, 0.68815331, 0.59777102, 0.70456664])]

estim_algorithm = doc-model, mode = classification, metric = f1score, confidence_scores = max_class_probability-conf, class_specific = True
test err: [0.026948802887165956, 0.04507951487446319, 0.03325340107676158, 0.03349408690145385, 0.04164200453384688]
estimated metric: [array([0.6887142 , 0.82130773, 0.75079227, 0.67583167, 0.78891506,
       0.69103562, 0.78366373, 0.71614   , 0.68526107, 0.70014646]), array([0.68723197, 0.82353164, 0.74015691, 0.67016727, 0.79340195,
       0.67044988, 0.80286166, 0.72971658, 0.68699596, 0.68453426]), array([0.68556723, 0.82499943, 0.74568616, 0.66978484, 0.80119355,
       0.69548675, 0.77674186, 0.71721005, 0.67279682, 0.68720563]), array([0.68734183, 0.82076709, 0.75479509, 0.67605524, 0.79707341,
       0.6811339 , 0.77919777, 0.71615456, 0.67050172, 0.69186387]), array([0.69168101, 0.81898598, 0.75267459, 0.66757589, 0.79515723,
       0.66950442, 0.77785479, 0.73608917, 0.67368716, 0.68373518])]
real metric: [array([0.64240039, 0.8239521 , 0.74115456, 0.64127345, 0.76691729,
       0.69991823, 0.73504274, 0.69927536, 0.61164021, 0.70649351]), array([0.62768943, 0.83990719, 0.7062621 , 0.6180514 , 0.74964639,
       0.68495298, 0.72170686, 0.70134529, 0.56888008, 0.6875    ]), array([0.63870353, 0.84335982, 0.72727273, 0.63241107, 0.74581209,
       0.68815471, 0.71948998, 0.68692449, 0.61216351, 0.68656716]), array([0.64568431, 0.83703234, 0.7588785 , 0.63528077, 0.75692308,
       0.69285153, 0.73561301, 0.69266481, 0.60344828, 0.73802817]), array([0.65938242, 0.85154394, 0.72821847, 0.59763314, 0.74137931,
       0.66      , 0.72865596, 0.68815331, 0.59777102, 0.70456664])]

estim_algorithm = doc-model, mode = classification, metric = f1score, confidence_scores = energy-conf, class_specific = False
test err: [0.13012779547799994, 0.14547606644348848, 0.13723368858693613, 0.12508172411586832, 0.1396477138210046]
estimated metric: [array([0.82575963, 0.92333433, 0.82278886, 0.77890186, 0.82581917,
       0.81275005, 0.79216034, 0.82577501, 0.86244808, 0.89960846]), array([0.82474144, 0.92636788, 0.82092866, 0.77547139, 0.82578318,
       0.80441531, 0.80016943, 0.83074801, 0.86271193, 0.88936518]), array([0.82274022, 0.92435557, 0.82191333, 0.77480171, 0.82898761,
       0.81979692, 0.78815322, 0.82571749, 0.85756663, 0.88916327]), array([0.82589614, 0.92250536, 0.82614828, 0.77878602, 0.82770702,
       0.80871865, 0.7905894 , 0.82371518, 0.85156088, 0.89159509]), array([0.82666471, 0.92180198, 0.82463657, 0.77145491, 0.82804682,
       0.80180391, 0.79437719, 0.83110247, 0.85619901, 0.89769379])]
real metric: [array([0.64240039, 0.8239521 , 0.74115456, 0.64127345, 0.76691729,
       0.69991823, 0.73504274, 0.69927536, 0.61164021, 0.70649351]), array([0.62768943, 0.83990719, 0.7062621 , 0.6180514 , 0.74964639,
       0.68495298, 0.72170686, 0.70134529, 0.56888008, 0.6875    ]), array([0.63870353, 0.84335982, 0.72727273, 0.63241107, 0.74581209,
       0.68815471, 0.71948998, 0.68692449, 0.61216351, 0.68656716]), array([0.64568431, 0.83703234, 0.7588785 , 0.63528077, 0.75692308,
       0.69285153, 0.73561301, 0.69266481, 0.60344828, 0.73802817]), array([0.65938242, 0.85154394, 0.72821847, 0.59763314, 0.74137931,
       0.66      , 0.72865596, 0.68815331, 0.59777102, 0.70456664])]

estim_algorithm = doc-model, mode = classification, metric = f1score, confidence_scores = energy-conf, class_specific = True
test err: [0.02050778117401717, 0.03592912463525302, 0.028335664818564178, 0.026498433254635866, 0.033931706875039894]
estimated metric: [array([0.67899492, 0.81550218, 0.75074712, 0.66646282, 0.78089563,
       0.69313731, 0.7743579 , 0.71642141, 0.64239334, 0.68921566]), array([0.6775507 , 0.82099393, 0.74882155, 0.66225719, 0.78083446,
       0.68270636, 0.78277258, 0.72210068, 0.64209118, 0.67221541]), array([0.67472687, 0.81667301, 0.74998144, 0.66125534, 0.78431   ,
       0.70155566, 0.77029733, 0.71649778, 0.63378481, 0.67137445]), array([0.67890884, 0.81669034, 0.75511248, 0.66670272, 0.78279366,
       0.68785242, 0.7728584 , 0.71406844, 0.62667521, 0.67454397]), array([0.67969988, 0.81412514, 0.75315848, 0.65792531, 0.7833957 ,
       0.679358  , 0.77668418, 0.72310578, 0.63370132, 0.68850339])]
real metric: [array([0.64240039, 0.8239521 , 0.74115456, 0.64127345, 0.76691729,
       0.69991823, 0.73504274, 0.69927536, 0.61164021, 0.70649351]), array([0.62768943, 0.83990719, 0.7062621 , 0.6180514 , 0.74964639,
       0.68495298, 0.72170686, 0.70134529, 0.56888008, 0.6875    ]), array([0.63870353, 0.84335982, 0.72727273, 0.63241107, 0.74581209,
       0.68815471, 0.71948998, 0.68692449, 0.61216351, 0.68656716]), array([0.64568431, 0.83703234, 0.7588785 , 0.63528077, 0.75692308,
       0.69285153, 0.73561301, 0.69266481, 0.60344828, 0.73802817]), array([0.65938242, 0.85154394, 0.72821847, 0.59763314, 0.74137931,
       0.66      , 0.72865596, 0.68815331, 0.59777102, 0.70456664])]

estim_algorithm = doc-model, mode = classification, metric = f1score, confidence_scores = entropy-conf, class_specific = False
test err: [0.13147537720724958, 0.14717788507402255, 0.13882511111597712, 0.1269379826445081, 0.13971295121728367]
estimated metric: [array([0.85305695, 0.891252  , 0.83289315, 0.78779277, 0.83202653,
       0.81783305, 0.82358046, 0.82832957, 0.85034948, 0.86570765]), array([0.8508247 , 0.89242768, 0.82321688, 0.78187037, 0.83577916,
       0.80527716, 0.84180204, 0.83982243, 0.85036549, 0.85633468]), array([0.84836721, 0.8936296 , 0.82661047, 0.78254484, 0.8433424 ,
       0.82697468, 0.81680613, 0.83105333, 0.84202395, 0.8577576 ]), array([0.85158094, 0.88949961, 0.83593029, 0.78813737, 0.84158551,
       0.81109763, 0.82296649, 0.82572672, 0.83913324, 0.86012683]), array([0.85391818, 0.88742286, 0.83525958, 0.77854891, 0.83912199,
       0.79937617, 0.81936231, 0.84431068, 0.84196658, 0.85514645])]
real metric: [array([0.64240039, 0.8239521 , 0.74115456, 0.64127345, 0.76691729,
       0.69991823, 0.73504274, 0.69927536, 0.61164021, 0.70649351]), array([0.62768943, 0.83990719, 0.7062621 , 0.6180514 , 0.74964639,
       0.68495298, 0.72170686, 0.70134529, 0.56888008, 0.6875    ]), array([0.63870353, 0.84335982, 0.72727273, 0.63241107, 0.74581209,
       0.68815471, 0.71948998, 0.68692449, 0.61216351, 0.68656716]), array([0.64568431, 0.83703234, 0.7588785 , 0.63528077, 0.75692308,
       0.69285153, 0.73561301, 0.69266481, 0.60344828, 0.73802817]), array([0.65938242, 0.85154394, 0.72821847, 0.59763314, 0.74137931,
       0.66      , 0.72865596, 0.68815331, 0.59777102, 0.70456664])]

estim_algorithm = doc-model, mode = classification, metric = f1score, confidence_scores = entropy-conf, class_specific = True
test err: [0.024038305937396354, 0.0409225515351621, 0.030698571805928842, 0.0309343180703615, 0.03859459074410061]
estimated metric: [array([0.68568026, 0.82356747, 0.7493343 , 0.67193138, 0.78518194,
       0.69214593, 0.77679779, 0.71526988, 0.67469151, 0.69545044]), array([0.6829579 , 0.82495235, 0.73821629, 0.66476292, 0.7892411 ,
       0.67699628, 0.7964853 , 0.72926846, 0.6743953 , 0.68293172]), array([0.67949738, 0.82624386, 0.74211703, 0.66562415, 0.79741896,
       0.70361121, 0.76947228, 0.71847379, 0.66320749, 0.68518758]), array([0.68383225, 0.8215944 , 0.75283561, 0.67236446, 0.79551968,
       0.68425822, 0.77613873, 0.7121283 , 0.65935358, 0.68848187]), array([0.68682582, 0.81925564, 0.75205132, 0.6608046 , 0.79285611,
       0.6695524 , 0.77223684, 0.73435937, 0.66314707, 0.68154892])]
real metric: [array([0.64240039, 0.8239521 , 0.74115456, 0.64127345, 0.76691729,
       0.69991823, 0.73504274, 0.69927536, 0.61164021, 0.70649351]), array([0.62768943, 0.83990719, 0.7062621 , 0.6180514 , 0.74964639,
       0.68495298, 0.72170686, 0.70134529, 0.56888008, 0.6875    ]), array([0.63870353, 0.84335982, 0.72727273, 0.63241107, 0.74581209,
       0.68815471, 0.71948998, 0.68692449, 0.61216351, 0.68656716]), array([0.64568431, 0.83703234, 0.7588785 , 0.63528077, 0.75692308,
       0.69285153, 0.73561301, 0.69266481, 0.60344828, 0.73802817]), array([0.65938242, 0.85154394, 0.72821847, 0.59763314, 0.74137931,
       0.66      , 0.72865596, 0.68815331, 0.59777102, 0.70456664])]

estim_algorithm = doc-model, mode = classification, metric = f1score, confidence_scores = doctor-conf, class_specific = False
test err: [0.13725383726210166, 0.15325448496885555, 0.14463936099214125, 0.13269067210548818, 0.14632517943429812]
estimated metric: [array([0.85327988, 0.87284019, 0.83850373, 0.81401661, 0.83800577,
       0.83233943, 0.83696124, 0.83813902, 0.85276228, 0.86375807]), array([0.85083407, 0.87332592, 0.83234316, 0.81198527, 0.84259145,
       0.82019027, 0.85037159, 0.84573787, 0.85457905, 0.85652794]), array([0.85003003, 0.87469282, 0.8348152 , 0.80988359, 0.84745094,
       0.83474238, 0.83350288, 0.83816556, 0.84739582, 0.85657349]), array([0.85073848, 0.87212917, 0.83837668, 0.81338409, 0.84622286,
       0.82670251, 0.83379945, 0.83548065, 0.84759573, 0.8588819 ]), array([0.85384689, 0.86946658, 0.84163776, 0.81041547, 0.84224689,
       0.81972075, 0.83188562, 0.84994674, 0.84657373, 0.85481557])]
real metric: [array([0.64240039, 0.8239521 , 0.74115456, 0.64127345, 0.76691729,
       0.69991823, 0.73504274, 0.69927536, 0.61164021, 0.70649351]), array([0.62768943, 0.83990719, 0.7062621 , 0.6180514 , 0.74964639,
       0.68495298, 0.72170686, 0.70134529, 0.56888008, 0.6875    ]), array([0.63870353, 0.84335982, 0.72727273, 0.63241107, 0.74581209,
       0.68815471, 0.71948998, 0.68692449, 0.61216351, 0.68656716]), array([0.64568431, 0.83703234, 0.7588785 , 0.63528077, 0.75692308,
       0.69285153, 0.73561301, 0.69266481, 0.60344828, 0.73802817]), array([0.65938242, 0.85154394, 0.72821847, 0.59763314, 0.74137931,
       0.66      , 0.72865596, 0.68815331, 0.59777102, 0.70456664])]

estim_algorithm = doc-model, mode = classification, metric = f1score, confidence_scores = doctor-conf, class_specific = True
test err: [0.028846281310032085, 0.0458105856728286, 0.03714530853270674, 0.03478717272652495, 0.04489212524858381]
estimated metric: [array([0.69237383, 0.82195586, 0.75413139, 0.68115458, 0.79298376,
       0.6978318 , 0.78960853, 0.7243944 , 0.67912852, 0.69818437]), array([0.68958311, 0.82250749, 0.7469205 , 0.67862503, 0.79791855,
       0.68321249, 0.8038901 , 0.73330237, 0.68112281, 0.68868475]), array([0.68811892, 0.82393535, 0.74988164, 0.67643857, 0.80309232,
       0.7012308 , 0.78561892, 0.72449103, 0.67116213, 0.68949358]), array([0.68914547, 0.82108049, 0.75424062, 0.68070202, 0.80182149,
       0.69145771, 0.78607425, 0.72101875, 0.67142783, 0.69271555]), array([0.69285932, 0.81830482, 0.75745581, 0.67670716, 0.79761515,
       0.68240725, 0.78393213, 0.73799913, 0.67016791, 0.68683472])]
real metric: [array([0.64240039, 0.8239521 , 0.74115456, 0.64127345, 0.76691729,
       0.69991823, 0.73504274, 0.69927536, 0.61164021, 0.70649351]), array([0.62768943, 0.83990719, 0.7062621 , 0.6180514 , 0.74964639,
       0.68495298, 0.72170686, 0.70134529, 0.56888008, 0.6875    ]), array([0.63870353, 0.84335982, 0.72727273, 0.63241107, 0.74581209,
       0.68815471, 0.71948998, 0.68692449, 0.61216351, 0.68656716]), array([0.64568431, 0.83703234, 0.7588785 , 0.63528077, 0.75692308,
       0.69285153, 0.73561301, 0.69266481, 0.60344828, 0.73802817]), array([0.65938242, 0.85154394, 0.72821847, 0.59763314, 0.74137931,
       0.66      , 0.72865596, 0.68815331, 0.59777102, 0.70456664])]

estim_algorithm = atc-model, mode = classification, metric = f1score, confidence_scores = max_class_probability-conf, class_specific = False
test err: [0.12167669349762748, 0.1349885813044797, 0.1260382854108733, 0.11294987780668053, 0.11996408028772003]
estimated metric: [array([0.86071726, 0.92674806, 0.80694723, 0.71876923, 0.82721576,
       0.78646441, 0.80649527, 0.82179676, 0.84313726, 0.88654354]), array([0.8533123 , 0.92970027, 0.7911785 , 0.689701  , 0.83105802,
       0.75791855, 0.85222382, 0.84636872, 0.84812624, 0.85624013]), array([0.8495935 , 0.93796004, 0.80284698, 0.70395137, 0.84885765,
       0.8018648 , 0.79245283, 0.82228916, 0.81040893, 0.87101669]), array([0.86153846, 0.93026005, 0.82996743, 0.71075402, 0.83900644,
       0.74391657, 0.82653061, 0.81515152, 0.79553904, 0.87323944]), array([0.86280858, 0.92480359, 0.8125    , 0.68251928, 0.84040747,
       0.72463768, 0.81225034, 0.85154062, 0.79681275, 0.84866469])]
real metric: [array([0.64240039, 0.8239521 , 0.74115456, 0.64127345, 0.76691729,
       0.69991823, 0.73504274, 0.69927536, 0.61164021, 0.70649351]), array([0.62768943, 0.83990719, 0.7062621 , 0.6180514 , 0.74964639,
       0.68495298, 0.72170686, 0.70134529, 0.56888008, 0.6875    ]), array([0.63870353, 0.84335982, 0.72727273, 0.63241107, 0.74581209,
       0.68815471, 0.71948998, 0.68692449, 0.61216351, 0.68656716]), array([0.64568431, 0.83703234, 0.7588785 , 0.63528077, 0.75692308,
       0.69285153, 0.73561301, 0.69266481, 0.60344828, 0.73802817]), array([0.65938242, 0.85154394, 0.72821847, 0.59763314, 0.74137931,
       0.66      , 0.72865596, 0.68815331, 0.59777102, 0.70456664])]

estim_algorithm = atc-model, mode = classification, metric = f1score, confidence_scores = max_class_probability-conf, class_specific = True
test err: [0.019294942805351746, 0.029907451201432945, 0.013009498512691819, 0.030026702922977877, 0.02794295025495739]
estimated metric: [array([0.65617314, 0.83423749, 0.72972973, 0.63832571, 0.76647834,
       0.63337714, 0.73457676, 0.67986799, 0.64367817, 0.67086615]), array([0.64932652, 0.83718177, 0.70362158, 0.61322082, 0.76687669,
       0.62578223, 0.79518073, 0.7311828 , 0.60287082, 0.63396227]), array([0.64851958, 0.82762623, 0.72672218, 0.63420884, 0.78478664,
       0.69044586, 0.71207431, 0.70315092, 0.61171367, 0.64972777]), array([0.65967588, 0.83301096, 0.75191105, 0.65419355, 0.78537055,
       0.60847241, 0.73278237, 0.68128162, 0.57268723, 0.63945579]), array([0.66508314, 0.83241926, 0.7267312 , 0.60639021, 0.78793257,
       0.58445041, 0.72389128, 0.71271586, 0.63656886, 0.65043479])]
real metric: [array([0.64240039, 0.8239521 , 0.74115456, 0.64127345, 0.76691729,
       0.69991823, 0.73504274, 0.69927536, 0.61164021, 0.70649351]), array([0.62768943, 0.83990719, 0.7062621 , 0.6180514 , 0.74964639,
       0.68495298, 0.72170686, 0.70134529, 0.56888008, 0.6875    ]), array([0.63870353, 0.84335982, 0.72727273, 0.63241107, 0.74581209,
       0.68815471, 0.71948998, 0.68692449, 0.61216351, 0.68656716]), array([0.64568431, 0.83703234, 0.7588785 , 0.63528077, 0.75692308,
       0.69285153, 0.73561301, 0.69266481, 0.60344828, 0.73802817]), array([0.65938242, 0.85154394, 0.72821847, 0.59763314, 0.74137931,
       0.66      , 0.72865596, 0.68815331, 0.59777102, 0.70456664])]

estim_algorithm = atc-model, mode = classification, metric = f1score, confidence_scores = energy-conf, class_specific = False
test err: [0.11060796442142551, 0.11027164792102355, 0.11318766643196168, 0.10409919450708797, 0.107414616565836]
estimated metric: [array([0.80122861, 0.93267108, 0.76912474, 0.6284585 , 0.78478664,
       0.79768786, 0.68554397, 0.78234399, 0.92531876, 0.94235589]), array([0.80181294, 0.94294941, 0.73174259, 0.58941345, 0.77240144,
       0.73063584, 0.71175524, 0.81321839, 0.90225564, 0.93529412]), array([0.79317697, 0.94185437, 0.74758005, 0.58994709, 0.80146386,
       0.8074246 , 0.67726551, 0.78571429, 0.87719298, 0.92173913]), array([0.80897925, 0.92962744, 0.77489768, 0.61579297, 0.80830973,
       0.77097506, 0.69872702, 0.79692308, 0.88850772, 0.93190921]), array([0.80730051, 0.93496387, 0.759971  , 0.58327575, 0.80175439,
       0.72924188, 0.71284272, 0.82183908, 0.89174312, 0.9281768 ])]
real metric: [array([0.64240039, 0.8239521 , 0.74115456, 0.64127345, 0.76691729,
       0.69991823, 0.73504274, 0.69927536, 0.61164021, 0.70649351]), array([0.62768943, 0.83990719, 0.7062621 , 0.6180514 , 0.74964639,
       0.68495298, 0.72170686, 0.70134529, 0.56888008, 0.6875    ]), array([0.63870353, 0.84335982, 0.72727273, 0.63241107, 0.74581209,
       0.68815471, 0.71948998, 0.68692449, 0.61216351, 0.68656716]), array([0.64568431, 0.83703234, 0.7588785 , 0.63528077, 0.75692308,
       0.69285153, 0.73561301, 0.69266481, 0.60344828, 0.73802817]), array([0.65938242, 0.85154394, 0.72821847, 0.59763314, 0.74137931,
       0.66      , 0.72865596, 0.68815331, 0.59777102, 0.70456664])]

estim_algorithm = atc-model, mode = classification, metric = f1score, confidence_scores = energy-conf, class_specific = True
test err: [0.036735664556579284, 0.04197024410407109, 0.03769203400658635, 0.04872676566796273, 0.03785788093451936]
estimated metric: [array([0.60255755, 0.82503038, 0.73691655, 0.59419312, 0.71694418,
       0.62251656, 0.65957447, 0.64864865, 0.61826699, 0.69147287]), array([0.60927786, 0.83303625, 0.69396873, 0.54249816, 0.71240602,
       0.56844851, 0.699187  , 0.68680446, 0.61282661, 0.61567878]), array([0.6086529 , 0.8242142 , 0.70416025, 0.55261372, 0.73795761,
       0.66145834, 0.66022545, 0.64236112, 0.56502243, 0.64727273]), array([0.61750246, 0.81776617, 0.72894551, 0.57901908, 0.73293173,
       0.59037712, 0.6647315 , 0.65635739, 0.54382023, 0.67768596]), array([0.62524462, 0.82164822, 0.70943396, 0.53466762, 0.71495767,
       0.56130791, 0.69208212, 0.70253165, 0.57210403, 0.67350428])]
real metric: [array([0.64240039, 0.8239521 , 0.74115456, 0.64127345, 0.76691729,
       0.69991823, 0.73504274, 0.69927536, 0.61164021, 0.70649351]), array([0.62768943, 0.83990719, 0.7062621 , 0.6180514 , 0.74964639,
       0.68495298, 0.72170686, 0.70134529, 0.56888008, 0.6875    ]), array([0.63870353, 0.84335982, 0.72727273, 0.63241107, 0.74581209,
       0.68815471, 0.71948998, 0.68692449, 0.61216351, 0.68656716]), array([0.64568431, 0.83703234, 0.7588785 , 0.63528077, 0.75692308,
       0.69285153, 0.73561301, 0.69266481, 0.60344828, 0.73802817]), array([0.65938242, 0.85154394, 0.72821847, 0.59763314, 0.74137931,
       0.66      , 0.72865596, 0.68815331, 0.59777102, 0.70456664])]

estim_algorithm = atc-model, mode = classification, metric = f1score, confidence_scores = entropy-conf, class_specific = False
test err: [0.11431333608714352, 0.12718371059600683, 0.11845439101595936, 0.1081931448638489, 0.11506385761390885]
estimated metric: [array([0.85354595, 0.92674806, 0.80614973, 0.6971214 , 0.81447964,
       0.77358491, 0.79343366, 0.80239521, 0.84990254, 0.89384011]), array([0.84648949, 0.93202828, 0.77770035, 0.66846725, 0.82302406,
       0.74800456, 0.84559885, 0.82670455, 0.84812624, 0.86163522]), array([0.8444263 , 0.93684211, 0.79512894, 0.68395062, 0.84173298,
       0.79342723, 0.77466863, 0.80974125, 0.8213628 , 0.86412214]), array([0.85598047, 0.92835998, 0.82229508, 0.69625   , 0.83686636,
       0.73953489, 0.80983183, 0.81155015, 0.80442805, 0.87323944]), array([0.85772358, 0.92419989, 0.80503145, 0.66100588, 0.8314799 ,
       0.72154964, 0.79132792, 0.84344147, 0.81335953, 0.85882353])]
real metric: [array([0.64240039, 0.8239521 , 0.74115456, 0.64127345, 0.76691729,
       0.69991823, 0.73504274, 0.69927536, 0.61164021, 0.70649351]), array([0.62768943, 0.83990719, 0.7062621 , 0.6180514 , 0.74964639,
       0.68495298, 0.72170686, 0.70134529, 0.56888008, 0.6875    ]), array([0.63870353, 0.84335982, 0.72727273, 0.63241107, 0.74581209,
       0.68815471, 0.71948998, 0.68692449, 0.61216351, 0.68656716]), array([0.64568431, 0.83703234, 0.7588785 , 0.63528077, 0.75692308,
       0.69285153, 0.73561301, 0.69266481, 0.60344828, 0.73802817]), array([0.65938242, 0.85154394, 0.72821847, 0.59763314, 0.74137931,
       0.66      , 0.72865596, 0.68815331, 0.59777102, 0.70456664])]

estim_algorithm = atc-model, mode = classification, metric = f1score, confidence_scores = entropy-conf, class_specific = True
test err: [0.019269512680667743, 0.02991638227693879, 0.013223223518651928, 0.029708675647082572, 0.027484174609619827]
estimated metric: [array([0.65881198, 0.83423749, 0.72701354, 0.63564876, 0.76763876,
       0.64583334, 0.71802326, 0.68204284, 0.6310905 , 0.66876972]), array([0.65120594, 0.83511269, 0.69881306, 0.60636043, 0.76909254,
       0.6275    , 0.78234399, 0.73312884, 0.60287082, 0.63909775]), array([0.65109628, 0.8255814 , 0.72382398, 0.63157895, 0.78591288,
       0.69543148, 0.70202809, 0.6923077 , 0.61171367, 0.65945947]), array([0.66222645, 0.8315042 , 0.75017398, 0.65158371, 0.78420039,
       0.61910829, 0.72576178, 0.67681896, 0.56953643, 0.64864865]), array([0.6638136 , 0.83241926, 0.71910113, 0.60259032, 0.78900709,
       0.59012017, 0.72571429, 0.70253165, 0.63656886, 0.64098074])]
real metric: [array([0.64240039, 0.8239521 , 0.74115456, 0.64127345, 0.76691729,
       0.69991823, 0.73504274, 0.69927536, 0.61164021, 0.70649351]), array([0.62768943, 0.83990719, 0.7062621 , 0.6180514 , 0.74964639,
       0.68495298, 0.72170686, 0.70134529, 0.56888008, 0.6875    ]), array([0.63870353, 0.84335982, 0.72727273, 0.63241107, 0.74581209,
       0.68815471, 0.71948998, 0.68692449, 0.61216351, 0.68656716]), array([0.64568431, 0.83703234, 0.7588785 , 0.63528077, 0.75692308,
       0.69285153, 0.73561301, 0.69266481, 0.60344828, 0.73802817]), array([0.65938242, 0.85154394, 0.72821847, 0.59763314, 0.74137931,
       0.66      , 0.72865596, 0.68815331, 0.59777102, 0.70456664])]

estim_algorithm = atc-model, mode = classification, metric = f1score, confidence_scores = doctor-conf, class_specific = False
test err: [0.12096408435453117, 0.13486153017129518, 0.12364427986570319, 0.11259171254107783, 0.12007046681672202]
estimated metric: [array([0.86024197, 0.92615214, 0.80853903, 0.71322621, 0.82511211,
       0.78646441, 0.80649527, 0.82179676, 0.84313726, 0.88654354]), array([0.8533123 , 0.93086554, 0.79034483, 0.68533334, 0.82905983,
       0.75651189, 0.8538682 , 0.84636872, 0.85265226, 0.85624013]), array([0.84912566, 0.93684211, 0.80114041, 0.70237371, 0.84581498,
       0.79906542, 0.78893741, 0.81873112, 0.80597015, 0.86930091]), array([0.86153846, 0.93026005, 0.82920469, 0.70995671, 0.84007353,
       0.74682081, 0.82503193, 0.81515152, 0.79104478, 0.87323944]), array([0.86004057, 0.92480359, 0.8125    , 0.68251928, 0.83744681,
       0.72463768, 0.81225034, 0.85154062, 0.79681275, 0.85545723])]
real metric: [array([0.64240039, 0.8239521 , 0.74115456, 0.64127345, 0.76691729,
       0.69991823, 0.73504274, 0.69927536, 0.61164021, 0.70649351]), array([0.62768943, 0.83990719, 0.7062621 , 0.6180514 , 0.74964639,
       0.68495298, 0.72170686, 0.70134529, 0.56888008, 0.6875    ]), array([0.63870353, 0.84335982, 0.72727273, 0.63241107, 0.74581209,
       0.68815471, 0.71948998, 0.68692449, 0.61216351, 0.68656716]), array([0.64568431, 0.83703234, 0.7588785 , 0.63528077, 0.75692308,
       0.69285153, 0.73561301, 0.69266481, 0.60344828, 0.73802817]), array([0.65938242, 0.85154394, 0.72821847, 0.59763314, 0.74137931,
       0.66      , 0.72865596, 0.68815331, 0.59777102, 0.70456664])]

estim_algorithm = atc-model, mode = classification, metric = f1score, confidence_scores = doctor-conf, class_specific = True
test err: [0.01831484742246455, 0.029359999219053346, 0.012771788055841471, 0.030724496745793507, 0.027425662372371096]
estimated metric: [array([0.65683383, 0.83423749, 0.72972973, 0.64187867, 0.76531574,
       0.63695938, 0.73819743, 0.67986799, 0.6310905 , 0.66666667]), array([0.65058005, 0.83718177, 0.70362158, 0.61322082, 0.76576577,
       0.6275    , 0.7987988 , 0.7311828 , 0.59277109, 0.63137997]), array([0.64916468, 0.82762623, 0.72575758, 0.63333334, 0.78478664,
       0.69044586, 0.71604939, 0.70099668, 0.60869566, 0.64972777]), array([0.66031444, 0.83301096, 0.75191105, 0.65506125, 0.78537055,
       0.61203586, 0.73452545, 0.67681896, 0.56637169, 0.63945579]), array([0.66635026, 0.83241926, 0.72578242, 0.60639021, 0.78685613,
       0.59012017, 0.73115221, 0.71271586, 0.63348417, 0.64572426])]
real metric: [array([0.64240039, 0.8239521 , 0.74115456, 0.64127345, 0.76691729,
       0.69991823, 0.73504274, 0.69927536, 0.61164021, 0.70649351]), array([0.62768943, 0.83990719, 0.7062621 , 0.6180514 , 0.74964639,
       0.68495298, 0.72170686, 0.70134529, 0.56888008, 0.6875    ]), array([0.63870353, 0.84335982, 0.72727273, 0.63241107, 0.74581209,
       0.68815471, 0.71948998, 0.68692449, 0.61216351, 0.68656716]), array([0.64568431, 0.83703234, 0.7588785 , 0.63528077, 0.75692308,
       0.69285153, 0.73561301, 0.69266481, 0.60344828, 0.73802817]), array([0.65938242, 0.85154394, 0.72821847, 0.59763314, 0.74137931,
       0.66      , 0.72865596, 0.68815331, 0.59777102, 0.70456664])]

estim_algorithm = ts-atc-model, mode = classification, metric = f1score, confidence_scores = max_class_probability-conf, class_specific = False
test err: [0.10693515151915553, 0.120819309618481, 0.1091126028219066, 0.09958331810817687, 0.10848534561371584]
estimated metric: [array([0.83942226, 0.92912514, 0.78750849, 0.68060837, 0.80692168,
       0.76777251, 0.76297336, 0.78971256, 0.86100386, 0.91237114]), array([0.84143426, 0.93837838, 0.76304655, 0.63906142, 0.79613357,
       0.73938003, 0.82352941, 0.8283688 , 0.86381323, 0.88098918]), array([0.83491149, 0.94129979, 0.77494538, 0.64892269, 0.81981982,
       0.78916372, 0.74887218, 0.79692308, 0.83424408, 0.88288288]), array([0.84327437, 0.92772512, 0.81216931, 0.66879388, 0.81502348,
       0.73364486, 0.76840696, 0.79506934, 0.84078712, 0.88734353]), array([0.84836066, 0.92841163, 0.79151944, 0.63515313, 0.81423611,
       0.70746634, 0.75418995, 0.83687943, 0.84732825, 0.87861272])]
real metric: [array([0.64240039, 0.8239521 , 0.74115456, 0.64127345, 0.76691729,
       0.69991823, 0.73504274, 0.69927536, 0.61164021, 0.70649351]), array([0.62768943, 0.83990719, 0.7062621 , 0.6180514 , 0.74964639,
       0.68495298, 0.72170686, 0.70134529, 0.56888008, 0.6875    ]), array([0.63870353, 0.84335982, 0.72727273, 0.63241107, 0.74581209,
       0.68815471, 0.71948998, 0.68692449, 0.61216351, 0.68656716]), array([0.64568431, 0.83703234, 0.7588785 , 0.63528077, 0.75692308,
       0.69285153, 0.73561301, 0.69266481, 0.60344828, 0.73802817]), array([0.65938242, 0.85154394, 0.72821847, 0.59763314, 0.74137931,
       0.66      , 0.72865596, 0.68815331, 0.59777102, 0.70456664])]

estim_algorithm = ts-atc-model, mode = classification, metric = f1score, confidence_scores = max_class_probability-conf, class_specific = True
test err: [0.021070446201660466, 0.03179228771538373, 0.014712181240776345, 0.025118533618667904, 0.024536337973702416]
estimated metric: [array([0.63126253, 0.84260922, 0.73063255, 0.63116371, 0.74038462,
       0.6440678 , 0.70294118, 0.68421053, 0.6374134 , 0.70153847]), array([0.63474179, 0.84741784, 0.69881306, 0.58231488, 0.74311927,
       0.58868895, 0.7654321 , 0.72727273, 0.62588236, 0.65677181]), array([0.62421002, 0.83506344, 0.7021605 , 0.6037983 , 0.7594697 ,
       0.68877551, 0.7       , 0.68128162, 0.6056645 , 0.66187051]), array([0.63561378, 0.84566327, 0.74405595, 0.62037037, 0.75787402,
       0.62261754, 0.69872702, 0.68571429, 0.56953643, 0.68421053]), array([0.64773821, 0.83667274, 0.7171793 , 0.57142857, 0.75478578,
       0.57873486, 0.71839081, 0.73065016, 0.5986079 , 0.67123288])]
real metric: [array([0.64240039, 0.8239521 , 0.74115456, 0.64127345, 0.76691729,
       0.69991823, 0.73504274, 0.69927536, 0.61164021, 0.70649351]), array([0.62768943, 0.83990719, 0.7062621 , 0.6180514 , 0.74964639,
       0.68495298, 0.72170686, 0.70134529, 0.56888008, 0.6875    ]), array([0.63870353, 0.84335982, 0.72727273, 0.63241107, 0.74581209,
       0.68815471, 0.71948998, 0.68692449, 0.61216351, 0.68656716]), array([0.64568431, 0.83703234, 0.7588785 , 0.63528077, 0.75692308,
       0.69285153, 0.73561301, 0.69266481, 0.60344828, 0.73802817]), array([0.65938242, 0.85154394, 0.72821847, 0.59763314, 0.74137931,
       0.66      , 0.72865596, 0.68815331, 0.59777102, 0.70456664])]

estim_algorithm = ts-atc-model, mode = classification, metric = f1score, confidence_scores = energy-conf, class_specific = False
test err: [0.11243728553731129, 0.11417680081989619, 0.11284749967780323, 0.11015524550606329, 0.10852360988594785]
estimated metric: [array([0.75421797, 0.92495831, 0.75192173, 0.63296126, 0.8003663 ,
       0.8032221 , 0.64931088, 0.80597015, 0.92727273, 0.95415118]), array([0.75246675, 0.93722944, 0.73174259, 0.60042584, 0.77678572,
       0.77181208, 0.67768596, 0.81661891, 0.91044776, 0.94920174]), array([0.74222222, 0.92724376, 0.72864702, 0.5982906 , 0.79262673,
       0.80603949, 0.63829788, 0.80792683, 0.89273357, 0.94468085]), array([0.75575221, 0.92453951, 0.74405595, 0.60281313, 0.80830973,
       0.80088496, 0.67052024, 0.82051282, 0.90540541, 0.94039735]), array([0.75443263, 0.92960894, 0.75273523, 0.57836339, 0.80489939,
       0.76346604, 0.68630339, 0.81844381, 0.88970588, 0.94133697])]
real metric: [array([0.64240039, 0.8239521 , 0.74115456, 0.64127345, 0.76691729,
       0.69991823, 0.73504274, 0.69927536, 0.61164021, 0.70649351]), array([0.62768943, 0.83990719, 0.7062621 , 0.6180514 , 0.74964639,
       0.68495298, 0.72170686, 0.70134529, 0.56888008, 0.6875    ]), array([0.63870353, 0.84335982, 0.72727273, 0.63241107, 0.74581209,
       0.68815471, 0.71948998, 0.68692449, 0.61216351, 0.68656716]), array([0.64568431, 0.83703234, 0.7588785 , 0.63528077, 0.75692308,
       0.69285153, 0.73561301, 0.69266481, 0.60344828, 0.73802817]), array([0.65938242, 0.85154394, 0.72821847, 0.59763314, 0.74137931,
       0.66      , 0.72865596, 0.68815331, 0.59777102, 0.70456664])]

estim_algorithm = ts-atc-model, mode = classification, metric = f1score, confidence_scores = energy-conf, class_specific = True
test err: [0.0477016253619702, 0.05309371653514776, 0.04495328921368489, 0.05610945583173425, 0.043350110843008806]
estimated metric: [array([0.59825552, 0.80024814, 0.70767005, 0.58174387, 0.69651742,
       0.6077644 , 0.66968326, 0.64176571, 0.59188545, 0.69551778]), array([0.60393663, 0.82606097, 0.6702047 , 0.5327381 , 0.67376573,
       0.55905512, 0.6885246 , 0.66558967, 0.60620526, 0.62357415]), array([0.60591133, 0.81594373, 0.69003116, 0.53872516, 0.71694418,
       0.65268677, 0.66237943, 0.64939552, 0.55203621, 0.64727273]), array([0.60585027, 0.79734219, 0.71530758, 0.54431263, 0.71092952,
       0.59037712, 0.69132291, 0.64000001, 0.56000001, 0.67986799]), array([0.61166008, 0.80845771, 0.69565218, 0.51771512, 0.71857411,
       0.54344828, 0.69970846, 0.67528272, 0.56190477, 0.69139967])]
real metric: [array([0.64240039, 0.8239521 , 0.74115456, 0.64127345, 0.76691729,
       0.69991823, 0.73504274, 0.69927536, 0.61164021, 0.70649351]), array([0.62768943, 0.83990719, 0.7062621 , 0.6180514 , 0.74964639,
       0.68495298, 0.72170686, 0.70134529, 0.56888008, 0.6875    ]), array([0.63870353, 0.84335982, 0.72727273, 0.63241107, 0.74581209,
       0.68815471, 0.71948998, 0.68692449, 0.61216351, 0.68656716]), array([0.64568431, 0.83703234, 0.7588785 , 0.63528077, 0.75692308,
       0.69285153, 0.73561301, 0.69266481, 0.60344828, 0.73802817]), array([0.65938242, 0.85154394, 0.72821847, 0.59763314, 0.74137931,
       0.66      , 0.72865596, 0.68815331, 0.59777102, 0.70456664])]

estim_algorithm = ts-atc-model, mode = classification, metric = f1score, confidence_scores = entropy-conf, class_specific = False
test err: [0.10786314744484948, 0.11426766082761301, 0.11009882622686393, 0.09982160750870586, 0.10659895862987753]
estimated metric: [array([0.84384257, 0.93443526, 0.78254942, 0.66879796, 0.78139535,
       0.77647059, 0.71988389, 0.77675841, 0.90740741, 0.92484077]), array([0.83446894, 0.94066882, 0.7489301 , 0.61419536, 0.7778769 ,
       0.7217695 , 0.77862596, 0.81661891, 0.89811321, 0.90963856]), array([0.82767191, 0.94791667, 0.77136596, 0.63420884, 0.80583409,
       0.8018648 , 0.729771  , 0.77621284, 0.88111888, 0.90588235]), array([0.83993399, 0.93152302, 0.80106809, 0.64281067, 0.80379147,
       0.75402299, 0.71866296, 0.78382582, 0.875     , 0.91008175]), array([0.84836066, 0.93139989, 0.77944326, 0.60449285, 0.80175439,
       0.72463768, 0.73475178, 0.82183908, 0.87732342, 0.89929078])]
real metric: [array([0.64240039, 0.8239521 , 0.74115456, 0.64127345, 0.76691729,
       0.69991823, 0.73504274, 0.69927536, 0.61164021, 0.70649351]), array([0.62768943, 0.83990719, 0.7062621 , 0.6180514 , 0.74964639,
       0.68495298, 0.72170686, 0.70134529, 0.56888008, 0.6875    ]), array([0.63870353, 0.84335982, 0.72727273, 0.63241107, 0.74581209,
       0.68815471, 0.71948998, 0.68692449, 0.61216351, 0.68656716]), array([0.64568431, 0.83703234, 0.7588785 , 0.63528077, 0.75692308,
       0.69285153, 0.73561301, 0.69266481, 0.60344828, 0.73802817]), array([0.65938242, 0.85154394, 0.72821847, 0.59763314, 0.74137931,
       0.66      , 0.72865596, 0.68815331, 0.59777102, 0.70456664])]

estim_algorithm = ts-atc-model, mode = classification, metric = f1score, confidence_scores = entropy-conf, class_specific = True
test err: [0.025281638181680978, 0.030577491780738042, 0.02520091106742759, 0.03337915226685166, 0.026686613891254506]
estimated metric: [array([0.61600811, 0.83634176, 0.73959069, 0.62027833, 0.72938895,
       0.62251656, 0.68945023, 0.6885246 , 0.60849058, 0.689441  ]), array([0.6250591 , 0.84266352, 0.70074074, 0.5710145 , 0.7267658 ,
       0.58687259, 0.73817035, 0.71539658, 0.61938535, 0.64165104]), array([0.61478218, 0.83506344, 0.70714835, 0.57771848, 0.75475285,
       0.685422  , 0.67092652, 0.67006803, 0.56179776, 0.66905188]), array([0.63296062, 0.83526384, 0.74405595, 0.60468228, 0.75909538,
       0.61734694, 0.68194843, 0.70315092, 0.54054055, 0.6688852 ]), array([0.63393291, 0.83384054, 0.7295691 , 0.55633803, 0.74678899,
       0.58064517, 0.69970846, 0.71875   , 0.5920746 , 0.67350428])]
real metric: [array([0.64240039, 0.8239521 , 0.74115456, 0.64127345, 0.76691729,
       0.69991823, 0.73504274, 0.69927536, 0.61164021, 0.70649351]), array([0.62768943, 0.83990719, 0.7062621 , 0.6180514 , 0.74964639,
       0.68495298, 0.72170686, 0.70134529, 0.56888008, 0.6875    ]), array([0.63870353, 0.84335982, 0.72727273, 0.63241107, 0.74581209,
       0.68815471, 0.71948998, 0.68692449, 0.61216351, 0.68656716]), array([0.64568431, 0.83703234, 0.7588785 , 0.63528077, 0.75692308,
       0.69285153, 0.73561301, 0.69266481, 0.60344828, 0.73802817]), array([0.65938242, 0.85154394, 0.72821847, 0.59763314, 0.74137931,
       0.66      , 0.72865596, 0.68815331, 0.59777102, 0.70456664])]

estim_algorithm = ts-atc-model, mode = classification, metric = f1score, confidence_scores = doctor-conf, class_specific = False
test err: [0.10808680525431938, 0.11421940570192715, 0.10999947827070047, 0.0989124301869115, 0.10663464859557377]
estimated metric: [array([0.84384257, 0.93443526, 0.78337875, 0.66452855, 0.78139535,
       0.77502945, 0.72173913, 0.78234399, 0.90942699, 0.92620865]), array([0.83306581, 0.94066882, 0.7489301 , 0.61126761, 0.77569258,
       0.72027972, 0.77488515, 0.81831188, 0.90018833, 0.9112782 ]), array([0.82572614, 0.94846434, 0.77046784, 0.62893891, 0.80583409,
       0.8018648 , 0.72588056, 0.778125  , 0.88111888, 0.90748899]), array([0.83849649, 0.93152302, 0.79946524, 0.64192709, 0.80265655,
       0.75402299, 0.72222223, 0.78382582, 0.87304348, 0.91156463]), array([0.84836066, 0.93259053, 0.77944326, 0.60449285, 0.80175439,
       0.72617612, 0.73475178, 0.81844381, 0.87523278, 0.90240453])]
real metric: [array([0.64240039, 0.8239521 , 0.74115456, 0.64127345, 0.76691729,
       0.69991823, 0.73504274, 0.69927536, 0.61164021, 0.70649351]), array([0.62768943, 0.83990719, 0.7062621 , 0.6180514 , 0.74964639,
       0.68495298, 0.72170686, 0.70134529, 0.56888008, 0.6875    ]), array([0.63870353, 0.84335982, 0.72727273, 0.63241107, 0.74581209,
       0.68815471, 0.71948998, 0.68692449, 0.61216351, 0.68656716]), array([0.64568431, 0.83703234, 0.7588785 , 0.63528077, 0.75692308,
       0.69285153, 0.73561301, 0.69266481, 0.60344828, 0.73802817]), array([0.65938242, 0.85154394, 0.72821847, 0.59763314, 0.74137931,
       0.66      , 0.72865596, 0.68815331, 0.59777102, 0.70456664])]

estim_algorithm = ts-atc-model, mode = classification, metric = f1score, confidence_scores = doctor-conf, class_specific = True
test err: [0.02487110524463606, 0.02963990252826043, 0.025310515679637068, 0.033048949677364825, 0.027459341482596]
estimated metric: [array([0.62298387, 0.83564118, 0.73780919, 0.62119206, 0.72691934,
       0.62251656, 0.68945023, 0.6885246 , 0.61502348, 0.689441  ]), array([0.63152941, 0.8392435 , 0.69591078, 0.57925072, 0.7267658 ,
       0.58868895, 0.73617694, 0.71739131, 0.61611375, 0.64165104]), array([0.61613692, 0.83236994, 0.70015456, 0.58807947, 0.75356803,
       0.67866324, 0.67092652, 0.67006803, 0.57142858, 0.66187051]), array([0.62962963, 0.83451385, 0.73699016, 0.60840561, 0.75909538,
       0.61203586, 0.68383405, 0.69449082, 0.54382023, 0.67109635]), array([0.6345967 , 0.83313033, 0.7219731 , 0.56743536, 0.7456382 ,
       0.57873486, 0.69970846, 0.72274144, 0.5920746 , 0.66437178])]
real metric: [array([0.64240039, 0.8239521 , 0.74115456, 0.64127345, 0.76691729,
       0.69991823, 0.73504274, 0.69927536, 0.61164021, 0.70649351]), array([0.62768943, 0.83990719, 0.7062621 , 0.6180514 , 0.74964639,
       0.68495298, 0.72170686, 0.70134529, 0.56888008, 0.6875    ]), array([0.63870353, 0.84335982, 0.72727273, 0.63241107, 0.74581209,
       0.68815471, 0.71948998, 0.68692449, 0.61216351, 0.68656716]), array([0.64568431, 0.83703234, 0.7588785 , 0.63528077, 0.75692308,
       0.69285153, 0.73561301, 0.69266481, 0.60344828, 0.73802817]), array([0.65938242, 0.85154394, 0.72821847, 0.59763314, 0.74137931,
       0.66      , 0.72865596, 0.68815331, 0.59777102, 0.70456664])]

