estim_algorithm = moval-ensemble-cls-f1score, mode = classification, metric = f1score
test err: [0.10977520596500681, 0.1004740593262767, 0.12089489973468007, 0.1030242901020558, 0.10106618422803808]
estimated metric: [array([0.36820864, 0.67207963, 0.4595067 , 0.4485869 , 0.6035003 ,
       0.39793816, 0.62053572, 0.53978161, 0.34155974, 0.46245532]), array([0.38321168, 0.65988217, 0.45812033, 0.45413364, 0.58517448,
       0.42139039, 0.61968629, 0.55707765, 0.35694053, 0.45878138]), array([0.41973245, 0.70544919, 0.45173345, 0.46267433, 0.59929446,
       0.42571129, 0.57239383, 0.57720591, 0.36105862, 0.38118814]), array([0.37422772, 0.67327715, 0.44716871, 0.45836769, 0.57022885,
       0.47807935, 0.61746988, 0.58823531, 0.4102061 , 0.45255476]), array([0.39794169, 0.66584585, 0.45990566, 0.44502165, 0.57572503,
       0.44595912, 0.59717906, 0.52972976, 0.3529412 , 0.43126687])]
real metric: [array([0.67181467, 0.82352941, 0.53689946, 0.51168831, 0.58206607,
       0.4465812 , 0.66554622, 0.35212888, 0.52576236, 0.47771429]), array([0.67010309, 0.80887149, 0.54390366, 0.5075188 , 0.57582418,
       0.43067227, 0.66207688, 0.35772358, 0.518     , 0.45052632]), array([0.69254093, 0.82258065, 0.55440415, 0.51636364, 0.57562568,
       0.41598361, 0.65024038, 0.30769231, 0.5492228 , 0.47491639]), array([0.648582  , 0.81550969, 0.52700656, 0.48920863, 0.57513514,
       0.40786749, 0.68198758, 0.34052758, 0.52256034, 0.45583424]), array([0.66956522, 0.81585366, 0.54851485, 0.47691335, 0.56375071,
       0.44108761, 0.66152934, 0.30520231, 0.50050251, 0.44651163])]

