estim_algorithm = ac-model, mode = classification, metric = auc, confidence_scores = max_class_probability-conf, class_specific = False
test err: [0.0703205907649603, 0.07298970844633489, 0.07173997436063458, 0.0702258452191246, 0.07167950125434908]
estimated metric: [array([0.98666402, 0.98913635, 0.98536693, 0.98288036, 0.98531835,
       0.98359562, 0.98558813, 0.98607935, 0.98458939, 0.98539332]), array([0.98655944, 0.9893987 , 0.98519444, 0.98246432, 0.98544246,
       0.98566456, 0.98595295, 0.98538145, 0.9854597 , 0.98347615]), array([0.98646215, 0.98885843, 0.98495805, 0.98197413, 0.98535744,
       0.98454261, 0.98529328, 0.98457054, 0.98459186, 0.98407758]), array([0.98663446, 0.98876209, 0.98499573, 0.98197883, 0.98585049,
       0.98604677, 0.98477715, 0.98393006, 0.98470534, 0.98347903]), array([0.98638797, 0.98905894, 0.98540134, 0.9822127 , 0.98552046,
       0.98359372, 0.98543266, 0.98504533, 0.98581822, 0.98455779])]
real metric: [array([0.95550896, 0.97929118, 0.92571724, 0.8937934 , 0.91206369,
       0.8723411 , 0.86514293, 0.89699535, 0.91645263, 0.93409942]), array([0.952284  , 0.9786549 , 0.92621847, 0.88817312, 0.89817038,
       0.87322784, 0.86512027, 0.90673985, 0.89907937, 0.93742888]), array([0.95689069, 0.97725263, 0.9255444 , 0.89008191, 0.90801284,
       0.88514039, 0.86998607, 0.89123007, 0.89899549, 0.93015184]), array([0.95907713, 0.97797153, 0.91375565, 0.89245189, 0.90552408,
       0.88247973, 0.86865053, 0.89970612, 0.91569172, 0.93359314]), array([0.95619816, 0.97703803, 0.9203911 , 0.88476946, 0.90500954,
       0.87745004, 0.87501118, 0.90756702, 0.90157615, 0.93122343])]

estim_algorithm = ac-model, mode = classification, metric = auc, confidence_scores = energy-conf, class_specific = False
test err: [0.08264392193541234, 0.06185472061150421, 0.08527736998464451, 0.06149727211004067, 0.06963730758289147]
estimated metric: [array([0.79493345, 0.89059325, 0.81160994, 0.82545837, 0.8593766 ,
       0.833874  , 0.74662947, 0.87066833, 0.77521962, 0.91660366]), array([0.81923916, 0.90065884, 0.85714038, 0.82160696, 0.78550992,
       0.87521948, 0.80093766, 0.85019379, 0.8723384 , 0.92768855]), array([0.81896594, 0.91679359, 0.84858703, 0.80587232, 0.89019646,
       0.81230476, 0.75597008, 0.81011959, 0.80572533, 0.81597753]), array([0.87214169, 0.89235458, 0.87173059, 0.82186322, 0.78626063,
       0.86965397, 0.73949478, 0.88562419, 0.8667367 , 0.92806844]), array([0.80169365, 0.92157234, 0.8393456 , 0.81258751, 0.80295435,
       0.84725079, 0.87126348, 0.92095629, 0.79088256, 0.85813302])]
real metric: [array([0.95550896, 0.97929118, 0.92571724, 0.8937934 , 0.91206369,
       0.8723411 , 0.86514293, 0.89699535, 0.91645263, 0.93409942]), array([0.952284  , 0.9786549 , 0.92621847, 0.88817312, 0.89817038,
       0.87322784, 0.86512027, 0.90673985, 0.89907937, 0.93742888]), array([0.95689069, 0.97725263, 0.9255444 , 0.89008191, 0.90801284,
       0.88514039, 0.86998607, 0.89123007, 0.89899549, 0.93015184]), array([0.95907713, 0.97797153, 0.91375565, 0.89245189, 0.90552408,
       0.88247973, 0.86865053, 0.89970612, 0.91569172, 0.93359314]), array([0.95619816, 0.97703803, 0.9203911 , 0.88476946, 0.90500954,
       0.87745004, 0.87501118, 0.90756702, 0.90157615, 0.93122343])]

estim_algorithm = ac-model, mode = classification, metric = auc, confidence_scores = entropy-conf, class_specific = False
test err: [0.06701245360720966, 0.06970774350073115, 0.06856340304404489, 0.06682717079435196, 0.06800331094838404]
estimated metric: [array([0.98241716, 0.98645988, 0.98245889, 0.97686773, 0.98242035,
       0.9807322 , 0.98223381, 0.98398005, 0.98118279, 0.9827776 ]), array([0.98285817, 0.9870826 , 0.98203024, 0.97609225, 0.98219463,
       0.98283073, 0.98331569, 0.98186292, 0.98273304, 0.98117425]), array([0.98284992, 0.98654852, 0.98147266, 0.97600709, 0.98218067,
       0.98156502, 0.98308378, 0.98053603, 0.98231784, 0.98235883]), array([0.98261208, 0.98601089, 0.98074883, 0.97583613, 0.98175622,
       0.98301373, 0.9826726 , 0.98137731, 0.98228811, 0.98085732]), array([0.98224872, 0.98675267, 0.98279493, 0.97546133, 0.98272911,
       0.98010615, 0.98181004, 0.98173543, 0.98234531, 0.98028352])]
real metric: [array([0.95550896, 0.97929118, 0.92571724, 0.8937934 , 0.91206369,
       0.8723411 , 0.86514293, 0.89699535, 0.91645263, 0.93409942]), array([0.952284  , 0.9786549 , 0.92621847, 0.88817312, 0.89817038,
       0.87322784, 0.86512027, 0.90673985, 0.89907937, 0.93742888]), array([0.95689069, 0.97725263, 0.9255444 , 0.89008191, 0.90801284,
       0.88514039, 0.86998607, 0.89123007, 0.89899549, 0.93015184]), array([0.95907713, 0.97797153, 0.91375565, 0.89245189, 0.90552408,
       0.88247973, 0.86865053, 0.89970612, 0.91569172, 0.93359314]), array([0.95619816, 0.97703803, 0.9203911 , 0.88476946, 0.90500954,
       0.87745004, 0.87501118, 0.90756702, 0.90157615, 0.93122343])]

estim_algorithm = ac-model, mode = classification, metric = auc, confidence_scores = doctor-conf, class_specific = False
test err: [0.07404046875875628, 0.07684064650692592, 0.0758560936061925, 0.07430123555445278, 0.07574544012844313]
estimated metric: [array([0.99032034, 0.99209528, 0.98911615, 0.98730942, 0.98918269,
       0.98796416, 0.98984358, 0.99012621, 0.9878237 , 0.98802907]), array([0.98997947, 0.99273152, 0.98893371, 0.98681464, 0.98934315,
       0.98901353, 0.98936785, 0.98870049, 0.9898467 , 0.98877248]), array([0.98976138, 0.99216681, 0.98895837, 0.98667275, 0.98898511,
       0.98815367, 0.99000804, 0.98993342, 0.9883323 , 0.98887541]), array([0.99005016, 0.99233891, 0.98880763, 0.98681688, 0.98922844,
       0.98917979, 0.98958629, 0.9886381 , 0.98919012, 0.98807755]), array([0.98991552, 0.99242271, 0.98938987, 0.98685996, 0.98933479,
       0.98840771, 0.98958199, 0.98928066, 0.98972297, 0.98877234])]
real metric: [array([0.95550896, 0.97929118, 0.92571724, 0.8937934 , 0.91206369,
       0.8723411 , 0.86514293, 0.89699535, 0.91645263, 0.93409942]), array([0.952284  , 0.9786549 , 0.92621847, 0.88817312, 0.89817038,
       0.87322784, 0.86512027, 0.90673985, 0.89907937, 0.93742888]), array([0.95689069, 0.97725263, 0.9255444 , 0.89008191, 0.90801284,
       0.88514039, 0.86998607, 0.89123007, 0.89899549, 0.93015184]), array([0.95907713, 0.97797153, 0.91375565, 0.89245189, 0.90552408,
       0.88247973, 0.86865053, 0.89970612, 0.91569172, 0.93359314]), array([0.95619816, 0.97703803, 0.9203911 , 0.88476946, 0.90500954,
       0.87745004, 0.87501118, 0.90756702, 0.90157615, 0.93122343])]

estim_algorithm = ts-model, mode = classification, metric = auc, confidence_scores = max_class_probability-conf, class_specific = False
test err: [0.03851407655495357, 0.04000164829021356, 0.03987344077725369, 0.03692985504777111, 0.03966936882779698]
estimated metric: [array([0.9375399 , 0.9525216 , 0.94306237, 0.92465084, 0.94624953,
       0.94681544, 0.94547972, 0.94923053, 0.94791389, 0.95360556]), array([0.93868845, 0.95359474, 0.94274102, 0.9219142 , 0.94488497,
       0.94905841, 0.94915851, 0.945612  , 0.95060161, 0.95154825]), array([0.93912527, 0.95338653, 0.9424833 , 0.92267705, 0.94508294,
       0.95033678, 0.94871508, 0.94727144, 0.95066674, 0.94901256]), array([0.93710619, 0.95279714, 0.942024  , 0.9211073 , 0.9425744 ,
       0.94644412, 0.94269407, 0.94487644, 0.94738354, 0.94690222]), array([0.93542948, 0.95267303, 0.94100388, 0.9199531 , 0.94501132,
       0.94756854, 0.95075382, 0.94818653, 0.95043464, 0.95164611])]
real metric: [array([0.95550896, 0.97929118, 0.92571724, 0.8937934 , 0.91206369,
       0.8723411 , 0.86514293, 0.89699535, 0.91645263, 0.93409942]), array([0.952284  , 0.9786549 , 0.92621847, 0.88817312, 0.89817038,
       0.87322784, 0.86512027, 0.90673985, 0.89907937, 0.93742888]), array([0.95689069, 0.97725263, 0.9255444 , 0.89008191, 0.90801284,
       0.88514039, 0.86998607, 0.89123007, 0.89899549, 0.93015184]), array([0.95907713, 0.97797153, 0.91375565, 0.89245189, 0.90552408,
       0.88247973, 0.86865053, 0.89970612, 0.91569172, 0.93359314]), array([0.95619816, 0.97703803, 0.9203911 , 0.88476946, 0.90500954,
       0.87745004, 0.87501118, 0.90756702, 0.90157615, 0.93122343])]

estim_algorithm = ts-model, mode = classification, metric = auc, confidence_scores = max_class_probability-conf, class_specific = True
test err: [0.03712816265259181, 0.041836314253549486, 0.037881707104285636, 0.038868314747628994, 0.03814668234976413]
estimated metric: [array([0.94936648, 0.97241683, 0.94704133, 0.91626254, 0.96116293,
       0.92905261, 0.9686665 , 0.96696643, 0.93172011, 0.95399813]), array([0.94957083, 0.97176981, 0.94580033, 0.91679378, 0.96070439,
       0.94029599, 0.96843465, 0.96647344, 0.95155897, 0.95286151]), array([0.94918408, 0.97195561, 0.94518568, 0.91154659, 0.96064298,
       0.92466817, 0.96840696, 0.96590628, 0.94232369, 0.9462761 ]), array([0.94882449, 0.97150622, 0.94541214, 0.91063378, 0.96014826,
       0.9402821 , 0.96768298, 0.96492696, 0.94317722, 0.95155462]), array([0.9481337 , 0.97200693, 0.94498093, 0.90834337, 0.96181824,
       0.92445541, 0.96859315, 0.96603468, 0.94556242, 0.951581  ])]
real metric: [array([0.95550896, 0.97929118, 0.92571724, 0.8937934 , 0.91206369,
       0.8723411 , 0.86514293, 0.89699535, 0.91645263, 0.93409942]), array([0.952284  , 0.9786549 , 0.92621847, 0.88817312, 0.89817038,
       0.87322784, 0.86512027, 0.90673985, 0.89907937, 0.93742888]), array([0.95689069, 0.97725263, 0.9255444 , 0.89008191, 0.90801284,
       0.88514039, 0.86998607, 0.89123007, 0.89899549, 0.93015184]), array([0.95907713, 0.97797153, 0.91375565, 0.89245189, 0.90552408,
       0.88247973, 0.86865053, 0.89970612, 0.91569172, 0.93359314]), array([0.95619816, 0.97703803, 0.9203911 , 0.88476946, 0.90500954,
       0.87745004, 0.87501118, 0.90756702, 0.90157615, 0.93122343])]

estim_algorithm = ts-model, mode = classification, metric = auc, confidence_scores = energy-conf, class_specific = False
test err: [0.033300057522537715, 0.03501218509119196, 0.022700696716972668, 0.03134548023462426, 0.03409580467435898]
estimated metric: [array([0.88666403, 0.95557731, 0.89741111, 0.89268016, 0.94414838,
       0.93009497, 0.86969887, 0.95466022, 0.89026889, 0.96687871]), array([0.89033541, 0.95143429, 0.93217439, 0.8878392 , 0.89762917,
       0.9501295 , 0.90724238, 0.95375452, 0.95862973, 0.96596167]), array([0.89369542, 0.9610917 , 0.92484919, 0.88009093, 0.96322499,
       0.91274361, 0.8702853 , 0.92279806, 0.91643047, 0.93499886]), array([0.93329721, 0.95616007, 0.94181032, 0.89189027, 0.89580819,
       0.95239493, 0.86454959, 0.97107975, 0.95750944, 0.97391689]), array([0.8783318 , 0.95458146, 0.91111746, 0.89037312, 0.90336688,
       0.94415378, 0.95540879, 0.96041765, 0.90376861, 0.95319414])]
real metric: [array([0.95550896, 0.97929118, 0.92571724, 0.8937934 , 0.91206369,
       0.8723411 , 0.86514293, 0.89699535, 0.91645263, 0.93409942]), array([0.952284  , 0.9786549 , 0.92621847, 0.88817312, 0.89817038,
       0.87322784, 0.86512027, 0.90673985, 0.89907937, 0.93742888]), array([0.95689069, 0.97725263, 0.9255444 , 0.89008191, 0.90801284,
       0.88514039, 0.86998607, 0.89123007, 0.89899549, 0.93015184]), array([0.95907713, 0.97797153, 0.91375565, 0.89245189, 0.90552408,
       0.88247973, 0.86865053, 0.89970612, 0.91569172, 0.93359314]), array([0.95619816, 0.97703803, 0.9203911 , 0.88476946, 0.90500954,
       0.87745004, 0.87501118, 0.90756702, 0.90157615, 0.93122343])]

estim_algorithm = ts-model, mode = classification, metric = auc, confidence_scores = energy-conf, class_specific = True
test err: [0.05762252228572118, 0.06814113885023572, 0.060042465083351926, 0.06663712207659553, 0.059200325522918575]
estimated metric: [array([0.99141677, 0.9919874 , 0.97294365, 0.96305774, 0.99195982,
       0.93750068, 0.99093026, 0.98099153, 0.9338747 , 0.97296857]), array([0.99124426, 0.99174826, 0.97368658, 0.95813265, 0.99169468,
       0.9588215 , 0.99054003, 0.9763831 , 0.98778846, 0.98646896]), array([0.99137137, 0.99195445, 0.9694884 , 0.95513758, 0.99191731,
       0.9193436 , 0.9909153 , 0.97409167, 0.95675609, 0.86756847]), array([0.99114509, 0.99169553, 0.97261783, 0.95908857, 0.99164532,
       0.9614385 , 0.99061725, 0.98287837, 0.98766909, 0.98647718]), array([0.99144083, 0.99208666, 0.97271821, 0.96034304, 0.99207257,
       0.95245831, 0.99123169, 0.97756613, 0.9473941 , 0.91152103])]
real metric: [array([0.95550896, 0.97929118, 0.92571724, 0.8937934 , 0.91206369,
       0.8723411 , 0.86514293, 0.89699535, 0.91645263, 0.93409942]), array([0.952284  , 0.9786549 , 0.92621847, 0.88817312, 0.89817038,
       0.87322784, 0.86512027, 0.90673985, 0.89907937, 0.93742888]), array([0.95689069, 0.97725263, 0.9255444 , 0.89008191, 0.90801284,
       0.88514039, 0.86998607, 0.89123007, 0.89899549, 0.93015184]), array([0.95907713, 0.97797153, 0.91375565, 0.89245189, 0.90552408,
       0.88247973, 0.86865053, 0.89970612, 0.91569172, 0.93359314]), array([0.95619816, 0.97703803, 0.9203911 , 0.88476946, 0.90500954,
       0.87745004, 0.87501118, 0.90756702, 0.90157615, 0.93122343])]

estim_algorithm = ts-model, mode = classification, metric = auc, confidence_scores = entropy-conf, class_specific = False
test err: [0.03938364301761634, 0.041168657321695, 0.040472023747284744, 0.038015207701118846, 0.04075561104310029]
estimated metric: [array([0.93915363, 0.95433676, 0.94478711, 0.92563616, 0.94744865,
       0.94848582, 0.94888512, 0.95058032, 0.94952355, 0.95378572]), array([0.94029672, 0.9551049 , 0.94398108, 0.9238876 , 0.94731503,
       0.95069006, 0.9512051 , 0.94775275, 0.9516892 , 0.95378665]), array([0.94124223, 0.95469222, 0.9441049 , 0.92514653, 0.9462204 ,
       0.95101147, 0.95113623, 0.94863015, 0.95022191, 0.94918278]), array([0.93955914, 0.95383564, 0.94300539, 0.92363335, 0.94503807,
       0.94807362, 0.94430257, 0.94617787, 0.94941814, 0.94870204]), array([0.93826573, 0.95436341, 0.94325888, 0.92274852, 0.94702443,
       0.95030633, 0.95137883, 0.95026   , 0.95213273, 0.95283728])]
real metric: [array([0.95550896, 0.97929118, 0.92571724, 0.8937934 , 0.91206369,
       0.8723411 , 0.86514293, 0.89699535, 0.91645263, 0.93409942]), array([0.952284  , 0.9786549 , 0.92621847, 0.88817312, 0.89817038,
       0.87322784, 0.86512027, 0.90673985, 0.89907937, 0.93742888]), array([0.95689069, 0.97725263, 0.9255444 , 0.89008191, 0.90801284,
       0.88514039, 0.86998607, 0.89123007, 0.89899549, 0.93015184]), array([0.95907713, 0.97797153, 0.91375565, 0.89245189, 0.90552408,
       0.88247973, 0.86865053, 0.89970612, 0.91569172, 0.93359314]), array([0.95619816, 0.97703803, 0.9203911 , 0.88476946, 0.90500954,
       0.87745004, 0.87501118, 0.90756702, 0.90157615, 0.93122343])]

estim_algorithm = ts-model, mode = classification, metric = auc, confidence_scores = entropy-conf, class_specific = True
test err: [0.037837218042642916, 0.04265816643269808, 0.038486386805122064, 0.03828399832291263, 0.03803226177519976]
estimated metric: [array([0.96510609, 0.97410871, 0.94764051, 0.92041974, 0.96164412,
       0.93032473, 0.96745373, 0.96230457, 0.9356286 , 0.95478236]), array([0.96474852, 0.97347888, 0.9455179 , 0.92087726, 0.96066725,
       0.94048831, 0.96726918, 0.96196715, 0.95282093, 0.95349133]), array([0.96510908, 0.97362623, 0.94589191, 0.91965313, 0.9615742 ,
       0.9267038 , 0.96798864, 0.96079172, 0.94283995, 0.94671873]), array([0.9641881 , 0.97314338, 0.94578768, 0.91553958, 0.96066017,
       0.94070963, 0.9665276 , 0.95970727, 0.9436324 , 0.95218937]), array([0.96461221, 0.97380505, 0.94517066, 0.91244712, 0.96300611,
       0.92291809, 0.9671919 , 0.96216453, 0.94644134, 0.95233377])]
real metric: [array([0.95550896, 0.97929118, 0.92571724, 0.8937934 , 0.91206369,
       0.8723411 , 0.86514293, 0.89699535, 0.91645263, 0.93409942]), array([0.952284  , 0.9786549 , 0.92621847, 0.88817312, 0.89817038,
       0.87322784, 0.86512027, 0.90673985, 0.89907937, 0.93742888]), array([0.95689069, 0.97725263, 0.9255444 , 0.89008191, 0.90801284,
       0.88514039, 0.86998607, 0.89123007, 0.89899549, 0.93015184]), array([0.95907713, 0.97797153, 0.91375565, 0.89245189, 0.90552408,
       0.88247973, 0.86865053, 0.89970612, 0.91569172, 0.93359314]), array([0.95619816, 0.97703803, 0.9203911 , 0.88476946, 0.90500954,
       0.87745004, 0.87501118, 0.90756702, 0.90157615, 0.93122343])]

estim_algorithm = ts-model, mode = classification, metric = auc, confidence_scores = doctor-conf, class_specific = False
test err: [0.04204312483152609, 0.04353009815631735, 0.04252415547804943, 0.04107003826051433, 0.042453216069254986]
estimated metric: [array([0.94810698, 0.95873191, 0.9510211 , 0.93849661, 0.95128833,
       0.95201103, 0.95175088, 0.95473144, 0.95371876, 0.95605762]), array([0.94910417, 0.95941009, 0.95040014, 0.93768217, 0.95172426,
       0.95367294, 0.95245409, 0.95316312, 0.95477207, 0.95316574]), array([0.94954775, 0.95912801, 0.95064787, 0.93813808, 0.95047631,
       0.95175393, 0.95322773, 0.94963588, 0.95319195, 0.95184525]), array([0.94819745, 0.95788372, 0.94971999, 0.93704048, 0.9495355 ,
       0.95267483, 0.9503023 , 0.94664231, 0.95306492, 0.95260541]), array([0.94660903, 0.95890026, 0.95024994, 0.93575412, 0.94982124,
       0.95091913, 0.95351626, 0.95190149, 0.95337165, 0.95426936])]
real metric: [array([0.95550896, 0.97929118, 0.92571724, 0.8937934 , 0.91206369,
       0.8723411 , 0.86514293, 0.89699535, 0.91645263, 0.93409942]), array([0.952284  , 0.9786549 , 0.92621847, 0.88817312, 0.89817038,
       0.87322784, 0.86512027, 0.90673985, 0.89907937, 0.93742888]), array([0.95689069, 0.97725263, 0.9255444 , 0.89008191, 0.90801284,
       0.88514039, 0.86998607, 0.89123007, 0.89899549, 0.93015184]), array([0.95907713, 0.97797153, 0.91375565, 0.89245189, 0.90552408,
       0.88247973, 0.86865053, 0.89970612, 0.91569172, 0.93359314]), array([0.95619816, 0.97703803, 0.9203911 , 0.88476946, 0.90500954,
       0.87745004, 0.87501118, 0.90756702, 0.90157615, 0.93122343])]

estim_algorithm = ts-model, mode = classification, metric = auc, confidence_scores = doctor-conf, class_specific = True
test err: [0.03858564428696548, 0.04104046948623609, 0.0388104303369615, 0.038831149600376015, 0.0391868366784474]
estimated metric: [array([0.94349573, 0.96761996, 0.94486563, 0.93172739, 0.95804059,
       0.9292874 , 0.96233291, 0.96248496, 0.93873003, 0.95130886]), array([0.94407923, 0.96719008, 0.9430346 , 0.93526665, 0.95725977,
       0.93257859, 0.96191344, 0.96104373, 0.94504465, 0.94875186]), array([0.9444751 , 0.96697908, 0.94247097, 0.93255556, 0.95706238,
       0.92236395, 0.96208766, 0.961885  , 0.94052903, 0.94560363]), array([0.9431015 , 0.96651701, 0.94270751, 0.9273493 , 0.9562749 ,
       0.93826464, 0.96099428, 0.9601913 , 0.94150017, 0.94545209]), array([0.94177553, 0.96713973, 0.94135984, 0.93004795, 0.95753066,
       0.92318589, 0.96139287, 0.96092834, 0.94625439, 0.94984543])]
real metric: [array([0.95550896, 0.97929118, 0.92571724, 0.8937934 , 0.91206369,
       0.8723411 , 0.86514293, 0.89699535, 0.91645263, 0.93409942]), array([0.952284  , 0.9786549 , 0.92621847, 0.88817312, 0.89817038,
       0.87322784, 0.86512027, 0.90673985, 0.89907937, 0.93742888]), array([0.95689069, 0.97725263, 0.9255444 , 0.89008191, 0.90801284,
       0.88514039, 0.86998607, 0.89123007, 0.89899549, 0.93015184]), array([0.95907713, 0.97797153, 0.91375565, 0.89245189, 0.90552408,
       0.88247973, 0.86865053, 0.89970612, 0.91569172, 0.93359314]), array([0.95619816, 0.97703803, 0.9203911 , 0.88476946, 0.90500954,
       0.87745004, 0.87501118, 0.90756702, 0.90157615, 0.93122343])]

estim_algorithm = doc-model, mode = classification, metric = auc, confidence_scores = max_class_probability-conf, class_specific = False
test err: [0.052542917133645325, 0.04998757402773094, 0.05115953201841507, 0.0526416979298875, 0.05116927618208106]
estimated metric: [array([0.86371451, 0.86744846, 0.86254316, 0.85722953, 0.86301893,
       0.86115382, 0.86291237, 0.8636225 , 0.86180562, 0.86252785]), array([0.86349616, 0.86726638, 0.86247122, 0.85658301, 0.86298962,
       0.86317656, 0.8631881 , 0.86275416, 0.86263454, 0.86066159]), array([0.86314391, 0.86727992, 0.86211684, 0.85625777, 0.86296136,
       0.8621158 , 0.86269651, 0.86203794, 0.86178745, 0.86129351]), array([0.86357544, 0.86722241, 0.86229526, 0.85603752, 0.86349592,
       0.86350866, 0.86218961, 0.86143063, 0.86205594, 0.86067315]), array([0.86330493, 0.86759712, 0.86273729, 0.85614474, 0.8633021 ,
       0.86120451, 0.86291819, 0.86255211, 0.86306377, 0.8617166 ])]
real metric: [array([0.95550896, 0.97929118, 0.92571724, 0.8937934 , 0.91206369,
       0.8723411 , 0.86514293, 0.89699535, 0.91645263, 0.93409942]), array([0.952284  , 0.9786549 , 0.92621847, 0.88817312, 0.89817038,
       0.87322784, 0.86512027, 0.90673985, 0.89907937, 0.93742888]), array([0.95689069, 0.97725263, 0.9255444 , 0.89008191, 0.90801284,
       0.88514039, 0.86998607, 0.89123007, 0.89899549, 0.93015184]), array([0.95907713, 0.97797153, 0.91375565, 0.89245189, 0.90552408,
       0.88247973, 0.86865053, 0.89970612, 0.91569172, 0.93359314]), array([0.95619816, 0.97703803, 0.9203911 , 0.88476946, 0.90500954,
       0.87745004, 0.87501118, 0.90756702, 0.90157615, 0.93122343])]

estim_algorithm = doc-model, mode = classification, metric = auc, confidence_scores = max_class_probability-conf, class_specific = True
test err: [0.04677878923959955, 0.04941754197164773, 0.04818242543165174, 0.04663284075362193, 0.04811043365985814]
estimated metric: [array([0.9701941 , 0.9863604 , 0.9599309 , 0.93884831, 0.97062236,
       0.94146782, 0.97504143, 0.96664219, 0.95010524, 0.95998106]), array([0.97000207, 0.98687019, 0.95973764, 0.93827668, 0.97069269,
       0.94352904, 0.97533733, 0.96589645, 0.95090877, 0.95802165]), array([0.96989257, 0.98630523, 0.95946967, 0.93783658, 0.9706157 ,
       0.94240467, 0.97471452, 0.9651345 , 0.95006754, 0.95866959]), array([0.97004146, 0.98644892, 0.95947384, 0.93773428, 0.97103729,
       0.94380859, 0.97413125, 0.96440175, 0.95015352, 0.95799902]), array([0.9698298 , 0.98667349, 0.95994422, 0.93793831, 0.97077287,
       0.94143958, 0.97482409, 0.96552837, 0.95128187, 0.95910588])]
real metric: [array([0.95550896, 0.97929118, 0.92571724, 0.8937934 , 0.91206369,
       0.8723411 , 0.86514293, 0.89699535, 0.91645263, 0.93409942]), array([0.952284  , 0.9786549 , 0.92621847, 0.88817312, 0.89817038,
       0.87322784, 0.86512027, 0.90673985, 0.89907937, 0.93742888]), array([0.95689069, 0.97725263, 0.9255444 , 0.89008191, 0.90801284,
       0.88514039, 0.86998607, 0.89123007, 0.89899549, 0.93015184]), array([0.95907713, 0.97797153, 0.91375565, 0.89245189, 0.90552408,
       0.88247973, 0.86865053, 0.89970612, 0.91569172, 0.93359314]), array([0.95619816, 0.97703803, 0.9203911 , 0.88476946, 0.90500954,
       0.87745004, 0.87501118, 0.90756702, 0.90157615, 0.93122343])]

estim_algorithm = doc-model, mode = classification, metric = auc, confidence_scores = energy-conf, class_specific = False
test err: [0.043723534378687624, 0.04358108148085327, 0.043679411951855006, 0.041117751266725, 0.04308559825512585]
estimated metric: [array([0.93441094, 0.9532647 , 0.9445915 , 0.92129685, 0.95271836,
       0.95362985, 0.95495875, 0.95895976, 0.95969019, 0.96087136]), array([0.93359066, 0.95285698, 0.94188913, 0.91756952, 0.95130107,
       0.95446672, 0.95038999, 0.95468332, 0.95753061, 0.95764737]), array([0.93331529, 0.95356579, 0.94197619, 0.92135887, 0.94884648,
       0.95413117, 0.94992288, 0.95657987, 0.95650058, 0.95935886]), array([0.93207941, 0.95364624, 0.94268289, 0.92163909, 0.94652368,
       0.95164968, 0.94813179, 0.95210853, 0.95422036, 0.95475135]), array([0.93309062, 0.9526733 , 0.94090405, 0.91799844, 0.94775332,
       0.95267685, 0.95519277, 0.95528277, 0.95756814, 0.9590053 ])]
real metric: [array([0.95550896, 0.97929118, 0.92571724, 0.8937934 , 0.91206369,
       0.8723411 , 0.86514293, 0.89699535, 0.91645263, 0.93409942]), array([0.952284  , 0.9786549 , 0.92621847, 0.88817312, 0.89817038,
       0.87322784, 0.86512027, 0.90673985, 0.89907937, 0.93742888]), array([0.95689069, 0.97725263, 0.9255444 , 0.89008191, 0.90801284,
       0.88514039, 0.86998607, 0.89123007, 0.89899549, 0.93015184]), array([0.95907713, 0.97797153, 0.91375565, 0.89245189, 0.90552408,
       0.88247973, 0.86865053, 0.89970612, 0.91569172, 0.93359314]), array([0.95619816, 0.97703803, 0.9203911 , 0.88476946, 0.90500954,
       0.87745004, 0.87501118, 0.90756702, 0.90157615, 0.93122343])]

estim_algorithm = doc-model, mode = classification, metric = auc, confidence_scores = energy-conf, class_specific = True
test err: [0.04717400357297752, 0.05996848754510573, 0.05335855583004293, 0.05656274722735451, 0.050492884077263864]
estimated metric: [array([0.98365693, 0.9837284 , 0.96947974, 0.94379063, 0.97794794,
       0.92454944, 0.97638814, 0.97164583, 0.92385629, 0.96810261]), array([0.98309666, 0.98317568, 0.96836878, 0.9416006 , 0.97732148,
       0.96723145, 0.97797199, 0.97242545, 0.97664284, 0.97694704]), array([0.983414  , 0.98352193, 0.96935099, 0.94362884, 0.97754958,
       0.90153594, 0.97842945, 0.97648175, 0.9552716 , 0.86261588]), array([0.98269234, 0.98275495, 0.9685243 , 0.94029849, 0.97619187,
       0.96125756, 0.97743875, 0.97294102, 0.97585763, 0.97657206]), array([0.98346334, 0.98358332, 0.97097912, 0.93995105, 0.97787738,
       0.93857343, 0.97844581, 0.9726233 , 0.9400969 , 0.90687755])]
real metric: [array([0.95550896, 0.97929118, 0.92571724, 0.8937934 , 0.91206369,
       0.8723411 , 0.86514293, 0.89699535, 0.91645263, 0.93409942]), array([0.952284  , 0.9786549 , 0.92621847, 0.88817312, 0.89817038,
       0.87322784, 0.86512027, 0.90673985, 0.89907937, 0.93742888]), array([0.95689069, 0.97725263, 0.9255444 , 0.89008191, 0.90801284,
       0.88514039, 0.86998607, 0.89123007, 0.89899549, 0.93015184]), array([0.95907713, 0.97797153, 0.91375565, 0.89245189, 0.90552408,
       0.88247973, 0.86865053, 0.89970612, 0.91569172, 0.93359314]), array([0.95619816, 0.97703803, 0.9203911 , 0.88476946, 0.90500954,
       0.87745004, 0.87501118, 0.90756702, 0.90157615, 0.93122343])]

estim_algorithm = doc-model, mode = classification, metric = auc, confidence_scores = entropy-conf, class_specific = False
test err: [0.04812420742844681, 0.04590241571912342, 0.046059153184614496, 0.04781507974155513, 0.04668953614346337]
estimated metric: [array([0.86732737, 0.8732612 , 0.8678585 , 0.8586352 , 0.86852175,
       0.86679659, 0.86820925, 0.87011138, 0.86702878, 0.86854645]), array([0.86757668, 0.87198051, 0.86737972, 0.85779557, 0.86818796,
       0.86885287, 0.86910935, 0.86782936, 0.8684871 , 0.86685198]), array([0.86751806, 0.87330681, 0.86674361, 0.85779469, 0.86824497,
       0.86750621, 0.86896236, 0.86653547, 0.86803715, 0.86804545]), array([0.8673315 , 0.87275848, 0.86627726, 0.85724029, 0.8678143 ,
       0.86895738, 0.8684992 , 0.86724013, 0.86810961, 0.86652258]), array([0.86542662, 0.87362429, 0.86831862, 0.85699425, 0.86887668,
       0.86619744, 0.86787257, 0.86779569, 0.86818893, 0.86604366])]
real metric: [array([0.95550896, 0.97929118, 0.92571724, 0.8937934 , 0.91206369,
       0.8723411 , 0.86514293, 0.89699535, 0.91645263, 0.93409942]), array([0.952284  , 0.9786549 , 0.92621847, 0.88817312, 0.89817038,
       0.87322784, 0.86512027, 0.90673985, 0.89907937, 0.93742888]), array([0.95689069, 0.97725263, 0.9255444 , 0.89008191, 0.90801284,
       0.88514039, 0.86998607, 0.89123007, 0.89899549, 0.93015184]), array([0.95907713, 0.97797153, 0.91375565, 0.89245189, 0.90552408,
       0.88247973, 0.86865053, 0.89970612, 0.91569172, 0.93359314]), array([0.95619816, 0.97703803, 0.9203911 , 0.88476946, 0.90500954,
       0.87745004, 0.87501118, 0.90756702, 0.90157615, 0.93122343])]

estim_algorithm = doc-model, mode = classification, metric = auc, confidence_scores = entropy-conf, class_specific = True
test err: [0.046024449487445565, 0.04859917268428667, 0.04751437919525584, 0.04576788142972525, 0.046920418750892576]
estimated metric: [array([0.9690467 , 0.98612406, 0.95918764, 0.93604477, 0.97088769,
       0.94114709, 0.97365957, 0.96667439, 0.94912877, 0.95974973]), array([0.96935617, 0.98629252, 0.95866689, 0.93514548, 0.97058484,
       0.94320433, 0.97466312, 0.96450648, 0.95060713, 0.95806184]), array([0.96938192, 0.98596661, 0.95813044, 0.93512031, 0.97059251,
       0.9419524 , 0.97448467, 0.96324583, 0.95022779, 0.95932763]), array([0.96910197, 0.985864  , 0.95740899, 0.934779  , 0.97012945,
       0.94334975, 0.97401332, 0.96398891, 0.95016957, 0.95777538]), array([0.96879587, 0.98588026, 0.95951128, 0.93451102, 0.97114623,
       0.9404997 , 0.97319167, 0.96438605, 0.95026697, 0.95724926])]
real metric: [array([0.95550896, 0.97929118, 0.92571724, 0.8937934 , 0.91206369,
       0.8723411 , 0.86514293, 0.89699535, 0.91645263, 0.93409942]), array([0.952284  , 0.9786549 , 0.92621847, 0.88817312, 0.89817038,
       0.87322784, 0.86512027, 0.90673985, 0.89907937, 0.93742888]), array([0.95689069, 0.97725263, 0.9255444 , 0.89008191, 0.90801284,
       0.88514039, 0.86998607, 0.89123007, 0.89899549, 0.93015184]), array([0.95907713, 0.97797153, 0.91375565, 0.89245189, 0.90552408,
       0.88247973, 0.86865053, 0.89970612, 0.91569172, 0.93359314]), array([0.95619816, 0.97703803, 0.9203911 , 0.88476946, 0.90500954,
       0.87745004, 0.87501118, 0.90756702, 0.90157615, 0.93122343])]

estim_algorithm = doc-model, mode = classification, metric = auc, confidence_scores = doctor-conf, class_specific = False
test err: [0.0653815305954519, 0.06210855650646659, 0.06329447293513993, 0.06465930715019721, 0.06365283702372389]
estimated metric: [array([0.85056945, 0.85290726, 0.85030724, 0.84560697, 0.84912369,
       0.85059656, 0.85280638, 0.84996953, 0.8477292 , 0.84797432]), array([0.85043482, 0.85392253, 0.84895526, 0.8449407 , 0.85254134,
       0.84893006, 0.85200869, 0.84881178, 0.85229569, 0.85117063]), array([0.84970746, 0.85298432, 0.85115677, 0.84462526, 0.85169319,
       0.84796489, 0.8499491 , 0.84991106, 0.85100239, 0.85134716]), array([0.8503073 , 0.85317382, 0.848604  , 0.84455247, 0.84915053,
       0.85220286, 0.85242279, 0.8517535 , 0.85203037, 0.84811081]), array([0.85012269, 0.85323209, 0.84907992, 0.84459537, 0.84929545,
       0.84811308, 0.85269906, 0.84906414, 0.85230591, 0.85119804])]
real metric: [array([0.95550896, 0.97929118, 0.92571724, 0.8937934 , 0.91206369,
       0.8723411 , 0.86514293, 0.89699535, 0.91645263, 0.93409942]), array([0.952284  , 0.9786549 , 0.92621847, 0.88817312, 0.89817038,
       0.87322784, 0.86512027, 0.90673985, 0.89907937, 0.93742888]), array([0.95689069, 0.97725263, 0.9255444 , 0.89008191, 0.90801284,
       0.88514039, 0.86998607, 0.89123007, 0.89899549, 0.93015184]), array([0.95907713, 0.97797153, 0.91375565, 0.89245189, 0.90552408,
       0.88247973, 0.86865053, 0.89970612, 0.91569172, 0.93359314]), array([0.95619816, 0.97703803, 0.9203911 , 0.88476946, 0.90500954,
       0.87745004, 0.87501118, 0.90756702, 0.90157615, 0.93122343])]

estim_algorithm = doc-model, mode = classification, metric = auc, confidence_scores = doctor-conf, class_specific = True
test err: [0.0477793711207609, 0.050516854496910416, 0.04953277980292912, 0.04791336471102153, 0.04944009034328891]
estimated metric: [array([0.97145224, 0.98740144, 0.96129629, 0.94050255, 0.97181364,
       0.9427595 , 0.97623015, 0.96865437, 0.94991441, 0.95917503]), array([0.97108685, 0.98787208, 0.96108956, 0.93985329, 0.9718788 ,
       0.94381169, 0.9757072 , 0.967178  , 0.95189671, 0.95989146]), array([0.97078098, 0.98741738, 0.96106542, 0.93962817, 0.97155732,
       0.94295289, 0.97639812, 0.96835287, 0.95043983, 0.96002114]), array([0.97109543, 0.98749754, 0.96089939, 0.93964101, 0.97173038,
       0.94385019, 0.97588985, 0.96703598, 0.95125975, 0.95913564]), array([0.97098138, 0.98769309, 0.9615379 , 0.939741  , 0.97196485,
       0.94320571, 0.97604251, 0.96778374, 0.95180239, 0.95988244])]
real metric: [array([0.95550896, 0.97929118, 0.92571724, 0.8937934 , 0.91206369,
       0.8723411 , 0.86514293, 0.89699535, 0.91645263, 0.93409942]), array([0.952284  , 0.9786549 , 0.92621847, 0.88817312, 0.89817038,
       0.87322784, 0.86512027, 0.90673985, 0.89907937, 0.93742888]), array([0.95689069, 0.97725263, 0.9255444 , 0.89008191, 0.90801284,
       0.88514039, 0.86998607, 0.89123007, 0.89899549, 0.93015184]), array([0.95907713, 0.97797153, 0.91375565, 0.89245189, 0.90552408,
       0.88247973, 0.86865053, 0.89970612, 0.91569172, 0.93359314]), array([0.95619816, 0.97703803, 0.9203911 , 0.88476946, 0.90500954,
       0.87745004, 0.87501118, 0.90756702, 0.90157615, 0.93122343])]

