estim_algorithm = ac-model, mode = classification, metric = f1score, confidence_scores = max_class_probability-conf, class_specific = False
test err: [0.335287117121045, 0.3411544716507864, 0.3343359902523205, 0.3315867960588791, 0.3434148909973139]
estimated metric: [array([0.94783885, 0.95836913, 0.90520306, 0.90417182, 0.91328294,
       0.92201799, 0.92770086, 0.92769147, 0.90396245, 0.93430233]), array([0.94612843, 0.96003188, 0.90689898, 0.88990811, 0.918097  ,
       0.91833365, 0.93585974, 0.93087213, 0.91075481, 0.93579405]), array([0.9456678 , 0.96407569, 0.90744725, 0.89292004, 0.91650694,
       0.91736186, 0.93500463, 0.93193353, 0.90970197, 0.94230409]), array([0.947589  , 0.96184452, 0.90279326, 0.89544499, 0.91656581,
       0.92497796, 0.93574317, 0.93978649, 0.91718119, 0.93843344]), array([0.94470592, 0.95460404, 0.89690844, 0.89826041, 0.92476581,
       0.9231257 , 0.93387706, 0.92511326, 0.91001417, 0.93672289])]
real metric: [array([0.59921415, 0.80183126, 0.56316161, 0.53481894, 0.56110777,
       0.54444444, 0.63539922, 0.55522388, 0.47893114, 0.61753731]), array([0.602806  , 0.79305741, 0.59527121, 0.4978903 , 0.58856819,
       0.53296703, 0.64256076, 0.55587949, 0.43544858, 0.59668508]), array([0.61220373, 0.81301851, 0.6       , 0.51836735, 0.56688273,
       0.54216867, 0.63219741, 0.52837573, 0.45869565, 0.64765409]), array([0.60404624, 0.82563749, 0.58926174, 0.52897069, 0.57644991,
       0.53825383, 0.65181712, 0.55942623, 0.45367412, 0.6369545 ]), array([0.59485224, 0.79500367, 0.53046062, 0.52760736, 0.55824683,
       0.5729443 , 0.61918776, 0.56076555, 0.46468782, 0.59019264])]

estim_algorithm = ac-model, mode = classification, metric = f1score, confidence_scores = energy-conf, class_specific = False
test err: [0.1975605527852668, 0.19887358203269265, 0.20178282815829357, 0.20131884182899146, 0.1939971764415821]
estimated metric: [array([0.38477653, 0.49278129, 0.33463233, 0.31495611, 0.34005601,
       0.39191411, 0.42273759, 0.42628429, 0.38257376, 0.42535218]), array([0.3772381 , 0.48243078, 0.34781796, 0.29917169, 0.34783966,
       0.38230415, 0.41148693, 0.41766783, 0.36358318, 0.42285796]), array([0.38201985, 0.49389285, 0.34030419, 0.30445882, 0.35183902,
       0.37642872, 0.41377866, 0.42090495, 0.3836634 , 0.43444514]), array([0.3855878 , 0.49396239, 0.3383336 , 0.30254861, 0.34958209,
       0.40591829, 0.42870207, 0.43896875, 0.38675114, 0.42094872]), array([0.38037047, 0.48251061, 0.32935422, 0.31159409, 0.35975546,
       0.38585385, 0.41433887, 0.41089824, 0.36865008, 0.43065115])]
real metric: [array([0.59921415, 0.80183126, 0.56316161, 0.53481894, 0.56110777,
       0.54444444, 0.63539922, 0.55522388, 0.47893114, 0.61753731]), array([0.602806  , 0.79305741, 0.59527121, 0.4978903 , 0.58856819,
       0.53296703, 0.64256076, 0.55587949, 0.43544858, 0.59668508]), array([0.61220373, 0.81301851, 0.6       , 0.51836735, 0.56688273,
       0.54216867, 0.63219741, 0.52837573, 0.45869565, 0.64765409]), array([0.60404624, 0.82563749, 0.58926174, 0.52897069, 0.57644991,
       0.53825383, 0.65181712, 0.55942623, 0.45367412, 0.6369545 ]), array([0.59485224, 0.79500367, 0.53046062, 0.52760736, 0.55824683,
       0.5729443 , 0.61918776, 0.56076555, 0.46468782, 0.59019264])]

estim_algorithm = ac-model, mode = classification, metric = f1score, confidence_scores = entropy-conf, class_specific = False
test err: [0.3223361374189665, 0.3272680272814939, 0.32115479105354044, 0.31901690190198745, 0.33062732216918633]
estimated metric: [array([0.9356265 , 0.94958675, 0.88898881, 0.88476885, 0.89720476,
       0.90899125, 0.91808882, 0.91834455, 0.89420207, 0.91922874]), array([0.93439988, 0.95168569, 0.89155075, 0.8709968 , 0.90178433,
       0.90348418, 0.9232583 , 0.91750851, 0.89555605, 0.92358984]), array([0.93384321, 0.95553914, 0.89286939, 0.87635682, 0.90053751,
       0.90167461, 0.92182778, 0.91859116, 0.89914135, 0.93073084]), array([0.93585992, 0.95351317, 0.88972934, 0.87555073, 0.89840915,
       0.91320387, 0.92591362, 0.92767412, 0.9061999 , 0.92860709]), array([0.93345493, 0.94725203, 0.88178722, 0.87963007, 0.90859092,
       0.91220051, 0.92042875, 0.9128603 , 0.89985438, 0.92416292])]
real metric: [array([0.59921415, 0.80183126, 0.56316161, 0.53481894, 0.56110777,
       0.54444444, 0.63539922, 0.55522388, 0.47893114, 0.61753731]), array([0.602806  , 0.79305741, 0.59527121, 0.4978903 , 0.58856819,
       0.53296703, 0.64256076, 0.55587949, 0.43544858, 0.59668508]), array([0.61220373, 0.81301851, 0.6       , 0.51836735, 0.56688273,
       0.54216867, 0.63219741, 0.52837573, 0.45869565, 0.64765409]), array([0.60404624, 0.82563749, 0.58926174, 0.52897069, 0.57644991,
       0.53825383, 0.65181712, 0.55942623, 0.45367412, 0.6369545 ]), array([0.59485224, 0.79500367, 0.53046062, 0.52760736, 0.55824683,
       0.5729443 , 0.61918776, 0.56076555, 0.46468782, 0.59019264])]

estim_algorithm = ac-model, mode = classification, metric = f1score, confidence_scores = doctor-conf, class_specific = False
test err: [0.36103141952203244, 0.3652218195211166, 0.3593762277349762, 0.35581651581024987, 0.36894565775023347]
estimated metric: [array([0.96573774, 0.97243615, 0.93703563, 0.9367872 , 0.94249694,
       0.9480279 , 0.95223553, 0.95035096, 0.94095855, 0.95591732]), array([0.96460116, 0.97336849, 0.93642252, 0.92425517, 0.94501181,
       0.94486697, 0.95769138, 0.95149035, 0.93854542, 0.95709899]), array([0.96437399, 0.97622567, 0.93864698, 0.92723952, 0.94504414,
       0.94393869, 0.95792587, 0.95518751, 0.94284361, 0.9619002 ]), array([0.96533234, 0.97408281, 0.93615921, 0.93042161, 0.94287156,
       0.95082448, 0.95820732, 0.96071763, 0.94458068, 0.95945939]), array([0.96355791, 0.96984355, 0.93249171, 0.93175359, 0.9492843 ,
       0.95024737, 0.95557905, 0.94883149, 0.94357897, 0.95823742])]
real metric: [array([0.59921415, 0.80183126, 0.56316161, 0.53481894, 0.56110777,
       0.54444444, 0.63539922, 0.55522388, 0.47893114, 0.61753731]), array([0.602806  , 0.79305741, 0.59527121, 0.4978903 , 0.58856819,
       0.53296703, 0.64256076, 0.55587949, 0.43544858, 0.59668508]), array([0.61220373, 0.81301851, 0.6       , 0.51836735, 0.56688273,
       0.54216867, 0.63219741, 0.52837573, 0.45869565, 0.64765409]), array([0.60404624, 0.82563749, 0.58926174, 0.52897069, 0.57644991,
       0.53825383, 0.65181712, 0.55942623, 0.45367412, 0.6369545 ]), array([0.59485224, 0.79500367, 0.53046062, 0.52760736, 0.55824683,
       0.5729443 , 0.61918776, 0.56076555, 0.46468782, 0.59019264])]

estim_algorithm = ts-model, mode = classification, metric = f1score, confidence_scores = max_class_probability-conf, class_specific = False
test err: [0.1859819103543599, 0.18960379536886401, 0.18470984018474196, 0.18488399504550615, 0.1931919087728641]
estimated metric: [array([0.8100051 , 0.85908985, 0.72774505, 0.71229046, 0.73938225,
       0.77164935, 0.79655157, 0.7954825 , 0.74443494, 0.79485775]), array([0.80432708, 0.85737065, 0.73830773, 0.69324832, 0.75015152,
       0.76155255, 0.79636529, 0.79293587, 0.74465543, 0.79825757]), array([0.80794686, 0.86765741, 0.7345663 , 0.70211748, 0.74797239,
       0.75859195, 0.79418978, 0.79174464, 0.75181949, 0.810056  ]), array([0.8112756 , 0.86360573, 0.73088487, 0.6991968 , 0.74844528,
       0.77993274, 0.80474805, 0.80803035, 0.76520904, 0.80200335]), array([0.80676722, 0.85381206, 0.7189688 , 0.707578  , 0.76112098,
       0.77186687, 0.79523434, 0.78310603, 0.74628793, 0.80112565])]
real metric: [array([0.59921415, 0.80183126, 0.56316161, 0.53481894, 0.56110777,
       0.54444444, 0.63539922, 0.55522388, 0.47893114, 0.61753731]), array([0.602806  , 0.79305741, 0.59527121, 0.4978903 , 0.58856819,
       0.53296703, 0.64256076, 0.55587949, 0.43544858, 0.59668508]), array([0.61220373, 0.81301851, 0.6       , 0.51836735, 0.56688273,
       0.54216867, 0.63219741, 0.52837573, 0.45869565, 0.64765409]), array([0.60404624, 0.82563749, 0.58926174, 0.52897069, 0.57644991,
       0.53825383, 0.65181712, 0.55942623, 0.45367412, 0.6369545 ]), array([0.59485224, 0.79500367, 0.53046062, 0.52760736, 0.55824683,
       0.5729443 , 0.61918776, 0.56076555, 0.46468782, 0.59019264])]

estim_algorithm = ts-model, mode = classification, metric = f1score, confidence_scores = max_class_probability-conf, class_specific = True
test err: [0.08280557666543784, 0.08046303311003489, 0.08538037726504906, 0.08957180558046612, 0.08224280574035592]
estimated metric: [array([0.6465804 , 0.7227641 , 0.64668024, 0.57759225, 0.69730914,
       0.59953514, 0.76087723, 0.69273797, 0.56051209, 0.57807203]), array([0.63858922, 0.71408697, 0.65942291, 0.56043845, 0.70877242,
       0.58777212, 0.75873503, 0.6884505 , 0.5526637 , 0.57447799]), array([0.64478719, 0.72628214, 0.65400871, 0.56765252, 0.70690679,
       0.58397837, 0.75719091, 0.68799932, 0.5622824 , 0.58650162]), array([0.64825877, 0.72392957, 0.65134491, 0.56419832, 0.70781073,
       0.60957439, 0.76872775, 0.70579721, 0.57479592, 0.5715525 ]), array([0.64200018, 0.71286011, 0.63876559, 0.57404473, 0.71984153,
       0.59513878, 0.75839692, 0.67834197, 0.55245001, 0.58013537])]
real metric: [array([0.59921415, 0.80183126, 0.56316161, 0.53481894, 0.56110777,
       0.54444444, 0.63539922, 0.55522388, 0.47893114, 0.61753731]), array([0.602806  , 0.79305741, 0.59527121, 0.4978903 , 0.58856819,
       0.53296703, 0.64256076, 0.55587949, 0.43544858, 0.59668508]), array([0.61220373, 0.81301851, 0.6       , 0.51836735, 0.56688273,
       0.54216867, 0.63219741, 0.52837573, 0.45869565, 0.64765409]), array([0.60404624, 0.82563749, 0.58926174, 0.52897069, 0.57644991,
       0.53825383, 0.65181712, 0.55942623, 0.45367412, 0.6369545 ]), array([0.59485224, 0.79500367, 0.53046062, 0.52760736, 0.55824683,
       0.5729443 , 0.61918776, 0.56076555, 0.46468782, 0.59019264])]

estim_algorithm = ts-model, mode = classification, metric = f1score, confidence_scores = energy-conf, class_specific = False
test err: [0.24662287661852397, 0.25054891707467586, 0.24340839228048045, 0.2395733396587601, 0.25352096120566403]
estimated metric: [array([0.82960199, 0.84926471, 0.82813806, 0.82595064, 0.82824014,
       0.83622036, 0.84018821, 0.84156011, 0.8364075 , 0.84232678]), array([0.82882489, 0.8472945 , 0.82982617, 0.82445794, 0.82874728,
       0.83559824, 0.83786951, 0.83991764, 0.8329001 , 0.84118698]), array([0.82926785, 0.84864074, 0.82857731, 0.82469116, 0.82983024,
       0.83440365, 0.8385527 , 0.84101478, 0.83638349, 0.84228589]), array([0.82964585, 0.84929259, 0.82831515, 0.82472086, 0.82927189,
       0.83863812, 0.84083693, 0.84333623, 0.8358487 , 0.84031896]), array([0.82911471, 0.84732711, 0.82767565, 0.82566079, 0.83033014,
       0.83500474, 0.83856464, 0.83932762, 0.83340953, 0.84274349])]
real metric: [array([0.59921415, 0.80183126, 0.56316161, 0.53481894, 0.56110777,
       0.54444444, 0.63539922, 0.55522388, 0.47893114, 0.61753731]), array([0.602806  , 0.79305741, 0.59527121, 0.4978903 , 0.58856819,
       0.53296703, 0.64256076, 0.55587949, 0.43544858, 0.59668508]), array([0.61220373, 0.81301851, 0.6       , 0.51836735, 0.56688273,
       0.54216867, 0.63219741, 0.52837573, 0.45869565, 0.64765409]), array([0.60404624, 0.82563749, 0.58926174, 0.52897069, 0.57644991,
       0.53825383, 0.65181712, 0.55942623, 0.45367412, 0.6369545 ]), array([0.59485224, 0.79500367, 0.53046062, 0.52760736, 0.55824683,
       0.5729443 , 0.61918776, 0.56076555, 0.46468782, 0.59019264])]

estim_algorithm = ts-model, mode = classification, metric = f1score, confidence_scores = energy-conf, class_specific = True
test err: [0.12834011093956357, 0.1280065091498092, 0.133050860354394, 0.13091273754414975, 0.13171585392187707]
estimated metric: [array([0.69699018, 0.779582  , 0.74753328, 0.62822087, 0.79463386,
       0.65752115, 0.81808779, 0.73164047, 0.64893787, 0.60764981]), array([0.69552257, 0.77684287, 0.74992619, 0.62494582, 0.79523557,
       0.65574683, 0.81553669, 0.72898746, 0.64161249, 0.60441358]), array([0.69641992, 0.77867514, 0.74820786, 0.62547412, 0.79646293,
       0.65338113, 0.81629248, 0.73062075, 0.64867665, 0.60813341]), array([0.69707614, 0.77957917, 0.74787299, 0.62537684, 0.79583566,
       0.66241935, 0.81880007, 0.73436153, 0.64816379, 0.60189194]), array([0.69607756, 0.77684231, 0.7468663 , 0.62759952, 0.79703385,
       0.65494962, 0.8163018 , 0.72798873, 0.64255054, 0.60857437])]
real metric: [array([0.59921415, 0.80183126, 0.56316161, 0.53481894, 0.56110777,
       0.54444444, 0.63539922, 0.55522388, 0.47893114, 0.61753731]), array([0.602806  , 0.79305741, 0.59527121, 0.4978903 , 0.58856819,
       0.53296703, 0.64256076, 0.55587949, 0.43544858, 0.59668508]), array([0.61220373, 0.81301851, 0.6       , 0.51836735, 0.56688273,
       0.54216867, 0.63219741, 0.52837573, 0.45869565, 0.64765409]), array([0.60404624, 0.82563749, 0.58926174, 0.52897069, 0.57644991,
       0.53825383, 0.65181712, 0.55942623, 0.45367412, 0.6369545 ]), array([0.59485224, 0.79500367, 0.53046062, 0.52760736, 0.55824683,
       0.5729443 , 0.61918776, 0.56076555, 0.46468782, 0.59019264])]

estim_algorithm = ts-model, mode = classification, metric = f1score, confidence_scores = entropy-conf, class_specific = False
test err: [0.1797223295679784, 0.18139426314789575, 0.17789595961619303, 0.1782808895259645, 0.18689049584978049]
estimated metric: [array([0.8011246 , 0.85391032, 0.7191672 , 0.69901076, 0.72708443,
       0.7674573 , 0.79542541, 0.79285222, 0.7482975 , 0.78456328]), array([0.79436681, 0.85194889, 0.7307454 , 0.67728896, 0.73747297,
       0.75570296, 0.79170256, 0.78683328, 0.73786801, 0.79114686]), array([0.79788329, 0.86357098, 0.72627674, 0.68815835, 0.73688266,
       0.75224878, 0.78943099, 0.78599804, 0.7539387 , 0.80413497]), array([0.80193372, 0.85884316, 0.72293899, 0.68414831, 0.73517778,
       0.77818218, 0.80298791, 0.80458531, 0.76155172, 0.79695168]), array([0.79770968, 0.85069976, 0.7122479 , 0.6937982 , 0.75051176,
       0.76765377, 0.79079122, 0.77847229, 0.74666829, 0.79430089])]
real metric: [array([0.59921415, 0.80183126, 0.56316161, 0.53481894, 0.56110777,
       0.54444444, 0.63539922, 0.55522388, 0.47893114, 0.61753731]), array([0.602806  , 0.79305741, 0.59527121, 0.4978903 , 0.58856819,
       0.53296703, 0.64256076, 0.55587949, 0.43544858, 0.59668508]), array([0.61220373, 0.81301851, 0.6       , 0.51836735, 0.56688273,
       0.54216867, 0.63219741, 0.52837573, 0.45869565, 0.64765409]), array([0.60404624, 0.82563749, 0.58926174, 0.52897069, 0.57644991,
       0.53825383, 0.65181712, 0.55942623, 0.45367412, 0.6369545 ]), array([0.59485224, 0.79500367, 0.53046062, 0.52760736, 0.55824683,
       0.5729443 , 0.61918776, 0.56076555, 0.46468782, 0.59019264])]

estim_algorithm = ts-model, mode = classification, metric = f1score, confidence_scores = entropy-conf, class_specific = True
test err: [0.07502937075688021, 0.06946762603385409, 0.07527197209916602, 0.08088688699302357, 0.07470055780845482]
estimated metric: [array([0.62590371, 0.70379339, 0.63188475, 0.55249687, 0.68557441,
       0.56940577, 0.75928537, 0.68321804, 0.53705   , 0.53779925]), array([0.61511033, 0.69273992, 0.64625227, 0.5293663 , 0.69686366,
       0.55410331, 0.75318845, 0.675704  , 0.51529694, 0.53682001]), array([0.62259035, 0.70937494, 0.63920434, 0.53962765, 0.69670658,
       0.54966948, 0.75147835, 0.67605623, 0.53805459, 0.55307421]), array([0.62762558, 0.70499543, 0.63664339, 0.53593001, 0.69560681,
       0.58363764, 0.76639688, 0.69813029, 0.54420016, 0.53499857]), array([0.62028756, 0.69457647, 0.62567597, 0.5480105 , 0.71078746,
       0.56149339, 0.75320125, 0.66573204, 0.52236671, 0.54531847])]
real metric: [array([0.59921415, 0.80183126, 0.56316161, 0.53481894, 0.56110777,
       0.54444444, 0.63539922, 0.55522388, 0.47893114, 0.61753731]), array([0.602806  , 0.79305741, 0.59527121, 0.4978903 , 0.58856819,
       0.53296703, 0.64256076, 0.55587949, 0.43544858, 0.59668508]), array([0.61220373, 0.81301851, 0.6       , 0.51836735, 0.56688273,
       0.54216867, 0.63219741, 0.52837573, 0.45869565, 0.64765409]), array([0.60404624, 0.82563749, 0.58926174, 0.52897069, 0.57644991,
       0.53825383, 0.65181712, 0.55942623, 0.45367412, 0.6369545 ]), array([0.59485224, 0.79500367, 0.53046062, 0.52760736, 0.55824683,
       0.5729443 , 0.61918776, 0.56076555, 0.46468782, 0.59019264])]

estim_algorithm = ts-model, mode = classification, metric = f1score, confidence_scores = doctor-conf, class_specific = False
test err: [0.16081586300535103, 0.16182271653985478, 0.15940364956225778, 0.16155219074595295, 0.1685480233501768]
estimated metric: [array([0.79191046, 0.8462732 , 0.68805582, 0.66426532, 0.69785413,
       0.75114078, 0.78351423, 0.77817254, 0.73235058, 0.76629128]), array([0.78313496, 0.84789879, 0.70423796, 0.62877058, 0.70830704,
       0.73606145, 0.78106378, 0.77256675, 0.71762291, 0.779697  ]), array([0.7851665 , 0.86123439, 0.69797059, 0.64382727, 0.70970955,
       0.7304221 , 0.77724756, 0.77061707, 0.74170319, 0.79570218]), array([0.79101394, 0.85444459, 0.69190064, 0.64073463, 0.70542599,
       0.7658405 , 0.7952308 , 0.79650216, 0.74650356, 0.79241697]), array([0.7873359 , 0.84546384, 0.67864702, 0.65209096, 0.72850308,
       0.75242615, 0.77833638, 0.76226135, 0.73357549, 0.78078886])]
real metric: [array([0.59921415, 0.80183126, 0.56316161, 0.53481894, 0.56110777,
       0.54444444, 0.63539922, 0.55522388, 0.47893114, 0.61753731]), array([0.602806  , 0.79305741, 0.59527121, 0.4978903 , 0.58856819,
       0.53296703, 0.64256076, 0.55587949, 0.43544858, 0.59668508]), array([0.61220373, 0.81301851, 0.6       , 0.51836735, 0.56688273,
       0.54216867, 0.63219741, 0.52837573, 0.45869565, 0.64765409]), array([0.60404624, 0.82563749, 0.58926174, 0.52897069, 0.57644991,
       0.53825383, 0.65181712, 0.55942623, 0.45367412, 0.6369545 ]), array([0.59485224, 0.79500367, 0.53046062, 0.52760736, 0.55824683,
       0.5729443 , 0.61918776, 0.56076555, 0.46468782, 0.59019264])]

estim_algorithm = ts-model, mode = classification, metric = f1score, confidence_scores = doctor-conf, class_specific = True
test err: [0.0647457615863414, 0.05964363621999304, 0.06981359637299564, 0.06778189669272552, 0.06916124765521096]
estimated metric: [array([0.60242163, 0.67983639, 0.58934503, 0.50901447, 0.64683118,
       0.50983794, 0.74085359, 0.66133433, 0.46677861, 0.49131722]), array([0.58802017, 0.6681842 , 0.61101056, 0.47005896, 0.65842298,
       0.48772123, 0.7343885 , 0.65631063, 0.4357863 , 0.49117564]), array([0.59764573, 0.69139429, 0.60005537, 0.48739446, 0.66142488,
       0.48235869, 0.72939159, 0.65463737, 0.48006436, 0.51590525]), array([0.60358292, 0.68405244, 0.59421313, 0.48742846, 0.65822834,
       0.53224848, 0.75099395, 0.68496991, 0.48193614, 0.48844383]), array([0.59707017, 0.66977685, 0.58155664, 0.50162754, 0.68087795,
       0.50031792, 0.73168493, 0.63873721, 0.45108797, 0.50242695])]
real metric: [array([0.59921415, 0.80183126, 0.56316161, 0.53481894, 0.56110777,
       0.54444444, 0.63539922, 0.55522388, 0.47893114, 0.61753731]), array([0.602806  , 0.79305741, 0.59527121, 0.4978903 , 0.58856819,
       0.53296703, 0.64256076, 0.55587949, 0.43544858, 0.59668508]), array([0.61220373, 0.81301851, 0.6       , 0.51836735, 0.56688273,
       0.54216867, 0.63219741, 0.52837573, 0.45869565, 0.64765409]), array([0.60404624, 0.82563749, 0.58926174, 0.52897069, 0.57644991,
       0.53825383, 0.65181712, 0.55942623, 0.45367412, 0.6369545 ]), array([0.59485224, 0.79500367, 0.53046062, 0.52760736, 0.55824683,
       0.5729443 , 0.61918776, 0.56076555, 0.46468782, 0.59019264])]

estim_algorithm = doc-model, mode = classification, metric = f1score, confidence_scores = max_class_probability-conf, class_specific = False
test err: [0.22408162134594498, 0.230118126292188, 0.22351869012622533, 0.22115093746523015, 0.23228582201075856]
estimated metric: [array([0.84169017, 0.85443948, 0.78980559, 0.78854536, 0.79967176,
       0.81031889, 0.8172367 , 0.81722527, 0.78828948, 0.82526325]), array([0.83961689, 0.85645026, 0.79187752, 0.7710888 , 0.80554142,
       0.80582987, 0.82715539, 0.82109384, 0.79658575, 0.82707558]), array([0.83905841, 0.86133783, 0.79254722, 0.77477893, 0.80360301,
       0.8046453 , 0.82611656, 0.82238426, 0.79530052, 0.83497875]), array([0.84138736, 0.85864159, 0.78686032, 0.77787078, 0.80367479,
       0.81392303, 0.82701378, 0.83192357, 0.80442505, 0.83028099]), array([0.83789207, 0.84988393, 0.77966212, 0.78131654, 0.81366478,
       0.81166791, 0.82474648, 0.81408773, 0.79568166, 0.8282038 ])]
real metric: [array([0.59921415, 0.80183126, 0.56316161, 0.53481894, 0.56110777,
       0.54444444, 0.63539922, 0.55522388, 0.47893114, 0.61753731]), array([0.602806  , 0.79305741, 0.59527121, 0.4978903 , 0.58856819,
       0.53296703, 0.64256076, 0.55587949, 0.43544858, 0.59668508]), array([0.61220373, 0.81301851, 0.6       , 0.51836735, 0.56688273,
       0.54216867, 0.63219741, 0.52837573, 0.45869565, 0.64765409]), array([0.60404624, 0.82563749, 0.58926174, 0.52897069, 0.57644991,
       0.53825383, 0.65181712, 0.55942623, 0.45367412, 0.6369545 ]), array([0.59485224, 0.79500367, 0.53046062, 0.52760736, 0.55824683,
       0.5729443 , 0.61918776, 0.56076555, 0.46468782, 0.59019264])]

estim_algorithm = doc-model, mode = classification, metric = f1score, confidence_scores = max_class_probability-conf, class_specific = True
test err: [0.1063133853754149, 0.10951974193791161, 0.11014394292885543, 0.11068467069828114, 0.11186239484415461]
estimated metric: [array([0.69874623, 0.79886139, 0.71352163, 0.61870028, 0.75159677,
       0.65098643, 0.78608836, 0.71290805, 0.58843756, 0.6060575 ]), array([0.69607129, 0.80107858, 0.71583625, 0.59662023, 0.75789474,
       0.6453689 , 0.79653404, 0.7171542 , 0.60106448, 0.60870876]), array([0.69538707, 0.80645265, 0.71662887, 0.60119397, 0.75579832,
       0.64405356, 0.79544024, 0.71872458, 0.59849598, 0.61961183]), array([0.69839915, 0.8034803 , 0.7101661 , 0.60484948, 0.75587595,
       0.65540913, 0.79638494, 0.73013955, 0.61200442, 0.61359381]), array([0.69396985, 0.79385737, 0.70206786, 0.6095302 , 0.76667658,
       0.65222713, 0.79399757, 0.70912144, 0.59899551, 0.60983664])]
real metric: [array([0.59921415, 0.80183126, 0.56316161, 0.53481894, 0.56110777,
       0.54444444, 0.63539922, 0.55522388, 0.47893114, 0.61753731]), array([0.602806  , 0.79305741, 0.59527121, 0.4978903 , 0.58856819,
       0.53296703, 0.64256076, 0.55587949, 0.43544858, 0.59668508]), array([0.61220373, 0.81301851, 0.6       , 0.51836735, 0.56688273,
       0.54216867, 0.63219741, 0.52837573, 0.45869565, 0.64765409]), array([0.60404624, 0.82563749, 0.58926174, 0.52897069, 0.57644991,
       0.53825383, 0.65181712, 0.55942623, 0.45367412, 0.6369545 ]), array([0.59485224, 0.79500367, 0.53046062, 0.52760736, 0.55824683,
       0.5729443 , 0.61918776, 0.56076555, 0.46468782, 0.59019264])]

estim_algorithm = doc-model, mode = classification, metric = f1score, confidence_scores = energy-conf, class_specific = False
test err: [0.20993707447638327, 0.21203005335691788, 0.20683208502500694, 0.20500234971340153, 0.21603008897536813]
estimated metric: [array([0.79759915, 0.85139978, 0.77008795, 0.75955509, 0.77258129,
       0.80045088, 0.81638743, 0.81576572, 0.79480132, 0.81241186]), array([0.79329941, 0.84557921, 0.77648178, 0.75081445, 0.7769624 ,
       0.79533484, 0.81089466, 0.8124663 , 0.78525191, 0.81434963]), array([0.79597149, 0.85289621, 0.77282851, 0.75383309, 0.77873772,
       0.79255252, 0.81192384, 0.812632  , 0.79549508, 0.82101428]), array([0.79787882, 0.85182001, 0.7716781 , 0.75288229, 0.77779986,
       0.80791842, 0.81886647, 0.82300304, 0.7977396 , 0.81492877]), array([0.79511454, 0.84714958, 0.76710976, 0.75778488, 0.78311468,
       0.7967751 , 0.81227749, 0.80807774, 0.78811856, 0.81872736])]
real metric: [array([0.59921415, 0.80183126, 0.56316161, 0.53481894, 0.56110777,
       0.54444444, 0.63539922, 0.55522388, 0.47893114, 0.61753731]), array([0.602806  , 0.79305741, 0.59527121, 0.4978903 , 0.58856819,
       0.53296703, 0.64256076, 0.55587949, 0.43544858, 0.59668508]), array([0.61220373, 0.81301851, 0.6       , 0.51836735, 0.56688273,
       0.54216867, 0.63219741, 0.52837573, 0.45869565, 0.64765409]), array([0.60404624, 0.82563749, 0.58926174, 0.52897069, 0.57644991,
       0.53825383, 0.65181712, 0.55942623, 0.45367412, 0.6369545 ]), array([0.59485224, 0.79500367, 0.53046062, 0.52760736, 0.55824683,
       0.5729443 , 0.61918776, 0.56076555, 0.46468782, 0.59019264])]

estim_algorithm = doc-model, mode = classification, metric = f1score, confidence_scores = energy-conf, class_specific = True
test err: [0.1029556413726187, 0.0993623729609641, 0.10568655747784657, 0.10700368846394785, 0.10138882879029254]
estimated metric: [array([0.66374634, 0.73031238, 0.69169185, 0.59300003, 0.74370686,
       0.60892244, 0.78814578, 0.70076084, 0.59218561, 0.56935838]), array([0.65853731, 0.72243735, 0.69948487, 0.5820119 , 0.74837719,
       0.60173696, 0.78203201, 0.69520921, 0.57782015, 0.56749945]), array([0.66185313, 0.73106591, 0.69513541, 0.58568869, 0.75036842,
       0.59734954, 0.78334315, 0.69654532, 0.59292412, 0.57705761]), array([0.66423374, 0.73112917, 0.69385498, 0.58435985, 0.74922262,
       0.61941431, 0.79085631, 0.70916975, 0.59535147, 0.56598908]), array([0.660681  , 0.72351197, 0.68837664, 0.59065675, 0.75485017,
       0.60438977, 0.78373739, 0.69021798, 0.58164875, 0.57360202])]
real metric: [array([0.59921415, 0.80183126, 0.56316161, 0.53481894, 0.56110777,
       0.54444444, 0.63539922, 0.55522388, 0.47893114, 0.61753731]), array([0.602806  , 0.79305741, 0.59527121, 0.4978903 , 0.58856819,
       0.53296703, 0.64256076, 0.55587949, 0.43544858, 0.59668508]), array([0.61220373, 0.81301851, 0.6       , 0.51836735, 0.56688273,
       0.54216867, 0.63219741, 0.52837573, 0.45869565, 0.64765409]), array([0.60404624, 0.82563749, 0.58926174, 0.52897069, 0.57644991,
       0.53825383, 0.65181712, 0.55942623, 0.45367412, 0.6369545 ]), array([0.59485224, 0.79500367, 0.53046062, 0.52760736, 0.55824683,
       0.5729443 , 0.61918776, 0.56076555, 0.46468782, 0.59019264])]

estim_algorithm = doc-model, mode = classification, metric = f1score, confidence_scores = entropy-conf, class_specific = False
test err: [0.21860543325176823, 0.22349602800418697, 0.2177299180843514, 0.21606980359326808, 0.22699341143842985]
estimated metric: [array([0.83668449, 0.85334049, 0.78074526, 0.77566107, 0.79069888,
       0.80479298, 0.81570258, 0.81600901, 0.78702096, 0.81706833]), array([0.83521907, 0.85584124, 0.78383003, 0.75904236, 0.79613824,
       0.79818057, 0.82189399, 0.81500722, 0.78864995, 0.82229168]), array([0.83455391, 0.86042998, 0.78541724, 0.76551507, 0.79463984,
       0.79600639, 0.82018124, 0.81630448, 0.79296157, 0.83085336]), array([0.83696331, 0.85801781, 0.78163705, 0.76454203, 0.79208125,
       0.80984682, 0.82507205, 0.82717831, 0.80155701, 0.82829425]), array([0.8341017 , 0.85055776, 0.77206655, 0.76946482, 0.8043125 ,
       0.80864343, 0.81850578, 0.80943478, 0.79381873, 0.82297686])]
real metric: [array([0.59921415, 0.80183126, 0.56316161, 0.53481894, 0.56110777,
       0.54444444, 0.63539922, 0.55522388, 0.47893114, 0.61753731]), array([0.602806  , 0.79305741, 0.59527121, 0.4978903 , 0.58856819,
       0.53296703, 0.64256076, 0.55587949, 0.43544858, 0.59668508]), array([0.61220373, 0.81301851, 0.6       , 0.51836735, 0.56688273,
       0.54216867, 0.63219741, 0.52837573, 0.45869565, 0.64765409]), array([0.60404624, 0.82563749, 0.58926174, 0.52897069, 0.57644991,
       0.53825383, 0.65181712, 0.55942623, 0.45367412, 0.6369545 ]), array([0.59485224, 0.79500367, 0.53046062, 0.52760736, 0.55824683,
       0.5729443 , 0.61918776, 0.56076555, 0.46468782, 0.59019264])]

estim_algorithm = doc-model, mode = classification, metric = f1score, confidence_scores = entropy-conf, class_specific = True
test err: [0.10370058760337861, 0.10191042986656632, 0.10608264987591534, 0.10691124429067109, 0.10668488195739564]
estimated metric: [array([0.69071516, 0.79232776, 0.7035024 , 0.60785293, 0.74543494,
       0.6419627 , 0.78460525, 0.71507501, 0.58604079, 0.59292297]), array([0.68880099, 0.79516289, 0.70695863, 0.58736057, 0.75125635,
       0.63409105, 0.79112518, 0.71369491, 0.59115117, 0.60063662]), array([0.68790504, 0.80020724, 0.70883012, 0.59523503, 0.74963937,
       0.63069278, 0.78932173, 0.71521804, 0.59571466, 0.61330434]), array([0.69127201, 0.79753194, 0.70444642, 0.59363563, 0.74691246,
       0.64805405, 0.79447118, 0.72797752, 0.60849435, 0.60931134]), array([0.68744652, 0.78924062, 0.69360765, 0.60002543, 0.76009459,
       0.64643628, 0.78755741, 0.70750783, 0.59614455, 0.60121063])]
real metric: [array([0.59921415, 0.80183126, 0.56316161, 0.53481894, 0.56110777,
       0.54444444, 0.63539922, 0.55522388, 0.47893114, 0.61753731]), array([0.602806  , 0.79305741, 0.59527121, 0.4978903 , 0.58856819,
       0.53296703, 0.64256076, 0.55587949, 0.43544858, 0.59668508]), array([0.61220373, 0.81301851, 0.6       , 0.51836735, 0.56688273,
       0.54216867, 0.63219741, 0.52837573, 0.45869565, 0.64765409]), array([0.60404624, 0.82563749, 0.58926174, 0.52897069, 0.57644991,
       0.53825383, 0.65181712, 0.55942623, 0.45367412, 0.6369545 ]), array([0.59485224, 0.79500367, 0.53046062, 0.52760736, 0.55824683,
       0.5729443 , 0.61918776, 0.56076555, 0.46468782, 0.59019264])]

estim_algorithm = doc-model, mode = classification, metric = f1score, confidence_scores = doctor-conf, class_specific = False
test err: [0.2346785050155909, 0.23875797491777914, 0.23331965915883757, 0.2300905710813972, 0.24268991627410932]
estimated metric: [array([0.84320242, 0.85153228, 0.80746493, 0.80684202, 0.81420017,
       0.82094458, 0.82633962, 0.82450664, 0.81205682, 0.83136529]), array([0.84172441, 0.85299719, 0.80659273, 0.79144967, 0.81729266,
       0.81738991, 0.83307042, 0.82529863, 0.80989925, 0.83299894]), array([0.84144012, 0.85640116, 0.80955262, 0.79486871, 0.81747343,
       0.81580528, 0.83336433, 0.83006308, 0.81476663, 0.83902512]), array([0.84291254, 0.85366383, 0.80611571, 0.7989777 , 0.81502772,
       0.82445652, 0.83385945, 0.83695279, 0.81781228, 0.83561904]), array([0.84055089, 0.84842202, 0.80160276, 0.80068628, 0.82303537,
       0.82373197, 0.8306777 , 0.8227015 , 0.81535296, 0.8340865 ])]
real metric: [array([0.59921415, 0.80183126, 0.56316161, 0.53481894, 0.56110777,
       0.54444444, 0.63539922, 0.55522388, 0.47893114, 0.61753731]), array([0.602806  , 0.79305741, 0.59527121, 0.4978903 , 0.58856819,
       0.53296703, 0.64256076, 0.55587949, 0.43544858, 0.59668508]), array([0.61220373, 0.81301851, 0.6       , 0.51836735, 0.56688273,
       0.54216867, 0.63219741, 0.52837573, 0.45869565, 0.64765409]), array([0.60404624, 0.82563749, 0.58926174, 0.52897069, 0.57644991,
       0.53825383, 0.65181712, 0.55942623, 0.45367412, 0.6369545 ]), array([0.59485224, 0.79500367, 0.53046062, 0.52760736, 0.55824683,
       0.5729443 , 0.61918776, 0.56076555, 0.46468782, 0.59019264])]

estim_algorithm = doc-model, mode = classification, metric = f1score, confidence_scores = doctor-conf, class_specific = True
test err: [0.11717856974430327, 0.12102643775235614, 0.12066079533636756, 0.11968435372120453, 0.12486950745134813]
estimated metric: [array([0.70238486, 0.80395231, 0.73171098, 0.62628545, 0.7716292 ,
       0.66312547, 0.80055264, 0.72142141, 0.62345317, 0.61613469]), array([0.70040169, 0.805623  , 0.7307601 , 0.60789753, 0.77478525,
       0.65896077, 0.80752463, 0.72233897, 0.62426002, 0.61884647]), array([0.70001287, 0.80918831, 0.73416647, 0.61162275, 0.77510662,
       0.65679752, 0.80783437, 0.72748763, 0.62927118, 0.62828446]), array([0.70215918, 0.80629396, 0.73015249, 0.61602211, 0.77259786,
       0.66652593, 0.80840156, 0.73571554, 0.63470752, 0.62383681]), array([0.69885331, 0.80054199, 0.72510852, 0.61839583, 0.78109668,
       0.6652726 , 0.8051294 , 0.71947483, 0.62875576, 0.62001495])]
real metric: [array([0.59921415, 0.80183126, 0.56316161, 0.53481894, 0.56110777,
       0.54444444, 0.63539922, 0.55522388, 0.47893114, 0.61753731]), array([0.602806  , 0.79305741, 0.59527121, 0.4978903 , 0.58856819,
       0.53296703, 0.64256076, 0.55587949, 0.43544858, 0.59668508]), array([0.61220373, 0.81301851, 0.6       , 0.51836735, 0.56688273,
       0.54216867, 0.63219741, 0.52837573, 0.45869565, 0.64765409]), array([0.60404624, 0.82563749, 0.58926174, 0.52897069, 0.57644991,
       0.53825383, 0.65181712, 0.55942623, 0.45367412, 0.6369545 ]), array([0.59485224, 0.79500367, 0.53046062, 0.52760736, 0.55824683,
       0.5729443 , 0.61918776, 0.56076555, 0.46468782, 0.59019264])]

estim_algorithm = atc-model, mode = classification, metric = f1score, confidence_scores = max_class_probability-conf, class_specific = False
test err: [0.14781888982761543, 0.1616044658382268, 0.14871493988597131, 0.15594735273715962, 0.16027400245063228]
estimated metric: [array([0.8262182 , 0.86396527, 0.6598891 , 0.64533821, 0.69616909,
       0.73615636, 0.76363637, 0.77142858, 0.63829788, 0.76875957]), array([0.82513895, 0.87246377, 0.67024129, 0.62603878, 0.71817058,
       0.70550162, 0.78487291, 0.7816092 , 0.69589042, 0.77725119]), array([0.82053572, 0.88247713, 0.66915191, 0.62620933, 0.71236387,
       0.70606061, 0.76220275, 0.75708503, 0.66310161, 0.80752533]), array([0.82508532, 0.88089888, 0.65859983, 0.61804923, 0.70019096,
       0.74433657, 0.78368356, 0.77366256, 0.72222223, 0.81723626]), array([0.82085786, 0.85967742, 0.62737263, 0.62915129, 0.73158552,
       0.75414782, 0.77137659, 0.75757576, 0.68765134, 0.77729258])]
real metric: [array([0.59921415, 0.80183126, 0.56316161, 0.53481894, 0.56110777,
       0.54444444, 0.63539922, 0.55522388, 0.47893114, 0.61753731]), array([0.602806  , 0.79305741, 0.59527121, 0.4978903 , 0.58856819,
       0.53296703, 0.64256076, 0.55587949, 0.43544858, 0.59668508]), array([0.61220373, 0.81301851, 0.6       , 0.51836735, 0.56688273,
       0.54216867, 0.63219741, 0.52837573, 0.45869565, 0.64765409]), array([0.60404624, 0.82563749, 0.58926174, 0.52897069, 0.57644991,
       0.53825383, 0.65181712, 0.55942623, 0.45367412, 0.6369545 ]), array([0.59485224, 0.79500367, 0.53046062, 0.52760736, 0.55824683,
       0.5729443 , 0.61918776, 0.56076555, 0.46468782, 0.59019264])]

estim_algorithm = atc-model, mode = classification, metric = f1score, confidence_scores = max_class_probability-conf, class_specific = True
test err: [0.06069476789152073, 0.04247995344117088, 0.059769455205347655, 0.06042949232472121, 0.056071716136578784]
estimated metric: [array([0.61334692, 0.68948247, 0.52040817, 0.53412463, 0.60593221,
       0.5162524 , 0.69956817, 0.70258621, 0.38485806, 0.55913979]), array([0.59149154, 0.66666667, 0.57471265, 0.50000001, 0.62830688,
       0.53479854, 0.69071476, 0.6886598 , 0.43934428, 0.55865923]), array([0.62324127, 0.6994267 , 0.55903129, 0.5347092 , 0.64097363,
       0.51993068, 0.67426274, 0.6738661 , 0.40255593, 0.57192375]), array([0.63053208, 0.68601583, 0.54545455, 0.52672498, 0.61653117,
       0.54409006, 0.69582505, 0.69584246, 0.50295859, 0.52044611]), array([0.61050545, 0.66098485, 0.50163577, 0.53016815, 0.64623585,
       0.53805311, 0.68441559, 0.67474748, 0.40588237, 0.57142858])]
real metric: [array([0.59921415, 0.80183126, 0.56316161, 0.53481894, 0.56110777,
       0.54444444, 0.63539922, 0.55522388, 0.47893114, 0.61753731]), array([0.602806  , 0.79305741, 0.59527121, 0.4978903 , 0.58856819,
       0.53296703, 0.64256076, 0.55587949, 0.43544858, 0.59668508]), array([0.61220373, 0.81301851, 0.6       , 0.51836735, 0.56688273,
       0.54216867, 0.63219741, 0.52837573, 0.45869565, 0.64765409]), array([0.60404624, 0.82563749, 0.58926174, 0.52897069, 0.57644991,
       0.53825383, 0.65181712, 0.55942623, 0.45367412, 0.6369545 ]), array([0.59485224, 0.79500367, 0.53046062, 0.52760736, 0.55824683,
       0.5729443 , 0.61918776, 0.56076555, 0.46468782, 0.59019264])]

estim_algorithm = atc-model, mode = classification, metric = f1score, confidence_scores = energy-conf, class_specific = False
test err: [0.12262657417959355, 0.11516331606271843, 0.12153287505563219, 0.12330006947913556, 0.12945531295773738]
estimated metric: [array([0.73513011, 0.82043576, 0.64104968, 0.575     , 0.6263048 ,
       0.73409462, 0.77584205, 0.75103735, 0.72319203, 0.73584906]), array([0.72186047, 0.82477342, 0.63736264, 0.53109576, 0.63372859,
       0.71794872, 0.76027831, 0.75294118, 0.65915494, 0.75362319]), array([0.72305462, 0.84593023, 0.63349283, 0.55904059, 0.65371735,
       0.69418961, 0.75753769, 0.74180328, 0.74686717, 0.77925926]), array([0.74246575, 0.84006211, 0.6167558 , 0.55756423, 0.6494709 ,
       0.76038339, 0.78066915, 0.7811861 , 0.6992288 , 0.76970634]), array([0.73920863, 0.8255814 , 0.6218656 , 0.56425121, 0.67449446,
       0.72333849, 0.75092479, 0.74809161, 0.70334929, 0.75739645])]
real metric: [array([0.59921415, 0.80183126, 0.56316161, 0.53481894, 0.56110777,
       0.54444444, 0.63539922, 0.55522388, 0.47893114, 0.61753731]), array([0.602806  , 0.79305741, 0.59527121, 0.4978903 , 0.58856819,
       0.53296703, 0.64256076, 0.55587949, 0.43544858, 0.59668508]), array([0.61220373, 0.81301851, 0.6       , 0.51836735, 0.56688273,
       0.54216867, 0.63219741, 0.52837573, 0.45869565, 0.64765409]), array([0.60404624, 0.82563749, 0.58926174, 0.52897069, 0.57644991,
       0.53825383, 0.65181712, 0.55942623, 0.45367412, 0.6369545 ]), array([0.59485224, 0.79500367, 0.53046062, 0.52760736, 0.55824683,
       0.5729443 , 0.61918776, 0.56076555, 0.46468782, 0.59019264])]

estim_algorithm = atc-model, mode = classification, metric = f1score, confidence_scores = energy-conf, class_specific = True
test err: [0.07710369508546043, 0.0776618946127546, 0.08455972602835757, 0.07871080860908841, 0.08152216252865511]
estimated metric: [array([0.55366631, 0.66269166, 0.55864812, 0.41327624, 0.5622724 ,
       0.4259635 , 0.70356704, 0.63181819, 0.44376901, 0.45681383]), array([0.54140128, 0.63747811, 0.57334612, 0.39308856, 0.57652711,
       0.3838384 , 0.66847826, 0.62337663, 0.40802678, 0.44578314]), array([0.55943294, 0.67001675, 0.55757576, 0.39465571, 0.59342198,
       0.40373833, 0.66170501, 0.63251671, 0.44720499, 0.47407408]), array([0.55811519, 0.65405406, 0.5800549 , 0.41753654, 0.58977901,
       0.45418328, 0.69927297, 0.6726058 , 0.4620061 , 0.45436894]), array([0.54261954, 0.63645131, 0.54910243, 0.42751323, 0.61956522,
       0.39611652, 0.67408377, 0.58924732, 0.4152047 , 0.4754991 ])]
real metric: [array([0.59921415, 0.80183126, 0.56316161, 0.53481894, 0.56110777,
       0.54444444, 0.63539922, 0.55522388, 0.47893114, 0.61753731]), array([0.602806  , 0.79305741, 0.59527121, 0.4978903 , 0.58856819,
       0.53296703, 0.64256076, 0.55587949, 0.43544858, 0.59668508]), array([0.61220373, 0.81301851, 0.6       , 0.51836735, 0.56688273,
       0.54216867, 0.63219741, 0.52837573, 0.45869565, 0.64765409]), array([0.60404624, 0.82563749, 0.58926174, 0.52897069, 0.57644991,
       0.53825383, 0.65181712, 0.55942623, 0.45367412, 0.6369545 ]), array([0.59485224, 0.79500367, 0.53046062, 0.52760736, 0.55824683,
       0.5729443 , 0.61918776, 0.56076555, 0.46468782, 0.59019264])]

estim_algorithm = atc-model, mode = classification, metric = f1score, confidence_scores = entropy-conf, class_specific = False
test err: [0.1482319338925857, 0.1576668628230892, 0.14797328561303016, 0.15460329995197442, 0.15823917645721924]
estimated metric: [array([0.82317337, 0.85984023, 0.66359447, 0.63535912, 0.69011281,
       0.73409462, 0.76508495, 0.77142858, 0.67012988, 0.76117104]), array([0.81704692, 0.86918605, 0.66905188, 0.61710038, 0.70939639,
       0.70129871, 0.78109453, 0.77692308, 0.69945356, 0.77725119]), array([0.82263815, 0.88090204, 0.66666667, 0.62014135, 0.7073955 ,
       0.70212766, 0.75753769, 0.75708503, 0.68073879, 0.80406386]), array([0.82207015, 0.87753569, 0.6516073 , 0.61299177, 0.69936306,
       0.73821139, 0.78066915, 0.78861789, 0.72222223, 0.81723626]), array([0.81687764, 0.85691188, 0.626     , 0.6253469 , 0.73      ,
       0.75226586, 0.7676399 , 0.75992439, 0.68765134, 0.77372263])]
real metric: [array([0.59921415, 0.80183126, 0.56316161, 0.53481894, 0.56110777,
       0.54444444, 0.63539922, 0.55522388, 0.47893114, 0.61753731]), array([0.602806  , 0.79305741, 0.59527121, 0.4978903 , 0.58856819,
       0.53296703, 0.64256076, 0.55587949, 0.43544858, 0.59668508]), array([0.61220373, 0.81301851, 0.6       , 0.51836735, 0.56688273,
       0.54216867, 0.63219741, 0.52837573, 0.45869565, 0.64765409]), array([0.60404624, 0.82563749, 0.58926174, 0.52897069, 0.57644991,
       0.53825383, 0.65181712, 0.55942623, 0.45367412, 0.6369545 ]), array([0.59485224, 0.79500367, 0.53046062, 0.52760736, 0.55824683,
       0.5729443 , 0.61918776, 0.56076555, 0.46468782, 0.59019264])]

estim_algorithm = atc-model, mode = classification, metric = f1score, confidence_scores = entropy-conf, class_specific = True
test err: [0.05843528322678846, 0.042710997246518674, 0.058549598150343364, 0.059827305762327886, 0.05451023587531191]
estimated metric: [array([0.61051557, 0.68398994, 0.51434427, 0.52830189, 0.60198301,
       0.52751424, 0.69149597, 0.69130435, 0.38485806, 0.56171736]), array([0.59076923, 0.65977606, 0.57060519, 0.49087222, 0.62192691,
       0.53747716, 0.68544601, 0.6886598 , 0.43934428, 0.56400743]), array([0.61820084, 0.69622332, 0.55757576, 0.52780396, 0.64097363,
       0.51993068, 0.66890983, 0.6738661 , 0.39228298, 0.5817556 ]), array([0.62780269, 0.67670505, 0.54409006, 0.52241716, 0.61559322,
       0.54953272, 0.68624833, 0.70152506, 0.48955225, 0.52592593]), array([0.61119366, 0.65076336, 0.4950712 , 0.52871288, 0.64442962,
       0.54320988, 0.675817  , 0.6612245 , 0.40117996, 0.57868021])]
real metric: [array([0.59921415, 0.80183126, 0.56316161, 0.53481894, 0.56110777,
       0.54444444, 0.63539922, 0.55522388, 0.47893114, 0.61753731]), array([0.602806  , 0.79305741, 0.59527121, 0.4978903 , 0.58856819,
       0.53296703, 0.64256076, 0.55587949, 0.43544858, 0.59668508]), array([0.61220373, 0.81301851, 0.6       , 0.51836735, 0.56688273,
       0.54216867, 0.63219741, 0.52837573, 0.45869565, 0.64765409]), array([0.60404624, 0.82563749, 0.58926174, 0.52897069, 0.57644991,
       0.53825383, 0.65181712, 0.55942623, 0.45367412, 0.6369545 ]), array([0.59485224, 0.79500367, 0.53046062, 0.52760736, 0.55824683,
       0.5729443 , 0.61918776, 0.56076555, 0.46468782, 0.59019264])]

estim_algorithm = atc-model, mode = classification, metric = f1score, confidence_scores = doctor-conf, class_specific = False
test err: [0.14871151425778242, 0.16189719922650161, 0.1485376902616667, 0.15598652731449936, 0.1613595883272958]
estimated metric: [array([0.8262182 , 0.86314265, 0.6611265 , 0.64409881, 0.6970297 ,
       0.73615636, 0.76363637, 0.77142858, 0.64907653, 0.76687117]), array([0.82413351, 0.87164612, 0.67142857, 0.62603878, 0.71817058,
       0.70550162, 0.78487291, 0.7816092 , 0.69945356, 0.77725119]), array([0.82053572, 0.88169014, 0.67039106, 0.625     , 0.71236387,
       0.70409712, 0.76142768, 0.75708503, 0.66310161, 0.80924856]), array([0.82508532, 0.88089888, 0.65859983, 0.61678832, 0.70184361,
       0.74433657, 0.78368356, 0.77366256, 0.72222223, 0.81723626]), array([0.82184874, 0.85967742, 0.62737263, 0.63167588, 0.73395639,
       0.7560241 , 0.77212121, 0.75992439, 0.68765134, 0.77729258])]
real metric: [array([0.59921415, 0.80183126, 0.56316161, 0.53481894, 0.56110777,
       0.54444444, 0.63539922, 0.55522388, 0.47893114, 0.61753731]), array([0.602806  , 0.79305741, 0.59527121, 0.4978903 , 0.58856819,
       0.53296703, 0.64256076, 0.55587949, 0.43544858, 0.59668508]), array([0.61220373, 0.81301851, 0.6       , 0.51836735, 0.56688273,
       0.54216867, 0.63219741, 0.52837573, 0.45869565, 0.64765409]), array([0.60404624, 0.82563749, 0.58926174, 0.52897069, 0.57644991,
       0.53825383, 0.65181712, 0.55942623, 0.45367412, 0.6369545 ]), array([0.59485224, 0.79500367, 0.53046062, 0.52760736, 0.55824683,
       0.5729443 , 0.61918776, 0.56076555, 0.46468782, 0.59019264])]

estim_algorithm = atc-model, mode = classification, metric = f1score, confidence_scores = doctor-conf, class_specific = True
test err: [0.06043701115066611, 0.04239644418821648, 0.059382768994789614, 0.06071819238087868, 0.056180975391108744]
estimated metric: [array([0.61334692, 0.68948247, 0.52040817, 0.53412463, 0.60593221,
       0.5162524 , 0.69956817, 0.70258621, 0.38485806, 0.56171736]), array([0.59149154, 0.66552316, 0.57197697, 0.4969697 , 0.62830688,
       0.53479854, 0.68983957, 0.69135803, 0.43934428, 0.56400743]), array([0.62324127, 0.69836066, 0.55903129, 0.5347092 , 0.64097363,
       0.51993068, 0.67426274, 0.6738661 , 0.40255593, 0.57685666]), array([0.63053208, 0.68253969, 0.54409006, 0.52529183, 0.61653117,
       0.54409006, 0.69496021, 0.70152506, 0.50295859, 0.52865066]), array([0.61050545, 0.65971564, 0.49836066, 0.53016815, 0.64533334,
       0.53805311, 0.68441559, 0.67474748, 0.40117996, 0.57868021])]
real metric: [array([0.59921415, 0.80183126, 0.56316161, 0.53481894, 0.56110777,
       0.54444444, 0.63539922, 0.55522388, 0.47893114, 0.61753731]), array([0.602806  , 0.79305741, 0.59527121, 0.4978903 , 0.58856819,
       0.53296703, 0.64256076, 0.55587949, 0.43544858, 0.59668508]), array([0.61220373, 0.81301851, 0.6       , 0.51836735, 0.56688273,
       0.54216867, 0.63219741, 0.52837573, 0.45869565, 0.64765409]), array([0.60404624, 0.82563749, 0.58926174, 0.52897069, 0.57644991,
       0.53825383, 0.65181712, 0.55942623, 0.45367412, 0.6369545 ]), array([0.59485224, 0.79500367, 0.53046062, 0.52760736, 0.55824683,
       0.5729443 , 0.61918776, 0.56076555, 0.46468782, 0.59019264])]

estim_algorithm = ts-atc-model, mode = classification, metric = f1score, confidence_scores = max_class_probability-conf, class_specific = False
test err: [0.13300785044200708, 0.1341640226608085, 0.12850319137969085, 0.13625902851896893, 0.13955957321886686]
estimated metric: [array([0.79876434, 0.84558824, 0.64359215, 0.59924386, 0.64701851,
       0.71947195, 0.76725146, 0.77142858, 0.67012988, 0.75925926]), array([0.79367867, 0.85504047, 0.65217392, 0.56923077, 0.66623794,
       0.67986799, 0.76496534, 0.7578125 , 0.67039107, 0.7733756 ]), array([0.79139982, 0.86975089, 0.64258555, 0.58      , 0.68541531,
       0.68412943, 0.7433291 , 0.73402062, 0.69109948, 0.78286559]), array([0.78945055, 0.86903861, 0.63018535, 0.59369203, 0.66361257,
       0.72158155, 0.7661442 , 0.7811861 , 0.70918368, 0.80300752]), array([0.78981442, 0.84759576, 0.6107179 , 0.5994345 , 0.69492614,
       0.7311828 , 0.75246306, 0.73846154, 0.67481663, 0.77013177])]
real metric: [array([0.59921415, 0.80183126, 0.56316161, 0.53481894, 0.56110777,
       0.54444444, 0.63539922, 0.55522388, 0.47893114, 0.61753731]), array([0.602806  , 0.79305741, 0.59527121, 0.4978903 , 0.58856819,
       0.53296703, 0.64256076, 0.55587949, 0.43544858, 0.59668508]), array([0.61220373, 0.81301851, 0.6       , 0.51836735, 0.56688273,
       0.54216867, 0.63219741, 0.52837573, 0.45869565, 0.64765409]), array([0.60404624, 0.82563749, 0.58926174, 0.52897069, 0.57644991,
       0.53825383, 0.65181712, 0.55942623, 0.45367412, 0.6369545 ]), array([0.59485224, 0.79500367, 0.53046062, 0.52760736, 0.55824683,
       0.5729443 , 0.61918776, 0.56076555, 0.46468782, 0.59019264])]

estim_algorithm = ts-atc-model, mode = classification, metric = f1score, confidence_scores = max_class_probability-conf, class_specific = True
test err: [0.06637980889672161, 0.06440064281380674, 0.07308261783416246, 0.06016116625282557, 0.06720317860730038]
estimated metric: [array([0.59036769, 0.66949153, 0.53683149, 0.48000001, 0.57985612,
       0.48140901, 0.68414482, 0.67400882, 0.40993791, 0.49438203]), array([0.57023934, 0.65630398, 0.57471265, 0.42872229, 0.6061828 ,
       0.47619049, 0.66757308, 0.69135803, 0.40268458, 0.47937133]), array([0.59393295, 0.68760331, 0.54878049, 0.47311828, 0.6185567 ,
       0.45569621, 0.65716226, 0.65938865, 0.40255593, 0.50724639]), array([0.60768453, 0.6684492 , 0.55223881, 0.47791165, 0.60614335,
       0.51055663, 0.67652993, 0.6901099 , 0.45259941, 0.49811322]), array([0.59307577, 0.65716999, 0.52575108, 0.47901741, 0.64803726,
       0.47319779, 0.66005291, 0.65297742, 0.37724553, 0.52112677])]
real metric: [array([0.59921415, 0.80183126, 0.56316161, 0.53481894, 0.56110777,
       0.54444444, 0.63539922, 0.55522388, 0.47893114, 0.61753731]), array([0.602806  , 0.79305741, 0.59527121, 0.4978903 , 0.58856819,
       0.53296703, 0.64256076, 0.55587949, 0.43544858, 0.59668508]), array([0.61220373, 0.81301851, 0.6       , 0.51836735, 0.56688273,
       0.54216867, 0.63219741, 0.52837573, 0.45869565, 0.64765409]), array([0.60404624, 0.82563749, 0.58926174, 0.52897069, 0.57644991,
       0.53825383, 0.65181712, 0.55942623, 0.45367412, 0.6369545 ]), array([0.59485224, 0.79500367, 0.53046062, 0.52760736, 0.55824683,
       0.5729443 , 0.61918776, 0.56076555, 0.46468782, 0.59019264])]

estim_algorithm = ts-atc-model, mode = classification, metric = f1score, confidence_scores = energy-conf, class_specific = False
test err: [0.12513272173083317, 0.11885719056010595, 0.12189961859555662, 0.1290578973866801, 0.13655234976996336]
estimated metric: [array([0.66306483, 0.80608365, 0.6611265 , 0.59924386, 0.64049587,
       0.75241158, 0.79954442, 0.7379455 , 0.75121952, 0.7318612 ]), array([0.66147102, 0.79938272, 0.67261374, 0.54970761, 0.62557986,
       0.75583204, 0.7618446 , 0.76023392, 0.68144045, 0.7616    ]), array([0.66767524, 0.82977156, 0.64772728, 0.57221207, 0.66178429,
       0.72727273, 0.76375   , 0.74693878, 0.75311721, 0.76831092]), array([0.67532468, 0.8057554 , 0.64572426, 0.58317757, 0.65657895,
       0.78369906, 0.7933783 , 0.80321286, 0.70256411, 0.76589148]), array([0.66412578, 0.80270957, 0.66860465, 0.59013283, 0.67708334,
       0.7560241 , 0.77434967, 0.74809161, 0.73364487, 0.76470589])]
real metric: [array([0.59921415, 0.80183126, 0.56316161, 0.53481894, 0.56110777,
       0.54444444, 0.63539922, 0.55522388, 0.47893114, 0.61753731]), array([0.602806  , 0.79305741, 0.59527121, 0.4978903 , 0.58856819,
       0.53296703, 0.64256076, 0.55587949, 0.43544858, 0.59668508]), array([0.61220373, 0.81301851, 0.6       , 0.51836735, 0.56688273,
       0.54216867, 0.63219741, 0.52837573, 0.45869565, 0.64765409]), array([0.60404624, 0.82563749, 0.58926174, 0.52897069, 0.57644991,
       0.53825383, 0.65181712, 0.55942623, 0.45367412, 0.6369545 ]), array([0.59485224, 0.79500367, 0.53046062, 0.52760736, 0.55824683,
       0.5729443 , 0.61918776, 0.56076555, 0.46468782, 0.59019264])]

estim_algorithm = ts-atc-model, mode = classification, metric = f1score, confidence_scores = energy-conf, class_specific = True
test err: [0.10006680482295253, 0.0910199901935476, 0.10331412189616837, 0.093097881428256, 0.10390798380568875]
estimated metric: [array([0.52145573, 0.63240418, 0.60308286, 0.40816327, 0.60198301,
       0.40983608, 0.77084548, 0.61609196, 0.45783134, 0.42352942]), array([0.51859839, 0.61442565, 0.60018815, 0.36842106, 0.59485095,
       0.38056681, 0.71811642, 0.56756758, 0.3809524 , 0.38413362]), array([0.54194261, 0.65423729, 0.57057057, 0.39959017, 0.63451087,
       0.38867926, 0.72633613, 0.61085974, 0.41772154, 0.4304762 ]), array([0.53899204, 0.64181819, 0.58264841, 0.41588297, 0.62584119,
       0.44800001, 0.74088292, 0.64236903, 0.43827162, 0.40160644]), array([0.51325557, 0.62984496, 0.58057852, 0.43083422, 0.64983389,
       0.35129742, 0.7329581 , 0.56140352, 0.38690478, 0.45018451])]
real metric: [array([0.59921415, 0.80183126, 0.56316161, 0.53481894, 0.56110777,
       0.54444444, 0.63539922, 0.55522388, 0.47893114, 0.61753731]), array([0.602806  , 0.79305741, 0.59527121, 0.4978903 , 0.58856819,
       0.53296703, 0.64256076, 0.55587949, 0.43544858, 0.59668508]), array([0.61220373, 0.81301851, 0.6       , 0.51836735, 0.56688273,
       0.54216867, 0.63219741, 0.52837573, 0.45869565, 0.64765409]), array([0.60404624, 0.82563749, 0.58926174, 0.52897069, 0.57644991,
       0.53825383, 0.65181712, 0.55942623, 0.45367412, 0.6369545 ]), array([0.59485224, 0.79500367, 0.53046062, 0.52760736, 0.55824683,
       0.5729443 , 0.61918776, 0.56076555, 0.46468782, 0.59019264])]

estim_algorithm = ts-atc-model, mode = classification, metric = f1score, confidence_scores = entropy-conf, class_specific = False
test err: [0.12439854696127614, 0.12274187632271497, 0.12634913536468678, 0.13030653290477925, 0.1291442826298729]
estimated metric: [array([0.77662921, 0.8387574 , 0.63207548, 0.575     , 0.6263048 ,
       0.71947195, 0.77299185, 0.75876289, 0.69387756, 0.74178404]), array([0.77101968, 0.85081241, 0.64727273, 0.53109576, 0.64355788,
       0.68421053, 0.75476493, 0.75538161, 0.66292136, 0.76751593]), array([0.77401392, 0.86083214, 0.62162163, 0.56697248, 0.66178429,
       0.68006183, 0.74012739, 0.75203253, 0.73737374, 0.7882353 ]), array([0.77218012, 0.85954199, 0.62533216, 0.57115929, 0.63866667,
       0.73821139, 0.7638191 , 0.78615072, 0.72222223, 0.79027356]), array([0.77125329, 0.84288053, 0.59509203, 0.57115385, 0.68393783,
       0.70735525, 0.74317618, 0.73603083, 0.69711539, 0.75739645])]
real metric: [array([0.59921415, 0.80183126, 0.56316161, 0.53481894, 0.56110777,
       0.54444444, 0.63539922, 0.55522388, 0.47893114, 0.61753731]), array([0.602806  , 0.79305741, 0.59527121, 0.4978903 , 0.58856819,
       0.53296703, 0.64256076, 0.55587949, 0.43544858, 0.59668508]), array([0.61220373, 0.81301851, 0.6       , 0.51836735, 0.56688273,
       0.54216867, 0.63219741, 0.52837573, 0.45869565, 0.64765409]), array([0.60404624, 0.82563749, 0.58926174, 0.52897069, 0.57644991,
       0.53825383, 0.65181712, 0.55942623, 0.45367412, 0.6369545 ]), array([0.59485224, 0.79500367, 0.53046062, 0.52760736, 0.55824683,
       0.5729443 , 0.61918776, 0.56076555, 0.46468782, 0.59019264])]

estim_algorithm = ts-atc-model, mode = classification, metric = f1score, confidence_scores = entropy-conf, class_specific = True
test err: [0.07641338491940902, 0.07712685947954483, 0.0860792696286417, 0.07659283089312477, 0.08272326455735743]
estimated metric: [array([0.56358839, 0.66610026, 0.52040817, 0.42172525, 0.58899214,
       0.45725647, 0.68414482, 0.64719102, 0.42944787, 0.48587572]), array([0.54140128, 0.65047702, 0.54829269, 0.40000001, 0.60711887,
       0.44054582, 0.66485014, 0.66666667, 0.3864407 , 0.46732674]), array([0.56646772, 0.67996675, 0.53538462, 0.41582151, 0.61474845,
       0.44160585, 0.65533651, 0.6738661 , 0.41772154, 0.4908425 ]), array([0.57231727, 0.66368516, 0.54817587, 0.43064183, 0.60232718,
       0.48437501, 0.68624833, 0.6901099 , 0.43343655, 0.46923078]), array([0.55761317, 0.65076336, 0.51619871, 0.42751323, 0.64893617,
       0.43856334, 0.66358839, 0.64182195, 0.38208957, 0.49192101])]
real metric: [array([0.59921415, 0.80183126, 0.56316161, 0.53481894, 0.56110777,
       0.54444444, 0.63539922, 0.55522388, 0.47893114, 0.61753731]), array([0.602806  , 0.79305741, 0.59527121, 0.4978903 , 0.58856819,
       0.53296703, 0.64256076, 0.55587949, 0.43544858, 0.59668508]), array([0.61220373, 0.81301851, 0.6       , 0.51836735, 0.56688273,
       0.54216867, 0.63219741, 0.52837573, 0.45869565, 0.64765409]), array([0.60404624, 0.82563749, 0.58926174, 0.52897069, 0.57644991,
       0.53825383, 0.65181712, 0.55942623, 0.45367412, 0.6369545 ]), array([0.59485224, 0.79500367, 0.53046062, 0.52760736, 0.55824683,
       0.5729443 , 0.61918776, 0.56076555, 0.46468782, 0.59019264])]

estim_algorithm = ts-atc-model, mode = classification, metric = f1score, confidence_scores = doctor-conf, class_specific = False
test err: [0.12503312534476593, 0.12429036922637118, 0.12717667471042102, 0.13152381494769175, 0.12976468332874927]
estimated metric: [array([0.7771788 , 0.83961567, 0.62948961, 0.57909876, 0.62916667,
       0.71735538, 0.77370564, 0.75876289, 0.69387756, 0.74375   ]), array([0.77101968, 0.85335299, 0.64727273, 0.53254438, 0.64444445,
       0.68637111, 0.75555556, 0.75538161, 0.66666668, 0.77142858]), array([0.77458256, 0.86083214, 0.62162163, 0.56828598, 0.66533865,
       0.68209877, 0.74092935, 0.75203253, 0.73737374, 0.7882353 ]), array([0.77327394, 0.8604119 , 0.62411348, 0.57250471, 0.64228724,
       0.73821139, 0.76459511, 0.78861789, 0.72544081, 0.79027356]), array([0.7717915 , 0.84288053, 0.59365405, 0.56977864, 0.68564036,
       0.70735525, 0.74628713, 0.73603083, 0.69711539, 0.76106195])]
real metric: [array([0.59921415, 0.80183126, 0.56316161, 0.53481894, 0.56110777,
       0.54444444, 0.63539922, 0.55522388, 0.47893114, 0.61753731]), array([0.602806  , 0.79305741, 0.59527121, 0.4978903 , 0.58856819,
       0.53296703, 0.64256076, 0.55587949, 0.43544858, 0.59668508]), array([0.61220373, 0.81301851, 0.6       , 0.51836735, 0.56688273,
       0.54216867, 0.63219741, 0.52837573, 0.45869565, 0.64765409]), array([0.60404624, 0.82563749, 0.58926174, 0.52897069, 0.57644991,
       0.53825383, 0.65181712, 0.55942623, 0.45367412, 0.6369545 ]), array([0.59485224, 0.79500367, 0.53046062, 0.52760736, 0.55824683,
       0.5729443 , 0.61918776, 0.56076555, 0.46468782, 0.59019264])]

estim_algorithm = ts-atc-model, mode = classification, metric = f1score, confidence_scores = doctor-conf, class_specific = True
test err: [0.06976172361862155, 0.07074193030704394, 0.08024280030714293, 0.06859904982484155, 0.0738806493333273]
estimated metric: [array([0.57187828, 0.66836302, 0.53238867, 0.45625001, 0.58494624,
       0.47244096, 0.68002505, 0.65625001, 0.4246154 , 0.48587572]), array([0.54756871, 0.65514261, 0.56092844, 0.41702128, 0.60524546,
       0.44357978, 0.66120219, 0.67775468, 0.39730642, 0.48235295]), array([0.57650862, 0.68325042, 0.54434251, 0.43329991, 0.61760661,
       0.44727274, 0.65442177, 0.6738661 , 0.4326019 , 0.4908425 ]), array([0.58260422, 0.66963491, 0.55358807, 0.45621182, 0.60519126,
       0.48437501, 0.68184863, 0.69298246, 0.45731709, 0.48669202]), array([0.57084608, 0.65333334, 0.52575108, 0.4456067 , 0.64803726,
       0.45028144, 0.66182299, 0.63900416, 0.39644972, 0.50533809])]
real metric: [array([0.59921415, 0.80183126, 0.56316161, 0.53481894, 0.56110777,
       0.54444444, 0.63539922, 0.55522388, 0.47893114, 0.61753731]), array([0.602806  , 0.79305741, 0.59527121, 0.4978903 , 0.58856819,
       0.53296703, 0.64256076, 0.55587949, 0.43544858, 0.59668508]), array([0.61220373, 0.81301851, 0.6       , 0.51836735, 0.56688273,
       0.54216867, 0.63219741, 0.52837573, 0.45869565, 0.64765409]), array([0.60404624, 0.82563749, 0.58926174, 0.52897069, 0.57644991,
       0.53825383, 0.65181712, 0.55942623, 0.45367412, 0.6369545 ]), array([0.59485224, 0.79500367, 0.53046062, 0.52760736, 0.55824683,
       0.5729443 , 0.61918776, 0.56076555, 0.46468782, 0.59019264])]

