estim_algorithm = moval-ensemble-cls-precision, mode = classification, metric = precision
test err: [0.3333548773779912, 0.3183436504130247, 0.32622261472772845, 0.31085505272726655, 0.3136490969466853]
estimated metric: [array([0.44193292, 0.65163735, 0.56951974, 0.4865926 , 0.75850107,
       0.43841182, 0.39047119, 0.33587734, 0.4325813 , 0.27054175]), array([0.44394397, 0.64492565, 0.58382302, 0.47980364, 0.7620313 ,
       0.45277334, 0.38590113, 0.33454085, 0.45645476, 0.2611618 ]), array([0.41241425, 0.64941619, 0.59671912, 0.51154266, 0.7651843 ,
       0.41300037, 0.40840774, 0.36784133, 0.44307206, 0.26598471]), array([0.43294413, 0.63993104, 0.59363945, 0.51441771, 0.75629219,
       0.46350172, 0.4032631 , 0.3452814 , 0.4767756 , 0.25179073]), array([0.43833009, 0.65520614, 0.59238269, 0.48845201, 0.76893059,
       0.46281237, 0.44098286, 0.34657172, 0.4686825 , 0.27798032])]
real metric: [array([0.3491062 , 0.81756757, 0.59292035, 0.33483871, 0.39554088,
       0.70099668, 0.93522267, 0.92820513, 0.84013605, 1.        ]), array([0.33748702, 0.81981982, 0.56302521, 0.32130929, 0.41210139,
       0.63291139, 0.9375    , 0.921875  , 0.7788162 , 0.99259259]), array([0.33224223, 0.83096085, 0.56865913, 0.34353091, 0.41152597,
       0.69924812, 0.91954023, 0.94090909, 0.80398671, 0.98540146]), array([0.34029687, 0.8172043 , 0.61019737, 0.33584432, 0.4235696 ,
       0.7208589 , 0.91372549, 0.85929648, 0.77325581, 0.98425197]), array([0.32073374, 0.83652174, 0.57478992, 0.32694848, 0.41666667,
       0.721875  , 0.92150171, 0.92385787, 0.75      , 0.98601399])]

