estim_algorithm = ac-model, mode = classification, metric = f1score, confidence_scores = max_class_probability-conf, class_specific = False
test err: [0.5712251860565489, 0.5792581378608733, 0.5665859949988301, 0.5736799781670924, 0.5801890202765447]
estimated metric: [array([0.94359591, 0.89883716, 0.86895914, 0.85862338, 0.88619524,
       0.85054139, 0.91445446, 0.86718981, 0.85405633, 0.84768108]), array([0.94016528, 0.89657781, 0.87773905, 0.86277961, 0.88661281,
       0.84815818, 0.9180642 , 0.79936919, 0.86981284, 0.85166817]), array([0.94128874, 0.89279799, 0.87256772, 0.86100928, 0.88857291,
       0.82833419, 0.919486  , 0.86435925, 0.86333297, 0.85017874]), array([0.93779584, 0.89118364, 0.86400063, 0.85999584, 0.89543794,
       0.82922671, 0.91553486, 0.86903461, 0.87315211, 0.85333099]), array([0.94323915, 0.89850082, 0.8772447 , 0.85509848, 0.89159625,
       0.85774309, 0.91603158, 0.85034589, 0.84515892, 0.84762016])]
real metric: [array([0.46744931, 0.52052239, 0.40219629, 0.28549734, 0.40997567,
       0.10513141, 0.43322981, 0.09139785, 0.22222222, 0.14025974]), array([0.43574594, 0.46698565, 0.41292876, 0.28215121, 0.40462428,
       0.11068211, 0.43637753, 0.07202216, 0.21201413, 0.124834  ]), array([0.4566108 , 0.52889667, 0.40435671, 0.28158295, 0.42571785,
       0.13491124, 0.45043023, 0.05502063, 0.23346304, 0.14507772]), array([0.45540247, 0.48729185, 0.42966752, 0.27713626, 0.42001235,
       0.08481532, 0.45948012, 0.07869742, 0.22991347, 0.12947658]), array([0.42756052, 0.49177331, 0.41486486, 0.28821656, 0.40745052,
       0.08905852, 0.45283019, 0.08443272, 0.19339623, 0.1311054 ])]

estim_algorithm = ac-model, mode = classification, metric = f1score, confidence_scores = energy-conf, class_specific = False
test err: [0.12562459366925258, 0.1171272652239547, 0.12760370289763384, 0.13817767714074747, 0.12401898679094618]
estimated metric: [array([0.35139896, 0.28812857, 0.27372278, 0.24687005, 0.27914456,
       0.23780137, 0.3231905 , 0.23354853, 0.3226161 , 0.26487578]), array([0.3486194 , 0.2727172 , 0.27211389, 0.23870238, 0.28306699,
       0.2221608 , 0.32849189, 0.16471748, 0.33558973, 0.27325543]), array([0.35337374, 0.26830225, 0.2688568 , 0.24319382, 0.28899716,
       0.20499169, 0.3259713 , 0.21872612, 0.33475679, 0.28713492]), array([0.34855321, 0.26874674, 0.25982924, 0.24427907, 0.29147532,
       0.2316851 , 0.32866108, 0.25631019, 0.33976171, 0.28947666]), array([0.35414834, 0.28156138, 0.27068839, 0.2403904 , 0.29278547,
       0.23860471, 0.32610743, 0.210628  , 0.29042539, 0.28151006])]
real metric: [array([0.46744931, 0.52052239, 0.40219629, 0.28549734, 0.40997567,
       0.10513141, 0.43322981, 0.09139785, 0.22222222, 0.14025974]), array([0.43574594, 0.46698565, 0.41292876, 0.28215121, 0.40462428,
       0.11068211, 0.43637753, 0.07202216, 0.21201413, 0.124834  ]), array([0.4566108 , 0.52889667, 0.40435671, 0.28158295, 0.42571785,
       0.13491124, 0.45043023, 0.05502063, 0.23346304, 0.14507772]), array([0.45540247, 0.48729185, 0.42966752, 0.27713626, 0.42001235,
       0.08481532, 0.45948012, 0.07869742, 0.22991347, 0.12947658]), array([0.42756052, 0.49177331, 0.41486486, 0.28821656, 0.40745052,
       0.08905852, 0.45283019, 0.08443272, 0.19339623, 0.1311054 ])]

estim_algorithm = ac-model, mode = classification, metric = f1score, confidence_scores = entropy-conf, class_specific = False
test err: [0.5509192116989077, 0.5580719573945421, 0.5451828820390514, 0.5542783131759331, 0.5610160021566287]
estimated metric: [array([0.9279185 , 0.87887895, 0.85165732, 0.83586383, 0.86478241,
       0.82212854, 0.89689782, 0.83766863, 0.84903988, 0.82223827]), array([0.92518128, 0.87570867, 0.85613118, 0.8364824 , 0.86478729,
       0.81618136, 0.89860405, 0.7675741 , 0.85722498, 0.84121003]), array([0.92622829, 0.86593114, 0.85278021, 0.83870655, 0.8693445 ,
       0.79663396, 0.90051579, 0.82676914, 0.85639127, 0.83459581]), array([0.9231066 , 0.8660796 , 0.84534706, 0.83560618, 0.87479857,
       0.81505009, 0.89774193, 0.8395954 , 0.86193358, 0.83541749]), array([0.92783624, 0.8768067 , 0.85658498, 0.83245225, 0.87273238,
       0.82799031, 0.89798061, 0.82566895, 0.83763911, 0.83515733])]
real metric: [array([0.46744931, 0.52052239, 0.40219629, 0.28549734, 0.40997567,
       0.10513141, 0.43322981, 0.09139785, 0.22222222, 0.14025974]), array([0.43574594, 0.46698565, 0.41292876, 0.28215121, 0.40462428,
       0.11068211, 0.43637753, 0.07202216, 0.21201413, 0.124834  ]), array([0.4566108 , 0.52889667, 0.40435671, 0.28158295, 0.42571785,
       0.13491124, 0.45043023, 0.05502063, 0.23346304, 0.14507772]), array([0.45540247, 0.48729185, 0.42966752, 0.27713626, 0.42001235,
       0.08481532, 0.45948012, 0.07869742, 0.22991347, 0.12947658]), array([0.42756052, 0.49177331, 0.41486486, 0.28821656, 0.40745052,
       0.08905852, 0.45283019, 0.08443272, 0.19339623, 0.1311054 ])]

estim_algorithm = ac-model, mode = classification, metric = f1score, confidence_scores = doctor-conf, class_specific = False
test err: [0.6019709986174135, 0.6097362054692765, 0.596074914144203, 0.6042497618185838, 0.6114365183885926]
estimated metric: [array([0.96005236, 0.92339099, 0.90444629, 0.89567006, 0.91648831,
       0.88169257, 0.93761351, 0.88942373, 0.89839546, 0.89041875]), array([0.95648634, 0.918301  , 0.91051319, 0.89570956, 0.9171145 ,
       0.87867848, 0.94123351, 0.83430405, 0.90370945, 0.89967775]), array([0.9566302 , 0.9124264 , 0.90615013, 0.89942632, 0.91849687,
       0.85316255, 0.94192649, 0.88770617, 0.90836497, 0.89252688]), array([0.95468457, 0.91406138, 0.9008485 , 0.89622649, 0.9249023 ,
       0.87214647, 0.93883581, 0.8871884 , 0.91033322, 0.89516386]), array([0.95890311, 0.92071085, 0.90974873, 0.88993849, 0.92019091,
       0.87777429, 0.93916228, 0.89154158, 0.89357971, 0.89350408])]
real metric: [array([0.46744931, 0.52052239, 0.40219629, 0.28549734, 0.40997567,
       0.10513141, 0.43322981, 0.09139785, 0.22222222, 0.14025974]), array([0.43574594, 0.46698565, 0.41292876, 0.28215121, 0.40462428,
       0.11068211, 0.43637753, 0.07202216, 0.21201413, 0.124834  ]), array([0.4566108 , 0.52889667, 0.40435671, 0.28158295, 0.42571785,
       0.13491124, 0.45043023, 0.05502063, 0.23346304, 0.14507772]), array([0.45540247, 0.48729185, 0.42966752, 0.27713626, 0.42001235,
       0.08481532, 0.45948012, 0.07869742, 0.22991347, 0.12947658]), array([0.42756052, 0.49177331, 0.41486486, 0.28821656, 0.40745052,
       0.08905852, 0.45283019, 0.08443272, 0.19339623, 0.1311054 ])]

estim_algorithm = ts-model, mode = classification, metric = f1score, confidence_scores = max_class_probability-conf, class_specific = False
test err: [0.33770780239280174, 0.3416262337051926, 0.3306957274018222, 0.3431509936249971, 0.34484280348650637]
estimated metric: [array([0.75520684, 0.67372879, 0.63473444, 0.6004879 , 0.64655131,
       0.59326273, 0.70099097, 0.5997221 , 0.65239936, 0.59787563]), array([0.75123621, 0.6617782 , 0.63665515, 0.59735611, 0.64983611,
       0.57510555, 0.7048987 , 0.51911559, 0.66388789, 0.61475859]), array([0.75622681, 0.65587222, 0.63196929, 0.59951448, 0.65783707,
       0.556919  , 0.7056912 , 0.58954494, 0.65607779, 0.61337232]), array([0.75205511, 0.65452046, 0.6207844 , 0.59917767, 0.65968777,
       0.57851163, 0.70395584, 0.62800557, 0.66721777, 0.61948707]), array([0.75764602, 0.66828847, 0.63515749, 0.59658667, 0.66195509,
       0.6021194 , 0.70378833, 0.57097491, 0.62135761, 0.61124288])]
real metric: [array([0.46744931, 0.52052239, 0.40219629, 0.28549734, 0.40997567,
       0.10513141, 0.43322981, 0.09139785, 0.22222222, 0.14025974]), array([0.43574594, 0.46698565, 0.41292876, 0.28215121, 0.40462428,
       0.11068211, 0.43637753, 0.07202216, 0.21201413, 0.124834  ]), array([0.4566108 , 0.52889667, 0.40435671, 0.28158295, 0.42571785,
       0.13491124, 0.45043023, 0.05502063, 0.23346304, 0.14507772]), array([0.45540247, 0.48729185, 0.42966752, 0.27713626, 0.42001235,
       0.08481532, 0.45948012, 0.07869742, 0.22991347, 0.12947658]), array([0.42756052, 0.49177331, 0.41486486, 0.28821656, 0.40745052,
       0.08905852, 0.45283019, 0.08443272, 0.19339623, 0.1311054 ])]

estim_algorithm = ts-model, mode = classification, metric = f1score, confidence_scores = max_class_probability-conf, class_specific = True
test err: [0.210883975315312, 0.2130911942461366, 0.20930436873936467, 0.21443156209427996, 0.2169418224366247]
estimated metric: [array([0.52904992, 0.51415465, 0.56510586, 0.49393618, 0.64537416,
       0.45321789, 0.67100142, 0.51542838, 0.40730452, 0.37941334]), array([0.52544299, 0.49961123, 0.56593217, 0.48895626, 0.64866859,
       0.43787965, 0.67538042, 0.44562369, 0.41747875, 0.38430396]), array([0.53072708, 0.49731928, 0.56173205, 0.49183288, 0.65667662,
       0.42191571, 0.67585214, 0.50690442, 0.41334358, 0.389653  ]), array([0.52636811, 0.49736188, 0.55078208, 0.49342345, 0.65850682,
       0.44075742, 0.67443029, 0.54339608, 0.41836015, 0.39282272]), array([0.53077713, 0.50913092, 0.56444024, 0.48985677, 0.66078183,
       0.45627984, 0.67390439, 0.49248681, 0.38598201, 0.38646712])]
real metric: [array([0.46744931, 0.52052239, 0.40219629, 0.28549734, 0.40997567,
       0.10513141, 0.43322981, 0.09139785, 0.22222222, 0.14025974]), array([0.43574594, 0.46698565, 0.41292876, 0.28215121, 0.40462428,
       0.11068211, 0.43637753, 0.07202216, 0.21201413, 0.124834  ]), array([0.4566108 , 0.52889667, 0.40435671, 0.28158295, 0.42571785,
       0.13491124, 0.45043023, 0.05502063, 0.23346304, 0.14507772]), array([0.45540247, 0.48729185, 0.42966752, 0.27713626, 0.42001235,
       0.08481532, 0.45948012, 0.07869742, 0.22991347, 0.12947658]), array([0.42756052, 0.49177331, 0.41486486, 0.28821656, 0.40745052,
       0.08905852, 0.45283019, 0.08443272, 0.19339623, 0.1311054 ])]

estim_algorithm = ts-model, mode = classification, metric = f1score, confidence_scores = energy-conf, class_specific = False
test err: [0.1171554559651983, 0.10801746423498419, 0.11914820498575909, 0.13036302460785626, 0.11529503191521961]
estimated metric: [array([0.39158322, 0.32876623, 0.31235749, 0.28680516, 0.31929352,
       0.27736829, 0.36258074, 0.27492318, 0.35561024, 0.30256398]), array([0.38856553, 0.31406049, 0.31196647, 0.27978298, 0.3230508 ,
       0.26273714, 0.36796797, 0.2040555 , 0.36897822, 0.31053705]), array([0.39298943, 0.30969587, 0.30829793, 0.28386049, 0.32854798,
       0.24451078, 0.36578991, 0.26151777, 0.36812816, 0.32282929]), array([0.38826313, 0.31008999, 0.29921994, 0.2846184 , 0.33169141,
       0.2693284 , 0.36772955, 0.29601037, 0.37340141, 0.32545043]), array([0.39399364, 0.32257983, 0.31056698, 0.28036723, 0.33229965,
       0.27817083, 0.36548892, 0.25256787, 0.32539928, 0.31740549])]
real metric: [array([0.46744931, 0.52052239, 0.40219629, 0.28549734, 0.40997567,
       0.10513141, 0.43322981, 0.09139785, 0.22222222, 0.14025974]), array([0.43574594, 0.46698565, 0.41292876, 0.28215121, 0.40462428,
       0.11068211, 0.43637753, 0.07202216, 0.21201413, 0.124834  ]), array([0.4566108 , 0.52889667, 0.40435671, 0.28158295, 0.42571785,
       0.13491124, 0.45043023, 0.05502063, 0.23346304, 0.14507772]), array([0.45540247, 0.48729185, 0.42966752, 0.27713626, 0.42001235,
       0.08481532, 0.45948012, 0.07869742, 0.22991347, 0.12947658]), array([0.42756052, 0.49177331, 0.41486486, 0.28821656, 0.40745052,
       0.08905852, 0.45283019, 0.08443272, 0.19339623, 0.1311054 ])]

estim_algorithm = ts-model, mode = classification, metric = f1score, confidence_scores = energy-conf, class_specific = True
test err: [0.11124927695851801, 0.10746724916631734, 0.11364226742245143, 0.12671865965043616, 0.11858399653095478]
estimated metric: [array([0.46515239, 0.32051532, 0.34579227, 0.35769056, 0.42522031,
       0.31422564, 0.42248232, 0.35161963, 0.36062952, 0.28813584]), array([0.4618292 , 0.30572466, 0.34537098, 0.34961661, 0.42957259,
       0.29824563, 0.42837933, 0.26975826, 0.37453822, 0.29636883]), array([0.46668487, 0.3012879 , 0.34142161, 0.35431764, 0.43599322,
       0.27817782, 0.42600294, 0.33646188, 0.37361093, 0.30858941]), array([0.46149083, 0.30162332, 0.3316413 , 0.35518401, 0.43963133,
       0.30544871, 0.42810724, 0.37551233, 0.37907136, 0.31123428]), array([0.46780548, 0.31430747, 0.34386525, 0.35036042, 0.4401603 ,
       0.31494882, 0.4256623 , 0.32560788, 0.32940147, 0.30314272])]
real metric: [array([0.46744931, 0.52052239, 0.40219629, 0.28549734, 0.40997567,
       0.10513141, 0.43322981, 0.09139785, 0.22222222, 0.14025974]), array([0.43574594, 0.46698565, 0.41292876, 0.28215121, 0.40462428,
       0.11068211, 0.43637753, 0.07202216, 0.21201413, 0.124834  ]), array([0.4566108 , 0.52889667, 0.40435671, 0.28158295, 0.42571785,
       0.13491124, 0.45043023, 0.05502063, 0.23346304, 0.14507772]), array([0.45540247, 0.48729185, 0.42966752, 0.27713626, 0.42001235,
       0.08481532, 0.45948012, 0.07869742, 0.22991347, 0.12947658]), array([0.42756052, 0.49177331, 0.41486486, 0.28821656, 0.40745052,
       0.08905852, 0.45283019, 0.08443272, 0.19339623, 0.1311054 ])]

estim_algorithm = ts-model, mode = classification, metric = f1score, confidence_scores = entropy-conf, class_specific = False
test err: [0.31539617622746113, 0.31625756938212224, 0.30688752230259053, 0.3220333191592631, 0.32092954226836445]
estimated metric: [array([0.73499845, 0.64196204, 0.61573311, 0.57491661, 0.62286282,
       0.55913222, 0.68337423, 0.56019682, 0.65793115, 0.58073634]), array([0.73190323, 0.62464612, 0.61476011, 0.56723039, 0.62856076,
       0.53853209, 0.68691955, 0.45993129, 0.66369502, 0.60476291]), array([0.73673037, 0.61570953, 0.60956174, 0.57229342, 0.63649781,
       0.51629535, 0.68612477, 0.54090504, 0.66588509, 0.60493997]), array([0.73297112, 0.61540049, 0.59953025, 0.5712257 , 0.63796917,
       0.55599053, 0.68665663, 0.59234167, 0.66977823, 0.61036277]), array([0.73876694, 0.63152379, 0.61127436, 0.56825781, 0.64057994,
       0.56720855, 0.6859923 , 0.52033918, 0.62035109, 0.6056903 ])]
real metric: [array([0.46744931, 0.52052239, 0.40219629, 0.28549734, 0.40997567,
       0.10513141, 0.43322981, 0.09139785, 0.22222222, 0.14025974]), array([0.43574594, 0.46698565, 0.41292876, 0.28215121, 0.40462428,
       0.11068211, 0.43637753, 0.07202216, 0.21201413, 0.124834  ]), array([0.4566108 , 0.52889667, 0.40435671, 0.28158295, 0.42571785,
       0.13491124, 0.45043023, 0.05502063, 0.23346304, 0.14507772]), array([0.45540247, 0.48729185, 0.42966752, 0.27713626, 0.42001235,
       0.08481532, 0.45948012, 0.07869742, 0.22991347, 0.12947658]), array([0.42756052, 0.49177331, 0.41486486, 0.28821656, 0.40745052,
       0.08905852, 0.45283019, 0.08443272, 0.19339623, 0.1311054 ])]

estim_algorithm = ts-model, mode = classification, metric = f1score, confidence_scores = entropy-conf, class_specific = True
test err: [0.1726921360348693, 0.16545306678721716, 0.17127836607553698, 0.17770411654470522, 0.17298972762553885]
estimated metric: [array([0.47246628, 0.43042874, 0.53880215, 0.45358115, 0.62649394,
       0.37463225, 0.65261128, 0.46431553, 0.34307731, 0.26820747]), array([0.46843335, 0.40734894, 0.53692922, 0.4431373 , 0.63214438,
       0.35451569, 0.65678443, 0.36803678, 0.35656396, 0.26972897]), array([0.47548016, 0.40402523, 0.53190611, 0.44887132, 0.6400596 ,
       0.33076523, 0.65555332, 0.44720072, 0.35649504, 0.2887519 ]), array([0.46987674, 0.40577488, 0.52092633, 0.45093433, 0.6415726 ,
       0.36698472, 0.65641114, 0.5004413 , 0.36147468, 0.29150388]), array([0.47586698, 0.42040303, 0.53316216, 0.44586161, 0.64417419,
       0.37670998, 0.65539196, 0.42762203, 0.30645103, 0.28220259])]
real metric: [array([0.46744931, 0.52052239, 0.40219629, 0.28549734, 0.40997567,
       0.10513141, 0.43322981, 0.09139785, 0.22222222, 0.14025974]), array([0.43574594, 0.46698565, 0.41292876, 0.28215121, 0.40462428,
       0.11068211, 0.43637753, 0.07202216, 0.21201413, 0.124834  ]), array([0.4566108 , 0.52889667, 0.40435671, 0.28158295, 0.42571785,
       0.13491124, 0.45043023, 0.05502063, 0.23346304, 0.14507772]), array([0.45540247, 0.48729185, 0.42966752, 0.27713626, 0.42001235,
       0.08481532, 0.45948012, 0.07869742, 0.22991347, 0.12947658]), array([0.42756052, 0.49177331, 0.41486486, 0.28821656, 0.40745052,
       0.08905852, 0.45283019, 0.08443272, 0.19339623, 0.1311054 ])]

estim_algorithm = ts-model, mode = classification, metric = f1score, confidence_scores = doctor-conf, class_specific = False
test err: [0.3141873937895988, 0.31330968285235683, 0.3051209031842198, 0.32192754861018213, 0.3186535257793935]
estimated metric: [array([0.71612601, 0.62303034, 0.61830563, 0.5808568 , 0.62426013,
       0.55714277, 0.68151181, 0.55438017, 0.67330294, 0.59083937]), array([0.71384364, 0.6036565 , 0.61713731, 0.57130137, 0.63111476,
       0.53964846, 0.685235  , 0.43404428, 0.67865118, 0.6168301 ]), array([0.71763931, 0.59333037, 0.61159306, 0.57723965, 0.63619211,
       0.51369196, 0.68217674, 0.52630187, 0.68681834, 0.62229348]), array([0.71371669, 0.59331521, 0.60273277, 0.57552348, 0.64007259,
       0.56146847, 0.6850039 , 0.58504845, 0.686197  , 0.62809029]), array([0.72029028, 0.60978851, 0.6125229 , 0.57167742, 0.64038911,
       0.56570348, 0.68354003, 0.50673326, 0.63489326, 0.62168584])]
real metric: [array([0.46744931, 0.52052239, 0.40219629, 0.28549734, 0.40997567,
       0.10513141, 0.43322981, 0.09139785, 0.22222222, 0.14025974]), array([0.43574594, 0.46698565, 0.41292876, 0.28215121, 0.40462428,
       0.11068211, 0.43637753, 0.07202216, 0.21201413, 0.124834  ]), array([0.4566108 , 0.52889667, 0.40435671, 0.28158295, 0.42571785,
       0.13491124, 0.45043023, 0.05502063, 0.23346304, 0.14507772]), array([0.45540247, 0.48729185, 0.42966752, 0.27713626, 0.42001235,
       0.08481532, 0.45948012, 0.07869742, 0.22991347, 0.12947658]), array([0.42756052, 0.49177331, 0.41486486, 0.28821656, 0.40745052,
       0.08905852, 0.45283019, 0.08443272, 0.19339623, 0.1311054 ])]

estim_algorithm = ts-model, mode = classification, metric = f1score, confidence_scores = doctor-conf, class_specific = True
test err: [0.1763616708491155, 0.16858998893572913, 0.174866549789137, 0.18224817182994507, 0.1760127428355221]
estimated metric: [array([0.47529632, 0.44536106, 0.56099317, 0.47030052, 0.6426314 ,
       0.3786287 , 0.66145987, 0.47220231, 0.33948022, 0.24482251]), array([0.47217159, 0.42314243, 0.55898336, 0.45879588, 0.64881417,
       0.36005313, 0.66563128, 0.36843397, 0.35376083, 0.24679259]), array([0.47814658, 0.41793963, 0.5542155 , 0.46491382, 0.65355378,
       0.33545322, 0.6623929 , 0.44995406, 0.35528079, 0.27096899]), array([0.47261463, 0.41950183, 0.54475776, 0.46612913, 0.65683501,
       0.37507283, 0.66527498, 0.50505881, 0.36043436, 0.27311569]), array([0.47926402, 0.43411675, 0.55488912, 0.46097007, 0.65708094,
       0.3804488 , 0.66354178, 0.43180269, 0.30090725, 0.26248172])]
real metric: [array([0.46744931, 0.52052239, 0.40219629, 0.28549734, 0.40997567,
       0.10513141, 0.43322981, 0.09139785, 0.22222222, 0.14025974]), array([0.43574594, 0.46698565, 0.41292876, 0.28215121, 0.40462428,
       0.11068211, 0.43637753, 0.07202216, 0.21201413, 0.124834  ]), array([0.4566108 , 0.52889667, 0.40435671, 0.28158295, 0.42571785,
       0.13491124, 0.45043023, 0.05502063, 0.23346304, 0.14507772]), array([0.45540247, 0.48729185, 0.42966752, 0.27713626, 0.42001235,
       0.08481532, 0.45948012, 0.07869742, 0.22991347, 0.12947658]), array([0.42756052, 0.49177331, 0.41486486, 0.28821656, 0.40745052,
       0.08905852, 0.45283019, 0.08443272, 0.19339623, 0.1311054 ])]

estim_algorithm = doc-model, mode = classification, metric = f1score, confidence_scores = max_class_probability-conf, class_specific = False
test err: [0.42164421667026186, 0.4284862863064913, 0.41675496077880786, 0.4240562547828518, 0.4303767687369926]
estimated metric: [array([0.81188638, 0.75497043, 0.71663941, 0.70331592, 0.73878512,
       0.69287481, 0.77489817, 0.71436097, 0.69741823, 0.68917475]), array([0.80754522, 0.75208137, 0.72793158, 0.70867753, 0.73934184,
       0.68979209, 0.77949374, 0.62629512, 0.71773843, 0.6943317 ]), array([0.80896724, 0.74724461, 0.7212834 , 0.70639442, 0.74183294,
       0.66408134, 0.78130275, 0.71071393, 0.70939098, 0.69240583]), array([0.80454485, 0.74517752, 0.71025165, 0.70508701, 0.75062322,
       0.66524152, 0.77627749, 0.7167366 , 0.72203509, 0.69648097]), array([0.81143509, 0.75454045, 0.7272964 , 0.69876458, 0.74570591,
       0.70217966, 0.77690649, 0.692622  , 0.68591001, 0.68909592])]
real metric: [array([0.46744931, 0.52052239, 0.40219629, 0.28549734, 0.40997567,
       0.10513141, 0.43322981, 0.09139785, 0.22222222, 0.14025974]), array([0.43574594, 0.46698565, 0.41292876, 0.28215121, 0.40462428,
       0.11068211, 0.43637753, 0.07202216, 0.21201413, 0.124834  ]), array([0.4566108 , 0.52889667, 0.40435671, 0.28158295, 0.42571785,
       0.13491124, 0.45043023, 0.05502063, 0.23346304, 0.14507772]), array([0.45540247, 0.48729185, 0.42966752, 0.27713626, 0.42001235,
       0.08481532, 0.45948012, 0.07869742, 0.22991347, 0.12947658]), array([0.42756052, 0.49177331, 0.41486486, 0.28821656, 0.40745052,
       0.08905852, 0.45283019, 0.08443272, 0.19339623, 0.1311054 ])]

estim_algorithm = doc-model, mode = classification, metric = f1score, confidence_scores = max_class_probability-conf, class_specific = True
test err: [0.27706833870033, 0.284929457324126, 0.27289990849062945, 0.28033076933468826, 0.2856222844084786]
estimated metric: [array([0.61158149, 0.69146351, 0.6304892 , 0.52750655, 0.71794443,
       0.53317411, 0.73886289, 0.59619456, 0.37927116, 0.42207754]), array([0.60687707, 0.68825768, 0.64344849, 0.53579882, 0.71854132,
       0.53204845, 0.74373225, 0.49329381, 0.41405049, 0.43161196]), array([0.60903577, 0.68308238, 0.63578731, 0.5313901 , 0.72109368,
       0.50131724, 0.74564898, 0.59184516, 0.39154741, 0.4343189 ]), array([0.60246623, 0.68076285, 0.62335124, 0.52996318, 0.7301751 ,
       0.49777573, 0.7403455 , 0.60148551, 0.41425479, 0.43462095]), array([0.61167215, 0.69102602, 0.64276777, 0.52258807, 0.72509519,
       0.54550373, 0.74100928, 0.57253869, 0.36055122, 0.42415957])]
real metric: [array([0.46744931, 0.52052239, 0.40219629, 0.28549734, 0.40997567,
       0.10513141, 0.43322981, 0.09139785, 0.22222222, 0.14025974]), array([0.43574594, 0.46698565, 0.41292876, 0.28215121, 0.40462428,
       0.11068211, 0.43637753, 0.07202216, 0.21201413, 0.124834  ]), array([0.4566108 , 0.52889667, 0.40435671, 0.28158295, 0.42571785,
       0.13491124, 0.45043023, 0.05502063, 0.23346304, 0.14507772]), array([0.45540247, 0.48729185, 0.42966752, 0.27713626, 0.42001235,
       0.08481532, 0.45948012, 0.07869742, 0.22991347, 0.12947658]), array([0.42756052, 0.49177331, 0.41486486, 0.28821656, 0.40745052,
       0.08905852, 0.45283019, 0.08443272, 0.19339623, 0.1311054 ])]

estim_algorithm = doc-model, mode = classification, metric = f1score, confidence_scores = energy-conf, class_specific = False
test err: [0.3984881074369687, 0.405830534202061, 0.3932322865817631, 0.4032756361386163, 0.40623290170017634]
estimated metric: [array([0.74584205, 0.70919174, 0.7014453 , 0.68634962, 0.70453946,
       0.68126435, 0.72941614, 0.67888408, 0.7293449 , 0.69648548]), array([0.74427819, 0.70073787, 0.70057478, 0.68176901, 0.70674709,
       0.67252479, 0.73257852, 0.64075842, 0.73548197, 0.70122047]), array([0.7470065 , 0.69799508, 0.69873359, 0.68428659, 0.71011409,
       0.66297587, 0.73125602, 0.67061074, 0.73632395, 0.70908829]), array([0.74425859, 0.69866855, 0.69363542, 0.68489538, 0.71154183,
       0.67784208, 0.73252371, 0.69165715, 0.73920818, 0.71041884]), array([0.74747267, 0.70527076, 0.69974665, 0.68271481, 0.71215658,
       0.68171429, 0.73122734, 0.66610544, 0.71071336, 0.70589596])]
real metric: [array([0.46744931, 0.52052239, 0.40219629, 0.28549734, 0.40997567,
       0.10513141, 0.43322981, 0.09139785, 0.22222222, 0.14025974]), array([0.43574594, 0.46698565, 0.41292876, 0.28215121, 0.40462428,
       0.11068211, 0.43637753, 0.07202216, 0.21201413, 0.124834  ]), array([0.4566108 , 0.52889667, 0.40435671, 0.28158295, 0.42571785,
       0.13491124, 0.45043023, 0.05502063, 0.23346304, 0.14507772]), array([0.45540247, 0.48729185, 0.42966752, 0.27713626, 0.42001235,
       0.08481532, 0.45948012, 0.07869742, 0.22991347, 0.12947658]), array([0.42756052, 0.49177331, 0.41486486, 0.28821656, 0.40745052,
       0.08905852, 0.45283019, 0.08443272, 0.19339623, 0.1311054 ])]

estim_algorithm = doc-model, mode = classification, metric = f1score, confidence_scores = energy-conf, class_specific = True
test err: [0.22931452581249795, 0.23624296692939936, 0.22436384014657226, 0.23536041649720268, 0.23625015251034856]
estimated metric: [array([0.53280868, 0.55001207, 0.6309828 , 0.54411403, 0.7045668 ,
       0.48442455, 0.70628174, 0.56936639, 0.36951227, 0.27895799]), array([0.53060759, 0.53897051, 0.62997113, 0.53848566, 0.70677434,
       0.47286984, 0.70959017, 0.52455044, 0.38177326, 0.2872025 ]), array([0.53437297, 0.535813  , 0.62792426, 0.54157963, 0.71014119,
       0.46021887, 0.70815137, 0.55965948, 0.38098591, 0.30085957]), array([0.53055518, 0.53613078, 0.62225938, 0.54232761, 0.71156887,
       0.47990264, 0.70953895, 0.58433296, 0.3857172 , 0.30316396]), array([0.53498667, 0.54530326, 0.6290751 , 0.53964815, 0.7121836 ,
       0.48501881, 0.70816822, 0.55436926, 0.33911268, 0.29532463])]
real metric: [array([0.46744931, 0.52052239, 0.40219629, 0.28549734, 0.40997567,
       0.10513141, 0.43322981, 0.09139785, 0.22222222, 0.14025974]), array([0.43574594, 0.46698565, 0.41292876, 0.28215121, 0.40462428,
       0.11068211, 0.43637753, 0.07202216, 0.21201413, 0.124834  ]), array([0.4566108 , 0.52889667, 0.40435671, 0.28158295, 0.42571785,
       0.13491124, 0.45043023, 0.05502063, 0.23346304, 0.14507772]), array([0.45540247, 0.48729185, 0.42966752, 0.27713626, 0.42001235,
       0.08481532, 0.45948012, 0.07869742, 0.22991347, 0.12947658]), array([0.42756052, 0.49177331, 0.41486486, 0.28821656, 0.40745052,
       0.08905852, 0.45283019, 0.08443272, 0.19339623, 0.1311054 ])]

estim_algorithm = doc-model, mode = classification, metric = f1score, confidence_scores = entropy-conf, class_specific = False
test err: [0.4072432029151381, 0.41302848989063873, 0.4010329644797405, 0.4108283485808107, 0.4174579224496802]
estimated metric: [array([0.80222713, 0.74068463, 0.70623537, 0.68615357, 0.7228711 ,
       0.66863177, 0.7633745 , 0.68845198, 0.70291207, 0.66877196]), array([0.79881794, 0.73668322, 0.71191128, 0.68697742, 0.72294764,
       0.66102855, 0.76551838, 0.59850887, 0.71329812, 0.69295924]), array([0.80014345, 0.72449655, 0.70766049, 0.68977332, 0.72864217,
       0.63607716, 0.76792473, 0.67455765, 0.71258375, 0.68453822]), array([0.79622204, 0.72451264, 0.69822012, 0.68587928, 0.73554328,
       0.65958114, 0.76446427, 0.69090469, 0.71926436, 0.68558503]), array([0.80214949, 0.73806943, 0.7124867 , 0.68180645, 0.73302138,
       0.67611601, 0.76479733, 0.67315329, 0.68841438, 0.68525361])]
real metric: [array([0.46744931, 0.52052239, 0.40219629, 0.28549734, 0.40997567,
       0.10513141, 0.43322981, 0.09139785, 0.22222222, 0.14025974]), array([0.43574594, 0.46698565, 0.41292876, 0.28215121, 0.40462428,
       0.11068211, 0.43637753, 0.07202216, 0.21201413, 0.124834  ]), array([0.4566108 , 0.52889667, 0.40435671, 0.28158295, 0.42571785,
       0.13491124, 0.45043023, 0.05502063, 0.23346304, 0.14507772]), array([0.45540247, 0.48729185, 0.42966752, 0.27713626, 0.42001235,
       0.08481532, 0.45948012, 0.07869742, 0.22991347, 0.12947658]), array([0.42756052, 0.49177331, 0.41486486, 0.28821656, 0.40745052,
       0.08905852, 0.45283019, 0.08443272, 0.19339623, 0.1311054 ])]

estim_algorithm = doc-model, mode = classification, metric = f1score, confidence_scores = entropy-conf, class_specific = True
test err: [0.2595328412890335, 0.26575194956540554, 0.2537562763025049, 0.26404910013182337, 0.27020853316915533]
estimated metric: [array([0.59880248, 0.66934727, 0.61976021, 0.51516367, 0.70448895,
       0.49721104, 0.72860256, 0.57719334, 0.38279228, 0.37984865]), array([0.59488439, 0.66533933, 0.62632662, 0.51762575, 0.70458676,
       0.49027582, 0.73085943, 0.47199039, 0.40170645, 0.41229032]), array([0.59742908, 0.65181497, 0.6213708 , 0.51958173, 0.71042696,
       0.4620882 , 0.73341749, 0.55785461, 0.39438957, 0.40525718]), array([0.59167894, 0.65162006, 0.6106822 , 0.51517213, 0.71754598,
       0.48438466, 0.72979683, 0.58080607, 0.40787784, 0.40281966]), array([0.59921343, 0.66675719, 0.62713815, 0.51055198, 0.71497418,
       0.51049834, 0.73014636, 0.5592593 , 0.35915808, 0.40507716])]
real metric: [array([0.46744931, 0.52052239, 0.40219629, 0.28549734, 0.40997567,
       0.10513141, 0.43322981, 0.09139785, 0.22222222, 0.14025974]), array([0.43574594, 0.46698565, 0.41292876, 0.28215121, 0.40462428,
       0.11068211, 0.43637753, 0.07202216, 0.21201413, 0.124834  ]), array([0.4566108 , 0.52889667, 0.40435671, 0.28158295, 0.42571785,
       0.13491124, 0.45043023, 0.05502063, 0.23346304, 0.14507772]), array([0.45540247, 0.48729185, 0.42966752, 0.27713626, 0.42001235,
       0.08481532, 0.45948012, 0.07869742, 0.22991347, 0.12947658]), array([0.42756052, 0.49177331, 0.41486486, 0.28821656, 0.40745052,
       0.08905852, 0.45283019, 0.08443272, 0.19339623, 0.1311054 ])]

estim_algorithm = doc-model, mode = classification, metric = f1score, confidence_scores = doctor-conf, class_specific = False
test err: [0.44025448918083043, 0.44797488406543706, 0.43437654289240546, 0.44290110464811594, 0.4507756691718209]
estimated metric: [array([0.81338337, 0.76603048, 0.74074921, 0.7288321 , 0.75708189,
       0.70996875, 0.78424862, 0.72522491, 0.73334087, 0.72156672]), array([0.8090216 , 0.75987032, 0.74905998, 0.73042388, 0.75756985,
       0.71155657, 0.78910337, 0.65382953, 0.74235118, 0.73532832]), array([0.80936142, 0.7529648 , 0.74292096, 0.73414166, 0.75907283,
       0.67937167, 0.78984649, 0.71796443, 0.74716307, 0.72702594]), array([0.80656265, 0.75479287, 0.73620694, 0.73039715, 0.76780038,
       0.69724915, 0.78601032, 0.72356346, 0.7504597 , 0.72786181]), array([0.81211318, 0.76366106, 0.748836  , 0.72262542, 0.76230525,
       0.70936364, 0.7863769 , 0.72828139, 0.72638551, 0.72849717])]
real metric: [array([0.46744931, 0.52052239, 0.40219629, 0.28549734, 0.40997567,
       0.10513141, 0.43322981, 0.09139785, 0.22222222, 0.14025974]), array([0.43574594, 0.46698565, 0.41292876, 0.28215121, 0.40462428,
       0.11068211, 0.43637753, 0.07202216, 0.21201413, 0.124834  ]), array([0.4566108 , 0.52889667, 0.40435671, 0.28158295, 0.42571785,
       0.13491124, 0.45043023, 0.05502063, 0.23346304, 0.14507772]), array([0.45540247, 0.48729185, 0.42966752, 0.27713626, 0.42001235,
       0.08481532, 0.45948012, 0.07869742, 0.22991347, 0.12947658]), array([0.42756052, 0.49177331, 0.41486486, 0.28821656, 0.40745052,
       0.08905852, 0.45283019, 0.08443272, 0.19339623, 0.1311054 ])]

estim_algorithm = doc-model, mode = classification, metric = f1score, confidence_scores = doctor-conf, class_specific = True
test err: [0.301324099811602, 0.30950211819071954, 0.2959298826590794, 0.30434329330337195, 0.3121454212433653]
estimated metric: [array([0.61772219, 0.71455585, 0.65582777, 0.55632353, 0.73676291,
       0.55383105, 0.75246809, 0.61947705, 0.42391971, 0.46023489]), array([0.61304313, 0.70815782, 0.66542144, 0.55984446, 0.73726641,
       0.5572134 , 0.75747454, 0.53436278, 0.44270265, 0.47790032]), array([0.61435803, 0.7012324 , 0.65831018, 0.56187953, 0.73881851,
       0.52415515, 0.75823871, 0.6031599 , 0.44178591, 0.47342836]), array([0.60974908, 0.70317756, 0.65057483, 0.55805967, 0.74776783,
       0.53797493, 0.75427696, 0.61456381, 0.44898814, 0.47019349]), array([0.61663619, 0.71255146, 0.66517876, 0.54964373, 0.74228482,
       0.55694318, 0.75454773, 0.61812678, 0.41461117, 0.47161923])]
real metric: [array([0.46744931, 0.52052239, 0.40219629, 0.28549734, 0.40997567,
       0.10513141, 0.43322981, 0.09139785, 0.22222222, 0.14025974]), array([0.43574594, 0.46698565, 0.41292876, 0.28215121, 0.40462428,
       0.11068211, 0.43637753, 0.07202216, 0.21201413, 0.124834  ]), array([0.4566108 , 0.52889667, 0.40435671, 0.28158295, 0.42571785,
       0.13491124, 0.45043023, 0.05502063, 0.23346304, 0.14507772]), array([0.45540247, 0.48729185, 0.42966752, 0.27713626, 0.42001235,
       0.08481532, 0.45948012, 0.07869742, 0.22991347, 0.12947658]), array([0.42756052, 0.49177331, 0.41486486, 0.28821656, 0.40745052,
       0.08905852, 0.45283019, 0.08443272, 0.19339623, 0.1311054 ])]

estim_algorithm = atc-model, mode = classification, metric = f1score, confidence_scores = max_class_probability-conf, class_specific = False
test err: [0.20429895754808142, 0.20194293650429912, 0.18213006200463416, 0.21519952378761684, 0.20978851145971836]
estimated metric: [array([0.7753304 , 0.61163228, 0.46825397, 0.40201006, 0.54153847,
       0.43010759, 0.66619469, 0.5000001 , 0.43312106, 0.29268301]), array([0.77205661, 0.61448142, 0.48802947, 0.44207724, 0.52449134,
       0.3404256 , 0.66086351, 0.27777798, 0.47204972, 0.38554224]), array([0.77413423, 0.57931035, 0.48638498, 0.40108402, 0.55204318,
       0.38181824, 0.66964593, 0.38709697, 0.36241615, 0.34343441]), array([0.76009644, 0.5882353 , 0.45594914, 0.39554318, 0.5585997 ,
       0.34210535, 0.66099894, 0.59090918, 0.46590912, 0.38554224]), array([0.77011148, 0.6142596 , 0.49953228, 0.42416108, 0.58557285,
       0.51485153, 0.66382677, 0.31818197, 0.36708865, 0.32098774])]
real metric: [array([0.46744931, 0.52052239, 0.40219629, 0.28549734, 0.40997567,
       0.10513141, 0.43322981, 0.09139785, 0.22222222, 0.14025974]), array([0.43574594, 0.46698565, 0.41292876, 0.28215121, 0.40462428,
       0.11068211, 0.43637753, 0.07202216, 0.21201413, 0.124834  ]), array([0.4566108 , 0.52889667, 0.40435671, 0.28158295, 0.42571785,
       0.13491124, 0.45043023, 0.05502063, 0.23346304, 0.14507772]), array([0.45540247, 0.48729185, 0.42966752, 0.27713626, 0.42001235,
       0.08481532, 0.45948012, 0.07869742, 0.22991347, 0.12947658]), array([0.42756052, 0.49177331, 0.41486486, 0.28821656, 0.40745052,
       0.08905852, 0.45283019, 0.08443272, 0.19339623, 0.1311054 ])]

estim_algorithm = atc-model, mode = classification, metric = f1score, confidence_scores = max_class_probability-conf, class_specific = True
test err: [0.08446134121958701, 0.0673514466187863, 0.08949119216999575, 0.10965212804119433, 0.09259745601960015]
estimated metric: [array([0.44866072, 0.28306266, 0.41641026, 0.27875508, 0.52680653,
       0.15189884, 0.58505445, 0.2272729 , 0.16417917, 0.08219191]), array([0.43394777, 0.23000002, 0.41505792, 0.27433629, 0.51102662,
       0.05000012, 0.56919643, 0.12121239, 0.150376  , 0.13888901]), array([0.45976127, 0.24307038, 0.39761432, 0.28985508, 0.53965786,
       0.10638307, 0.59119039, 0.21428599, 0.09375007, 0.13636373]), array([0.45686422, 0.25056949, 0.36381136, 0.27286358, 0.54307693,
       0.14705895, 0.58214554, 0.41025656, 0.12500006, 0.08571442]), array([0.4602037 , 0.26940641, 0.41970444, 0.31079138, 0.56938484,
       0.17073181, 0.59447349, 0.15000021, 0.07462693, 0.05714299])]
real metric: [array([0.46744931, 0.52052239, 0.40219629, 0.28549734, 0.40997567,
       0.10513141, 0.43322981, 0.09139785, 0.22222222, 0.14025974]), array([0.43574594, 0.46698565, 0.41292876, 0.28215121, 0.40462428,
       0.11068211, 0.43637753, 0.07202216, 0.21201413, 0.124834  ]), array([0.4566108 , 0.52889667, 0.40435671, 0.28158295, 0.42571785,
       0.13491124, 0.45043023, 0.05502063, 0.23346304, 0.14507772]), array([0.45540247, 0.48729185, 0.42966752, 0.27713626, 0.42001235,
       0.08481532, 0.45948012, 0.07869742, 0.22991347, 0.12947658]), array([0.42756052, 0.49177331, 0.41486486, 0.28821656, 0.40745052,
       0.08905852, 0.45283019, 0.08443272, 0.19339623, 0.1311054 ])]

estim_algorithm = atc-model, mode = classification, metric = f1score, confidence_scores = energy-conf, class_specific = False
test err: [0.14873436495827347, 0.1249841077273319, 0.14848916416741137, 0.18941798720605518, 0.14699591580744265]
estimated metric: [array([0.63054187, 0.4322034 , 0.40660475, 0.30400001, 0.41471572,
       0.34090917, 0.55853099, 0.30434798, 0.56976747, 0.42696636]), array([0.6301646 , 0.40898878, 0.37907207, 0.27178731, 0.41969331,
       0.18604661, 0.54373344, 0.17647083, 0.60227275, 0.38554224]), array([0.6399184 , 0.40000001, 0.37663646, 0.27737227, 0.45049505,
       0.23762384, 0.55272999, 0.33333356, 0.57309944, 0.43809529]), array([0.6350365 , 0.38993712, 0.3479106 , 0.30837005, 0.44754099,
       0.34210535, 0.54894434, 0.41025656, 0.66336635, 0.49438208]), array([0.64789666, 0.43064183, 0.38955824, 0.2861314 , 0.46390169,
       0.31460682, 0.54165052, 0.19512215, 0.48235297, 0.52173918])]
real metric: [array([0.46744931, 0.52052239, 0.40219629, 0.28549734, 0.40997567,
       0.10513141, 0.43322981, 0.09139785, 0.22222222, 0.14025974]), array([0.43574594, 0.46698565, 0.41292876, 0.28215121, 0.40462428,
       0.11068211, 0.43637753, 0.07202216, 0.21201413, 0.124834  ]), array([0.4566108 , 0.52889667, 0.40435671, 0.28158295, 0.42571785,
       0.13491124, 0.45043023, 0.05502063, 0.23346304, 0.14507772]), array([0.45540247, 0.48729185, 0.42966752, 0.27713626, 0.42001235,
       0.08481532, 0.45948012, 0.07869742, 0.22991347, 0.12947658]), array([0.42756052, 0.49177331, 0.41486486, 0.28821656, 0.40745052,
       0.08905852, 0.45283019, 0.08443272, 0.19339623, 0.1311054 ])]

estim_algorithm = atc-model, mode = classification, metric = f1score, confidence_scores = energy-conf, class_specific = True
test err: [0.09220070739881213, 0.08941733978620033, 0.12423418152642207, 0.11419682343189468, 0.10415943474340605]
estimated metric: [array([0.3432658 , 0.22966509, 0.3798531 , 0.22097903, 0.44078948,
       0.07894749, 0.51653543, 0.2272729 , 0.1363637 , 0.08219191]), array([0.3197363 , 0.18461541, 0.35635636, 0.1916538 , 0.442323  ,
       0.07407419, 0.5052468 , 0.17647083, 0.17777784, 0.05797115]), array([0.33887043, 0.19298247, 0.35342187, 0.19018406, 0.47564935,
       0.02222233, 0.51039261, 0.27586232, 0.15151522, 0.0240965 ]), array([0.32764228, 0.22222224, 0.32015811, 0.22496149, 0.47749197,
       0.06153861, 0.50887574, 0.41025656, 0.17567573, 0.05797115]), array([3.34557326e-01, 2.20657295e-01, 3.58239515e-01, 2.15805483e-01,
       4.92840999e-01, 1.48148253e-01, 5.10486745e-01, 1.95122148e-01,
       8.88889564e-02, 1.47058802e-07])]
real metric: [array([0.46744931, 0.52052239, 0.40219629, 0.28549734, 0.40997567,
       0.10513141, 0.43322981, 0.09139785, 0.22222222, 0.14025974]), array([0.43574594, 0.46698565, 0.41292876, 0.28215121, 0.40462428,
       0.11068211, 0.43637753, 0.07202216, 0.21201413, 0.124834  ]), array([0.4566108 , 0.52889667, 0.40435671, 0.28158295, 0.42571785,
       0.13491124, 0.45043023, 0.05502063, 0.23346304, 0.14507772]), array([0.45540247, 0.48729185, 0.42966752, 0.27713626, 0.42001235,
       0.08481532, 0.45948012, 0.07869742, 0.22991347, 0.12947658]), array([0.42756052, 0.49177331, 0.41486486, 0.28821656, 0.40745052,
       0.08905852, 0.45283019, 0.08443272, 0.19339623, 0.1311054 ])]

estim_algorithm = atc-model, mode = classification, metric = f1score, confidence_scores = entropy-conf, class_specific = False
test err: [0.201047164492805, 0.19235314414799182, 0.17958706799522042, 0.21255571522902886, 0.20631270247415148]
estimated metric: [array([0.77244628, 0.5931559 , 0.47128713, 0.3959647 , 0.53250774,
       0.43010759, 0.65716322, 0.5000001 , 0.44303801, 0.29268301]), array([0.77205661, 0.61448142, 0.48942043, 0.43582888, 0.51778956,
       0.32258072, 0.65383269, 0.22857165, 0.48148151, 0.36585374]), array([0.76923077, 0.57439447, 0.48638498, 0.39673914, 0.54756381,
       0.36697254, 0.66228828, 0.38709697, 0.39473688, 0.32653068]), array([0.7570997 , 0.5882353 , 0.45031906, 0.38202248, 0.55087988,
       0.34210535, 0.65576103, 0.59090918, 0.4745763 , 0.38554224]), array([0.76751208, 0.62431943, 0.49812735, 0.41991925, 0.57853589,
       0.50000005, 0.65954416, 0.31818197, 0.35668794, 0.32098774])]
real metric: [array([0.46744931, 0.52052239, 0.40219629, 0.28549734, 0.40997567,
       0.10513141, 0.43322981, 0.09139785, 0.22222222, 0.14025974]), array([0.43574594, 0.46698565, 0.41292876, 0.28215121, 0.40462428,
       0.11068211, 0.43637753, 0.07202216, 0.21201413, 0.124834  ]), array([0.4566108 , 0.52889667, 0.40435671, 0.28158295, 0.42571785,
       0.13491124, 0.45043023, 0.05502063, 0.23346304, 0.14507772]), array([0.45540247, 0.48729185, 0.42966752, 0.27713626, 0.42001235,
       0.08481532, 0.45948012, 0.07869742, 0.22991347, 0.12947658]), array([0.42756052, 0.49177331, 0.41486486, 0.28821656, 0.40745052,
       0.08905852, 0.45283019, 0.08443272, 0.19339623, 0.1311054 ])]

estim_algorithm = atc-model, mode = classification, metric = f1score, confidence_scores = entropy-conf, class_specific = True
test err: [0.0859075148073889, 0.07022618406387282, 0.08947539484346552, 0.10824695837393539, 0.09574864147477391]
estimated metric: [array([0.44402985, 0.28306266, 0.40660475, 0.27173914, 0.51875   ,
       0.15189884, 0.59192825, 0.2272729 , 0.150376  , 0.08219191]), array([0.42912173, 0.23441398, 0.40272374, 0.25633384, 0.50534352,
       0.05000012, 0.57713652, 0.12121239, 0.150376  , 0.13888901]), array([0.45619452, 0.24307038, 0.38800001, 0.27988339, 0.53510141,
       0.10638307, 0.59528131, 0.21428599, 0.09375007, 0.13636373]), array([0.44871795, 0.25056949, 0.35430785, 0.26244345, 0.53745174,
       0.11940312, 0.59007833, 0.41025656, 0.11188817, 0.11267618]), array([0.45554295, 0.26940641, 0.41188119, 0.30101303, 0.56527977,
       0.17073181, 0.60126347, 0.19512215, 0.07462693, 0.05714299])]
real metric: [array([0.46744931, 0.52052239, 0.40219629, 0.28549734, 0.40997567,
       0.10513141, 0.43322981, 0.09139785, 0.22222222, 0.14025974]), array([0.43574594, 0.46698565, 0.41292876, 0.28215121, 0.40462428,
       0.11068211, 0.43637753, 0.07202216, 0.21201413, 0.124834  ]), array([0.4566108 , 0.52889667, 0.40435671, 0.28158295, 0.42571785,
       0.13491124, 0.45043023, 0.05502063, 0.23346304, 0.14507772]), array([0.45540247, 0.48729185, 0.42966752, 0.27713626, 0.42001235,
       0.08481532, 0.45948012, 0.07869742, 0.22991347, 0.12947658]), array([0.42756052, 0.49177331, 0.41486486, 0.28821656, 0.40745052,
       0.08905852, 0.45283019, 0.08443272, 0.19339623, 0.1311054 ])]

estim_algorithm = atc-model, mode = classification, metric = f1score, confidence_scores = doctor-conf, class_specific = False
test err: [0.20392183258617336, 0.1998999065164503, 0.18227980724115678, 0.2148558801117794, 0.20892450782378144]
estimated metric: [array([0.77568996, 0.60902256, 0.46673288, 0.40201006, 0.54153847,
       0.43010759, 0.66619469, 0.5000001 , 0.43312106, 0.29268301]), array([0.77242625, 0.61176471, 0.48802947, 0.44414894, 0.52449134,
       0.3404256 , 0.66039708, 0.27777798, 0.47204972, 0.36585374]), array([0.77262964, 0.58419245, 0.48496241, 0.40108402, 0.55204318,
       0.38181824, 0.66918845, 0.38709697, 0.36241615, 0.34343441]), array([0.76047002, 0.5882353 , 0.45594914, 0.39330545, 0.55750191,
       0.34210535, 0.66052445, 0.59090918, 0.46590912, 0.38554224]), array([0.77011148, 0.61678833, 0.49812735, 0.42627347, 0.58457184,
       0.51485153, 0.66335227, 0.31818197, 0.35668794, 0.32098774])]
real metric: [array([0.46744931, 0.52052239, 0.40219629, 0.28549734, 0.40997567,
       0.10513141, 0.43322981, 0.09139785, 0.22222222, 0.14025974]), array([0.43574594, 0.46698565, 0.41292876, 0.28215121, 0.40462428,
       0.11068211, 0.43637753, 0.07202216, 0.21201413, 0.124834  ]), array([0.4566108 , 0.52889667, 0.40435671, 0.28158295, 0.42571785,
       0.13491124, 0.45043023, 0.05502063, 0.23346304, 0.14507772]), array([0.45540247, 0.48729185, 0.42966752, 0.27713626, 0.42001235,
       0.08481532, 0.45948012, 0.07869742, 0.22991347, 0.12947658]), array([0.42756052, 0.49177331, 0.41486486, 0.28821656, 0.40745052,
       0.08905852, 0.45283019, 0.08443272, 0.19339623, 0.1311054 ])]

estim_algorithm = atc-model, mode = classification, metric = f1score, confidence_scores = doctor-conf, class_specific = True
test err: [0.08372933923805492, 0.06697860637321791, 0.08855047198411796, 0.10898316395459233, 0.0916341184703388]
estimated metric: [array([0.44866072, 0.28306266, 0.41641026, 0.27642277, 0.51875   ,
       0.15189884, 0.58345865, 0.2272729 , 0.16417917, 0.08219191]), array([0.43514966, 0.23000002, 0.41505792, 0.27178731, 0.5064836 ,
       0.05000012, 0.56866394, 0.12121239, 0.150376  , 0.13888901]), array([0.46153846, 0.24307038, 0.39761432, 0.28488373, 0.53395785,
       0.10638307, 0.59067735, 0.21428599, 0.09375007, 0.13636373]), array([0.45686422, 0.25056949, 0.36381136, 0.27286358, 0.53745174,
       0.14705895, 0.58108108, 0.41025656, 0.12500006, 0.08571442]), array([0.4602037 , 0.26940641, 0.41970444, 0.30835736, 0.56218548,
       0.17073181, 0.59447349, 0.15000021, 0.07462693, 0.05714299])]
real metric: [array([0.46744931, 0.52052239, 0.40219629, 0.28549734, 0.40997567,
       0.10513141, 0.43322981, 0.09139785, 0.22222222, 0.14025974]), array([0.43574594, 0.46698565, 0.41292876, 0.28215121, 0.40462428,
       0.11068211, 0.43637753, 0.07202216, 0.21201413, 0.124834  ]), array([0.4566108 , 0.52889667, 0.40435671, 0.28158295, 0.42571785,
       0.13491124, 0.45043023, 0.05502063, 0.23346304, 0.14507772]), array([0.45540247, 0.48729185, 0.42966752, 0.27713626, 0.42001235,
       0.08481532, 0.45948012, 0.07869742, 0.22991347, 0.12947658]), array([0.42756052, 0.49177331, 0.41486486, 0.28821656, 0.40745052,
       0.08905852, 0.45283019, 0.08443272, 0.19339623, 0.1311054 ])]

estim_algorithm = ts-atc-model, mode = classification, metric = f1score, confidence_scores = max_class_probability-conf, class_specific = False
test err: [0.14752567685104476, 0.1442776355955196, 0.13088212578506228, 0.18652304932115743, 0.15807253225279208]
estimated metric: [array([0.72632865, 0.52589642, 0.44040405, 0.35446314, 0.47219984,
       0.34090917, 0.61164333, 0.30434798, 0.52694614, 0.25000009]), array([0.72919913, 0.51572328, 0.43767841, 0.32857144, 0.46671888,
       0.26666675, 0.60348584, 0.12121239, 0.58620692, 0.34567909]), array([0.73015873, 0.50453721, 0.42270059, 0.34965036, 0.49639712,
       0.27184473, 0.61190818, 0.21428599, 0.46540884, 0.30927842]), array([0.72116879, 0.49706459, 0.394712  , 0.31824819, 0.49443562,
       0.36363645, 0.60207101, 0.52380964, 0.58638746, 0.34567909]), array([0.73151026, 0.53384914, 0.44120506, 0.34647888, 0.53157122,
       0.38709684, 0.61311717, 0.27906994, 0.39751557, 0.30000009])]
real metric: [array([0.46744931, 0.52052239, 0.40219629, 0.28549734, 0.40997567,
       0.10513141, 0.43322981, 0.09139785, 0.22222222, 0.14025974]), array([0.43574594, 0.46698565, 0.41292876, 0.28215121, 0.40462428,
       0.11068211, 0.43637753, 0.07202216, 0.21201413, 0.124834  ]), array([0.4566108 , 0.52889667, 0.40435671, 0.28158295, 0.42571785,
       0.13491124, 0.45043023, 0.05502063, 0.23346304, 0.14507772]), array([0.45540247, 0.48729185, 0.42966752, 0.27713626, 0.42001235,
       0.08481532, 0.45948012, 0.07869742, 0.22991347, 0.12947658]), array([0.42756052, 0.49177331, 0.41486486, 0.28821656, 0.40745052,
       0.08905852, 0.45283019, 0.08443272, 0.19339623, 0.1311054 ])]

estim_algorithm = ts-atc-model, mode = classification, metric = f1score, confidence_scores = max_class_probability-conf, class_specific = True
test err: [0.09855032469253774, 0.08159048532230301, 0.10635416442755811, 0.11403367663853978, 0.09682333890798459]
estimated metric: [array([0.36277974, 0.23389023, 0.39166667, 0.22594143, 0.4672595 ,
       0.15189884, 0.54685692, 0.2272729 , 0.1363637 , 0.05555569]), array([0.34362307, 0.20304571, 0.36127745, 0.21646343, 0.45826772,
       0.07407419, 0.52474108, 0.12121239, 0.16417917, 0.05797115]), array([0.37464446, 0.20869567, 0.36012208, 0.22822824, 0.4903537 ,
       0.04395615, 0.54292169, 0.21428599, 0.15151522, 0.07058834]), array([0.36291286, 0.22222224, 0.33822093, 0.24390245, 0.49083666,
       0.06153861, 0.52918288, 0.45000014, 0.15068499, 0.08571442]), array([3.65892717e-01, 2.28971981e-01, 3.66598784e-01, 2.34586478e-01,
       5.25073750e-01, 1.25000109e-01, 5.39953454e-01, 1.50000212e-01,
       8.88889564e-02, 1.47058802e-07])]
real metric: [array([0.46744931, 0.52052239, 0.40219629, 0.28549734, 0.40997567,
       0.10513141, 0.43322981, 0.09139785, 0.22222222, 0.14025974]), array([0.43574594, 0.46698565, 0.41292876, 0.28215121, 0.40462428,
       0.11068211, 0.43637753, 0.07202216, 0.21201413, 0.124834  ]), array([0.4566108 , 0.52889667, 0.40435671, 0.28158295, 0.42571785,
       0.13491124, 0.45043023, 0.05502063, 0.23346304, 0.14507772]), array([0.45540247, 0.48729185, 0.42966752, 0.27713626, 0.42001235,
       0.08481532, 0.45948012, 0.07869742, 0.22991347, 0.12947658]), array([0.42756052, 0.49177331, 0.41486486, 0.28821656, 0.40745052,
       0.08905852, 0.45283019, 0.08443272, 0.19339623, 0.1311054 ])]

estim_algorithm = ts-atc-model, mode = classification, metric = f1score, confidence_scores = energy-conf, class_specific = False
test err: [0.14651494489476685, 0.12542354717507964, 0.14572536788900875, 0.19142512164630954, 0.14062059988795078]
estimated metric: [array([0.638145  , 0.44537816, 0.41152264, 0.29946525, 0.41736228,
       0.34090917, 0.56511805, 0.30434798, 0.56140353, 0.40909098]), array([0.64157229, 0.40898878, 0.37747036, 0.27687777, 0.41969331,
       0.20689664, 0.54703438, 0.17647083, 0.59428574, 0.36585374]), array([0.64956111, 0.40310079, 0.37007078, 0.27988339, 0.44921553,
       0.22000008, 0.55543113, 0.33333356, 0.58139537, 0.40776705]), array([0.64134743, 0.39330545, 0.34630351, 0.30338734, 0.45261438,
       0.32000009, 0.55338691, 0.45000014, 0.65671643, 0.49438208]), array([0.65324975, 0.43711341, 0.3879397 , 0.28362574, 0.46860644,
       0.31460682, 0.54727904, 0.19512215, 0.45508985, 0.47191017])]
real metric: [array([0.46744931, 0.52052239, 0.40219629, 0.28549734, 0.40997567,
       0.10513141, 0.43322981, 0.09139785, 0.22222222, 0.14025974]), array([0.43574594, 0.46698565, 0.41292876, 0.28215121, 0.40462428,
       0.11068211, 0.43637753, 0.07202216, 0.21201413, 0.124834  ]), array([0.4566108 , 0.52889667, 0.40435671, 0.28158295, 0.42571785,
       0.13491124, 0.45043023, 0.05502063, 0.23346304, 0.14507772]), array([0.45540247, 0.48729185, 0.42966752, 0.27713626, 0.42001235,
       0.08481532, 0.45948012, 0.07869742, 0.22991347, 0.12947658]), array([0.42756052, 0.49177331, 0.41486486, 0.28821656, 0.40745052,
       0.08905852, 0.45283019, 0.08443272, 0.19339623, 0.1311054 ])]

estim_algorithm = ts-atc-model, mode = classification, metric = f1score, confidence_scores = energy-conf, class_specific = True
test err: [0.09262492323255252, 0.08880964890665818, 0.12047868246982743, 0.11265316759698296, 0.10412514142517279]
estimated metric: [array([0.34786054, 0.22966509, 0.37644585, 0.2234637 , 0.44462675,
       0.07894749, 0.52061249, 0.2272729 , 0.1363637 , 0.08219191]), array([0.32250103, 0.18925833, 0.35470943, 0.19444446, 0.44479746,
       0.07407419, 0.5052468 , 0.17647083, 0.17777784, 0.05797115]), array([0.34642414, 0.20087338, 0.34496921, 0.20940821, 0.4719284 ,
       0.02222233, 0.51667306, 0.27586232, 0.1654136 , 0.0240965 ]), array([0.33238752, 0.23041476, 0.32512316, 0.23312885, 0.4799358 ,
       0.06153861, 0.51706552, 0.41025656, 0.17567573, 0.05797115]), array([3.40650409e-01, 2.24824374e-01, 3.59918207e-01, 2.18512910e-01,
       4.91704378e-01, 1.48148253e-01, 5.11664692e-01, 1.95122148e-01,
       7.46269347e-02, 1.47058802e-07])]
real metric: [array([0.46744931, 0.52052239, 0.40219629, 0.28549734, 0.40997567,
       0.10513141, 0.43322981, 0.09139785, 0.22222222, 0.14025974]), array([0.43574594, 0.46698565, 0.41292876, 0.28215121, 0.40462428,
       0.11068211, 0.43637753, 0.07202216, 0.21201413, 0.124834  ]), array([0.4566108 , 0.52889667, 0.40435671, 0.28158295, 0.42571785,
       0.13491124, 0.45043023, 0.05502063, 0.23346304, 0.14507772]), array([0.45540247, 0.48729185, 0.42966752, 0.27713626, 0.42001235,
       0.08481532, 0.45948012, 0.07869742, 0.22991347, 0.12947658]), array([0.42756052, 0.49177331, 0.41486486, 0.28821656, 0.40745052,
       0.08905852, 0.45283019, 0.08443272, 0.19339623, 0.1311054 ])]

estim_algorithm = ts-atc-model, mode = classification, metric = f1score, confidence_scores = entropy-conf, class_specific = False
test err: [0.13752161125096007, 0.12382089361617639, 0.13625149861160088, 0.17444664225416778, 0.14126768460056013]
estimated metric: [array([0.69278997, 0.48670758, 0.419652  , 0.31299736, 0.42655602,
       0.32183916, 0.57811321, 0.2272729 , 0.58620692, 0.33333341]), array([0.68958869, 0.44736843, 0.39648438, 0.27941178, 0.42857143,
       0.20689664, 0.55901087, 0.17647083, 0.61016951, 0.32500008]), array([0.69536856, 0.46268658, 0.39442232, 0.28737301, 0.46317513,
       0.23762384, 0.57668261, 0.27586232, 0.57309944, 0.36000006]), array([0.6956246 , 0.43265307, 0.35907337, 0.29333334, 0.45639772,
       0.2500001 , 0.5665529 , 0.45000014, 0.65671643, 0.38554224]), array([0.70041388, 0.49003985, 0.3943944 , 0.2861314 , 0.47677076,
       0.31460682, 0.57747544, 0.19512215, 0.4912281 , 0.41860472])]
real metric: [array([0.46744931, 0.52052239, 0.40219629, 0.28549734, 0.40997567,
       0.10513141, 0.43322981, 0.09139785, 0.22222222, 0.14025974]), array([0.43574594, 0.46698565, 0.41292876, 0.28215121, 0.40462428,
       0.11068211, 0.43637753, 0.07202216, 0.21201413, 0.124834  ]), array([0.4566108 , 0.52889667, 0.40435671, 0.28158295, 0.42571785,
       0.13491124, 0.45043023, 0.05502063, 0.23346304, 0.14507772]), array([0.45540247, 0.48729185, 0.42966752, 0.27713626, 0.42001235,
       0.08481532, 0.45948012, 0.07869742, 0.22991347, 0.12947658]), array([0.42756052, 0.49177331, 0.41486486, 0.28821656, 0.40745052,
       0.08905852, 0.45283019, 0.08443272, 0.19339623, 0.1311054 ])]

estim_algorithm = ts-atc-model, mode = classification, metric = f1score, confidence_scores = entropy-conf, class_specific = True
test err: [0.09576635136494088, 0.09527383269857731, 0.1281077915047913, 0.11558916827271333, 0.10616861723919188]
estimated metric: [array([0.35308057, 0.22966509, 0.37644585, 0.20845072, 0.46103897,
       0.07894749, 0.5258216 , 0.2272729 , 0.1363637 , 0.08219191]), array([0.32937321, 0.1984733 , 0.33637285, 0.17757011, 0.47150664,
       0.07407419, 0.51045701, 0.17647083, 0.16417917, 0.05797115]), array([0.34915394, 0.19693656, 0.33814434, 0.1846154 , 0.49639712,
       0.02222233, 0.52177235, 0.27586232, 0.15151522, 0.0240965 ]), array([0.34513275, 0.22632796, 0.32015811, 0.22222223, 0.49083666,
       0.06153861, 0.51590106, 0.41025656, 0.16326536, 0.05797115]), array([3.47368424e-01, 2.28971981e-01, 3.54871801e-01, 1.99386515e-01,
       5.23985243e-01, 1.25000109e-01, 5.23921570e-01, 1.95122148e-01,
       8.88889564e-02, 1.47058802e-07])]
real metric: [array([0.46744931, 0.52052239, 0.40219629, 0.28549734, 0.40997567,
       0.10513141, 0.43322981, 0.09139785, 0.22222222, 0.14025974]), array([0.43574594, 0.46698565, 0.41292876, 0.28215121, 0.40462428,
       0.11068211, 0.43637753, 0.07202216, 0.21201413, 0.124834  ]), array([0.4566108 , 0.52889667, 0.40435671, 0.28158295, 0.42571785,
       0.13491124, 0.45043023, 0.05502063, 0.23346304, 0.14507772]), array([0.45540247, 0.48729185, 0.42966752, 0.27713626, 0.42001235,
       0.08481532, 0.45948012, 0.07869742, 0.22991347, 0.12947658]), array([0.42756052, 0.49177331, 0.41486486, 0.28821656, 0.40745052,
       0.08905852, 0.45283019, 0.08443272, 0.19339623, 0.1311054 ])]

estim_algorithm = ts-atc-model, mode = classification, metric = f1score, confidence_scores = doctor-conf, class_specific = False
test err: [0.14239895481087758, 0.12746139507863655, 0.14527408852375662, 0.1858833582835545, 0.14554749939615047]
estimated metric: [array([0.65135835, 0.46153847, 0.419652  , 0.29718876, 0.41072926,
       0.32183916, 0.55963303, 0.26666683, 0.58620692, 0.40909098]), array([0.64966888, 0.41964287, 0.37425743, 0.25892858, 0.41200325,
       0.18604661, 0.54593573, 0.17647083, 0.62569834, 0.36585374]), array([0.66041527, 0.42748093, 0.37826962, 0.27988339, 0.44665013,
       0.23762384, 0.55758479, 0.33333356, 0.58139537, 0.40776705]), array([0.6564337 , 0.39330545, 0.35271318, 0.30338734, 0.44371406,
       0.32000009, 0.55504587, 0.41025656, 0.65671643, 0.47727279]), array([0.66688439, 0.45306124, 0.39117353, 0.2861314 , 0.46508059,
       0.31460682, 0.54727904, 0.19512215, 0.48235297, 0.50549456])]
real metric: [array([0.46744931, 0.52052239, 0.40219629, 0.28549734, 0.40997567,
       0.10513141, 0.43322981, 0.09139785, 0.22222222, 0.14025974]), array([0.43574594, 0.46698565, 0.41292876, 0.28215121, 0.40462428,
       0.11068211, 0.43637753, 0.07202216, 0.21201413, 0.124834  ]), array([0.4566108 , 0.52889667, 0.40435671, 0.28158295, 0.42571785,
       0.13491124, 0.45043023, 0.05502063, 0.23346304, 0.14507772]), array([0.45540247, 0.48729185, 0.42966752, 0.27713626, 0.42001235,
       0.08481532, 0.45948012, 0.07869742, 0.22991347, 0.12947658]), array([0.42756052, 0.49177331, 0.41486486, 0.28821656, 0.40745052,
       0.08905852, 0.45283019, 0.08443272, 0.19339623, 0.1311054 ])]

estim_algorithm = ts-atc-model, mode = classification, metric = f1score, confidence_scores = doctor-conf, class_specific = True
test err: [0.10384366302580002, 0.09557969475335402, 0.13359863343666173, 0.12025182495972468, 0.10105225071383302]
estimated metric: [array([0.332     , 0.23389023, 0.3678647 , 0.20592385, 0.43822076,
       0.07894749, 0.52119309, 0.26666683, 0.12213747, 0.05555569]), array([0.31068766, 0.18461541, 0.34475807, 0.16326532, 0.43610224,
       0.07407419, 0.51045701, 0.17647083, 0.16417917, 0.05797115]), array([0.32985387, 0.18901101, 0.34496921, 0.17619785, 0.47068404,
       0.02222233, 0.5161043 , 0.33333356, 0.15151522, 0.0240965 ]), array([0.31807032, 0.22632796, 0.31849654, 0.21118014, 0.47749197,
       0.03125015, 0.51822815, 0.41025656, 0.17567573, 0.05797115]), array([3.21546055e-01, 2.16470607e-01, 3.54871801e-01, 2.04892979e-01,
       4.88284206e-01, 1.01265937e-01, 5.13428122e-01, 1.95122148e-01,
       1.02941242e-01, 1.47058802e-07])]
real metric: [array([0.46744931, 0.52052239, 0.40219629, 0.28549734, 0.40997567,
       0.10513141, 0.43322981, 0.09139785, 0.22222222, 0.14025974]), array([0.43574594, 0.46698565, 0.41292876, 0.28215121, 0.40462428,
       0.11068211, 0.43637753, 0.07202216, 0.21201413, 0.124834  ]), array([0.4566108 , 0.52889667, 0.40435671, 0.28158295, 0.42571785,
       0.13491124, 0.45043023, 0.05502063, 0.23346304, 0.14507772]), array([0.45540247, 0.48729185, 0.42966752, 0.27713626, 0.42001235,
       0.08481532, 0.45948012, 0.07869742, 0.22991347, 0.12947658]), array([0.42756052, 0.49177331, 0.41486486, 0.28821656, 0.40745052,
       0.08905852, 0.45283019, 0.08443272, 0.19339623, 0.1311054 ])]

