estim_algorithm = ac-model, mode = classification, metric = auc, confidence_scores = max_class_probability-conf, class_specific = False
test err: [0.34339195997906813, 0.3408970629502928, 0.34426330746464673, 0.34080821343915574, 0.33785592475799453]
estimated metric: [array([0.52828849, 0.55330457, 0.53099299, 0.52930444, 0.53498162,
       0.53340108, 0.54208902, 0.54232928, 0.54772414, 0.54393303]), array([0.52755203, 0.55329287, 0.53084636, 0.529213  , 0.53474803,
       0.53549055, 0.54216119, 0.54313558, 0.54699271, 0.54477436]), array([0.52735899, 0.55354661, 0.53086293, 0.52975457, 0.53536994,
       0.53494782, 0.54251585, 0.54315138, 0.54737776, 0.54403097]), array([0.52792345, 0.55379203, 0.53048028, 0.5291297 , 0.53536788,
       0.53499021, 0.54235699, 0.54391028, 0.54649784, 0.5445926 ]), array([0.52816462, 0.55345755, 0.53087823, 0.52935216, 0.53538967,
       0.53565907, 0.54207389, 0.54392639, 0.54671781, 0.54417386])]
real metric: [array([0.91811144, 0.96889685, 0.88617559, 0.8432475 , 0.86843535,
       0.80818341, 0.91818085, 0.82122166, 0.88221281, 0.90560278]), array([0.91944294, 0.97337191, 0.88755569, 0.83534229, 0.86539957,
       0.79642992, 0.92765138, 0.82174308, 0.87149085, 0.89874968]), array([0.92362617, 0.97238563, 0.89006611, 0.85676439, 0.86457255,
       0.79787324, 0.91428992, 0.82665885, 0.87231998, 0.91299305]), array([0.92339073, 0.96791312, 0.88402259, 0.84401268, 0.8551971 ,
       0.80437315, 0.91935463, 0.82167959, 0.87551319, 0.90166661]), array([0.90761646, 0.9691173 , 0.8840638 , 0.84160667, 0.87038381,
       0.80110213, 0.9213015 , 0.81349659, 0.85483379, 0.90483046])]

estim_algorithm = ac-model, mode = classification, metric = auc, confidence_scores = energy-conf, class_specific = False
test err: [0.07625672753571014, 0.08877071047191228, 0.08122663208321719, 0.07931884473951165, 0.0771190133715234]
estimated metric: [array([0.8875258 , 0.83415319, 0.9211921 , 0.93672856, 0.89895669,
       0.91763933, 0.87767361, 0.87750221, 0.78842964, 0.7674106 ]), array([0.89570728, 0.77035538, 0.92418716, 0.93542233, 0.91968877,
       0.93216767, 0.86491767, 0.91963665, 0.78945285, 0.80719849]), array([0.90125531, 0.82026685, 0.92031037, 0.92698799, 0.92293173,
       0.93318236, 0.8581328 , 0.92448117, 0.79093712, 0.80471481]), array([0.91144108, 0.83194451, 0.90040117, 0.93681244, 0.91246622,
       0.90351889, 0.85417048, 0.90321674, 0.77733612, 0.76688801]), array([0.88131082, 0.84642578, 0.91738644, 0.92283888, 0.89395225,
       0.9344581 , 0.85763898, 0.89958438, 0.78116112, 0.77753974])]
real metric: [array([0.91811144, 0.96889685, 0.88617559, 0.8432475 , 0.86843535,
       0.80818341, 0.91818085, 0.82122166, 0.88221281, 0.90560278]), array([0.91944294, 0.97337191, 0.88755569, 0.83534229, 0.86539957,
       0.79642992, 0.92765138, 0.82174308, 0.87149085, 0.89874968]), array([0.92362617, 0.97238563, 0.89006611, 0.85676439, 0.86457255,
       0.79787324, 0.91428992, 0.82665885, 0.87231998, 0.91299305]), array([0.92339073, 0.96791312, 0.88402259, 0.84401268, 0.8551971 ,
       0.80437315, 0.91935463, 0.82167959, 0.87551319, 0.90166661]), array([0.90761646, 0.9691173 , 0.8840638 , 0.84160667, 0.87038381,
       0.80110213, 0.9213015 , 0.81349659, 0.85483379, 0.90483046])]

estim_algorithm = ac-model, mode = classification, metric = auc, confidence_scores = entropy-conf, class_specific = False
test err: [0.3333746449707494, 0.3311210294483844, 0.33452466308737705, 0.3310859427285189, 0.32822883896636884]
estimated metric: [array([0.55100986, 0.54603845, 0.54988807, 0.54929339, 0.54888458,
       0.54895467, 0.54757222, 0.54839407, 0.548441  , 0.5480455 ]), array([0.55100891, 0.54567051, 0.54997551, 0.54945433, 0.54899105,
       0.54871334, 0.54750767, 0.54804747, 0.54851639, 0.54808184]), array([0.55103877, 0.54580327, 0.549918  , 0.5493177 , 0.54891028,
       0.54883138, 0.54750661, 0.54812563, 0.54857016, 0.54828146]), array([0.55100611, 0.54585691, 0.54993188, 0.54932717, 0.54888757,
       0.5487607 , 0.54752002, 0.54825738, 0.54845078, 0.54826546]), array([0.55096213, 0.54587844, 0.54991048, 0.54932632, 0.54888825,
       0.54865228, 0.54756673, 0.54801017, 0.54865559, 0.54821372])]
real metric: [array([0.91811144, 0.96889685, 0.88617559, 0.8432475 , 0.86843535,
       0.80818341, 0.91818085, 0.82122166, 0.88221281, 0.90560278]), array([0.91944294, 0.97337191, 0.88755569, 0.83534229, 0.86539957,
       0.79642992, 0.92765138, 0.82174308, 0.87149085, 0.89874968]), array([0.92362617, 0.97238563, 0.89006611, 0.85676439, 0.86457255,
       0.79787324, 0.91428992, 0.82665885, 0.87231998, 0.91299305]), array([0.92339073, 0.96791312, 0.88402259, 0.84401268, 0.8551971 ,
       0.80437315, 0.91935463, 0.82167959, 0.87551319, 0.90166661]), array([0.90761646, 0.9691173 , 0.8840638 , 0.84160667, 0.87038381,
       0.80110213, 0.9213015 , 0.81349659, 0.85483379, 0.90483046])]

estim_algorithm = ac-model, mode = classification, metric = auc, confidence_scores = doctor-conf, class_specific = False
test err: [0.14163341958427705, 0.1437614168747857, 0.14574243839981818, 0.14309666070624982, 0.14174831239940522]
estimated metric: [array([0.6284819 , 0.91997069, 0.64347203, 0.64927051, 0.6911273 ,
       0.67060291, 0.77937682, 0.76958688, 0.84995436, 0.80209065]), array([0.62775281, 0.9152521 , 0.63246831, 0.65052859, 0.68892189,
       0.6682248 , 0.77504519, 0.76692844, 0.84585087, 0.78859014]), array([0.62635558, 0.91590609, 0.62971964, 0.6528344 , 0.69017792,
       0.67019364, 0.77681808, 0.77027665, 0.84245922, 0.79938428]), array([0.62373591, 0.90907825, 0.63387847, 0.64907288, 0.69058869,
       0.66922528, 0.77783237, 0.77195027, 0.84082964, 0.79996503]), array([0.62223873, 0.91115339, 0.63190875, 0.64867168, 0.68985327,
       0.66197188, 0.77908801, 0.77113105, 0.83649249, 0.79836011])]
real metric: [array([0.91811144, 0.96889685, 0.88617559, 0.8432475 , 0.86843535,
       0.80818341, 0.91818085, 0.82122166, 0.88221281, 0.90560278]), array([0.91944294, 0.97337191, 0.88755569, 0.83534229, 0.86539957,
       0.79642992, 0.92765138, 0.82174308, 0.87149085, 0.89874968]), array([0.92362617, 0.97238563, 0.89006611, 0.85676439, 0.86457255,
       0.79787324, 0.91428992, 0.82665885, 0.87231998, 0.91299305]), array([0.92339073, 0.96791312, 0.88402259, 0.84401268, 0.8551971 ,
       0.80437315, 0.91935463, 0.82167959, 0.87551319, 0.90166661]), array([0.90761646, 0.9691173 , 0.8840638 , 0.84160667, 0.87038381,
       0.80110213, 0.9213015 , 0.81349659, 0.85483379, 0.90483046])]

estim_algorithm = ts-model, mode = classification, metric = auc, confidence_scores = max_class_probability-conf, class_specific = False
test err: [0.0399817982034432, 0.044633339225874966, 0.045183607842478546, 0.043735566448333485, 0.04324634832365798]
estimated metric: [array([0.8688234 , 0.94396373, 0.86639013, 0.82928444, 0.89185276,
       0.89193037, 0.91900344, 0.92448005, 0.93755075, 0.93086779]), array([0.86656654, 0.94420909, 0.86560462, 0.82742727, 0.89233269,
       0.89367472, 0.91976744, 0.92691042, 0.93676765, 0.93067178]), array([0.86452892, 0.9446132 , 0.86553202, 0.82955379, 0.89303109,
       0.89462285, 0.92009754, 0.92728848, 0.93678393, 0.93010539]), array([0.86806209, 0.94397451, 0.86543502, 0.82869446, 0.89331873,
       0.89383825, 0.9195104 , 0.92715723, 0.93721863, 0.93092365]), array([0.8659733 , 0.94442287, 0.86532575, 0.82941504, 0.89197667,
       0.89205234, 0.91900294, 0.92768863, 0.93524248, 0.93058433])]
real metric: [array([0.91811144, 0.96889685, 0.88617559, 0.8432475 , 0.86843535,
       0.80818341, 0.91818085, 0.82122166, 0.88221281, 0.90560278]), array([0.91944294, 0.97337191, 0.88755569, 0.83534229, 0.86539957,
       0.79642992, 0.92765138, 0.82174308, 0.87149085, 0.89874968]), array([0.92362617, 0.97238563, 0.89006611, 0.85676439, 0.86457255,
       0.79787324, 0.91428992, 0.82665885, 0.87231998, 0.91299305]), array([0.92339073, 0.96791312, 0.88402259, 0.84401268, 0.8551971 ,
       0.80437315, 0.91935463, 0.82167959, 0.87551319, 0.90166661]), array([0.90761646, 0.9691173 , 0.8840638 , 0.84160667, 0.87038381,
       0.80110213, 0.9213015 , 0.81349659, 0.85483379, 0.90483046])]

estim_algorithm = ts-model, mode = classification, metric = auc, confidence_scores = max_class_probability-conf, class_specific = True
test err: [0.07227445394811824, 0.0745644231884079, 0.07141503306764643, 0.07480354776306278, 0.07775365455784695]
estimated metric: [array([0.96059787, 0.98405988, 0.94927185, 0.93759492, 0.95966215,
       0.9380262 , 0.95949418, 0.94506672, 0.95430424, 0.95493477]), array([0.958953  , 0.9839471 , 0.94868358, 0.93712056, 0.95913916,
       0.93841966, 0.96007112, 0.94826956, 0.95271908, 0.95549872]), array([0.95840967, 0.98415963, 0.94848741, 0.93790902, 0.95993268,
       0.94077563, 0.96042595, 0.94739604, 0.95267707, 0.95552713]), array([0.9595287 , 0.9839542 , 0.94804382, 0.93717054, 0.960005  ,
       0.93907725, 0.96004723, 0.94895645, 0.95309732, 0.95527835]), array([0.95954247, 0.98405721, 0.94827229, 0.9382604 , 0.95946741,
       0.93966604, 0.95974498, 0.94860877, 0.95260134, 0.95566813])]
real metric: [array([0.91811144, 0.96889685, 0.88617559, 0.8432475 , 0.86843535,
       0.80818341, 0.91818085, 0.82122166, 0.88221281, 0.90560278]), array([0.91944294, 0.97337191, 0.88755569, 0.83534229, 0.86539957,
       0.79642992, 0.92765138, 0.82174308, 0.87149085, 0.89874968]), array([0.92362617, 0.97238563, 0.89006611, 0.85676439, 0.86457255,
       0.79787324, 0.91428992, 0.82665885, 0.87231998, 0.91299305]), array([0.92339073, 0.96791312, 0.88402259, 0.84401268, 0.8551971 ,
       0.80437315, 0.91935463, 0.82167959, 0.87551319, 0.90166661]), array([0.90761646, 0.9691173 , 0.8840638 , 0.84160667, 0.87038381,
       0.80110213, 0.9213015 , 0.81349659, 0.85483379, 0.90483046])]

estim_algorithm = ts-model, mode = classification, metric = auc, confidence_scores = energy-conf, class_specific = False
test err: [0.07343114659834533, 0.08471759533323124, 0.07644715423331001, 0.07403186274394642, 0.0766071348433798]
estimated metric: [array([0.96753832, 0.96029117, 0.96660682, 0.9719925 , 0.95961168,
       0.9669022 , 0.94266321, 0.9682332 , 0.91684013, 0.89451645]), array([0.96644954, 0.8968333 , 0.96557274, 0.97205679, 0.95920905,
       0.96713958, 0.93998952, 0.97078841, 0.9179643 , 0.93527283]), array([0.96749271, 0.94715559, 0.96613935, 0.97215373, 0.96121606,
       0.9693582 , 0.94033583, 0.9691813 , 0.91957636, 0.93295223]), array([0.96782141, 0.95859871, 0.96652744, 0.97204673, 0.96031167,
       0.96952381, 0.94241879, 0.96693966, 0.90575664, 0.89446487]), array([0.96727414, 0.96221752, 0.96747789, 0.97228548, 0.96020522,
       0.9692866 , 0.9418012 , 0.96481731, 0.90977684, 0.90548207])]
real metric: [array([0.91811144, 0.96889685, 0.88617559, 0.8432475 , 0.86843535,
       0.80818341, 0.91818085, 0.82122166, 0.88221281, 0.90560278]), array([0.91944294, 0.97337191, 0.88755569, 0.83534229, 0.86539957,
       0.79642992, 0.92765138, 0.82174308, 0.87149085, 0.89874968]), array([0.92362617, 0.97238563, 0.89006611, 0.85676439, 0.86457255,
       0.79787324, 0.91428992, 0.82665885, 0.87231998, 0.91299305]), array([0.92339073, 0.96791312, 0.88402259, 0.84401268, 0.8551971 ,
       0.80437315, 0.91935463, 0.82167959, 0.87551319, 0.90166661]), array([0.90761646, 0.9691173 , 0.8840638 , 0.84160667, 0.87038381,
       0.80110213, 0.9213015 , 0.81349659, 0.85483379, 0.90483046])]

estim_algorithm = ts-model, mode = classification, metric = auc, confidence_scores = energy-conf, class_specific = True
test err: [0.09378370234511178, 0.09778884411313643, 0.09352110781815859, 0.09569991085253633, 0.09966588084872591]
estimated metric: [array([0.99415069, 0.99382842, 0.97557411, 0.97409782, 0.97773744,
       0.94934581, 0.97238328, 0.97740295, 0.97050454, 0.97308021]), array([0.99405851, 0.99379835, 0.97462368, 0.9711885 , 0.97782967,
       0.95685667, 0.97178281, 0.98412961, 0.97154583, 0.97925213]), array([0.99409579, 0.99383511, 0.97444474, 0.96836167, 0.97783757,
       0.95838161, 0.97159007, 0.98279202, 0.97128149, 0.97414089]), array([0.99414939, 0.99384391, 0.97451242, 0.97327314, 0.97844705,
       0.94819041, 0.97196521, 0.98249903, 0.96664359, 0.97059836]), array([0.99418111, 0.99390215, 0.97575755, 0.96777334, 0.97735811,
       0.95602222, 0.97289747, 0.98265356, 0.96511534, 0.97935046])]
real metric: [array([0.91811144, 0.96889685, 0.88617559, 0.8432475 , 0.86843535,
       0.80818341, 0.91818085, 0.82122166, 0.88221281, 0.90560278]), array([0.91944294, 0.97337191, 0.88755569, 0.83534229, 0.86539957,
       0.79642992, 0.92765138, 0.82174308, 0.87149085, 0.89874968]), array([0.92362617, 0.97238563, 0.89006611, 0.85676439, 0.86457255,
       0.79787324, 0.91428992, 0.82665885, 0.87231998, 0.91299305]), array([0.92339073, 0.96791312, 0.88402259, 0.84401268, 0.8551971 ,
       0.80437315, 0.91935463, 0.82167959, 0.87551319, 0.90166661]), array([0.90761646, 0.9691173 , 0.8840638 , 0.84160667, 0.87038381,
       0.80110213, 0.9213015 , 0.81349659, 0.85483379, 0.90483046])]

estim_algorithm = ts-model, mode = classification, metric = auc, confidence_scores = entropy-conf, class_specific = False
test err: [0.04318597634935486, 0.04620793169816909, 0.04821640456182672, 0.04671247898938517, 0.045643369302202384]
estimated metric: [array([0.87523397, 0.94980264, 0.87241142, 0.82666228, 0.89999571,
       0.90040113, 0.92722038, 0.93254231, 0.9446624 , 0.93855364]), array([0.87314251, 0.95027693, 0.87233644, 0.82411357, 0.90074623,
       0.9013181 , 0.92808402, 0.93542931, 0.94312174, 0.939001  ]), array([0.87029084, 0.95082839, 0.8720782 , 0.82748417, 0.90105567,
       0.90270879, 0.92847376, 0.93572799, 0.94333266, 0.93741206]), array([0.87493449, 0.95017527, 0.87206049, 0.82575778, 0.90144844,
       0.90234395, 0.92766943, 0.93527554, 0.94352994, 0.93823067]), array([0.87491722, 0.95046168, 0.87139837, 0.82824848, 0.90024009,
       0.89979829, 0.92714435, 0.93613388, 0.94291837, 0.93876851])]
real metric: [array([0.91811144, 0.96889685, 0.88617559, 0.8432475 , 0.86843535,
       0.80818341, 0.91818085, 0.82122166, 0.88221281, 0.90560278]), array([0.91944294, 0.97337191, 0.88755569, 0.83534229, 0.86539957,
       0.79642992, 0.92765138, 0.82174308, 0.87149085, 0.89874968]), array([0.92362617, 0.97238563, 0.89006611, 0.85676439, 0.86457255,
       0.79787324, 0.91428992, 0.82665885, 0.87231998, 0.91299305]), array([0.92339073, 0.96791312, 0.88402259, 0.84401268, 0.8551971 ,
       0.80437315, 0.91935463, 0.82167959, 0.87551319, 0.90166661]), array([0.90761646, 0.9691173 , 0.8840638 , 0.84160667, 0.87038381,
       0.80110213, 0.9213015 , 0.81349659, 0.85483379, 0.90483046])]

estim_algorithm = ts-model, mode = classification, metric = auc, confidence_scores = entropy-conf, class_specific = True
test err: [0.07045346322203348, 0.07284300090183987, 0.06970766143121149, 0.07299028832471838, 0.07587401357493759]
estimated metric: [array([0.95812133, 0.97675687, 0.9476682 , 0.93642887, 0.95819343,
       0.93778867, 0.95826625, 0.94471123, 0.95351348, 0.95335455]), array([0.95638653, 0.97698934, 0.94750564, 0.93614112, 0.95805575,
       0.93733544, 0.95910166, 0.94742247, 0.95228946, 0.95437991]), array([0.95572017, 0.97719993, 0.94735542, 0.93675419, 0.95872128,
       0.94006352, 0.95926315, 0.94718803, 0.95236493, 0.95399589]), array([0.95670232, 0.97716231, 0.94664117, 0.93585997, 0.95885015,
       0.93900397, 0.95865597, 0.94753909, 0.95235293, 0.95425841]), array([0.95692043, 0.97687893, 0.94724035, 0.93707004, 0.95814049,
       0.9386168 , 0.95856957, 0.94770977, 0.95129589, 0.95465035])]
real metric: [array([0.91811144, 0.96889685, 0.88617559, 0.8432475 , 0.86843535,
       0.80818341, 0.91818085, 0.82122166, 0.88221281, 0.90560278]), array([0.91944294, 0.97337191, 0.88755569, 0.83534229, 0.86539957,
       0.79642992, 0.92765138, 0.82174308, 0.87149085, 0.89874968]), array([0.92362617, 0.97238563, 0.89006611, 0.85676439, 0.86457255,
       0.79787324, 0.91428992, 0.82665885, 0.87231998, 0.91299305]), array([0.92339073, 0.96791312, 0.88402259, 0.84401268, 0.8551971 ,
       0.80437315, 0.91935463, 0.82167959, 0.87551319, 0.90166661]), array([0.90761646, 0.9691173 , 0.8840638 , 0.84160667, 0.87038381,
       0.80110213, 0.9213015 , 0.81349659, 0.85483379, 0.90483046])]

estim_algorithm = ts-model, mode = classification, metric = auc, confidence_scores = doctor-conf, class_specific = False
test err: [0.06659543873693109, 0.07048551983529922, 0.06841825186760582, 0.07072462673645835, 0.06755295111263686]
estimated metric: [array([0.85873665, 0.97350397, 0.86706458, 0.85518152, 0.95681553,
       0.93988049, 0.9654157 , 0.97069897, 0.97130771, 0.97064593]), array([0.85495438, 0.97389179, 0.85378228, 0.8492215 , 0.95677883,
       0.93638725, 0.96568836, 0.97104926, 0.9718322 , 0.97192272]), array([0.85899433, 0.97398424, 0.85764781, 0.85980035, 0.95929785,
       0.93087773, 0.96640024, 0.97193948, 0.97148187, 0.97120824]), array([0.85640583, 0.97348833, 0.8594607 , 0.85835571, 0.95841976,
       0.93482582, 0.96611373, 0.97213362, 0.97078803, 0.97128456]), array([0.85440835, 0.97386895, 0.86637422, 0.85149976, 0.95719427,
       0.91987528, 0.96568842, 0.97059815, 0.97123841, 0.97134081])]
real metric: [array([0.91811144, 0.96889685, 0.88617559, 0.8432475 , 0.86843535,
       0.80818341, 0.91818085, 0.82122166, 0.88221281, 0.90560278]), array([0.91944294, 0.97337191, 0.88755569, 0.83534229, 0.86539957,
       0.79642992, 0.92765138, 0.82174308, 0.87149085, 0.89874968]), array([0.92362617, 0.97238563, 0.89006611, 0.85676439, 0.86457255,
       0.79787324, 0.91428992, 0.82665885, 0.87231998, 0.91299305]), array([0.92339073, 0.96791312, 0.88402259, 0.84401268, 0.8551971 ,
       0.80437315, 0.91935463, 0.82167959, 0.87551319, 0.90166661]), array([0.90761646, 0.9691173 , 0.8840638 , 0.84160667, 0.87038381,
       0.80110213, 0.9213015 , 0.81349659, 0.85483379, 0.90483046])]

estim_algorithm = ts-model, mode = classification, metric = auc, confidence_scores = doctor-conf, class_specific = True
test err: [0.07933808955830719, 0.08180375698718477, 0.07834538101092622, 0.0818767715410377, 0.0846043371624302]
estimated metric: [array([0.97643838, 0.99002162, 0.95935637, 0.94925951, 0.9664308 ,
       0.9431951 , 0.96677432, 0.94870691, 0.95564117, 0.95782499]), array([0.97613627, 0.98993544, 0.95918043, 0.94863439, 0.96622817,
       0.94302733, 0.96725697, 0.95212555, 0.95410434, 0.958586  ]), array([0.97524411, 0.99002684, 0.95907863, 0.94971073, 0.96697433,
       0.94293644, 0.96754415, 0.95072666, 0.95499601, 0.9577658 ]), array([0.97605048, 0.98993507, 0.9585403 , 0.94853364, 0.96664035,
       0.94266736, 0.96725421, 0.95193544, 0.95599765, 0.95833662]), array([0.97659479, 0.98993415, 0.95870267, 0.94966346, 0.96613539,
       0.94265422, 0.96688041, 0.95129549, 0.95467633, 0.95785894])]
real metric: [array([0.91811144, 0.96889685, 0.88617559, 0.8432475 , 0.86843535,
       0.80818341, 0.91818085, 0.82122166, 0.88221281, 0.90560278]), array([0.91944294, 0.97337191, 0.88755569, 0.83534229, 0.86539957,
       0.79642992, 0.92765138, 0.82174308, 0.87149085, 0.89874968]), array([0.92362617, 0.97238563, 0.89006611, 0.85676439, 0.86457255,
       0.79787324, 0.91428992, 0.82665885, 0.87231998, 0.91299305]), array([0.92339073, 0.96791312, 0.88402259, 0.84401268, 0.8551971 ,
       0.80437315, 0.91935463, 0.82167959, 0.87551319, 0.90166661]), array([0.90761646, 0.9691173 , 0.8840638 , 0.84160667, 0.87038381,
       0.80110213, 0.9213015 , 0.81349659, 0.85483379, 0.90483046])]

estim_algorithm = doc-model, mode = classification, metric = auc, confidence_scores = max_class_probability-conf, class_specific = False
test err: [0.04872077464964719, 0.0495104755117302, 0.05099746756315021, 0.047390953095121736, 0.04695427848080909]
estimated metric: [array([0.83676929, 0.8598408 , 0.8397645 , 0.83835826, 0.84223486,
       0.84243288, 0.8423564 , 0.85129884, 0.85595999, 0.85269798]), array([0.83622805, 0.86046715, 0.83954319, 0.83824455, 0.84198376,
       0.8445502 , 0.84290807, 0.85214351, 0.85534077, 0.85350924]), array([0.83604042, 0.86050142, 0.83953874, 0.83877267, 0.84255173,
       0.84396829, 0.84303344, 0.85216415, 0.85551816, 0.85268689]), array([0.83653019, 0.86054658, 0.83922622, 0.83818155, 0.84256425,
       0.84401133, 0.84304056, 0.8528294 , 0.85465241, 0.85320738]), array([0.83677063, 0.8603488 , 0.83958195, 0.83840045, 0.84220634,
       0.84473455, 0.84247582, 0.8530048 , 0.85500085, 0.85290091])]
real metric: [array([0.91811144, 0.96889685, 0.88617559, 0.8432475 , 0.86843535,
       0.80818341, 0.91818085, 0.82122166, 0.88221281, 0.90560278]), array([0.91944294, 0.97337191, 0.88755569, 0.83534229, 0.86539957,
       0.79642992, 0.92765138, 0.82174308, 0.87149085, 0.89874968]), array([0.92362617, 0.97238563, 0.89006611, 0.85676439, 0.86457255,
       0.79787324, 0.91428992, 0.82665885, 0.87231998, 0.91299305]), array([0.92339073, 0.96791312, 0.88402259, 0.84401268, 0.8551971 ,
       0.80437315, 0.91935463, 0.82167959, 0.87551319, 0.90166661]), array([0.90761646, 0.9691173 , 0.8840638 , 0.84160667, 0.87038381,
       0.80110213, 0.9213015 , 0.81349659, 0.85483379, 0.90483046])]

estim_algorithm = doc-model, mode = classification, metric = auc, confidence_scores = max_class_probability-conf, class_specific = True
test err: [0.08167674113278567, 0.08416170180772499, 0.08075803366680968, 0.08420069072546407, 0.08719689060768614]
estimated metric: [array([0.97100801, 0.99629324, 0.96242483, 0.94549589, 0.96908586,
       0.94582292, 0.97148825, 0.95357634, 0.95937172, 0.96246861]), array([0.97027387, 0.99631749, 0.9622467 , 0.94535885, 0.96882139,
       0.94793994, 0.97151235, 0.95437246, 0.95863795, 0.96331334]), array([0.97004965, 0.9963121 , 0.96224809, 0.94590925, 0.9694461 ,
       0.94738007, 0.97188507, 0.95439106, 0.95895353, 0.9625553 ]), array([0.97063032, 0.99629171, 0.96189217, 0.94531521, 0.96946597,
       0.94741635, 0.97175873, 0.95512604, 0.95805742, 0.9631764 ]), array([0.97090628, 0.99631902, 0.96228763, 0.94552232, 0.96943114,
       0.94814933, 0.97141709, 0.9551938 , 0.95836014, 0.96273464])]
real metric: [array([0.91811144, 0.96889685, 0.88617559, 0.8432475 , 0.86843535,
       0.80818341, 0.91818085, 0.82122166, 0.88221281, 0.90560278]), array([0.91944294, 0.97337191, 0.88755569, 0.83534229, 0.86539957,
       0.79642992, 0.92765138, 0.82174308, 0.87149085, 0.89874968]), array([0.92362617, 0.97238563, 0.89006611, 0.85676439, 0.86457255,
       0.79787324, 0.91428992, 0.82665885, 0.87231998, 0.91299305]), array([0.92339073, 0.96791312, 0.88402259, 0.84401268, 0.8551971 ,
       0.80437315, 0.91935463, 0.82167959, 0.87551319, 0.90166661]), array([0.90761646, 0.9691173 , 0.8840638 , 0.84160667, 0.87038381,
       0.80110213, 0.9213015 , 0.81349659, 0.85483379, 0.90483046])]

estim_algorithm = doc-model, mode = classification, metric = auc, confidence_scores = energy-conf, class_specific = False
test err: [0.0734829874489662, 0.0845501228624828, 0.07651785229728274, 0.07406828695971987, 0.07663056317708936]
estimated metric: [array([0.96730924, 0.9601814 , 0.9665497 , 0.97188533, 0.95951851,
       0.96672925, 0.94248966, 0.96948099, 0.91603572, 0.89371815]), array([0.96617132, 0.89601113, 0.96557691, 0.97204342, 0.95942266,
       0.96704521, 0.93984387, 0.97064195, 0.91700621, 0.93419432]), array([0.96785662, 0.94618908, 0.96601539, 0.97231068, 0.96126626,
       0.97090531, 0.9401404 , 0.96901492, 0.91868115, 0.9319555 ]), array([0.96795291, 0.95785484, 0.96642456, 0.97193176, 0.96035292,
       0.96939206, 0.94226251, 0.96664552, 0.90478307, 0.89324367]), array([0.96704028, 0.96215886, 0.96732315, 0.97229484, 0.96032941,
       0.96918302, 0.94204391, 0.96610503, 0.90897987, 0.90437804])]
real metric: [array([0.91811144, 0.96889685, 0.88617559, 0.8432475 , 0.86843535,
       0.80818341, 0.91818085, 0.82122166, 0.88221281, 0.90560278]), array([0.91944294, 0.97337191, 0.88755569, 0.83534229, 0.86539957,
       0.79642992, 0.92765138, 0.82174308, 0.87149085, 0.89874968]), array([0.92362617, 0.97238563, 0.89006611, 0.85676439, 0.86457255,
       0.79787324, 0.91428992, 0.82665885, 0.87231998, 0.91299305]), array([0.92339073, 0.96791312, 0.88402259, 0.84401268, 0.8551971 ,
       0.80437315, 0.91935463, 0.82167959, 0.87551319, 0.90166661]), array([0.90761646, 0.9691173 , 0.8840638 , 0.84160667, 0.87038381,
       0.80110213, 0.9213015 , 0.81349659, 0.85483379, 0.90483046])]

estim_algorithm = doc-model, mode = classification, metric = auc, confidence_scores = energy-conf, class_specific = True
test err: [0.06337366938093, 0.07450906591252812, 0.06885758523542297, 0.06703174589820572, 0.07340949970716379]
estimated metric: [array([0.96231608, 0.97399995, 0.94786643, 0.93781706, 0.95919857,
       0.92400095, 0.91808237, 0.91858907, 0.9625496 , 0.9493879 ]), array([0.95998282, 0.97348558, 0.94201567, 0.93582665, 0.9573728 ,
       0.93861901, 0.91233688, 0.96066469, 0.96368846, 0.96764644]), array([0.9617678 , 0.97375903, 0.95087507, 0.92730042, 0.95855118,
       0.93965149, 0.90547473, 0.96619041, 0.95912051, 0.95980473]), array([0.96071547, 0.97404536, 0.93156761, 0.93793986, 0.95924852,
       0.90957946, 0.90196119, 0.94470434, 0.96394288, 0.94894931]), array([0.96051239, 0.97402009, 0.94457357, 0.92321717, 0.95846486,
       0.94126609, 0.90525206, 0.941097  , 0.96232736, 0.95961802])]
real metric: [array([0.91811144, 0.96889685, 0.88617559, 0.8432475 , 0.86843535,
       0.80818341, 0.91818085, 0.82122166, 0.88221281, 0.90560278]), array([0.91944294, 0.97337191, 0.88755569, 0.83534229, 0.86539957,
       0.79642992, 0.92765138, 0.82174308, 0.87149085, 0.89874968]), array([0.92362617, 0.97238563, 0.89006611, 0.85676439, 0.86457255,
       0.79787324, 0.91428992, 0.82665885, 0.87231998, 0.91299305]), array([0.92339073, 0.96791312, 0.88402259, 0.84401268, 0.8551971 ,
       0.80437315, 0.91935463, 0.82167959, 0.87551319, 0.90166661]), array([0.90761646, 0.9691173 , 0.8840638 , 0.84160667, 0.87038381,
       0.80110213, 0.9213015 , 0.81349659, 0.85483379, 0.90483046])]

estim_algorithm = doc-model, mode = classification, metric = auc, confidence_scores = entropy-conf, class_specific = False
test err: [0.04824036733923638, 0.049788647595417644, 0.04961794634593568, 0.046476905424650494, 0.0464231297472432]
estimated metric: [array([0.84543939, 0.8504108 , 0.84656117, 0.84715586, 0.84756467,
       0.84749457, 0.84887702, 0.84805518, 0.84800825, 0.84840375]), array([0.84544034, 0.85077874, 0.84647373, 0.84699492, 0.8474582 ,
       0.8477359 , 0.84894157, 0.84840178, 0.84793286, 0.84836741]), array([0.84541048, 0.85064598, 0.84653125, 0.84713155, 0.84753897,
       0.84761787, 0.84894263, 0.84832361, 0.84787909, 0.84816778]), array([0.84544314, 0.85059234, 0.84651737, 0.84712208, 0.84756168,
       0.84768854, 0.84892922, 0.84819187, 0.84799846, 0.84818379]), array([0.84548712, 0.85057081, 0.84653877, 0.84712292, 0.84756099,
       0.84779697, 0.84888252, 0.84843907, 0.84779366, 0.84823553])]
real metric: [array([0.91811144, 0.96889685, 0.88617559, 0.8432475 , 0.86843535,
       0.80818341, 0.91818085, 0.82122166, 0.88221281, 0.90560278]), array([0.91944294, 0.97337191, 0.88755569, 0.83534229, 0.86539957,
       0.79642992, 0.92765138, 0.82174308, 0.87149085, 0.89874968]), array([0.92362617, 0.97238563, 0.89006611, 0.85676439, 0.86457255,
       0.79787324, 0.91428992, 0.82665885, 0.87231998, 0.91299305]), array([0.92339073, 0.96791312, 0.88402259, 0.84401268, 0.8551971 ,
       0.80437315, 0.91935463, 0.82167959, 0.87551319, 0.90166661]), array([0.90761646, 0.9691173 , 0.8840638 , 0.84160667, 0.87038381,
       0.80110213, 0.9213015 , 0.81349659, 0.85483379, 0.90483046])]

estim_algorithm = doc-model, mode = classification, metric = auc, confidence_scores = entropy-conf, class_specific = True
test err: [0.08526517775863006, 0.08759189268455599, 0.08412481450733031, 0.08758631944100509, 0.09048683248831457]
estimated metric: [array([0.97470571, 0.99698918, 0.96627665, 0.94792939, 0.97415268,
       0.95065422, 0.97711973, 0.95742331, 0.96118003, 0.96648912]), array([0.97470373, 0.99700802, 0.9661978 , 0.94774972, 0.97404621,
       0.9508928 , 0.97717831, 0.95776872, 0.96109949, 0.96645147]), array([0.97466335, 0.99699626, 0.96623619, 0.94789023, 0.97411613,
       0.95076768, 0.9771643 , 0.95768012, 0.96104195, 0.96624183]), array([0.97470676, 0.99698739, 0.96624039, 0.947884  , 0.97415038,
       0.95084458, 0.97717224, 0.95756027, 0.96117213, 0.96626846]), array([0.97475386, 0.99701048, 0.96626017, 0.94788389, 0.97414776,
       0.95095865, 0.97712275, 0.95780266, 0.96096123, 0.96631937])]
real metric: [array([0.91811144, 0.96889685, 0.88617559, 0.8432475 , 0.86843535,
       0.80818341, 0.91818085, 0.82122166, 0.88221281, 0.90560278]), array([0.91944294, 0.97337191, 0.88755569, 0.83534229, 0.86539957,
       0.79642992, 0.92765138, 0.82174308, 0.87149085, 0.89874968]), array([0.92362617, 0.97238563, 0.89006611, 0.85676439, 0.86457255,
       0.79787324, 0.91428992, 0.82665885, 0.87231998, 0.91299305]), array([0.92339073, 0.96791312, 0.88402259, 0.84401268, 0.8551971 ,
       0.80437315, 0.91935463, 0.82167959, 0.87551319, 0.90166661]), array([0.90761646, 0.9691173 , 0.8840638 , 0.84160667, 0.87038381,
       0.80110213, 0.9213015 , 0.81349659, 0.85483379, 0.90483046])]

estim_algorithm = doc-model, mode = classification, metric = auc, confidence_scores = doctor-conf, class_specific = False
test err: [0.054754222934613184, 0.05848842449903916, 0.059512595586476216, 0.05936627274265468, 0.0578430527769168]
estimated metric: [array([0.81768031, 0.97031733, 0.83310839, 0.84098085, 0.884457  ,
       0.86249451, 0.9529797 , 0.9623318 , 0.96711582, 0.96481482]), array([0.81680593, 0.97054201, 0.82115011, 0.84208963, 0.88176449,
       0.86006092, 0.95422494, 0.95992076, 0.96748541, 0.96427239]), array([0.81525753, 0.97098539, 0.81871851, 0.84460209, 0.88343422,
       0.8620888 , 0.95373729, 0.96036744, 0.96699564, 0.96393135]), array([0.8126164 , 0.97139286, 0.82257407, 0.84071947, 0.88396925,
       0.86116078, 0.9541074 , 0.95958973, 0.9687159 , 0.96490814]), array([0.81142814, 0.97099796, 0.82086074, 0.84025925, 0.88303772,
       0.85354666, 0.95343521, 0.95948723, 0.96758123, 0.96467128])]
real metric: [array([0.91811144, 0.96889685, 0.88617559, 0.8432475 , 0.86843535,
       0.80818341, 0.91818085, 0.82122166, 0.88221281, 0.90560278]), array([0.91944294, 0.97337191, 0.88755569, 0.83534229, 0.86539957,
       0.79642992, 0.92765138, 0.82174308, 0.87149085, 0.89874968]), array([0.92362617, 0.97238563, 0.89006611, 0.85676439, 0.86457255,
       0.79787324, 0.91428992, 0.82665885, 0.87231998, 0.91299305]), array([0.92339073, 0.96791312, 0.88402259, 0.84401268, 0.8551971 ,
       0.80437315, 0.91935463, 0.82167959, 0.87551319, 0.90166661]), array([0.90761646, 0.9691173 , 0.8840638 , 0.84160667, 0.87038381,
       0.80110213, 0.9213015 , 0.81349659, 0.85483379, 0.90483046])]

estim_algorithm = doc-model, mode = classification, metric = auc, confidence_scores = doctor-conf, class_specific = True
test err: [0.07251389713424897, 0.07237433669692347, 0.0701160885673463, 0.07312502519243222, 0.07428482066033999]
estimated metric: [array([0.96144406, 0.97393183, 0.95893057, 0.94522092, 0.96035316,
       0.94230308, 0.9532798 , 0.94798856, 0.9611578 , 0.94079744]), array([0.96151421, 0.97581872, 0.95275773, 0.94644651, 0.96058655,
       0.93994225, 0.9546089 , 0.94546179, 0.95720928, 0.92657474]), array([0.95979562, 0.9758366 , 0.94973536, 0.94914387, 0.96193347,
       0.94191651, 0.95450877, 0.94875141, 0.95344343, 0.93764573]), array([0.95708966, 0.9756275 , 0.95412547, 0.94500364, 0.96107409,
       0.94096206, 0.95419962, 0.94999804, 0.95211113, 0.93818243]), array([0.95599992, 0.9760941 , 0.95236241, 0.94483989, 0.96063634,
       0.93350174, 0.95350403, 0.94969406, 0.94770405, 0.93686416])]
real metric: [array([0.91811144, 0.96889685, 0.88617559, 0.8432475 , 0.86843535,
       0.80818341, 0.91818085, 0.82122166, 0.88221281, 0.90560278]), array([0.91944294, 0.97337191, 0.88755569, 0.83534229, 0.86539957,
       0.79642992, 0.92765138, 0.82174308, 0.87149085, 0.89874968]), array([0.92362617, 0.97238563, 0.89006611, 0.85676439, 0.86457255,
       0.79787324, 0.91428992, 0.82665885, 0.87231998, 0.91299305]), array([0.92339073, 0.96791312, 0.88402259, 0.84401268, 0.8551971 ,
       0.80437315, 0.91935463, 0.82167959, 0.87551319, 0.90166661]), array([0.90761646, 0.9691173 , 0.8840638 , 0.84160667, 0.87038381,
       0.80110213, 0.9213015 , 0.81349659, 0.85483379, 0.90483046])]

