estim_algorithm = ac-model, mode = classification, metric = auc, confidence_scores = max_class_probability-conf, class_specific = False
test err: [0.040908260133400653, 0.038199520522671185, 0.03947183938367064, 0.038820852786086345, 0.037911395517108114]
estimated metric: [array([0.98283882, 0.98601702, 0.98247018, 0.97675021, 0.97975147,
       0.98032527, 0.98050899, 0.98284327, 0.98231478, 0.98326942]), array([0.98361063, 0.98639095, 0.98335889, 0.9789895 , 0.980376  ,
       0.98076272, 0.98149768, 0.9829968 , 0.98288914, 0.9835078 ]), array([0.98298081, 0.98570915, 0.98169411, 0.97627258, 0.98011944,
       0.98036941, 0.98133297, 0.98168532, 0.98129915, 0.9827267 ]), array([0.98328262, 0.98630711, 0.98268774, 0.97781161, 0.979876  ,
       0.98089357, 0.98089079, 0.98306927, 0.98251479, 0.98304938]), array([0.98290174, 0.98616937, 0.98254138, 0.97734917, 0.98030781,
       0.97942914, 0.98011052, 0.98243744, 0.98253813, 0.98323654])]
real metric: [array([0.96954711, 0.9776638 , 0.93565183, 0.89383546, 0.9423596 ,
       0.9156872 , 0.95100039, 0.94334505, 0.93357924, 0.94533714]), array([0.97070732, 0.98472839, 0.94296436, 0.90234672, 0.9389866 ,
       0.90797622, 0.95870311, 0.95246524, 0.92819552, 0.95531143]), array([0.96883395, 0.98109344, 0.928394  , 0.89694575, 0.94079132,
       0.90567319, 0.95463905, 0.94571813, 0.93697472, 0.9604077 ]), array([0.969862  , 0.98301892, 0.94156054, 0.90052091, 0.94451932,
       0.90847709, 0.96160344, 0.95007564, 0.92692362, 0.94561288]), array([0.96914905, 0.98523561, 0.93899275, 0.9114632 , 0.94051601,
       0.90691148, 0.95860667, 0.94640469, 0.93029356, 0.95033427])]

estim_algorithm = ac-model, mode = classification, metric = auc, confidence_scores = energy-conf, class_specific = False
test err: [0.15281807292534816, 0.14541824683182228, 0.1598725401853569, 0.1477874038145151, 0.14781979637939544]
estimated metric: [array([0.73960982, 0.85563833, 0.81838201, 0.71341221, 0.79431928,
       0.7671657 , 0.72530508, 0.83938501, 0.7888217 , 0.83778697]), array([0.76445838, 0.87787503, 0.84004932, 0.79944415, 0.78796903,
       0.73731736, 0.71170234, 0.84522818, 0.84142283, 0.78273582]), array([0.74142371, 0.87678543, 0.77737942, 0.72299635, 0.75195186,
       0.75804588, 0.75798972, 0.77359575, 0.8209068 , 0.83967094]), array([0.74456013, 0.81324182, 0.82681394, 0.78183249, 0.81827959,
       0.74409497, 0.81527578, 0.84371781, 0.77088108, 0.79560268]), array([0.74509185, 0.84948104, 0.83919015, 0.79623791, 0.81353342,
       0.74388909, 0.68346768, 0.8301133 , 0.82690686, 0.83179804])]
real metric: [array([0.96954711, 0.9776638 , 0.93565183, 0.89383546, 0.9423596 ,
       0.9156872 , 0.95100039, 0.94334505, 0.93357924, 0.94533714]), array([0.97070732, 0.98472839, 0.94296436, 0.90234672, 0.9389866 ,
       0.90797622, 0.95870311, 0.95246524, 0.92819552, 0.95531143]), array([0.96883395, 0.98109344, 0.928394  , 0.89694575, 0.94079132,
       0.90567319, 0.95463905, 0.94571813, 0.93697472, 0.9604077 ]), array([0.969862  , 0.98301892, 0.94156054, 0.90052091, 0.94451932,
       0.90847709, 0.96160344, 0.95007564, 0.92692362, 0.94561288]), array([0.96914905, 0.98523561, 0.93899275, 0.9114632 , 0.94051601,
       0.90691148, 0.95860667, 0.94640469, 0.93029356, 0.95033427])]

estim_algorithm = ac-model, mode = classification, metric = auc, confidence_scores = entropy-conf, class_specific = False
test err: [0.036568907245770346, 0.03416591498429494, 0.0351337763987077, 0.0345382434039086, 0.03432550018772703]
estimated metric: [array([0.97853585, 0.98265022, 0.97860211, 0.97147732, 0.97416559,
       0.97586983, 0.97598875, 0.97916824, 0.97821559, 0.97902241]), array([0.97888286, 0.98314591, 0.97954702, 0.97308914, 0.97502527,
       0.97713555, 0.97731502, 0.97880172, 0.97915728, 0.97877933]), array([0.97817008, 0.98246543, 0.97784088, 0.97113952, 0.97490138,
       0.9759717 , 0.97663885, 0.97773324, 0.97694795, 0.97899998]), array([0.97868693, 0.9825872 , 0.97853642, 0.97253269, 0.97487819,
       0.97592268, 0.97732615, 0.97890703, 0.97864301, 0.97867305]), array([0.9787925 , 0.98253686, 0.97869091, 0.9727864 , 0.97528178,
       0.97579835, 0.97700454, 0.97807474, 0.97834583, 0.97845289])]
real metric: [array([0.96954711, 0.9776638 , 0.93565183, 0.89383546, 0.9423596 ,
       0.9156872 , 0.95100039, 0.94334505, 0.93357924, 0.94533714]), array([0.97070732, 0.98472839, 0.94296436, 0.90234672, 0.9389866 ,
       0.90797622, 0.95870311, 0.95246524, 0.92819552, 0.95531143]), array([0.96883395, 0.98109344, 0.928394  , 0.89694575, 0.94079132,
       0.90567319, 0.95463905, 0.94571813, 0.93697472, 0.9604077 ]), array([0.969862  , 0.98301892, 0.94156054, 0.90052091, 0.94451932,
       0.90847709, 0.96160344, 0.95007564, 0.92692362, 0.94561288]), array([0.96914905, 0.98523561, 0.93899275, 0.9114632 , 0.94051601,
       0.90691148, 0.95860667, 0.94640469, 0.93029356, 0.95033427])]

estim_algorithm = ac-model, mode = classification, metric = auc, confidence_scores = doctor-conf, class_specific = False
test err: [0.04839975652088272, 0.04530284895703766, 0.046871027932848905, 0.0458743839121757, 0.045547722428632496]
estimated metric: [array([0.9896784 , 0.99203468, 0.98973865, 0.98560449, 0.98745675,
       0.98793322, 0.98933222, 0.99006382, 0.99000889, 0.99015328]), array([0.98976899, 0.99238594, 0.9905381 , 0.98648821, 0.98712115,
       0.98837584, 0.98950871, 0.99078315, 0.99025593, 0.99018737]), array([0.98977072, 0.99204329, 0.98863475, 0.98429356, 0.98757784,
       0.98766684, 0.98912595, 0.98965232, 0.98964318, 0.98977308]), array([0.9896225 , 0.99213083, 0.98914212, 0.98547192, 0.98753826,
       0.9888317 , 0.98917867, 0.98982895, 0.98924582, 0.98992741]), array([0.98971357, 0.99221907, 0.98941798, 0.98557216, 0.98783047,
       0.98835273, 0.98913664, 0.99052787, 0.99005673, 0.99055731])]
real metric: [array([0.96954711, 0.9776638 , 0.93565183, 0.89383546, 0.9423596 ,
       0.9156872 , 0.95100039, 0.94334505, 0.93357924, 0.94533714]), array([0.97070732, 0.98472839, 0.94296436, 0.90234672, 0.9389866 ,
       0.90797622, 0.95870311, 0.95246524, 0.92819552, 0.95531143]), array([0.96883395, 0.98109344, 0.928394  , 0.89694575, 0.94079132,
       0.90567319, 0.95463905, 0.94571813, 0.93697472, 0.9604077 ]), array([0.969862  , 0.98301892, 0.94156054, 0.90052091, 0.94451932,
       0.90847709, 0.96160344, 0.95007564, 0.92692362, 0.94561288]), array([0.96914905, 0.98523561, 0.93899275, 0.9114632 , 0.94051601,
       0.90691148, 0.95860667, 0.94640469, 0.93029356, 0.95033427])]

estim_algorithm = ts-model, mode = classification, metric = auc, confidence_scores = max_class_probability-conf, class_specific = False
test err: [0.01761988935909207, 0.018001289703811606, 0.019041631810320904, 0.01859621512028369, 0.018184225596351522]
estimated metric: [array([0.9458417 , 0.95809247, 0.95185676, 0.93909057, 0.94362266,
       0.94723267, 0.95118783, 0.95462525, 0.95343645, 0.95266586]), array([0.94571375, 0.95946736, 0.95308283, 0.94187534, 0.94242098,
       0.94817784, 0.95509636, 0.95612228, 0.95484782, 0.95275232]), array([0.94455282, 0.95792442, 0.95008862, 0.93741211, 0.94249897,
       0.94953465, 0.95006828, 0.9512819 , 0.95424351, 0.95257497]), array([0.94564113, 0.95857005, 0.95188157, 0.9406707 , 0.94342572,
       0.94839243, 0.95207023, 0.95410626, 0.95362071, 0.95116459]), array([0.94528908, 0.95806952, 0.95221004, 0.94139938, 0.94414693,
       0.94801967, 0.94875626, 0.95376907, 0.95532273, 0.95101394])]
real metric: [array([0.96954711, 0.9776638 , 0.93565183, 0.89383546, 0.9423596 ,
       0.9156872 , 0.95100039, 0.94334505, 0.93357924, 0.94533714]), array([0.97070732, 0.98472839, 0.94296436, 0.90234672, 0.9389866 ,
       0.90797622, 0.95870311, 0.95246524, 0.92819552, 0.95531143]), array([0.96883395, 0.98109344, 0.928394  , 0.89694575, 0.94079132,
       0.90567319, 0.95463905, 0.94571813, 0.93697472, 0.9604077 ]), array([0.969862  , 0.98301892, 0.94156054, 0.90052091, 0.94451932,
       0.90847709, 0.96160344, 0.95007564, 0.92692362, 0.94561288]), array([0.96914905, 0.98523561, 0.93899275, 0.9114632 , 0.94051601,
       0.90691148, 0.95860667, 0.94640469, 0.93029356, 0.95033427])]

estim_algorithm = ts-model, mode = classification, metric = auc, confidence_scores = max_class_probability-conf, class_specific = True
test err: [0.027706544215495687, 0.026026988376261197, 0.02834430461373829, 0.026061856017943065, 0.02674844130635585]
estimated metric: [array([0.9751578 , 0.97943588, 0.96907305, 0.94914508, 0.96565915,
       0.94461824, 0.97441471, 0.9761778 , 0.97490383, 0.97648674]), array([0.9757244 , 0.98022133, 0.9696831 , 0.95434333, 0.96686941,
       0.94192165, 0.9752301 , 0.97665038, 0.97589775, 0.97709922]), array([0.97464503, 0.97943683, 0.96704227, 0.94768801, 0.96621512,
       0.96447723, 0.97480811, 0.97510352, 0.97409116, 0.9760938 ]), array([0.97603137, 0.98048872, 0.96869049, 0.94992263, 0.96614178,
       0.94176797, 0.97516569, 0.97692842, 0.97581179, 0.97678364]), array([0.97529203, 0.97984469, 0.96884261, 0.95299364, 0.96688091,
       0.94865185, 0.97432374, 0.97590813, 0.97530596, 0.97656634])]
real metric: [array([0.96954711, 0.9776638 , 0.93565183, 0.89383546, 0.9423596 ,
       0.9156872 , 0.95100039, 0.94334505, 0.93357924, 0.94533714]), array([0.97070732, 0.98472839, 0.94296436, 0.90234672, 0.9389866 ,
       0.90797622, 0.95870311, 0.95246524, 0.92819552, 0.95531143]), array([0.96883395, 0.98109344, 0.928394  , 0.89694575, 0.94079132,
       0.90567319, 0.95463905, 0.94571813, 0.93697472, 0.9604077 ]), array([0.969862  , 0.98301892, 0.94156054, 0.90052091, 0.94451932,
       0.90847709, 0.96160344, 0.95007564, 0.92692362, 0.94561288]), array([0.96914905, 0.98523561, 0.93899275, 0.9114632 , 0.94051601,
       0.90691148, 0.95860667, 0.94640469, 0.93029356, 0.95033427])]

estim_algorithm = ts-model, mode = classification, metric = auc, confidence_scores = energy-conf, class_specific = False
test err: [0.03461748752479329, 0.034905720472064916, 0.03767991860052135, 0.03413107572109507, 0.03250536419872083]
estimated metric: [array([0.8626525 , 0.9549503 , 0.91876693, 0.85791717, 0.90693234,
       0.90513755, 0.87556489, 0.96091954, 0.91499667, 0.95153126]), array([0.87099594, 0.9663176 , 0.93322927, 0.92209341, 0.92210752,
       0.89184396, 0.8661001 , 0.95839729, 0.95239432, 0.90960338]), array([0.85735368, 0.9575775 , 0.89782687, 0.86759995, 0.87526726,
       0.90149707, 0.89137081, 0.91087696, 0.93926851, 0.94862103]), array([0.86561968, 0.91818235, 0.93057621, 0.91696099, 0.91341563,
       0.88048247, 0.93568201, 0.96370627, 0.90843002, 0.91794937]), array([0.87188324, 0.94764758, 0.94373941, 0.92363595, 0.91712785,
       0.87857862, 0.86235509, 0.94993283, 0.93533836, 0.93359941])]
real metric: [array([0.96954711, 0.9776638 , 0.93565183, 0.89383546, 0.9423596 ,
       0.9156872 , 0.95100039, 0.94334505, 0.93357924, 0.94533714]), array([0.97070732, 0.98472839, 0.94296436, 0.90234672, 0.9389866 ,
       0.90797622, 0.95870311, 0.95246524, 0.92819552, 0.95531143]), array([0.96883395, 0.98109344, 0.928394  , 0.89694575, 0.94079132,
       0.90567319, 0.95463905, 0.94571813, 0.93697472, 0.9604077 ]), array([0.969862  , 0.98301892, 0.94156054, 0.90052091, 0.94451932,
       0.90847709, 0.96160344, 0.95007564, 0.92692362, 0.94561288]), array([0.96914905, 0.98523561, 0.93899275, 0.9114632 , 0.94051601,
       0.90691148, 0.95860667, 0.94640469, 0.93029356, 0.95033427])]

estim_algorithm = ts-model, mode = classification, metric = auc, confidence_scores = energy-conf, class_specific = True
test err: [0.036507246146066694, 0.036098943886365795, 0.03254467754286524, 0.034863207230963957, 0.03577344276263507]
estimated metric: [array([0.99658399, 0.99701189, 0.98007965, 0.94334321, 0.97872243,
       0.95845043, 0.98054961, 0.98173064, 0.97789843, 0.97870901]), array([0.9965982 , 0.99704143, 0.98030022, 0.97536653, 0.97888308,
       0.95335718, 0.98053488, 0.97630785, 0.98657359, 0.97841139]), array([0.99655868, 0.99697337, 0.97899204, 0.94571415, 0.97889778,
       0.94984861, 0.98048413, 0.96008565, 0.9787735 , 0.97859012]), array([0.9966263 , 0.99704067, 0.97953304, 0.96911264, 0.97876542,
       0.94788975, 0.98110692, 0.98479103, 0.96789486, 0.9780458 ]), array([0.99656254, 0.99696131, 0.97962076, 0.97743012, 0.97930195,
       0.94771245, 0.98087248, 0.9798198 , 0.97869547, 0.97866483])]
real metric: [array([0.96954711, 0.9776638 , 0.93565183, 0.89383546, 0.9423596 ,
       0.9156872 , 0.95100039, 0.94334505, 0.93357924, 0.94533714]), array([0.97070732, 0.98472839, 0.94296436, 0.90234672, 0.9389866 ,
       0.90797622, 0.95870311, 0.95246524, 0.92819552, 0.95531143]), array([0.96883395, 0.98109344, 0.928394  , 0.89694575, 0.94079132,
       0.90567319, 0.95463905, 0.94571813, 0.93697472, 0.9604077 ]), array([0.969862  , 0.98301892, 0.94156054, 0.90052091, 0.94451932,
       0.90847709, 0.96160344, 0.95007564, 0.92692362, 0.94561288]), array([0.96914905, 0.98523561, 0.93899275, 0.9114632 , 0.94051601,
       0.90691148, 0.95860667, 0.94640469, 0.93029356, 0.95033427])]

estim_algorithm = ts-model, mode = classification, metric = auc, confidence_scores = entropy-conf, class_specific = False
test err: [0.01765062919164544, 0.0179501852381977, 0.019207146294649903, 0.01859249219205117, 0.018165681520176623]
estimated metric: [array([0.94619014, 0.95816245, 0.95203321, 0.93978545, 0.94374185,
       0.94735527, 0.95129929, 0.95371466, 0.9536349 , 0.95287925]), array([0.9459013 , 0.95926215, 0.9531164 , 0.94218209, 0.94287877,
       0.94826516, 0.95421184, 0.95574892, 0.95308455, 0.95291434]), array([0.94523857, 0.95776688, 0.95003971, 0.93851143, 0.94285755,
       0.94979434, 0.94913773, 0.95057653, 0.9543502 , 0.95239215]), array([0.94629079, 0.95851303, 0.95134111, 0.94167879, 0.94410479,
       0.94861759, 0.9516163 , 0.9542176 , 0.95337489, 0.95138684]), array([0.94565151, 0.9580066 , 0.95195441, 0.94239383, 0.94440436,
       0.94808699, 0.94888827, 0.95375422, 0.95483917, 0.95069486])]
real metric: [array([0.96954711, 0.9776638 , 0.93565183, 0.89383546, 0.9423596 ,
       0.9156872 , 0.95100039, 0.94334505, 0.93357924, 0.94533714]), array([0.97070732, 0.98472839, 0.94296436, 0.90234672, 0.9389866 ,
       0.90797622, 0.95870311, 0.95246524, 0.92819552, 0.95531143]), array([0.96883395, 0.98109344, 0.928394  , 0.89694575, 0.94079132,
       0.90567319, 0.95463905, 0.94571813, 0.93697472, 0.9604077 ]), array([0.969862  , 0.98301892, 0.94156054, 0.90052091, 0.94451932,
       0.90847709, 0.96160344, 0.95007564, 0.92692362, 0.94561288]), array([0.96914905, 0.98523561, 0.93899275, 0.9114632 , 0.94051601,
       0.90691148, 0.95860667, 0.94640469, 0.93029356, 0.95033427])]

estim_algorithm = ts-model, mode = classification, metric = auc, confidence_scores = entropy-conf, class_specific = True
test err: [0.025518127044986606, 0.023661634635188666, 0.02696100839274306, 0.023836410104276694, 0.02524146360441416]
estimated metric: [array([0.97431784, 0.97843084, 0.96875203, 0.95003687, 0.96459142,
       0.94155033, 0.97133388, 0.97254488, 0.96748369, 0.97414631]), array([0.97506044, 0.97928089, 0.9690177 , 0.95441286, 0.96519726,
       0.93856749, 0.97292742, 0.97151445, 0.96775239, 0.97437536]), array([0.97406134, 0.97856438, 0.96659723, 0.94981318, 0.96461442,
       0.96344836, 0.9720756 , 0.97168004, 0.96899126, 0.97417739]), array([0.97506868, 0.97940235, 0.96811869, 0.94999383, 0.96453713,
       0.9395928 , 0.97246981, 0.97093667, 0.96898877, 0.97419658]), array([0.97463117, 0.9788448 , 0.9683564 , 0.95330529, 0.96548463,
       0.94959718, 0.97299823, 0.97106283, 0.96912985, 0.97412993])]
real metric: [array([0.96954711, 0.9776638 , 0.93565183, 0.89383546, 0.9423596 ,
       0.9156872 , 0.95100039, 0.94334505, 0.93357924, 0.94533714]), array([0.97070732, 0.98472839, 0.94296436, 0.90234672, 0.9389866 ,
       0.90797622, 0.95870311, 0.95246524, 0.92819552, 0.95531143]), array([0.96883395, 0.98109344, 0.928394  , 0.89694575, 0.94079132,
       0.90567319, 0.95463905, 0.94571813, 0.93697472, 0.9604077 ]), array([0.969862  , 0.98301892, 0.94156054, 0.90052091, 0.94451932,
       0.90847709, 0.96160344, 0.95007564, 0.92692362, 0.94561288]), array([0.96914905, 0.98523561, 0.93899275, 0.9114632 , 0.94051601,
       0.90691148, 0.95860667, 0.94640469, 0.93029356, 0.95033427])]

estim_algorithm = ts-model, mode = classification, metric = auc, confidence_scores = doctor-conf, class_specific = False
test err: [0.01710650931751876, 0.01807277782206369, 0.01902904813608961, 0.017909913534123034, 0.018250685756477446]
estimated metric: [array([0.94560986, 0.95583903, 0.95036173, 0.93960824, 0.94543148,
       0.94320951, 0.94781468, 0.95146672, 0.95058139, 0.9512538 ]), array([0.94555582, 0.95707127, 0.95147469, 0.94486974, 0.94233779,
       0.94558477, 0.95019471, 0.95270396, 0.9505957 , 0.95053265]), array([0.94375935, 0.95556154, 0.94846165, 0.93908178, 0.94194248,
       0.94645675, 0.94655528, 0.94888208, 0.95111253, 0.95024765]), array([0.94476562, 0.95611354, 0.95084368, 0.94092649, 0.94456303,
       0.94501154, 0.94925022, 0.95146382, 0.95034031, 0.94928528]), array([0.94451513, 0.9559716 , 0.95110715, 0.94187815, 0.94543776,
       0.94581312, 0.94401322, 0.95127629, 0.95240738, 0.94965693])]
real metric: [array([0.96954711, 0.9776638 , 0.93565183, 0.89383546, 0.9423596 ,
       0.9156872 , 0.95100039, 0.94334505, 0.93357924, 0.94533714]), array([0.97070732, 0.98472839, 0.94296436, 0.90234672, 0.9389866 ,
       0.90797622, 0.95870311, 0.95246524, 0.92819552, 0.95531143]), array([0.96883395, 0.98109344, 0.928394  , 0.89694575, 0.94079132,
       0.90567319, 0.95463905, 0.94571813, 0.93697472, 0.9604077 ]), array([0.969862  , 0.98301892, 0.94156054, 0.90052091, 0.94451932,
       0.90847709, 0.96160344, 0.95007564, 0.92692362, 0.94561288]), array([0.96914905, 0.98523561, 0.93899275, 0.9114632 , 0.94051601,
       0.90691148, 0.95860667, 0.94640469, 0.93029356, 0.95033427])]

estim_algorithm = ts-model, mode = classification, metric = auc, confidence_scores = doctor-conf, class_specific = True
test err: [0.03117982443049666, 0.02807462621934509, 0.03130879317116679, 0.028281250351426666, 0.028427820795947644]
estimated metric: [array([0.97844579, 0.98446407, 0.98152726, 0.95447353, 0.96779582,
       0.95120077, 0.98072252, 0.98172413, 0.96515009, 0.9743011 ]), array([0.97896644, 0.98487228, 0.98248881, 0.95794084, 0.96855894,
       0.94364192, 0.98084123, 0.98287354, 0.96862442, 0.97432274]), array([0.97852192, 0.98467804, 0.98075382, 0.95464466, 0.96793374,
       0.96527341, 0.98007312, 0.98171857, 0.96464142, 0.97432048]), array([0.97916975, 0.9847257 , 0.98158368, 0.95719612, 0.96771811,
       0.94444423, 0.98055876, 0.98203591, 0.96352789, 0.9740267 ]), array([0.97877662, 0.98471834, 0.98141508, 0.95755698, 0.9687062 ,
       0.94771425, 0.98005832, 0.98238668, 0.96533238, 0.97448612])]
real metric: [array([0.96954711, 0.9776638 , 0.93565183, 0.89383546, 0.9423596 ,
       0.9156872 , 0.95100039, 0.94334505, 0.93357924, 0.94533714]), array([0.97070732, 0.98472839, 0.94296436, 0.90234672, 0.9389866 ,
       0.90797622, 0.95870311, 0.95246524, 0.92819552, 0.95531143]), array([0.96883395, 0.98109344, 0.928394  , 0.89694575, 0.94079132,
       0.90567319, 0.95463905, 0.94571813, 0.93697472, 0.9604077 ]), array([0.969862  , 0.98301892, 0.94156054, 0.90052091, 0.94451932,
       0.90847709, 0.96160344, 0.95007564, 0.92692362, 0.94561288]), array([0.96914905, 0.98523561, 0.93899275, 0.9114632 , 0.94051601,
       0.90691148, 0.95860667, 0.94640469, 0.93029356, 0.95033427])]

estim_algorithm = doc-model, mode = classification, metric = auc, confidence_scores = max_class_probability-conf, class_specific = False
test err: [0.05555514676746922, 0.05826842123186836, 0.05695781133403009, 0.057591544605568035, 0.058445074072948924]
estimated metric: [array([0.88546212, 0.89020585, 0.88604894, 0.88010725, 0.88262277,
       0.88396453, 0.88427521, 0.88667484, 0.88606766, 0.88702619]), array([0.88608747, 0.89068927, 0.88698247, 0.88233818, 0.88306621,
       0.88442367, 0.88526716, 0.88691447, 0.8866675 , 0.88726431]), array([0.88565332, 0.89002854, 0.88527222, 0.87950576, 0.88303304,
       0.88406042, 0.88509328, 0.88558059, 0.88518248, 0.8864835 ]), array([0.88586472, 0.89055651, 0.88631713, 0.88128064, 0.88286596,
       0.88459372, 0.88471445, 0.88693414, 0.88626454, 0.8868671 ]), array([0.88559908, 0.89043344, 0.88618059, 0.88069047, 0.88335168,
       0.88320131, 0.88393959, 0.88643834, 0.88642866, 0.88719339])]
real metric: [array([0.96954711, 0.9776638 , 0.93565183, 0.89383546, 0.9423596 ,
       0.9156872 , 0.95100039, 0.94334505, 0.93357924, 0.94533714]), array([0.97070732, 0.98472839, 0.94296436, 0.90234672, 0.9389866 ,
       0.90797622, 0.95870311, 0.95246524, 0.92819552, 0.95531143]), array([0.96883395, 0.98109344, 0.928394  , 0.89694575, 0.94079132,
       0.90567319, 0.95463905, 0.94571813, 0.93697472, 0.9604077 ]), array([0.969862  , 0.98301892, 0.94156054, 0.90052091, 0.94451932,
       0.90847709, 0.96160344, 0.95007564, 0.92692362, 0.94561288]), array([0.96914905, 0.98523561, 0.93899275, 0.9114632 , 0.94051601,
       0.90691148, 0.95860667, 0.94640469, 0.93029356, 0.95033427])]

estim_algorithm = doc-model, mode = classification, metric = auc, confidence_scores = max_class_probability-conf, class_specific = True
test err: [0.03096763224182426, 0.02825052251737068, 0.029499137628837113, 0.028892664199697715, 0.0279990189596697]
estimated metric: [array([0.98453477, 0.98499979, 0.97342078, 0.95795938, 0.97034864,
       0.95243094, 0.97470457, 0.97368631, 0.969607  , 0.97599098]), array([0.9850856 , 0.98539556, 0.97433131, 0.96021924, 0.97095862,
       0.95290347, 0.97569655, 0.97386067, 0.97019688, 0.97624222]), array([0.98445279, 0.98468851, 0.97263056, 0.95742261, 0.97072027,
       0.95247768, 0.97551559, 0.97251517, 0.96859828, 0.97544115]), array([0.98480394, 0.98531947, 0.97366865, 0.95908195, 0.97051488,
       0.95304727, 0.97511714, 0.97393101, 0.96981967, 0.97579702]), array([0.98475612, 0.98514728, 0.97347819, 0.95851758, 0.97091364,
       0.95155491, 0.97429745, 0.97327515, 0.96983041, 0.97595011])]
real metric: [array([0.96954711, 0.9776638 , 0.93565183, 0.89383546, 0.9423596 ,
       0.9156872 , 0.95100039, 0.94334505, 0.93357924, 0.94533714]), array([0.97070732, 0.98472839, 0.94296436, 0.90234672, 0.9389866 ,
       0.90797622, 0.95870311, 0.95246524, 0.92819552, 0.95531143]), array([0.96883395, 0.98109344, 0.928394  , 0.89694575, 0.94079132,
       0.90567319, 0.95463905, 0.94571813, 0.93697472, 0.9604077 ]), array([0.969862  , 0.98301892, 0.94156054, 0.90052091, 0.94451932,
       0.90847709, 0.96160344, 0.95007564, 0.92692362, 0.94561288]), array([0.96914905, 0.98523561, 0.93899275, 0.9114632 , 0.94051601,
       0.90691148, 0.95860667, 0.94640469, 0.93029356, 0.95033427])]

estim_algorithm = doc-model, mode = classification, metric = auc, confidence_scores = energy-conf, class_specific = False
test err: [0.02171716610205001, 0.020605595647437646, 0.02244904006306293, 0.020452776473496637, 0.023875745194918828]
estimated metric: [array([0.93395388, 0.95574812, 0.95050193, 0.93991318, 0.94488764,
       0.95631572, 0.9574734 , 0.95884868, 0.95900183, 0.95351628]), array([0.93568226, 0.95712171, 0.95251179, 0.94395162, 0.94294281,
       0.95969646, 0.95032192, 0.95648243, 0.95198366, 0.95490251]), array([0.93311141, 0.95613335, 0.95108591, 0.94283428, 0.93920393,
       0.96151112, 0.95506839, 0.95407246, 0.95899965, 0.95341432]), array([0.93242588, 0.95685391, 0.95228202, 0.94243527, 0.94302377,
       0.94691828, 0.96197158, 0.95940389, 0.95881185, 0.95238231]), array([0.93538011, 0.9570654 , 0.95035057, 0.95039165, 0.94390838,
       0.95086543, 0.9220623 , 0.95501125, 0.95851094, 0.95615168])]
real metric: [array([0.96954711, 0.9776638 , 0.93565183, 0.89383546, 0.9423596 ,
       0.9156872 , 0.95100039, 0.94334505, 0.93357924, 0.94533714]), array([0.97070732, 0.98472839, 0.94296436, 0.90234672, 0.9389866 ,
       0.90797622, 0.95870311, 0.95246524, 0.92819552, 0.95531143]), array([0.96883395, 0.98109344, 0.928394  , 0.89694575, 0.94079132,
       0.90567319, 0.95463905, 0.94571813, 0.93697472, 0.9604077 ]), array([0.969862  , 0.98301892, 0.94156054, 0.90052091, 0.94451932,
       0.90847709, 0.96160344, 0.95007564, 0.92692362, 0.94561288]), array([0.96914905, 0.98523561, 0.93899275, 0.9114632 , 0.94051601,
       0.90691148, 0.95860667, 0.94640469, 0.93029356, 0.95033427])]

estim_algorithm = doc-model, mode = classification, metric = auc, confidence_scores = energy-conf, class_specific = True
test err: [0.027554151728772947, 0.027547218710670996, 0.029140863046049247, 0.025650754185481593, 0.028974326135224528]
estimated metric: [array([0.96004773, 0.97913158, 0.96194242, 0.95578809, 0.96242423,
       0.9713906 , 0.94374082, 0.96821034, 0.96844254, 0.97891209]), array([0.96037964, 0.97932839, 0.96059335, 0.95512226, 0.96380669,
       0.96209056, 0.92875209, 0.9695083 , 0.96772263, 0.97919579]), array([0.95896292, 0.97901511, 0.94701274, 0.95459182, 0.96220447,
       0.97140196, 0.97098111, 0.89883864, 0.97135018, 0.97886322]), array([0.95942621, 0.97956618, 0.95474858, 0.95929424, 0.96340213,
       0.97174481, 0.96464856, 0.95897845, 0.96974444, 0.97935123]), array([0.96067931, 0.97923392, 0.95352153, 0.95372905, 0.96388168,
       0.96157794, 0.90026646, 0.95859096, 0.9714729 , 0.97907353])]
real metric: [array([0.96954711, 0.9776638 , 0.93565183, 0.89383546, 0.9423596 ,
       0.9156872 , 0.95100039, 0.94334505, 0.93357924, 0.94533714]), array([0.97070732, 0.98472839, 0.94296436, 0.90234672, 0.9389866 ,
       0.90797622, 0.95870311, 0.95246524, 0.92819552, 0.95531143]), array([0.96883395, 0.98109344, 0.928394  , 0.89694575, 0.94079132,
       0.90567319, 0.95463905, 0.94571813, 0.93697472, 0.9604077 ]), array([0.969862  , 0.98301892, 0.94156054, 0.90052091, 0.94451932,
       0.90847709, 0.96160344, 0.95007564, 0.92692362, 0.94561288]), array([0.96914905, 0.98523561, 0.93899275, 0.9114632 , 0.94051601,
       0.90691148, 0.95860667, 0.94640469, 0.93029356, 0.95033427])]

estim_algorithm = doc-model, mode = classification, metric = auc, confidence_scores = entropy-conf, class_specific = False
test err: [0.05049192895309307, 0.05308377503455351, 0.05192372281518439, 0.052567915092603015, 0.05322754629213887]
estimated metric: [array([0.89030811, 0.89614519, 0.89160177, 0.88413871, 0.88648446,
       0.8890935 , 0.88926272, 0.89253214, 0.89152331, 0.89199763]), array([0.89058299, 0.89676576, 0.89267179, 0.88623881, 0.887487  ,
       0.89045731, 0.89065123, 0.89220819, 0.8925    , 0.89198408]), array([0.8895653 , 0.89598869, 0.89092674, 0.88369842, 0.88741458,
       0.88930922, 0.88999243, 0.89104204, 0.89021082, 0.89208578]), array([0.89021377, 0.89617867, 0.89167507, 0.88541047, 0.88734641,
       0.88926988, 0.89059269, 0.8922686 , 0.8918657 , 0.89167395]), array([0.89032072, 0.89562384, 0.89175459, 0.88595258, 0.8877768 ,
       0.8890754 , 0.89028709, 0.89151852, 0.89192045, 0.89140185])]
real metric: [array([0.96954711, 0.9776638 , 0.93565183, 0.89383546, 0.9423596 ,
       0.9156872 , 0.95100039, 0.94334505, 0.93357924, 0.94533714]), array([0.97070732, 0.98472839, 0.94296436, 0.90234672, 0.9389866 ,
       0.90797622, 0.95870311, 0.95246524, 0.92819552, 0.95531143]), array([0.96883395, 0.98109344, 0.928394  , 0.89694575, 0.94079132,
       0.90567319, 0.95463905, 0.94571813, 0.93697472, 0.9604077 ]), array([0.969862  , 0.98301892, 0.94156054, 0.90052091, 0.94451932,
       0.90847709, 0.96160344, 0.95007564, 0.92692362, 0.94561288]), array([0.96914905, 0.98523561, 0.93899275, 0.9114632 , 0.94051601,
       0.90691148, 0.95860667, 0.94640469, 0.93029356, 0.95033427])]

estim_algorithm = doc-model, mode = classification, metric = auc, confidence_scores = entropy-conf, class_specific = True
test err: [0.029282085355239275, 0.02660479923084208, 0.02790791516565868, 0.027250970198799997, 0.026516130547178208]
estimated metric: [array([0.98252115, 0.98490688, 0.97213908, 0.95610996, 0.96769683,
       0.95046713, 0.9728023 , 0.97233366, 0.9669734 , 0.97487728]), array([0.98306947, 0.98546927, 0.97310434, 0.95773989, 0.9685593 ,
       0.95180088, 0.97414474, 0.97197385, 0.96792985, 0.9746413 ]), array([0.98262549, 0.98468712, 0.97140221, 0.95578766, 0.96846195,
       0.95061882, 0.9734706 , 0.97090415, 0.96572013, 0.97487226]), array([0.9827985 , 0.98514707, 0.97213194, 0.95725968, 0.9684564 ,
       0.95059627, 0.97419049, 0.97211928, 0.96741264, 0.97457178]), array([0.98246479, 0.9852583 , 0.97222288, 0.95743996, 0.96881862,
       0.95039762, 0.97382616, 0.97124039, 0.96709491, 0.97430497])]
real metric: [array([0.96954711, 0.9776638 , 0.93565183, 0.89383546, 0.9423596 ,
       0.9156872 , 0.95100039, 0.94334505, 0.93357924, 0.94533714]), array([0.97070732, 0.98472839, 0.94296436, 0.90234672, 0.9389866 ,
       0.90797622, 0.95870311, 0.95246524, 0.92819552, 0.95531143]), array([0.96883395, 0.98109344, 0.928394  , 0.89694575, 0.94079132,
       0.90567319, 0.95463905, 0.94571813, 0.93697472, 0.9604077 ]), array([0.969862  , 0.98301892, 0.94156054, 0.90052091, 0.94451932,
       0.90847709, 0.96160344, 0.95007564, 0.92692362, 0.94561288]), array([0.96914905, 0.98523561, 0.93899275, 0.9114632 , 0.94051601,
       0.90691148, 0.95860667, 0.94640469, 0.93029356, 0.95033427])]

estim_algorithm = doc-model, mode = classification, metric = auc, confidence_scores = doctor-conf, class_specific = False
test err: [0.0757108464185294, 0.07879027218803995, 0.07787769727455049, 0.07913269507261804, 0.07978485039447633]
estimated metric: [array([0.86444092, 0.86974258, 0.8661033 , 0.85873146, 0.86266004,
       0.86456385, 0.86629556, 0.8672364 , 0.86690088, 0.86422337]), array([0.86465685, 0.87025507, 0.86682115, 0.85994256, 0.8622041 ,
       0.86495388, 0.86645777, 0.86465445, 0.8673397 , 0.86719664]), array([0.86327381, 0.86688972, 0.86481339, 0.85755966, 0.86085978,
       0.86435024, 0.8659491 , 0.86687517, 0.86324693, 0.86687647]), array([0.86320985, 0.86691816, 0.86547326, 0.85877185, 0.86088428,
       0.86215126, 0.86610292, 0.86700225, 0.86635915, 0.86397441]), array([0.8631867 , 0.86708621, 0.86585187, 0.85878513, 0.86127088,
       0.86490351, 0.86267235, 0.86775709, 0.8637724 , 0.86477266])]
real metric: [array([0.96954711, 0.9776638 , 0.93565183, 0.89383546, 0.9423596 ,
       0.9156872 , 0.95100039, 0.94334505, 0.93357924, 0.94533714]), array([0.97070732, 0.98472839, 0.94296436, 0.90234672, 0.9389866 ,
       0.90797622, 0.95870311, 0.95246524, 0.92819552, 0.95531143]), array([0.96883395, 0.98109344, 0.928394  , 0.89694575, 0.94079132,
       0.90567319, 0.95463905, 0.94571813, 0.93697472, 0.9604077 ]), array([0.969862  , 0.98301892, 0.94156054, 0.90052091, 0.94451932,
       0.90847709, 0.96160344, 0.95007564, 0.92692362, 0.94561288]), array([0.96914905, 0.98523561, 0.93899275, 0.9114632 , 0.94051601,
       0.90691148, 0.95860667, 0.94640469, 0.93029356, 0.95033427])]

estim_algorithm = doc-model, mode = classification, metric = auc, confidence_scores = doctor-conf, class_specific = True
test err: [0.034744118843160386, 0.03168455261549311, 0.03319075255517899, 0.032259599582444065, 0.031887639550175026]
estimated metric: [array([0.98878807, 0.98917635, 0.97724523, 0.96324131, 0.97545098,
       0.95576932, 0.9799238 , 0.97604107, 0.97146195, 0.97834994]), array([0.98893687, 0.98955724, 0.97805086, 0.96423658, 0.97513335,
       0.95624105, 0.98013203, 0.97678797, 0.9717592 , 0.97839527]), array([0.98880652, 0.98916896, 0.97610754, 0.96195182, 0.97556796,
       0.95549682, 0.97967136, 0.97557483, 0.97108255, 0.97795042]), array([0.98879267, 0.98929415, 0.97667064, 0.96320797, 0.97555633,
       0.95669715, 0.97980649, 0.97582169, 0.9707748 , 0.97814846]), array([0.9888174 , 0.98934143, 0.97692397, 0.96318588, 0.97582619,
       0.95618209, 0.97971977, 0.97648538, 0.97155277, 0.97874882])]
real metric: [array([0.96954711, 0.9776638 , 0.93565183, 0.89383546, 0.9423596 ,
       0.9156872 , 0.95100039, 0.94334505, 0.93357924, 0.94533714]), array([0.97070732, 0.98472839, 0.94296436, 0.90234672, 0.9389866 ,
       0.90797622, 0.95870311, 0.95246524, 0.92819552, 0.95531143]), array([0.96883395, 0.98109344, 0.928394  , 0.89694575, 0.94079132,
       0.90567319, 0.95463905, 0.94571813, 0.93697472, 0.9604077 ]), array([0.969862  , 0.98301892, 0.94156054, 0.90052091, 0.94451932,
       0.90847709, 0.96160344, 0.95007564, 0.92692362, 0.94561288]), array([0.96914905, 0.98523561, 0.93899275, 0.9114632 , 0.94051601,
       0.90691148, 0.95860667, 0.94640469, 0.93029356, 0.95033427])]

