estim_algorithm = ac-model, mode = classification, metric = sensitivity, confidence_scores = max_class_probability-conf, class_specific = False
test err: [0.34994408204504607, 0.3446993415047269, 0.34868348505761465, 0.34665590531722684, 0.35073101712412635]
estimated metric: [array([0.15107928, 0.18486539, 0.15445009, 0.150324  , 0.16011938,
       0.1612182 , 0.16347271, 0.17207052, 0.16441328, 0.16981645]), array([0.1511895 , 0.18289551, 0.15456687, 0.15079791, 0.15834043,
       0.16209906, 0.16587687, 0.17039658, 0.16409138, 0.16119253]), array([0.1511643 , 0.18615342, 0.15466946, 0.15104993, 0.15882738,
       0.16254345, 0.16738889, 0.17228102, 0.16676856, 0.17157206]), array([0.15075711, 0.18534093, 0.15395902, 0.15086253, 0.15925729,
       0.16246343, 0.16257654, 0.17245455, 0.17052562, 0.16111782]), array([0.15081438, 0.18607387, 0.15540444, 0.15071184, 0.16024464,
       0.16116863, 0.16513629, 0.16832349, 0.16947773, 0.16507009])]
real metric: [array([0.92241379, 0.83717579, 0.69647696, 0.82251082, 0.5235378 ,
       0.30276565, 0.3003096 , 0.32258065, 0.1565097 , 0.1084507 ]), array([0.93777778, 0.80497925, 0.69895678, 0.80428571, 0.4341534 ,
       0.29693742, 0.32365145, 0.37572254, 0.16959064, 0.1       ]), array([0.9253112 , 0.84985836, 0.75516224, 0.83005618, 0.47578348,
       0.26907631, 0.28282828, 0.34903047, 0.16148148, 0.12305296]), array([0.93491124, 0.81693989, 0.6900149 , 0.82507289, 0.50921986,
       0.25698324, 0.30204082, 0.35036496, 0.17732558, 0.08923513]), array([0.92977099, 0.81351351, 0.71639586, 0.82670455, 0.5021398 ,
       0.28224583, 0.31510417, 0.33520337, 0.14139942, 0.10903874])]

estim_algorithm = ac-model, mode = classification, metric = sensitivity, confidence_scores = energy-conf, class_specific = False
test err: [0.24116207354082367, 0.24744859889051188, 0.2505921054315174, 0.2454903161069057, 0.2494222542316241]
estimated metric: [array([0.59845504, 0.38481195, 0.63685792, 0.58140075, 0.61603006,
       0.58549643, 0.58615855, 0.47421522, 0.42431721, 0.36250564]), array([0.5985323 , 0.39290181, 0.6363614 , 0.57929831, 0.62803042,
       0.58039428, 0.58344998, 0.50234202, 0.4330677 , 0.40835133]), array([0.59707256, 0.38118931, 0.64172778, 0.572785  , 0.62065182,
       0.56174561, 0.57495184, 0.48020882, 0.41182351, 0.35017909]), array([0.59660393, 0.38650287, 0.63668008, 0.57452918, 0.6131786 ,
       0.57683979, 0.59828768, 0.4707768 , 0.40469808, 0.40366894]), array([0.59810562, 0.37974764, 0.63948124, 0.57260203, 0.61251426,
       0.58082897, 0.58872364, 0.50876972, 0.40339283, 0.38867605])]
real metric: [array([0.92241379, 0.83717579, 0.69647696, 0.82251082, 0.5235378 ,
       0.30276565, 0.3003096 , 0.32258065, 0.1565097 , 0.1084507 ]), array([0.93777778, 0.80497925, 0.69895678, 0.80428571, 0.4341534 ,
       0.29693742, 0.32365145, 0.37572254, 0.16959064, 0.1       ]), array([0.9253112 , 0.84985836, 0.75516224, 0.83005618, 0.47578348,
       0.26907631, 0.28282828, 0.34903047, 0.16148148, 0.12305296]), array([0.93491124, 0.81693989, 0.6900149 , 0.82507289, 0.50921986,
       0.25698324, 0.30204082, 0.35036496, 0.17732558, 0.08923513]), array([0.92977099, 0.81351351, 0.71639586, 0.82670455, 0.5021398 ,
       0.28224583, 0.31510417, 0.33520337, 0.14139942, 0.10903874])]

estim_algorithm = ac-model, mode = classification, metric = sensitivity, confidence_scores = entropy-conf, class_specific = False
test err: [0.4871224106328028, 0.48267390079123496, 0.4898600417822189, 0.48309375179553626, 0.48496726714601524]
estimated metric: [array([0.00766901, 0.01765928, 0.00963718, 0.00920791, 0.01204963,
       0.012207  , 0.01305397, 0.01418151, 0.01218413, 0.01365776]), array([0.00769329, 0.0171392 , 0.00962694, 0.00930658, 0.01186949,
       0.01223409, 0.01369112, 0.01385972, 0.01198695, 0.01190859]), array([0.00766433, 0.01796919, 0.00966446, 0.00926898, 0.01192525,
       0.01203537, 0.01376311, 0.0142102 , 0.01251569, 0.01402395]), array([0.0075974 , 0.01781551, 0.00956437, 0.00925564, 0.01201652,
       0.01238767, 0.0128886 , 0.01425985, 0.01327821, 0.01210722]), array([0.00766555, 0.01785524, 0.00975341, 0.009216  , 0.01219217,
       0.0119913 , 0.01340397, 0.01353147, 0.01334045, 0.01289402])]
real metric: [array([0.92241379, 0.83717579, 0.69647696, 0.82251082, 0.5235378 ,
       0.30276565, 0.3003096 , 0.32258065, 0.1565097 , 0.1084507 ]), array([0.93777778, 0.80497925, 0.69895678, 0.80428571, 0.4341534 ,
       0.29693742, 0.32365145, 0.37572254, 0.16959064, 0.1       ]), array([0.9253112 , 0.84985836, 0.75516224, 0.83005618, 0.47578348,
       0.26907631, 0.28282828, 0.34903047, 0.16148148, 0.12305296]), array([0.93491124, 0.81693989, 0.6900149 , 0.82507289, 0.50921986,
       0.25698324, 0.30204082, 0.35036496, 0.17732558, 0.08923513]), array([0.92977099, 0.81351351, 0.71639586, 0.82670455, 0.5021398 ,
       0.28224583, 0.31510417, 0.33520337, 0.14139942, 0.10903874])]

estim_algorithm = ac-model, mode = classification, metric = sensitivity, confidence_scores = doctor-conf, class_specific = False
test err: [0.293599133102134, 0.27010103608924363, 0.3018254560524413, 0.2910227267639017, 0.2906672558437261]
estimated metric: [array([0.19551911, 0.54948423, 0.25666173, 0.2341423 , 0.33237605,
       0.34120599, 0.37163601, 0.42275283, 0.35440002, 0.40268101]), array([0.19660107, 0.53054477, 0.25637795, 0.23748098, 0.32420977,
       0.34310324, 0.3943837 , 0.40951049, 0.34774047, 0.33723612]), array([0.19577761, 0.56070791, 0.25745157, 0.23670055, 0.32694124,
       0.33881474, 0.39940708, 0.42318906, 0.36640214, 0.41731846]), array([0.19331787, 0.55497321, 0.25404987, 0.23608395, 0.32978856,
       0.34837372, 0.36548182, 0.42554274, 0.3945703 , 0.3442631 ]), array([0.19529865, 0.55695453, 0.26115156, 0.23497002, 0.33641445,
       0.33538276, 0.38466412, 0.39589731, 0.39656267, 0.37342173])]
real metric: [array([0.92241379, 0.83717579, 0.69647696, 0.82251082, 0.5235378 ,
       0.30276565, 0.3003096 , 0.32258065, 0.1565097 , 0.1084507 ]), array([0.93777778, 0.80497925, 0.69895678, 0.80428571, 0.4341534 ,
       0.29693742, 0.32365145, 0.37572254, 0.16959064, 0.1       ]), array([0.9253112 , 0.84985836, 0.75516224, 0.83005618, 0.47578348,
       0.26907631, 0.28282828, 0.34903047, 0.16148148, 0.12305296]), array([0.93491124, 0.81693989, 0.6900149 , 0.82507289, 0.50921986,
       0.25698324, 0.30204082, 0.35036496, 0.17732558, 0.08923513]), array([0.92977099, 0.81351351, 0.71639586, 0.82670455, 0.5021398 ,
       0.28224583, 0.31510417, 0.33520337, 0.14139942, 0.10903874])]

estim_algorithm = ts-model, mode = classification, metric = sensitivity, confidence_scores = max_class_probability-conf, class_specific = False
test err: [0.3029681883161192, 0.2940113314604256, 0.3221493247803934, 0.3026132118243676, 0.30229246829872836]
estimated metric: [array([0.59743192, 0.79124197, 0.60984283, 0.57139206, 0.64517932,
       0.64918333, 0.64945093, 0.72509634, 0.6559611 , 0.71029636]), array([0.59835344, 0.78000504, 0.61216953, 0.57625995, 0.62510967,
       0.6617544 , 0.66846722, 0.71312665, 0.65814373, 0.63435555]), array([0.59854221, 0.80037945, 0.61324595, 0.58092384, 0.63003514,
       0.66909092, 0.68248418, 0.72919166, 0.68556466, 0.71908315]), array([0.59363313, 0.7932408 , 0.60471783, 0.57811823, 0.63479248,
       0.66229988, 0.64139751, 0.72930446, 0.71913281, 0.62714562]), array([0.59363624, 0.8037215 , 0.62127374, 0.57637685, 0.64419498,
       0.65188567, 0.66591813, 0.69615379, 0.69761098, 0.66091588])]
real metric: [array([0.92241379, 0.83717579, 0.69647696, 0.82251082, 0.5235378 ,
       0.30276565, 0.3003096 , 0.32258065, 0.1565097 , 0.1084507 ]), array([0.93777778, 0.80497925, 0.69895678, 0.80428571, 0.4341534 ,
       0.29693742, 0.32365145, 0.37572254, 0.16959064, 0.1       ]), array([0.9253112 , 0.84985836, 0.75516224, 0.83005618, 0.47578348,
       0.26907631, 0.28282828, 0.34903047, 0.16148148, 0.12305296]), array([0.93491124, 0.81693989, 0.6900149 , 0.82507289, 0.50921986,
       0.25698324, 0.30204082, 0.35036496, 0.17732558, 0.08923513]), array([0.92977099, 0.81351351, 0.71639586, 0.82670455, 0.5021398 ,
       0.28224583, 0.31510417, 0.33520337, 0.14139942, 0.10903874])]

estim_algorithm = ts-model, mode = classification, metric = sensitivity, confidence_scores = max_class_probability-conf, class_specific = True
test err: [0.17356016077813402, 0.16819693297235982, 0.1784961741205758, 0.17395138903937313, 0.1761267630793947]
estimated metric: [array([0.96702097, 0.95818268, 0.74368233, 0.77047798, 0.69356126,
       0.5520434 , 0.57712414, 0.56891205, 0.37183491, 0.42142767]), array([0.96310328, 0.95385298, 0.74691444, 0.7760993 , 0.67316545,
       0.56185471, 0.59653972, 0.55638859, 0.370592  , 0.37314101]), array([0.96337819, 0.96260675, 0.74918094, 0.7821936 , 0.67745619,
       0.5685476 , 0.60936134, 0.57071732, 0.38337592, 0.43209708]), array([0.96244335, 0.957273  , 0.7369917 , 0.7791176 , 0.68299486,
       0.56346528, 0.56965692, 0.57218825, 0.4021753 , 0.37340556]), array([0.96260307, 0.96372014, 0.7572218 , 0.77611439, 0.69254981,
       0.55440645, 0.59277672, 0.54060232, 0.39721147, 0.39439737])]
real metric: [array([0.92241379, 0.83717579, 0.69647696, 0.82251082, 0.5235378 ,
       0.30276565, 0.3003096 , 0.32258065, 0.1565097 , 0.1084507 ]), array([0.93777778, 0.80497925, 0.69895678, 0.80428571, 0.4341534 ,
       0.29693742, 0.32365145, 0.37572254, 0.16959064, 0.1       ]), array([0.9253112 , 0.84985836, 0.75516224, 0.83005618, 0.47578348,
       0.26907631, 0.28282828, 0.34903047, 0.16148148, 0.12305296]), array([0.93491124, 0.81693989, 0.6900149 , 0.82507289, 0.50921986,
       0.25698324, 0.30204082, 0.35036496, 0.17732558, 0.08923513]), array([0.92977099, 0.81351351, 0.71639586, 0.82670455, 0.5021398 ,
       0.28224583, 0.31510417, 0.33520337, 0.14139942, 0.10903874])]

estim_algorithm = ts-model, mode = classification, metric = sensitivity, confidence_scores = energy-conf, class_specific = False
test err: [0.31736556351025624, 0.32274955684967477, 0.31611337901123504, 0.3228081721666489, 0.3220649489342321]
estimated metric: [array([0.82364775, 0.60965266, 0.85290034, 0.80039446, 0.83567976,
       0.80465604, 0.8091864 , 0.69483579, 0.65038143, 0.58824139]), array([0.82389873, 0.6178652 , 0.85043295, 0.79933803, 0.84635291,
       0.80112252, 0.80540738, 0.72360014, 0.65917578, 0.63447533]), array([0.8227022 , 0.6059685 , 0.85653726, 0.79232802, 0.8383239 ,
       0.78523346, 0.79755929, 0.70202033, 0.63781399, 0.57583375]), array([0.8224275 , 0.61131616, 0.85131132, 0.79493635, 0.83370931,
       0.79678271, 0.82015613, 0.69279479, 0.63051912, 0.62974882]), array([0.8231502 , 0.60455217, 0.85338435, 0.79305575, 0.83205946,
       0.80166084, 0.81187597, 0.73018376, 0.62920018, 0.61458118])]
real metric: [array([0.92241379, 0.83717579, 0.69647696, 0.82251082, 0.5235378 ,
       0.30276565, 0.3003096 , 0.32258065, 0.1565097 , 0.1084507 ]), array([0.93777778, 0.80497925, 0.69895678, 0.80428571, 0.4341534 ,
       0.29693742, 0.32365145, 0.37572254, 0.16959064, 0.1       ]), array([0.9253112 , 0.84985836, 0.75516224, 0.83005618, 0.47578348,
       0.26907631, 0.28282828, 0.34903047, 0.16148148, 0.12305296]), array([0.93491124, 0.81693989, 0.6900149 , 0.82507289, 0.50921986,
       0.25698324, 0.30204082, 0.35036496, 0.17732558, 0.08923513]), array([0.92977099, 0.81351351, 0.71639586, 0.82670455, 0.5021398 ,
       0.28224583, 0.31510417, 0.33520337, 0.14139942, 0.10903874])]

estim_algorithm = ts-model, mode = classification, metric = sensitivity, confidence_scores = energy-conf, class_specific = True
test err: [0.2886387251667138, 0.2981505850076044, 0.28326938286207454, 0.295594061556183, 0.29576528617677644]
estimated metric: [array([0.94586261, 0.99313846, 0.84595763, 0.78370442, 0.87212608,
       0.69753967, 0.8190871 , 0.71430891, 0.52030737, 0.60947367]), array([0.94661516, 0.99463541, 0.84351689, 0.78248286, 0.88106881,
       0.69255775, 0.81523908, 0.74301945, 0.52907679, 0.65574293]), array([0.94585745, 0.99300825, 0.84973887, 0.77550685, 0.87356933,
       0.67391793, 0.80735815, 0.72143878, 0.50778184, 0.59705868]), array([0.94537483, 0.99249396, 0.84438621, 0.7781321 , 0.87041797,
       0.68873873, 0.82981989, 0.71320822, 0.50058324, 0.6510124 ]), array([0.94534106, 0.99316726, 0.84648204, 0.77608349, 0.86784026,
       0.69271814, 0.82153666, 0.74965716, 0.49927204, 0.63582886])]
real metric: [array([0.92241379, 0.83717579, 0.69647696, 0.82251082, 0.5235378 ,
       0.30276565, 0.3003096 , 0.32258065, 0.1565097 , 0.1084507 ]), array([0.93777778, 0.80497925, 0.69895678, 0.80428571, 0.4341534 ,
       0.29693742, 0.32365145, 0.37572254, 0.16959064, 0.1       ]), array([0.9253112 , 0.84985836, 0.75516224, 0.83005618, 0.47578348,
       0.26907631, 0.28282828, 0.34903047, 0.16148148, 0.12305296]), array([0.93491124, 0.81693989, 0.6900149 , 0.82507289, 0.50921986,
       0.25698324, 0.30204082, 0.35036496, 0.17732558, 0.08923513]), array([0.92977099, 0.81351351, 0.71639586, 0.82670455, 0.5021398 ,
       0.28224583, 0.31510417, 0.33520337, 0.14139942, 0.10903874])]

estim_algorithm = ts-model, mode = classification, metric = sensitivity, confidence_scores = entropy-conf, class_specific = False
test err: [0.3079363092067817, 0.29772716995671983, 0.32697586135852647, 0.30766538656787723, 0.30706168907575165]
estimated metric: [array([0.56899894, 0.79706192, 0.59481239, 0.54095039, 0.63441692,
       0.65216262, 0.64072323, 0.72545254, 0.65086394, 0.7131442 ]), array([0.57101321, 0.78588074, 0.59620027, 0.54725718, 0.61250176,
       0.66439088, 0.66232621, 0.71022373, 0.65267598, 0.62956046]), array([0.57033027, 0.80592692, 0.59642831, 0.55147885, 0.6167833 ,
       0.67040493, 0.67733115, 0.72889723, 0.68296803, 0.71840332]), array([0.56490997, 0.80021707, 0.58758119, 0.54861185, 0.62225706,
       0.66595823, 0.63273312, 0.729443  , 0.72235147, 0.62346171]), array([0.56532981, 0.81025759, 0.60759035, 0.5471367 , 0.63332624,
       0.65357688, 0.6595101 , 0.69277137, 0.69703107, 0.66346208])]
real metric: [array([0.92241379, 0.83717579, 0.69647696, 0.82251082, 0.5235378 ,
       0.30276565, 0.3003096 , 0.32258065, 0.1565097 , 0.1084507 ]), array([0.93777778, 0.80497925, 0.69895678, 0.80428571, 0.4341534 ,
       0.29693742, 0.32365145, 0.37572254, 0.16959064, 0.1       ]), array([0.9253112 , 0.84985836, 0.75516224, 0.83005618, 0.47578348,
       0.26907631, 0.28282828, 0.34903047, 0.16148148, 0.12305296]), array([0.93491124, 0.81693989, 0.6900149 , 0.82507289, 0.50921986,
       0.25698324, 0.30204082, 0.35036496, 0.17732558, 0.08923513]), array([0.92977099, 0.81351351, 0.71639586, 0.82670455, 0.5021398 ,
       0.28224583, 0.31510417, 0.33520337, 0.14139942, 0.10903874])]

estim_algorithm = ts-model, mode = classification, metric = sensitivity, confidence_scores = entropy-conf, class_specific = True
test err: [0.1616689346807078, 0.15407991751034472, 0.1680238181416176, 0.16156704307982145, 0.16431342182763525]
estimated metric: [array([0.96620008, 0.95939024, 0.7405751 , 0.76265656, 0.67955919,
       0.54540013, 0.55223259, 0.55716648, 0.33577318, 0.39075874]), array([0.96305199, 0.95549698, 0.74250732, 0.76962727, 0.65783565,
       0.55534338, 0.57612646, 0.5396898 , 0.33253222, 0.3253262 ]), array([0.96246242, 0.96396186, 0.74372544, 0.77485921, 0.66106696,
       0.56118743, 0.58939184, 0.55823854, 0.34881736, 0.40490054]), array([0.96192704, 0.95936024, 0.7314127 , 0.77207641, 0.66733346,
       0.55852671, 0.54440032, 0.56078497, 0.37649773, 0.32946642]), array([0.96166208, 0.96550443, 0.75486535, 0.76947999, 0.67829708,
       0.54668198, 0.57117978, 0.52156639, 0.37223465, 0.35872961])]
real metric: [array([0.92241379, 0.83717579, 0.69647696, 0.82251082, 0.5235378 ,
       0.30276565, 0.3003096 , 0.32258065, 0.1565097 , 0.1084507 ]), array([0.93777778, 0.80497925, 0.69895678, 0.80428571, 0.4341534 ,
       0.29693742, 0.32365145, 0.37572254, 0.16959064, 0.1       ]), array([0.9253112 , 0.84985836, 0.75516224, 0.83005618, 0.47578348,
       0.26907631, 0.28282828, 0.34903047, 0.16148148, 0.12305296]), array([0.93491124, 0.81693989, 0.6900149 , 0.82507289, 0.50921986,
       0.25698324, 0.30204082, 0.35036496, 0.17732558, 0.08923513]), array([0.92977099, 0.81351351, 0.71639586, 0.82670455, 0.5021398 ,
       0.28224583, 0.31510417, 0.33520337, 0.14139942, 0.10903874])]

estim_algorithm = ts-model, mode = classification, metric = sensitivity, confidence_scores = doctor-conf, class_specific = False
test err: [0.35346193779763846, 0.3456234921244524, 0.371457756258855, 0.3595898499999207, 0.3618820489766991]
estimated metric: [array([0.44548016, 0.83769053, 0.55396385, 0.49711563, 0.68845713,
       0.71156801, 0.70580455, 0.781476  , 0.65835125, 0.75775985]), array([0.44797149, 0.82695378, 0.55352654, 0.50365153, 0.66946783,
       0.71699692, 0.73834323, 0.76208379, 0.65301608, 0.65853729]), array([0.44678208, 0.84589127, 0.55524509, 0.50302676, 0.67593716,
       0.71289408, 0.74049137, 0.78661904, 0.68493822, 0.76550788]), array([0.44147038, 0.8406142 , 0.54858998, 0.50154334, 0.68070742,
       0.72713757, 0.69452097, 0.78638871, 0.74528284, 0.66496094]), array([0.44487966, 0.84810427, 0.56369275, 0.4996609 , 0.69436287,
       0.70302393, 0.72873036, 0.75001522, 0.71857966, 0.71001092])]
real metric: [array([0.92241379, 0.83717579, 0.69647696, 0.82251082, 0.5235378 ,
       0.30276565, 0.3003096 , 0.32258065, 0.1565097 , 0.1084507 ]), array([0.93777778, 0.80497925, 0.69895678, 0.80428571, 0.4341534 ,
       0.29693742, 0.32365145, 0.37572254, 0.16959064, 0.1       ]), array([0.9253112 , 0.84985836, 0.75516224, 0.83005618, 0.47578348,
       0.26907631, 0.28282828, 0.34903047, 0.16148148, 0.12305296]), array([0.93491124, 0.81693989, 0.6900149 , 0.82507289, 0.50921986,
       0.25698324, 0.30204082, 0.35036496, 0.17732558, 0.08923513]), array([0.92977099, 0.81351351, 0.71639586, 0.82670455, 0.5021398 ,
       0.28224583, 0.31510417, 0.33520337, 0.14139942, 0.10903874])]

estim_algorithm = ts-model, mode = classification, metric = sensitivity, confidence_scores = doctor-conf, class_specific = True
test err: [0.16056393292867505, 0.1565252005668874, 0.16826260397697937, 0.16607933320009444, 0.16641632037561163]
estimated metric: [array([0.90738752, 0.92779906, 0.7387876 , 0.72262051, 0.67527784,
       0.59248711, 0.53022323, 0.57263898, 0.32027639, 0.38103939]), array([0.90760061, 0.92434784, 0.73957191, 0.7316995 , 0.65655001,
       0.596658  , 0.5617865 , 0.55444975, 0.31419058, 0.31892551]), array([0.90012603, 0.93127066, 0.74054259, 0.73181694, 0.663049  ,
       0.59225131, 0.56999097, 0.57300056, 0.33124449, 0.39488631]), array([0.89988323, 0.93612805, 0.73278387, 0.7295185 , 0.66777332,
       0.60526425, 0.52150683, 0.57632432, 0.35693743, 0.32561724]), array([0.90236633, 0.93749622, 0.75200577, 0.7269121 , 0.68146054,
       0.58463559, 0.54857555, 0.53573137, 0.35879668, 0.35330506])]
real metric: [array([0.92241379, 0.83717579, 0.69647696, 0.82251082, 0.5235378 ,
       0.30276565, 0.3003096 , 0.32258065, 0.1565097 , 0.1084507 ]), array([0.93777778, 0.80497925, 0.69895678, 0.80428571, 0.4341534 ,
       0.29693742, 0.32365145, 0.37572254, 0.16959064, 0.1       ]), array([0.9253112 , 0.84985836, 0.75516224, 0.83005618, 0.47578348,
       0.26907631, 0.28282828, 0.34903047, 0.16148148, 0.12305296]), array([0.93491124, 0.81693989, 0.6900149 , 0.82507289, 0.50921986,
       0.25698324, 0.30204082, 0.35036496, 0.17732558, 0.08923513]), array([0.92977099, 0.81351351, 0.71639586, 0.82670455, 0.5021398 ,
       0.28224583, 0.31510417, 0.33520337, 0.14139942, 0.10903874])]

estim_algorithm = doc-model, mode = classification, metric = sensitivity, confidence_scores = max_class_probability-conf, class_specific = False
test err: [0.30568502180577395, 0.3025800215770967, 0.3168523633923945, 0.30832221146041355, 0.30607143134107073]
estimated metric: [array([0.70760155, 0.74138766, 0.71097236, 0.70684628, 0.71664164,
       0.71774045, 0.71999496, 0.72859277, 0.72093551, 0.72633865]), array([0.70771177, 0.73941777, 0.71108914, 0.70732018, 0.71486269,
       0.71862132, 0.72239912, 0.72691883, 0.7206136 , 0.71771472]), array([0.70768657, 0.74267569, 0.71119173, 0.7075722 , 0.71534964,
       0.71906571, 0.72391114, 0.72880327, 0.72329078, 0.72809426]), array([0.70727938, 0.7418632 , 0.71048129, 0.7073848 , 0.71577955,
       0.71898568, 0.71909879, 0.7289768 , 0.72704785, 0.71764   ]), array([0.70733665, 0.74259614, 0.71192671, 0.70723411, 0.7167669 ,
       0.71769089, 0.72165854, 0.72484574, 0.72599995, 0.72159229])]
real metric: [array([0.92241379, 0.83717579, 0.69647696, 0.82251082, 0.5235378 ,
       0.30276565, 0.3003096 , 0.32258065, 0.1565097 , 0.1084507 ]), array([0.93777778, 0.80497925, 0.69895678, 0.80428571, 0.4341534 ,
       0.29693742, 0.32365145, 0.37572254, 0.16959064, 0.1       ]), array([0.9253112 , 0.84985836, 0.75516224, 0.83005618, 0.47578348,
       0.26907631, 0.28282828, 0.34903047, 0.16148148, 0.12305296]), array([0.93491124, 0.81693989, 0.6900149 , 0.82507289, 0.50921986,
       0.25698324, 0.30204082, 0.35036496, 0.17732558, 0.08923513]), array([0.92977099, 0.81351351, 0.71639586, 0.82670455, 0.5021398 ,
       0.28224583, 0.31510417, 0.33520337, 0.14139942, 0.10903874])]

estim_algorithm = doc-model, mode = classification, metric = sensitivity, confidence_scores = max_class_probability-conf, class_specific = True
test err: [0.22484837260126853, 0.22474152410419665, 0.22438036791567254, 0.22906278798859367, 0.22779054348794645]
estimated metric: [array([0.96642945, 0.96225693, 0.81494623, 0.7911303 , 0.79251492,
       0.61222822, 0.70643228, 0.61698437, 0.4339921 , 0.48153935]), array([0.96653967, 0.96032278, 0.81506301, 0.7916042 , 0.79073597,
       0.61310908, 0.70883644, 0.61531042, 0.43367019, 0.47291543]), array([0.96651447, 0.96354637, 0.81516559, 0.79185622, 0.79122292,
       0.61355347, 0.71034846, 0.61719486, 0.43634737, 0.48329497]), array([0.96610728, 0.96272107, 0.81445515, 0.79166882, 0.79165283,
       0.61347345, 0.70553611, 0.61736839, 0.44010444, 0.47284071]), array([0.96616455, 0.96346401, 0.81590057, 0.79151813, 0.79264018,
       0.61217865, 0.70809586, 0.61323734, 0.43905655, 0.47679299])]
real metric: [array([0.92241379, 0.83717579, 0.69647696, 0.82251082, 0.5235378 ,
       0.30276565, 0.3003096 , 0.32258065, 0.1565097 , 0.1084507 ]), array([0.93777778, 0.80497925, 0.69895678, 0.80428571, 0.4341534 ,
       0.29693742, 0.32365145, 0.37572254, 0.16959064, 0.1       ]), array([0.9253112 , 0.84985836, 0.75516224, 0.83005618, 0.47578348,
       0.26907631, 0.28282828, 0.34903047, 0.16148148, 0.12305296]), array([0.93491124, 0.81693989, 0.6900149 , 0.82507289, 0.50921986,
       0.25698324, 0.30204082, 0.35036496, 0.17732558, 0.08923513]), array([0.92977099, 0.81351351, 0.71639586, 0.82670455, 0.5021398 ,
       0.28224583, 0.31510417, 0.33520337, 0.14139942, 0.10903874])]

estim_algorithm = doc-model, mode = classification, metric = sensitivity, confidence_scores = energy-conf, class_specific = False
test err: [0.31733941920854863, 0.3226949338137724, 0.31610982010130867, 0.32276178722101606, 0.3220397254482502]
estimated metric: [array([0.82235114, 0.6105224 , 0.85214993, 0.79949676, 0.83539683,
       0.80439479, 0.80907237, 0.69502639, 0.65003321, 0.58822163]), array([0.82261209, 0.61861782, 0.84969006, 0.79845011, 0.84604774,
       0.80084507, 0.80545812, 0.72370685, 0.6587837 , 0.63406732]), array([0.82139131, 0.60690532, 0.85581033, 0.79143824, 0.83802773,
       0.78490326, 0.79762002, 0.70222661, 0.63753951, 0.57589508]), array([0.82111367, 0.61221888, 0.85055772, 0.79404741, 0.83338859,
       0.79652516, 0.82002863, 0.69295921, 0.63041408, 0.62938492]), array([0.82185846, 0.60546366, 0.85267314, 0.79214413, 0.83181474,
       0.80133139, 0.81185877, 0.73022273, 0.62910882, 0.61439204])]
real metric: [array([0.92241379, 0.83717579, 0.69647696, 0.82251082, 0.5235378 ,
       0.30276565, 0.3003096 , 0.32258065, 0.1565097 , 0.1084507 ]), array([0.93777778, 0.80497925, 0.69895678, 0.80428571, 0.4341534 ,
       0.29693742, 0.32365145, 0.37572254, 0.16959064, 0.1       ]), array([0.9253112 , 0.84985836, 0.75516224, 0.83005618, 0.47578348,
       0.26907631, 0.28282828, 0.34903047, 0.16148148, 0.12305296]), array([0.93491124, 0.81693989, 0.6900149 , 0.82507289, 0.50921986,
       0.25698324, 0.30204082, 0.35036496, 0.17732558, 0.08923513]), array([0.92977099, 0.81351351, 0.71639586, 0.82670455, 0.5021398 ,
       0.28224583, 0.31510417, 0.33520337, 0.14139942, 0.10903874])]

estim_algorithm = doc-model, mode = classification, metric = sensitivity, confidence_scores = energy-conf, class_specific = True
test err: [0.2883492189591582, 0.2978267907040276, 0.2830132174125876, 0.2952760496695198, 0.2954664355371146]
estimated metric: [array([0.94528508, 0.99307871, 0.84583237, 0.78355171, 0.87188559,
       0.69755059, 0.81828802, 0.71421168, 0.51993135, 0.60869034]), array([0.94604381, 0.99455985, 0.84339579, 0.78234377, 0.88081165,
       0.69257166, 0.8146247 , 0.74286991, 0.52868184, 0.65453603]), array([0.94528278, 0.99298432, 0.84962007, 0.77536171, 0.87330669,
       0.67390731, 0.80675046, 0.72136941, 0.50743765, 0.59636379]), array([0.94479766, 0.99248269, 0.84425565, 0.77798336, 0.87013952,
       0.68876692, 0.82903769, 0.71306062, 0.50031222, 0.64985363]), array([0.94474638, 0.99309775, 0.84639124, 0.77592453, 0.86762783,
       0.69270322, 0.82085029, 0.7494116 , 0.49900696, 0.63486075])]
real metric: [array([0.92241379, 0.83717579, 0.69647696, 0.82251082, 0.5235378 ,
       0.30276565, 0.3003096 , 0.32258065, 0.1565097 , 0.1084507 ]), array([0.93777778, 0.80497925, 0.69895678, 0.80428571, 0.4341534 ,
       0.29693742, 0.32365145, 0.37572254, 0.16959064, 0.1       ]), array([0.9253112 , 0.84985836, 0.75516224, 0.83005618, 0.47578348,
       0.26907631, 0.28282828, 0.34903047, 0.16148148, 0.12305296]), array([0.93491124, 0.81693989, 0.6900149 , 0.82507289, 0.50921986,
       0.25698324, 0.30204082, 0.35036496, 0.17732558, 0.08923513]), array([0.92977099, 0.81351351, 0.71639586, 0.82670455, 0.5021398 ,
       0.28224583, 0.31510417, 0.33520337, 0.14139942, 0.10903874])]

estim_algorithm = doc-model, mode = classification, metric = sensitivity, confidence_scores = entropy-conf, class_specific = False
test err: [0.30783386642627336, 0.3053502678611307, 0.3160258689221148, 0.3108007760780097, 0.3075266196946182]
estimated metric: [array([0.72127765, 0.73126792, 0.72324582, 0.72281655, 0.72565826,
       0.72581562, 0.72666258, 0.72779012, 0.72579271, 0.72726632]), array([0.72130194, 0.73074784, 0.72323558, 0.72291522, 0.72547812,
       0.72584272, 0.72729974, 0.72746835, 0.72559553, 0.72551714]), array([0.72127297, 0.73157783, 0.7232731 , 0.72287762, 0.72553388,
       0.72564399, 0.72737173, 0.72781882, 0.72612427, 0.72763251]), array([0.72120604, 0.73142415, 0.72317301, 0.72286428, 0.72562515,
       0.72599629, 0.72649722, 0.72786847, 0.7268868 , 0.72571576]), array([0.72127419, 0.73146387, 0.72336205, 0.72282464, 0.7258008 ,
       0.72559992, 0.72701259, 0.72714009, 0.72694902, 0.72650257])]
real metric: [array([0.92241379, 0.83717579, 0.69647696, 0.82251082, 0.5235378 ,
       0.30276565, 0.3003096 , 0.32258065, 0.1565097 , 0.1084507 ]), array([0.93777778, 0.80497925, 0.69895678, 0.80428571, 0.4341534 ,
       0.29693742, 0.32365145, 0.37572254, 0.16959064, 0.1       ]), array([0.9253112 , 0.84985836, 0.75516224, 0.83005618, 0.47578348,
       0.26907631, 0.28282828, 0.34903047, 0.16148148, 0.12305296]), array([0.93491124, 0.81693989, 0.6900149 , 0.82507289, 0.50921986,
       0.25698324, 0.30204082, 0.35036496, 0.17732558, 0.08923513]), array([0.92977099, 0.81351351, 0.71639586, 0.82670455, 0.5021398 ,
       0.28224583, 0.31510417, 0.33520337, 0.14139942, 0.10903874])]

estim_algorithm = doc-model, mode = classification, metric = sensitivity, confidence_scores = entropy-conf, class_specific = True
test err: [0.23257703078625927, 0.2333607839821384, 0.23133625667901017, 0.23710855520008858, 0.23556930067320075]
estimated metric: [array([0.97266362, 0.97119482, 0.82050696, 0.79319113, 0.80207351,
       0.61815914, 0.7212747 , 0.62293964, 0.4459186 , 0.49194025]), array([0.97268791, 0.97067474, 0.82049672, 0.79328981, 0.80189337,
       0.61818624, 0.72191186, 0.62261787, 0.44572142, 0.49019107]), array([0.97265895, 0.97150473, 0.82053424, 0.7932522 , 0.80194913,
       0.61798752, 0.72198385, 0.62296834, 0.44625016, 0.49230644]), array([0.97259201, 0.97135105, 0.82043416, 0.79323886, 0.8020404 ,
       0.61833982, 0.72110934, 0.62301799, 0.44701269, 0.49038969]), array([0.97266017, 0.97139078, 0.82062319, 0.79319922, 0.80221605,
       0.61794344, 0.72162471, 0.62228961, 0.44707491, 0.4911765 ])]
real metric: [array([0.92241379, 0.83717579, 0.69647696, 0.82251082, 0.5235378 ,
       0.30276565, 0.3003096 , 0.32258065, 0.1565097 , 0.1084507 ]), array([0.93777778, 0.80497925, 0.69895678, 0.80428571, 0.4341534 ,
       0.29693742, 0.32365145, 0.37572254, 0.16959064, 0.1       ]), array([0.9253112 , 0.84985836, 0.75516224, 0.83005618, 0.47578348,
       0.26907631, 0.28282828, 0.34903047, 0.16148148, 0.12305296]), array([0.93491124, 0.81693989, 0.6900149 , 0.82507289, 0.50921986,
       0.25698324, 0.30204082, 0.35036496, 0.17732558, 0.08923513]), array([0.92977099, 0.81351351, 0.71639586, 0.82670455, 0.5021398 ,
       0.28224583, 0.31510417, 0.33520337, 0.14139942, 0.10903874])]

estim_algorithm = doc-model, mode = classification, metric = sensitivity, confidence_scores = doctor-conf, class_specific = False
test err: [0.33040254171024064, 0.32688981692468155, 0.3473182875801003, 0.33518117189675856, 0.3382330833062999]
estimated metric: [array([0.54723648, 0.8369845 , 0.6083791 , 0.58585967, 0.68409342,
       0.69292335, 0.72193125, 0.7740179 , 0.6962259 , 0.74887007]), array([0.54831845, 0.82619218, 0.60809532, 0.58919835, 0.67592713,
       0.69482061, 0.74495732, 0.76070594, 0.69022185, 0.6856997 ]), array([0.54749498, 0.84371151, 0.60916895, 0.58841792, 0.67865861,
       0.6905321 , 0.74884364, 0.77441599, 0.70750594, 0.76288494]), array([0.54503525, 0.83791722, 0.60576724, 0.58780133, 0.68150593,
       0.70009108, 0.71579719, 0.77650448, 0.73904029, 0.69166979]), array([0.54701603, 0.84120908, 0.61286893, 0.5866874 , 0.68813182,
       0.68710012, 0.7349994 , 0.74733579, 0.73268765, 0.72321275])]
real metric: [array([0.92241379, 0.83717579, 0.69647696, 0.82251082, 0.5235378 ,
       0.30276565, 0.3003096 , 0.32258065, 0.1565097 , 0.1084507 ]), array([0.93777778, 0.80497925, 0.69895678, 0.80428571, 0.4341534 ,
       0.29693742, 0.32365145, 0.37572254, 0.16959064, 0.1       ]), array([0.9253112 , 0.84985836, 0.75516224, 0.83005618, 0.47578348,
       0.26907631, 0.28282828, 0.34903047, 0.16148148, 0.12305296]), array([0.93491124, 0.81693989, 0.6900149 , 0.82507289, 0.50921986,
       0.25698324, 0.30204082, 0.35036496, 0.17732558, 0.08923513]), array([0.92977099, 0.81351351, 0.71639586, 0.82670455, 0.5021398 ,
       0.28224583, 0.31510417, 0.33520337, 0.14139942, 0.10903874])]

estim_algorithm = doc-model, mode = classification, metric = sensitivity, confidence_scores = doctor-conf, class_specific = True
test err: [0.17690776664130844, 0.17208407656245922, 0.18028834536614508, 0.1810149655494302, 0.18063394843183728]
estimated metric: [array([0.92881269, 0.94223296, 0.7953706 , 0.76684865, 0.74698433,
       0.61006727, 0.58932551, 0.58756921, 0.30819005, 0.37508351]), array([0.92944456, 0.93888642, 0.79508682, 0.77018733, 0.73881804,
       0.61196453, 0.61207321, 0.57432687, 0.30169658, 0.30954819]), array([0.92881455, 0.94493354, 0.79616045, 0.7694069 , 0.74154952,
       0.60767602, 0.61709658, 0.58800544, 0.31995232, 0.38963053]), array([0.92621276, 0.94468878, 0.79275874, 0.7687903 , 0.74439684,
       0.617235  , 0.58317133, 0.59035912, 0.34807286, 0.31661031]), array([0.92838566, 0.94688289, 0.79986043, 0.76767638, 0.75102273,
       0.60424404, 0.60235362, 0.56071368, 0.35015547, 0.3457338 ])]
real metric: [array([0.92241379, 0.83717579, 0.69647696, 0.82251082, 0.5235378 ,
       0.30276565, 0.3003096 , 0.32258065, 0.1565097 , 0.1084507 ]), array([0.93777778, 0.80497925, 0.69895678, 0.80428571, 0.4341534 ,
       0.29693742, 0.32365145, 0.37572254, 0.16959064, 0.1       ]), array([0.9253112 , 0.84985836, 0.75516224, 0.83005618, 0.47578348,
       0.26907631, 0.28282828, 0.34903047, 0.16148148, 0.12305296]), array([0.93491124, 0.81693989, 0.6900149 , 0.82507289, 0.50921986,
       0.25698324, 0.30204082, 0.35036496, 0.17732558, 0.08923513]), array([0.92977099, 0.81351351, 0.71639586, 0.82670455, 0.5021398 ,
       0.28224583, 0.31510417, 0.33520337, 0.14139942, 0.10903874])]

estim_algorithm = atc-model, mode = classification, metric = sensitivity, confidence_scores = max_class_probability-conf, class_specific = False
test err: [0.3264324497493326, 0.29365715860118025, 0.33070926733344447, 0.311118133483897, 0.31306844681544044]
estimated metric: [array([0.38550885, 0.7881137 , 0.50368325, 0.39410188, 0.60231661,
       0.60750855, 0.57009348, 0.71200001, 0.53913047, 0.74025977]), array([0.40694366, 0.78020566, 0.50763359, 0.41443299, 0.52262445,
       0.63210704, 0.61538463, 0.6701389 , 0.53846158, 0.52112683]), array([0.42560554, 0.78117049, 0.51978418, 0.41753654, 0.57113822,
       0.63829789, 0.59447006, 0.68148149, 0.60000004, 0.66666671]), array([0.37024794, 0.77734375, 0.49504951, 0.40742678, 0.57062148,
       0.62548264, 0.52208837, 0.70522389, 0.66400003, 0.49206357]), array([0.39632107, 0.80759494, 0.51865333, 0.41312534, 0.59109313,
       0.60852715, 0.6037736 , 0.63257577, 0.66336637, 0.56578953])]
real metric: [array([0.92241379, 0.83717579, 0.69647696, 0.82251082, 0.5235378 ,
       0.30276565, 0.3003096 , 0.32258065, 0.1565097 , 0.1084507 ]), array([0.93777778, 0.80497925, 0.69895678, 0.80428571, 0.4341534 ,
       0.29693742, 0.32365145, 0.37572254, 0.16959064, 0.1       ]), array([0.9253112 , 0.84985836, 0.75516224, 0.83005618, 0.47578348,
       0.26907631, 0.28282828, 0.34903047, 0.16148148, 0.12305296]), array([0.93491124, 0.81693989, 0.6900149 , 0.82507289, 0.50921986,
       0.25698324, 0.30204082, 0.35036496, 0.17732558, 0.08923513]), array([0.92977099, 0.81351351, 0.71639586, 0.82670455, 0.5021398 ,
       0.28224583, 0.31510417, 0.33520337, 0.14139942, 0.10903874])]

estim_algorithm = atc-model, mode = classification, metric = sensitivity, confidence_scores = max_class_probability-conf, class_specific = True
test err: [0.09120644892520915, 0.07650899187589577, 0.10782623142697342, 0.08898349474004921, 0.09374392854500012]
estimated metric: [array([0.92699115, 0.93410853, 0.67679558, 0.71474531, 0.55984557,
       0.4573379 , 0.40654208, 0.49200002, 0.23478268, 0.24675334]), array([0.92373364, 0.92287918, 0.68225191, 0.72474227, 0.50226245,
       0.45484952, 0.46538464, 0.45138891, 0.22222229, 0.14084519]), array([0.91118801, 0.92875318, 0.69514389, 0.73643006, 0.54471546,
       0.45744683, 0.46543781, 0.49259261, 0.23636371, 0.29629638]), array([0.92066116, 0.9453125 , 0.66831683, 0.72698745, 0.53672317,
       0.4787645 , 0.39357432, 0.48880599, 0.25600006, 0.15873029]), array([0.91415831, 0.93924051, 0.69790719, 0.72243142, 0.55870446,
       0.45348839, 0.43773587, 0.3977273 , 0.28712878, 0.22368431])]
real metric: [array([0.92241379, 0.83717579, 0.69647696, 0.82251082, 0.5235378 ,
       0.30276565, 0.3003096 , 0.32258065, 0.1565097 , 0.1084507 ]), array([0.93777778, 0.80497925, 0.69895678, 0.80428571, 0.4341534 ,
       0.29693742, 0.32365145, 0.37572254, 0.16959064, 0.1       ]), array([0.9253112 , 0.84985836, 0.75516224, 0.83005618, 0.47578348,
       0.26907631, 0.28282828, 0.34903047, 0.16148148, 0.12305296]), array([0.93491124, 0.81693989, 0.6900149 , 0.82507289, 0.50921986,
       0.25698324, 0.30204082, 0.35036496, 0.17732558, 0.08923513]), array([0.92977099, 0.81351351, 0.71639586, 0.82670455, 0.5021398 ,
       0.28224583, 0.31510417, 0.33520337, 0.14139942, 0.10903874])]

estim_algorithm = atc-model, mode = classification, metric = sensitivity, confidence_scores = energy-conf, class_specific = False
test err: [0.36705813110666846, 0.37258513385719244, 0.3523515187334402, 0.36912843136891865, 0.36324328904831427]
estimated metric: [array([0.99004425, 0.48320414, 0.98434622, 0.86756032, 0.98648649,
       0.87030717, 0.93457944, 0.62800001, 0.70434785, 0.50649357]), array([0.99260102, 0.51542417, 0.98473282, 0.86804124, 0.9841629 ,
       0.84615385, 0.91538462, 0.66319446, 0.6752137 , 0.64788737]), array([0.99077278, 0.47964377, 0.98741007, 0.85751566, 0.98577236,
       0.84751774, 0.90783411, 0.65185186, 0.62727276, 0.46913587]), array([0.98898072, 0.48697917, 0.98316832, 0.8582636 , 0.98116761,
       0.86872587, 0.93574297, 0.6455224 , 0.60000003, 0.63492069]), array([0.99108138, 0.4772152 , 0.98544131, 0.85099516, 0.98987854,
       0.84883722, 0.91320755, 0.70833334, 0.57425747, 0.59210532])]
real metric: [array([0.92241379, 0.83717579, 0.69647696, 0.82251082, 0.5235378 ,
       0.30276565, 0.3003096 , 0.32258065, 0.1565097 , 0.1084507 ]), array([0.93777778, 0.80497925, 0.69895678, 0.80428571, 0.4341534 ,
       0.29693742, 0.32365145, 0.37572254, 0.16959064, 0.1       ]), array([0.9253112 , 0.84985836, 0.75516224, 0.83005618, 0.47578348,
       0.26907631, 0.28282828, 0.34903047, 0.16148148, 0.12305296]), array([0.93491124, 0.81693989, 0.6900149 , 0.82507289, 0.50921986,
       0.25698324, 0.30204082, 0.35036496, 0.17732558, 0.08923513]), array([0.92977099, 0.81351351, 0.71639586, 0.82670455, 0.5021398 ,
       0.28224583, 0.31510417, 0.33520337, 0.14139942, 0.10903874])]

estim_algorithm = atc-model, mode = classification, metric = sensitivity, confidence_scores = energy-conf, class_specific = True
test err: [0.37027014977775335, 0.3835184561332741, 0.3534473576250819, 0.3750692627639504, 0.36966277609472187]
estimated metric: [array([0.86283186, 0.99870801, 0.88674033, 0.82037534, 0.90926641,
       0.82593857, 0.94392524, 0.78000001, 0.7130435 , 0.83116885]), array([0.86055777, 0.99871465, 0.86736641, 0.81597938, 0.92081448,
       0.81605352, 0.91538462, 0.84375001, 0.70085473, 0.88732396]), array([0.85640138, 0.99491094, 0.87230216, 0.81263048, 0.93089431,
       0.77659575, 0.90783411, 0.7962963 , 0.64545458, 0.79012348]), array([0.85509642, 0.99739583, 0.86336634, 0.81433054, 0.913371  ,
       0.81467182, 0.9437751 , 0.79104478, 0.60800003, 0.92063493]), array([0.85953177, 0.99873418, 0.8644222 , 0.78536848, 0.91902834,
       0.78294574, 0.9245283 , 0.84469698, 0.58415846, 0.88157896])]
real metric: [array([0.92241379, 0.83717579, 0.69647696, 0.82251082, 0.5235378 ,
       0.30276565, 0.3003096 , 0.32258065, 0.1565097 , 0.1084507 ]), array([0.93777778, 0.80497925, 0.69895678, 0.80428571, 0.4341534 ,
       0.29693742, 0.32365145, 0.37572254, 0.16959064, 0.1       ]), array([0.9253112 , 0.84985836, 0.75516224, 0.83005618, 0.47578348,
       0.26907631, 0.28282828, 0.34903047, 0.16148148, 0.12305296]), array([0.93491124, 0.81693989, 0.6900149 , 0.82507289, 0.50921986,
       0.25698324, 0.30204082, 0.35036496, 0.17732558, 0.08923513]), array([0.92977099, 0.81351351, 0.71639586, 0.82670455, 0.5021398 ,
       0.28224583, 0.31510417, 0.33520337, 0.14139942, 0.10903874])]

estim_algorithm = atc-model, mode = classification, metric = sensitivity, confidence_scores = entropy-conf, class_specific = False
test err: [0.4169426950819444, 0.3984200777077752, 0.4346660303392599, 0.4173104586309604, 0.4324601685437921]
estimated metric: [array([0.14269912, 0.8126615 , 0.53683242, 0.36514746, 0.77027027,
       0.85324233, 0.71028039, 0.78400001, 0.59130438, 0.75324679]), array([0.142288  , 0.8251928 , 0.53721374, 0.38608248, 0.75339367,
       0.86287626, 0.76153847, 0.77777779, 0.55555559, 0.57746485]), array([0.14013841, 0.8167939 , 0.53417267, 0.38100209, 0.76219513,
       0.83333334, 0.75115209, 0.7925926 , 0.62727276, 0.75308645]), array([0.13719009, 0.81770834, 0.54752476, 0.3666318 , 0.78719398,
       0.87644788, 0.68273094, 0.81343284, 0.68000003, 0.61904768]), array([0.14214047, 0.83037975, 0.55414013, 0.36148467, 0.79757085,
       0.84496125, 0.75471699, 0.78030304, 0.66336637, 0.73684214])]
real metric: [array([0.92241379, 0.83717579, 0.69647696, 0.82251082, 0.5235378 ,
       0.30276565, 0.3003096 , 0.32258065, 0.1565097 , 0.1084507 ]), array([0.93777778, 0.80497925, 0.69895678, 0.80428571, 0.4341534 ,
       0.29693742, 0.32365145, 0.37572254, 0.16959064, 0.1       ]), array([0.9253112 , 0.84985836, 0.75516224, 0.83005618, 0.47578348,
       0.26907631, 0.28282828, 0.34903047, 0.16148148, 0.12305296]), array([0.93491124, 0.81693989, 0.6900149 , 0.82507289, 0.50921986,
       0.25698324, 0.30204082, 0.35036496, 0.17732558, 0.08923513]), array([0.92977099, 0.81351351, 0.71639586, 0.82670455, 0.5021398 ,
       0.28224583, 0.31510417, 0.33520337, 0.14139942, 0.10903874])]

estim_algorithm = atc-model, mode = classification, metric = sensitivity, confidence_scores = entropy-conf, class_specific = True
test err: [0.13878617475877647, 0.12283821236899468, 0.1585703831114599, 0.1420164521626343, 0.13909715612281198]
estimated metric: [array([0.87112832, 0.92764858, 0.67955801, 0.59356569, 0.61583012,
       0.6791809 , 0.40654208, 0.54000002, 0.22608702, 0.24675334]), array([0.87080251, 0.91645244, 0.67843512, 0.61134021, 0.56787331,
       0.64548496, 0.49615387, 0.48958335, 0.19658127, 0.14084519]), array([0.85640138, 0.93384224, 0.70053957, 0.61377871, 0.60772359,
       0.65602838, 0.48847929, 0.52592594, 0.23636371, 0.30864206]), array([0.85399449, 0.94921875, 0.67722773, 0.59257322, 0.61393598,
       0.69498071, 0.40562251, 0.53358211, 0.24000006, 0.15873029]), array([0.86510591, 0.94177215, 0.69972703, 0.60462615, 0.63360325,
       0.60077521, 0.46037738, 0.43560608, 0.27722779, 0.23684221])]
real metric: [array([0.92241379, 0.83717579, 0.69647696, 0.82251082, 0.5235378 ,
       0.30276565, 0.3003096 , 0.32258065, 0.1565097 , 0.1084507 ]), array([0.93777778, 0.80497925, 0.69895678, 0.80428571, 0.4341534 ,
       0.29693742, 0.32365145, 0.37572254, 0.16959064, 0.1       ]), array([0.9253112 , 0.84985836, 0.75516224, 0.83005618, 0.47578348,
       0.26907631, 0.28282828, 0.34903047, 0.16148148, 0.12305296]), array([0.93491124, 0.81693989, 0.6900149 , 0.82507289, 0.50921986,
       0.25698324, 0.30204082, 0.35036496, 0.17732558, 0.08923513]), array([0.92977099, 0.81351351, 0.71639586, 0.82670455, 0.5021398 ,
       0.28224583, 0.31510417, 0.33520337, 0.14139942, 0.10903874])]

estim_algorithm = atc-model, mode = classification, metric = sensitivity, confidence_scores = doctor-conf, class_specific = False
test err: [0.40635190450326053, 0.3840196736751874, 0.42321042170615153, 0.40436704046494326, 0.419427620090442]
estimated metric: [array([0.17809735, 0.80361757, 0.52854512, 0.30455764, 0.72200773,
       0.8225256 , 0.6869159 , 0.76400001, 0.56521743, 0.75324679]), array([0.17814457, 0.81491003, 0.52290077, 0.32525774, 0.70588236,
       0.83612041, 0.73076924, 0.74652779, 0.54700859, 0.54929584]), array([0.1793541 , 0.81170484, 0.5323741 , 0.31889353, 0.7093496 ,
       0.80496455, 0.71889402, 0.77407408, 0.62727276, 0.74074077]), array([0.17410469, 0.81510417, 0.54455446, 0.30962343, 0.73822976,
       0.84169885, 0.65060242, 0.7835821 , 0.68800002, 0.60317467]), array([0.17558529, 0.82658228, 0.53958144, 0.3006993 , 0.7388664 ,
       0.8139535 , 0.7283019 , 0.75757577, 0.67326736, 0.69736846])]
real metric: [array([0.92241379, 0.83717579, 0.69647696, 0.82251082, 0.5235378 ,
       0.30276565, 0.3003096 , 0.32258065, 0.1565097 , 0.1084507 ]), array([0.93777778, 0.80497925, 0.69895678, 0.80428571, 0.4341534 ,
       0.29693742, 0.32365145, 0.37572254, 0.16959064, 0.1       ]), array([0.9253112 , 0.84985836, 0.75516224, 0.83005618, 0.47578348,
       0.26907631, 0.28282828, 0.34903047, 0.16148148, 0.12305296]), array([0.93491124, 0.81693989, 0.6900149 , 0.82507289, 0.50921986,
       0.25698324, 0.30204082, 0.35036496, 0.17732558, 0.08923513]), array([0.92977099, 0.81351351, 0.71639586, 0.82670455, 0.5021398 ,
       0.28224583, 0.31510417, 0.33520337, 0.14139942, 0.10903874])]

estim_algorithm = atc-model, mode = classification, metric = sensitivity, confidence_scores = doctor-conf, class_specific = True
test err: [0.11958275787318724, 0.10424914202987301, 0.1408968939341584, 0.12271869598374445, 0.12449478451015476]
estimated metric: [array([0.88108407, 0.91602067, 0.66390424, 0.60321716, 0.58301159,
       0.59385667, 0.39252339, 0.50000002, 0.23478268, 0.23376633]), array([0.8827547 , 0.90102828, 0.66125955, 0.62216495, 0.52262445,
       0.56187292, 0.45000002, 0.48263891, 0.21367528, 0.14084519]), array([0.86908881, 0.92111959, 0.676259  , 0.62056368, 0.57113822,
       0.5851064 , 0.46543781, 0.50000002, 0.23636371, 0.29629638]), array([0.86831956, 0.93880208, 0.65643565, 0.61035565, 0.57815443,
       0.62162164, 0.37751007, 0.5074627 , 0.24800006, 0.14285728]), array([0.87513935, 0.93544304, 0.67060965, 0.62130178, 0.59311742,
       0.53875971, 0.44150946, 0.42803032, 0.27722779, 0.22368431])]
real metric: [array([0.92241379, 0.83717579, 0.69647696, 0.82251082, 0.5235378 ,
       0.30276565, 0.3003096 , 0.32258065, 0.1565097 , 0.1084507 ]), array([0.93777778, 0.80497925, 0.69895678, 0.80428571, 0.4341534 ,
       0.29693742, 0.32365145, 0.37572254, 0.16959064, 0.1       ]), array([0.9253112 , 0.84985836, 0.75516224, 0.83005618, 0.47578348,
       0.26907631, 0.28282828, 0.34903047, 0.16148148, 0.12305296]), array([0.93491124, 0.81693989, 0.6900149 , 0.82507289, 0.50921986,
       0.25698324, 0.30204082, 0.35036496, 0.17732558, 0.08923513]), array([0.92977099, 0.81351351, 0.71639586, 0.82670455, 0.5021398 ,
       0.28224583, 0.31510417, 0.33520337, 0.14139942, 0.10903874])]

estim_algorithm = ts-atc-model, mode = classification, metric = sensitivity, confidence_scores = max_class_probability-conf, class_specific = False
test err: [0.2945364786098205, 0.2654479916188371, 0.30547676088986037, 0.2851176386256883, 0.27721452270953023]
estimated metric: [array([0.50774337, 0.76614987, 0.52117864, 0.46702413, 0.57915059,
       0.57337885, 0.5373832 , 0.70400001, 0.54782613, 0.70129874]), array([0.50654525, 0.76092545, 0.53148855, 0.48298969, 0.52262445,
       0.60535118, 0.58846155, 0.65972223, 0.52136756, 0.49295782]), array([0.52364475, 0.78117049, 0.52517986, 0.49686848, 0.55487806,
       0.60992909, 0.58525348, 0.69629631, 0.58181822, 0.65432103]), array([0.49366391, 0.76171875, 0.51584159, 0.49110879, 0.56497176,
       0.5868726 , 0.51405624, 0.69402986, 0.64800003, 0.5238096 ]), array([0.50278707, 0.80759494, 0.54868062, 0.48574503, 0.56882592,
       0.5775194 , 0.58490568, 0.62121214, 0.62376241, 0.53947374])]
real metric: [array([0.92241379, 0.83717579, 0.69647696, 0.82251082, 0.5235378 ,
       0.30276565, 0.3003096 , 0.32258065, 0.1565097 , 0.1084507 ]), array([0.93777778, 0.80497925, 0.69895678, 0.80428571, 0.4341534 ,
       0.29693742, 0.32365145, 0.37572254, 0.16959064, 0.1       ]), array([0.9253112 , 0.84985836, 0.75516224, 0.83005618, 0.47578348,
       0.26907631, 0.28282828, 0.34903047, 0.16148148, 0.12305296]), array([0.93491124, 0.81693989, 0.6900149 , 0.82507289, 0.50921986,
       0.25698324, 0.30204082, 0.35036496, 0.17732558, 0.08923513]), array([0.92977099, 0.81351351, 0.71639586, 0.82670455, 0.5021398 ,
       0.28224583, 0.31510417, 0.33520337, 0.14139942, 0.10903874])]

estim_algorithm = ts-atc-model, mode = classification, metric = sensitivity, confidence_scores = max_class_probability-conf, class_specific = True
test err: [0.08525330520242937, 0.06991863838363846, 0.10371036801865378, 0.0830096934159732, 0.08970686547905021]
estimated metric: [array([0.97123894, 0.94315246, 0.67587477, 0.7844504 , 0.58494209,
       0.42320821, 0.39252339, 0.48400002, 0.23478268, 0.23376633]), array([0.96015936, 0.937018  , 0.68416031, 0.79329897, 0.53393666,
       0.41471574, 0.44230771, 0.44791669, 0.2393163 , 0.14084519]), array([0.96078431, 0.94910942, 0.69604317, 0.80636743, 0.56300814,
       0.43971633, 0.45161293, 0.4814815 , 0.23636371, 0.30864206]), array([0.96198347, 0.94140625, 0.65247525, 0.80282427, 0.566855  ,
       0.45173747, 0.38554219, 0.48507465, 0.25600006, 0.15873029]), array([0.96544036, 0.94683544, 0.70063695, 0.79451318, 0.57489879,
       0.43798452, 0.44150946, 0.39015154, 0.29702977, 0.22368431])]
real metric: [array([0.92241379, 0.83717579, 0.69647696, 0.82251082, 0.5235378 ,
       0.30276565, 0.3003096 , 0.32258065, 0.1565097 , 0.1084507 ]), array([0.93777778, 0.80497925, 0.69895678, 0.80428571, 0.4341534 ,
       0.29693742, 0.32365145, 0.37572254, 0.16959064, 0.1       ]), array([0.9253112 , 0.84985836, 0.75516224, 0.83005618, 0.47578348,
       0.26907631, 0.28282828, 0.34903047, 0.16148148, 0.12305296]), array([0.93491124, 0.81693989, 0.6900149 , 0.82507289, 0.50921986,
       0.25698324, 0.30204082, 0.35036496, 0.17732558, 0.08923513]), array([0.92977099, 0.81351351, 0.71639586, 0.82670455, 0.5021398 ,
       0.28224583, 0.31510417, 0.33520337, 0.14139942, 0.10903874])]

estim_algorithm = ts-atc-model, mode = classification, metric = sensitivity, confidence_scores = energy-conf, class_specific = False
test err: [0.3687263230339893, 0.3744575465966905, 0.3533280819793014, 0.37040193548004247, 0.36353594343973045]
estimated metric: [array([0.99170354, 0.48320414, 0.98618785, 0.86863271, 0.98648649,
       0.87372014, 0.93457944, 0.62800001, 0.7130435 , 0.50649357]), array([0.99373933, 0.51413882, 0.98759542, 0.86958763, 0.9841629 ,
       0.84949833, 0.91538462, 0.66319446, 0.68376071, 0.64788737]), array([0.99192618, 0.47837151, 0.99010791, 0.86012526, 0.98780488,
       0.84751774, 0.90783411, 0.65185186, 0.62727276, 0.46913587]), array([0.99063361, 0.48697917, 0.98415842, 0.86035565, 0.98116761,
       0.86872587, 0.93574297, 0.6455224 , 0.60800003, 0.63492069]), array([0.99219621, 0.4772152 , 0.98726115, 0.85476062, 0.98987854,
       0.84883722, 0.90943397, 0.70833334, 0.57425747, 0.59210532])]
real metric: [array([0.92241379, 0.83717579, 0.69647696, 0.82251082, 0.5235378 ,
       0.30276565, 0.3003096 , 0.32258065, 0.1565097 , 0.1084507 ]), array([0.93777778, 0.80497925, 0.69895678, 0.80428571, 0.4341534 ,
       0.29693742, 0.32365145, 0.37572254, 0.16959064, 0.1       ]), array([0.9253112 , 0.84985836, 0.75516224, 0.83005618, 0.47578348,
       0.26907631, 0.28282828, 0.34903047, 0.16148148, 0.12305296]), array([0.93491124, 0.81693989, 0.6900149 , 0.82507289, 0.50921986,
       0.25698324, 0.30204082, 0.35036496, 0.17732558, 0.08923513]), array([0.92977099, 0.81351351, 0.71639586, 0.82670455, 0.5021398 ,
       0.28224583, 0.31510417, 0.33520337, 0.14139942, 0.10903874])]

estim_algorithm = ts-atc-model, mode = classification, metric = sensitivity, confidence_scores = energy-conf, class_specific = True
test err: [0.3701777053255991, 0.3832800577400469, 0.35182005511048775, 0.3743168376413443, 0.36853578199291726]
estimated metric: [array([0.86615044, 0.99870801, 0.8839779 , 0.82198392, 0.90733591,
       0.82593857, 0.94392524, 0.78000001, 0.72173915, 0.83116885]), array([0.86397268, 0.99871465, 0.86736641, 0.81701031, 0.92081448,
       0.81605352, 0.91538462, 0.84375001, 0.70085473, 0.88732396]), array([0.85928489, 0.99491094, 0.87230216, 0.81367432, 0.93089431,
       0.77659575, 0.90783411, 0.7962963 , 0.64545458, 0.77777781]), array([0.86336088, 0.99739583, 0.86039604, 0.81485356, 0.90960452,
       0.81467182, 0.9437751 , 0.79104478, 0.61600003, 0.92063493]), array([0.86510591, 0.99873418, 0.86260237, 0.78536848, 0.91902834,
       0.77906978, 0.9245283 , 0.84469698, 0.58415846, 0.88157896])]
real metric: [array([0.92241379, 0.83717579, 0.69647696, 0.82251082, 0.5235378 ,
       0.30276565, 0.3003096 , 0.32258065, 0.1565097 , 0.1084507 ]), array([0.93777778, 0.80497925, 0.69895678, 0.80428571, 0.4341534 ,
       0.29693742, 0.32365145, 0.37572254, 0.16959064, 0.1       ]), array([0.9253112 , 0.84985836, 0.75516224, 0.83005618, 0.47578348,
       0.26907631, 0.28282828, 0.34903047, 0.16148148, 0.12305296]), array([0.93491124, 0.81693989, 0.6900149 , 0.82507289, 0.50921986,
       0.25698324, 0.30204082, 0.35036496, 0.17732558, 0.08923513]), array([0.92977099, 0.81351351, 0.71639586, 0.82670455, 0.5021398 ,
       0.28224583, 0.31510417, 0.33520337, 0.14139942, 0.10903874])]

estim_algorithm = ts-atc-model, mode = classification, metric = sensitivity, confidence_scores = entropy-conf, class_specific = False
test err: [0.30336777610640697, 0.272184134473367, 0.310465992390687, 0.2923699557857802, 0.2869967472131963]
estimated metric: [array([0.48783186, 0.77906977, 0.51289135, 0.44075067, 0.57142858,
       0.58020479, 0.5373832 , 0.70400001, 0.55652178, 0.74025977]), array([0.48491748, 0.76992288, 0.52099237, 0.4572165 , 0.51583712,
       0.60535118, 0.59615386, 0.66319446, 0.52136756, 0.50704232]), array([0.50749712, 0.78625954, 0.52068346, 0.47181629, 0.5487805 ,
       0.60992909, 0.58986177, 0.6888889 , 0.60000004, 0.65432103]), array([0.46611571, 0.77083334, 0.5009901 , 0.46182009, 0.55932204,
       0.59845561, 0.51807231, 0.69402986, 0.64800003, 0.5238096 ]), array([0.48272018, 0.80506329, 0.53412193, 0.46153846, 0.56477734,
       0.5775194 , 0.59245285, 0.62121214, 0.64356439, 0.55263164])]
real metric: [array([0.92241379, 0.83717579, 0.69647696, 0.82251082, 0.5235378 ,
       0.30276565, 0.3003096 , 0.32258065, 0.1565097 , 0.1084507 ]), array([0.93777778, 0.80497925, 0.69895678, 0.80428571, 0.4341534 ,
       0.29693742, 0.32365145, 0.37572254, 0.16959064, 0.1       ]), array([0.9253112 , 0.84985836, 0.75516224, 0.83005618, 0.47578348,
       0.26907631, 0.28282828, 0.34903047, 0.16148148, 0.12305296]), array([0.93491124, 0.81693989, 0.6900149 , 0.82507289, 0.50921986,
       0.25698324, 0.30204082, 0.35036496, 0.17732558, 0.08923513]), array([0.92977099, 0.81351351, 0.71639586, 0.82670455, 0.5021398 ,
       0.28224583, 0.31510417, 0.33520337, 0.14139942, 0.10903874])]

estim_algorithm = ts-atc-model, mode = classification, metric = sensitivity, confidence_scores = entropy-conf, class_specific = True
test err: [0.08556566630022974, 0.07202834709503429, 0.10300926353034992, 0.08605205425367428, 0.08887345231781779]
estimated metric: [array([0.96570796, 0.96382429, 0.68508288, 0.769437  , 0.56370657,
       0.42662118, 0.39252339, 0.48400002, 0.23478268, 0.23376633]), array([0.95788275, 0.95758355, 0.6889313 , 0.76958763, 0.49773757,
       0.43478263, 0.44230771, 0.44791669, 0.2393163 , 0.14084519]), array([0.96078431, 0.96310433, 0.69874101, 0.78757829, 0.53455285,
       0.43971633, 0.45161293, 0.4851852 , 0.23636371, 0.29629638]), array([0.95757576, 0.96223958, 0.65940594, 0.77301255, 0.54237289,
       0.46332048, 0.38955826, 0.48507465, 0.25600006, 0.15873029]), array([0.96098105, 0.95696203, 0.70609645, 0.78052717, 0.54858301,
       0.43798452, 0.44150946, 0.39393942, 0.29702977, 0.22368431])]
real metric: [array([0.92241379, 0.83717579, 0.69647696, 0.82251082, 0.5235378 ,
       0.30276565, 0.3003096 , 0.32258065, 0.1565097 , 0.1084507 ]), array([0.93777778, 0.80497925, 0.69895678, 0.80428571, 0.4341534 ,
       0.29693742, 0.32365145, 0.37572254, 0.16959064, 0.1       ]), array([0.9253112 , 0.84985836, 0.75516224, 0.83005618, 0.47578348,
       0.26907631, 0.28282828, 0.34903047, 0.16148148, 0.12305296]), array([0.93491124, 0.81693989, 0.6900149 , 0.82507289, 0.50921986,
       0.25698324, 0.30204082, 0.35036496, 0.17732558, 0.08923513]), array([0.92977099, 0.81351351, 0.71639586, 0.82670455, 0.5021398 ,
       0.28224583, 0.31510417, 0.33520337, 0.14139942, 0.10903874])]

estim_algorithm = ts-atc-model, mode = classification, metric = sensitivity, confidence_scores = doctor-conf, class_specific = False
test err: [0.3966685021532, 0.37153897730477115, 0.4091499694697152, 0.38712622080725334, 0.40389570875411723]
estimated metric: [array([0.21460177, 0.80103359, 0.5082873 , 0.27131368, 0.6911197 ,
       0.77133107, 0.67757011, 0.75200001, 0.56521743, 0.74025977]), array([0.22140012, 0.81233933, 0.51717558, 0.29072165, 0.64705883,
       0.79933111, 0.71923078, 0.71180557, 0.55555559, 0.56338034]), array([0.2266436 , 0.80661578, 0.51798562, 0.27818372, 0.67276423,
       0.79787235, 0.67741937, 0.75185186, 0.61818185, 0.70370374]), array([0.22148761, 0.8125    , 0.54059406, 0.27928871, 0.68173259,
       0.80308881, 0.61044178, 0.76492538, 0.68000003, 0.60317467]), array([0.2212932 , 0.82531646, 0.52502275, 0.26519635, 0.70242916,
       0.76744187, 0.7018868 , 0.73484849, 0.67326736, 0.67105267])]
real metric: [array([0.92241379, 0.83717579, 0.69647696, 0.82251082, 0.5235378 ,
       0.30276565, 0.3003096 , 0.32258065, 0.1565097 , 0.1084507 ]), array([0.93777778, 0.80497925, 0.69895678, 0.80428571, 0.4341534 ,
       0.29693742, 0.32365145, 0.37572254, 0.16959064, 0.1       ]), array([0.9253112 , 0.84985836, 0.75516224, 0.83005618, 0.47578348,
       0.26907631, 0.28282828, 0.34903047, 0.16148148, 0.12305296]), array([0.93491124, 0.81693989, 0.6900149 , 0.82507289, 0.50921986,
       0.25698324, 0.30204082, 0.35036496, 0.17732558, 0.08923513]), array([0.92977099, 0.81351351, 0.71639586, 0.82670455, 0.5021398 ,
       0.28224583, 0.31510417, 0.33520337, 0.14139942, 0.10903874])]

estim_algorithm = ts-atc-model, mode = classification, metric = sensitivity, confidence_scores = doctor-conf, class_specific = True
test err: [0.11509633880772782, 0.09692843743420407, 0.13215321622254386, 0.11230685715831876, 0.1169439374297386]
estimated metric: [array([0.89159292, 0.91731266, 0.63996317, 0.6155496 , 0.57142858,
       0.54948807, 0.39252339, 0.50000002, 0.24347833, 0.23376633]), array([0.89186113, 0.91002571, 0.64408397, 0.63659794, 0.5045249 ,
       0.51839466, 0.44615387, 0.47222224, 0.21367528, 0.14084519]), array([0.87658593, 0.92239186, 0.66276979, 0.64405011, 0.5589431 ,
       0.53900711, 0.45622122, 0.49629631, 0.23636371, 0.29629638]), array([0.88044077, 0.94140625, 0.63960396, 0.63179917, 0.55367232,
       0.55984558, 0.37751007, 0.50373136, 0.24800006, 0.14285728]), array([0.87904125, 0.93797468, 0.65241129, 0.64335665, 0.57692309,
       0.49224808, 0.44150946, 0.42045457, 0.27722779, 0.22368431])]
real metric: [array([0.92241379, 0.83717579, 0.69647696, 0.82251082, 0.5235378 ,
       0.30276565, 0.3003096 , 0.32258065, 0.1565097 , 0.1084507 ]), array([0.93777778, 0.80497925, 0.69895678, 0.80428571, 0.4341534 ,
       0.29693742, 0.32365145, 0.37572254, 0.16959064, 0.1       ]), array([0.9253112 , 0.84985836, 0.75516224, 0.83005618, 0.47578348,
       0.26907631, 0.28282828, 0.34903047, 0.16148148, 0.12305296]), array([0.93491124, 0.81693989, 0.6900149 , 0.82507289, 0.50921986,
       0.25698324, 0.30204082, 0.35036496, 0.17732558, 0.08923513]), array([0.92977099, 0.81351351, 0.71639586, 0.82670455, 0.5021398 ,
       0.28224583, 0.31510417, 0.33520337, 0.14139942, 0.10903874])]

