estim_algorithm = moval-ensemble-cls-precision, mode = classification, metric = precision
test err: [0.36644386724964256, 0.3639787553869478, 0.36674483068994645, 0.3587648311085161, 0.36217281054153283]
estimated metric: [array([0.28900302, 0.54001397, 0.70832454, 0.61536125, 0.78372528,
       0.31258777, 0.84315442, 0.39082288, 0.46299921, 0.45399055]), array([0.28127111, 0.55439506, 0.69859282, 0.62170339, 0.77926807,
       0.30405426, 0.84204224, 0.44762587, 0.47663879, 0.43398416]), array([0.29279426, 0.55191023, 0.6889253 , 0.6197696 , 0.78522012,
       0.28414428, 0.84063705, 0.42697131, 0.43560913, 0.4256717 ]), array([0.29531081, 0.54784708, 0.69959706, 0.61899234, 0.78696049,
       0.31692085, 0.84264343, 0.45211779, 0.45570944, 0.42269218]), array([0.28395065, 0.56463401, 0.69248026, 0.60602519, 0.7836686 ,
       0.29484119, 0.8451208 , 0.44151659, 0.45098687, 0.42426346])]
real metric: [array([0.56720827, 0.64370079, 0.41222707, 0.44798042, 0.45233463,
       0.82170543, 0.3842623 , 0.98351648, 0.86938776, 0.97457627]), array([0.58848315, 0.64487805, 0.42960289, 0.44375773, 0.4500998 ,
       0.87096774, 0.37012558, 0.94347826, 0.86486486, 0.97706422]), array([0.57619739, 0.64131455, 0.40699816, 0.43990385, 0.41619048,
       0.83333333, 0.4       , 0.93925234, 0.85585586, 0.96713615]), array([0.60699301, 0.62328767, 0.43482224, 0.43088418, 0.44870566,
       0.81679389, 0.40343915, 0.9527897 , 0.88185654, 0.96618357]), array([0.57044199, 0.64203455, 0.41171004, 0.44020356, 0.44325897,
       0.83193277, 0.37990985, 0.95111111, 0.86752137, 0.96666667])]

