estim_algorithm = ac-model, mode = classification, metric = auc, confidence_scores = max_class_probability-conf, class_specific = False
test err: [0.019608308560236553, 0.02085805364961597, 0.019089724307994438, 0.017524904418479526, 0.01835748337116557]
estimated metric: [array([0.98737273, 0.99018872, 0.98669973, 0.9836842 , 0.98638158,
       0.98433803, 0.98559742, 0.98654414, 0.98656798, 0.98631364]), array([0.98800916, 0.99034827, 0.98635739, 0.98297621, 0.98648155,
       0.98495097, 0.98453293, 0.98719181, 0.98580702, 0.98686156]), array([0.9875562 , 0.99084889, 0.98689686, 0.98330145, 0.98658689,
       0.98629248, 0.98579237, 0.9873678 , 0.98661515, 0.98597708]), array([0.9874362 , 0.98995961, 0.9868806 , 0.98306861, 0.98612158,
       0.9852071 , 0.98525654, 0.98699512, 0.98594371, 0.98640103]), array([0.98772545, 0.9899993 , 0.98633324, 0.98252372, 0.98626741,
       0.98517555, 0.98547722, 0.98633939, 0.98588477, 0.98534096])]
real metric: [array([0.97639564, 0.99418077, 0.96771684, 0.93570959, 0.96594458,
       0.95437345, 0.97369362, 0.97132603, 0.96327697, 0.97297169]), array([0.97740996, 0.99520276, 0.9644261 , 0.93231522, 0.9646844 ,
       0.94375655, 0.97207581, 0.97435579, 0.96329666, 0.97712208]), array([0.98076943, 0.99503658, 0.96393954, 0.93594179, 0.96538246,
       0.95038128, 0.97781014, 0.9746831 , 0.96493632, 0.97583265]), array([0.97996845, 0.99387775, 0.96856066, 0.93564697, 0.97030905,
       0.95209751, 0.97926811, 0.97621647, 0.96286544, 0.97704692]), array([0.9798501 , 0.99599401, 0.96678325, 0.93166999, 0.96671703,
       0.9548828 , 0.97541908, 0.97343487, 0.96449122, 0.98023924])]

estim_algorithm = ac-model, mode = classification, metric = auc, confidence_scores = energy-conf, class_specific = False
test err: [0.15540131359364304, 0.16133310178340926, 0.16965183309471654, 0.14598018496791446, 0.16227929926842594]
estimated metric: [array([0.76332455, 0.88654197, 0.84476358, 0.74967306, 0.83156747,
       0.78175919, 0.75374049, 0.85027164, 0.79127361, 0.86866048]), array([0.77575731, 0.88183595, 0.81355029, 0.83884114, 0.8035165 ,
       0.79930876, 0.7386661 , 0.80969087, 0.80199329, 0.78815412]), array([0.779996  , 0.87037016, 0.83486889, 0.76172013, 0.78344245,
       0.81468788, 0.73192886, 0.78007314, 0.80533298, 0.82577449]), array([0.78919868, 0.88211171, 0.83883604, 0.79992218, 0.81498532,
       0.81872495, 0.75786713, 0.87756239, 0.78899065, 0.86785642]), array([0.77363106, 0.88817195, 0.82815594, 0.81907356, 0.78472513,
       0.7721314 , 0.7967847 , 0.81352536, 0.77136996, 0.81911952])]
real metric: [array([0.97639564, 0.99418077, 0.96771684, 0.93570959, 0.96594458,
       0.95437345, 0.97369362, 0.97132603, 0.96327697, 0.97297169]), array([0.97740996, 0.99520276, 0.9644261 , 0.93231522, 0.9646844 ,
       0.94375655, 0.97207581, 0.97435579, 0.96329666, 0.97712208]), array([0.98076943, 0.99503658, 0.96393954, 0.93594179, 0.96538246,
       0.95038128, 0.97781014, 0.9746831 , 0.96493632, 0.97583265]), array([0.97996845, 0.99387775, 0.96856066, 0.93564697, 0.97030905,
       0.95209751, 0.97926811, 0.97621647, 0.96286544, 0.97704692]), array([0.9798501 , 0.99599401, 0.96678325, 0.93166999, 0.96671703,
       0.9548828 , 0.97541908, 0.97343487, 0.96449122, 0.98023924])]

estim_algorithm = ac-model, mode = classification, metric = auc, confidence_scores = entropy-conf, class_specific = False
test err: [0.016852715289007014, 0.017986270157969764, 0.01629325092475963, 0.014676905409450025, 0.015652521691473242]
estimated metric: [array([0.98408936, 0.98801116, 0.98347328, 0.97941219, 0.98275089,
       0.98147156, 0.98172336, 0.98463453, 0.98358024, 0.98263055]), array([0.98469584, 0.98811638, 0.9832378 , 0.97863656, 0.98356305,
       0.98150291, 0.98134625, 0.98388807, 0.98314805, 0.98220034]), array([0.98468635, 0.98840325, 0.98391012, 0.9784581 , 0.98369318,
       0.98361444, 0.98229103, 0.9829845 , 0.98361997, 0.98271821]), array([0.98432754, 0.9879454 , 0.9835189 , 0.97918786, 0.98332844,
       0.98205727, 0.98174282, 0.98342718, 0.9825702 , 0.98265608]), array([0.98442168, 0.98788874, 0.98268657, 0.97781227, 0.9828685 ,
       0.98345313, 0.98129764, 0.98346513, 0.98299206, 0.98291054])]
real metric: [array([0.97639564, 0.99418077, 0.96771684, 0.93570959, 0.96594458,
       0.95437345, 0.97369362, 0.97132603, 0.96327697, 0.97297169]), array([0.97740996, 0.99520276, 0.9644261 , 0.93231522, 0.9646844 ,
       0.94375655, 0.97207581, 0.97435579, 0.96329666, 0.97712208]), array([0.98076943, 0.99503658, 0.96393954, 0.93594179, 0.96538246,
       0.95038128, 0.97781014, 0.9746831 , 0.96493632, 0.97583265]), array([0.97996845, 0.99387775, 0.96856066, 0.93564697, 0.97030905,
       0.95209751, 0.97926811, 0.97621647, 0.96286544, 0.97704692]), array([0.9798501 , 0.99599401, 0.96678325, 0.93166999, 0.96671703,
       0.9548828 , 0.97541908, 0.97343487, 0.96449122, 0.98023924])]

estim_algorithm = ac-model, mode = classification, metric = auc, confidence_scores = doctor-conf, class_specific = False
test err: [0.024436503826617106, 0.02551916818736132, 0.023585444799554822, 0.022324534226406356, 0.023082750620952174]
estimated metric: [array([0.99221986, 0.99466712, 0.99181564, 0.98910879, 0.99161085,
       0.99072854, 0.99178767, 0.99294975, 0.99245787, 0.99260811]), array([0.99255838, 0.99460254, 0.99147987, 0.98906531, 0.9915349 ,
       0.99103979, 0.99120264, 0.99299002, 0.99187032, 0.99229278]), array([0.99246585, 0.99499314, 0.99201537, 0.98924482, 0.99182057,
       0.99145089, 0.99185785, 0.99274879, 0.9915329 , 0.99235069]), array([0.99223896, 0.99447643, 0.99183495, 0.98958954, 0.99185341,
       0.99080686, 0.99122842, 0.99294012, 0.99136228, 0.9927717 ]), array([0.99244668, 0.9943304 , 0.99164867, 0.98871148, 0.99198658,
       0.99139712, 0.99116207, 0.99249811, 0.99112141, 0.99167935])]
real metric: [array([0.97639564, 0.99418077, 0.96771684, 0.93570959, 0.96594458,
       0.95437345, 0.97369362, 0.97132603, 0.96327697, 0.97297169]), array([0.97740996, 0.99520276, 0.9644261 , 0.93231522, 0.9646844 ,
       0.94375655, 0.97207581, 0.97435579, 0.96329666, 0.97712208]), array([0.98076943, 0.99503658, 0.96393954, 0.93594179, 0.96538246,
       0.95038128, 0.97781014, 0.9746831 , 0.96493632, 0.97583265]), array([0.97996845, 0.99387775, 0.96856066, 0.93564697, 0.97030905,
       0.95209751, 0.97926811, 0.97621647, 0.96286544, 0.97704692]), array([0.9798501 , 0.99599401, 0.96678325, 0.93166999, 0.96671703,
       0.9548828 , 0.97541908, 0.97343487, 0.96449122, 0.98023924])]

estim_algorithm = ts-model, mode = classification, metric = auc, confidence_scores = max_class_probability-conf, class_specific = False
test err: [0.012446347908398459, 0.014402044729027851, 0.014667343664835986, 0.016059553118416135, 0.015369151658958857]
estimated metric: [array([0.9558    , 0.96721069, 0.95873234, 0.94939377, 0.95778858,
       0.95709399, 0.95416233, 0.9617508 , 0.96137941, 0.96062322]), array([0.95734932, 0.9674566 , 0.95785135, 0.95029258, 0.95770052,
       0.95621088, 0.95408026, 0.95902372, 0.96272536, 0.95879768]), array([0.95688969, 0.96803213, 0.95863511, 0.94865977, 0.95767635,
       0.9578982 , 0.95398345, 0.95866165, 0.95899307, 0.95908026]), array([0.95570585, 0.96742584, 0.95860657, 0.94907585, 0.95592359,
       0.95724164, 0.95265987, 0.95896747, 0.95999469, 0.95680646]), array([0.9554047 , 0.96745636, 0.95702624, 0.94888276, 0.95631472,
       0.95573017, 0.95388351, 0.96054118, 0.96017471, 0.956496  ])]
real metric: [array([0.97639564, 0.99418077, 0.96771684, 0.93570959, 0.96594458,
       0.95437345, 0.97369362, 0.97132603, 0.96327697, 0.97297169]), array([0.97740996, 0.99520276, 0.9644261 , 0.93231522, 0.9646844 ,
       0.94375655, 0.97207581, 0.97435579, 0.96329666, 0.97712208]), array([0.98076943, 0.99503658, 0.96393954, 0.93594179, 0.96538246,
       0.95038128, 0.97781014, 0.9746831 , 0.96493632, 0.97583265]), array([0.97996845, 0.99387775, 0.96856066, 0.93564697, 0.97030905,
       0.95209751, 0.97926811, 0.97621647, 0.96286544, 0.97704692]), array([0.9798501 , 0.99599401, 0.96678325, 0.93166999, 0.96671703,
       0.9548828 , 0.97541908, 0.97343487, 0.96449122, 0.98023924])]

estim_algorithm = ts-model, mode = classification, metric = auc, confidence_scores = max_class_probability-conf, class_specific = True
test err: [0.008880077178526435, 0.01017569821135964, 0.008359514497287057, 0.006992489767588728, 0.007767418525890713]
estimated metric: [array([0.9801052 , 0.98380166, 0.97317414, 0.95812662, 0.97460298,
       0.95314187, 0.97934427, 0.97994502, 0.97921809, 0.97970872]), array([0.98038018, 0.98383122, 0.97282513, 0.95800155, 0.97584313,
       0.95591717, 0.97790217, 0.98028421, 0.97867368, 0.98000079]), array([0.98019297, 0.98424259, 0.97364132, 0.9571649 , 0.97544797,
       0.95783646, 0.97882375, 0.98045005, 0.97870398, 0.97906357]), array([0.98027386, 0.9837511 , 0.97361448, 0.95738548, 0.97480098,
       0.95761063, 0.97870918, 0.98026995, 0.97829283, 0.97970255]), array([0.98027273, 0.98360849, 0.97164425, 0.95877417, 0.97421531,
       0.95515196, 0.97903123, 0.97964934, 0.97826678, 0.978708  ])]
real metric: [array([0.97639564, 0.99418077, 0.96771684, 0.93570959, 0.96594458,
       0.95437345, 0.97369362, 0.97132603, 0.96327697, 0.97297169]), array([0.97740996, 0.99520276, 0.9644261 , 0.93231522, 0.9646844 ,
       0.94375655, 0.97207581, 0.97435579, 0.96329666, 0.97712208]), array([0.98076943, 0.99503658, 0.96393954, 0.93594179, 0.96538246,
       0.95038128, 0.97781014, 0.9746831 , 0.96493632, 0.97583265]), array([0.97996845, 0.99387775, 0.96856066, 0.93564697, 0.97030905,
       0.95209751, 0.97926811, 0.97621647, 0.96286544, 0.97704692]), array([0.9798501 , 0.99599401, 0.96678325, 0.93166999, 0.96671703,
       0.9548828 , 0.97541908, 0.97343487, 0.96449122, 0.98023924])]

estim_algorithm = ts-model, mode = classification, metric = auc, confidence_scores = energy-conf, class_specific = False
test err: [0.04416398853192227, 0.04884942897918182, 0.052680738838908156, 0.03689454299455079, 0.04781092642675172]
estimated metric: [array([0.88297891, 0.95335947, 0.93240958, 0.87898244, 0.94228933,
       0.90574079, 0.9038895 , 0.95158957, 0.91221104, 0.97544472]), array([0.89019761, 0.95254793, 0.92171317, 0.945046  , 0.92664483,
       0.9233335 , 0.88746647, 0.92891183, 0.9145408 , 0.91121044]), array([0.89030738, 0.95088661, 0.93381806, 0.89021139, 0.91434279,
       0.92523534, 0.8771389 , 0.91252478, 0.92300183, 0.94043883]), array([0.89442144, 0.95502363, 0.9391432 , 0.92619502, 0.9158614 ,
       0.93694587, 0.89852316, 0.97193517, 0.91311601, 0.97574699]), array([0.88664638, 0.95572417, 0.91719334, 0.93129154, 0.90858057,
       0.91115427, 0.92018664, 0.93456798, 0.90718954, 0.93883786])]
real metric: [array([0.97639564, 0.99418077, 0.96771684, 0.93570959, 0.96594458,
       0.95437345, 0.97369362, 0.97132603, 0.96327697, 0.97297169]), array([0.97740996, 0.99520276, 0.9644261 , 0.93231522, 0.9646844 ,
       0.94375655, 0.97207581, 0.97435579, 0.96329666, 0.97712208]), array([0.98076943, 0.99503658, 0.96393954, 0.93594179, 0.96538246,
       0.95038128, 0.97781014, 0.9746831 , 0.96493632, 0.97583265]), array([0.97996845, 0.99387775, 0.96856066, 0.93564697, 0.97030905,
       0.95209751, 0.97926811, 0.97621647, 0.96286544, 0.97704692]), array([0.9798501 , 0.99599401, 0.96678325, 0.93166999, 0.96671703,
       0.9548828 , 0.97541908, 0.97343487, 0.96449122, 0.98023924])]

estim_algorithm = ts-model, mode = classification, metric = auc, confidence_scores = energy-conf, class_specific = True
test err: [0.010359728506654464, 0.014273190468300001, 0.012122116605456068, 0.01154845148337753, 0.011121812721467662]
estimated metric: [array([0.99676657, 0.99699576, 0.98138294, 0.95405049, 0.98224692,
       0.96032602, 0.98152278, 0.97698158, 0.96913948, 0.97977393]), array([0.99670033, 0.99683503, 0.98083477, 0.97455709, 0.98255349,
       0.96160926, 0.98141504, 0.9664893 , 0.97179219, 0.97885774]), array([0.99667523, 0.99684033, 0.98113364, 0.96047285, 0.98200367,
       0.96921476, 0.98146678, 0.96471589, 0.97367915, 0.97979775]), array([0.99669598, 0.99689552, 0.9811539 , 0.97338158, 0.98189686,
       0.96895552, 0.98142112, 0.97857965, 0.97285438, 0.97950732]), array([0.99675138, 0.99692026, 0.98074104, 0.97346664, 0.98228008,
       0.96354755, 0.98125843, 0.97638127, 0.96851005, 0.97963546])]
real metric: [array([0.97639564, 0.99418077, 0.96771684, 0.93570959, 0.96594458,
       0.95437345, 0.97369362, 0.97132603, 0.96327697, 0.97297169]), array([0.97740996, 0.99520276, 0.9644261 , 0.93231522, 0.9646844 ,
       0.94375655, 0.97207581, 0.97435579, 0.96329666, 0.97712208]), array([0.98076943, 0.99503658, 0.96393954, 0.93594179, 0.96538246,
       0.95038128, 0.97781014, 0.9746831 , 0.96493632, 0.97583265]), array([0.97996845, 0.99387775, 0.96856066, 0.93564697, 0.97030905,
       0.95209751, 0.97926811, 0.97621647, 0.96286544, 0.97704692]), array([0.9798501 , 0.99599401, 0.96678325, 0.93166999, 0.96671703,
       0.9548828 , 0.97541908, 0.97343487, 0.96449122, 0.98023924])]

estim_algorithm = ts-model, mode = classification, metric = auc, confidence_scores = entropy-conf, class_specific = False
test err: [0.012309259398237404, 0.014015568844701853, 0.014405853341217089, 0.015717066534940205, 0.015224666409462507]
estimated metric: [array([0.95660673, 0.96752014, 0.95905643, 0.95030389, 0.95807856,
       0.95781333, 0.95501011, 0.96231059, 0.9617721 , 0.96009305]), array([0.95812643, 0.96788515, 0.95846429, 0.95085429, 0.9585806 ,
       0.95641006, 0.95479957, 0.95945567, 0.96339358, 0.95909901]), array([0.95732868, 0.96832411, 0.95896932, 0.9492589 , 0.95840306,
       0.95812591, 0.95457896, 0.95901378, 0.95962039, 0.95915515]), array([0.95652479, 0.96775246, 0.95900979, 0.94970365, 0.95658745,
       0.95757135, 0.95331124, 0.95933301, 0.96048406, 0.95746991]), array([0.95621733, 0.96780868, 0.95765403, 0.94927803, 0.95689636,
       0.95622744, 0.95395054, 0.96073834, 0.95984417, 0.95652535])]
real metric: [array([0.97639564, 0.99418077, 0.96771684, 0.93570959, 0.96594458,
       0.95437345, 0.97369362, 0.97132603, 0.96327697, 0.97297169]), array([0.97740996, 0.99520276, 0.9644261 , 0.93231522, 0.9646844 ,
       0.94375655, 0.97207581, 0.97435579, 0.96329666, 0.97712208]), array([0.98076943, 0.99503658, 0.96393954, 0.93594179, 0.96538246,
       0.95038128, 0.97781014, 0.9746831 , 0.96493632, 0.97583265]), array([0.97996845, 0.99387775, 0.96856066, 0.93564697, 0.97030905,
       0.95209751, 0.97926811, 0.97621647, 0.96286544, 0.97704692]), array([0.9798501 , 0.99599401, 0.96678325, 0.93166999, 0.96671703,
       0.9548828 , 0.97541908, 0.97343487, 0.96449122, 0.98023924])]

estim_algorithm = ts-model, mode = classification, metric = auc, confidence_scores = entropy-conf, class_specific = True
test err: [0.0075644318972926, 0.008519262085512246, 0.007127201190974697, 0.005981971920462559, 0.006565991069702226]
estimated metric: [array([0.97966619, 0.98317046, 0.97303533, 0.95819199, 0.97391846,
       0.95169002, 0.97666914, 0.97646125, 0.97326749, 0.97777568]), array([0.97992284, 0.98300181, 0.9726318 , 0.95772563, 0.97473835,
       0.95530711, 0.97575606, 0.97614903, 0.97288045, 0.97732295]), array([0.97941632, 0.98333962, 0.97328004, 0.95716832, 0.97428673,
       0.95745088, 0.97665252, 0.97511769, 0.97365668, 0.97720114]), array([0.97980598, 0.98297495, 0.97328172, 0.95754334, 0.97378431,
       0.95630218, 0.9765087 , 0.97581245, 0.97400777, 0.97719823]), array([0.97994374, 0.98287506, 0.97143446, 0.95862332, 0.97338871,
       0.95561603, 0.97597602, 0.97532291, 0.9726033 , 0.97735842])]
real metric: [array([0.97639564, 0.99418077, 0.96771684, 0.93570959, 0.96594458,
       0.95437345, 0.97369362, 0.97132603, 0.96327697, 0.97297169]), array([0.97740996, 0.99520276, 0.9644261 , 0.93231522, 0.9646844 ,
       0.94375655, 0.97207581, 0.97435579, 0.96329666, 0.97712208]), array([0.98076943, 0.99503658, 0.96393954, 0.93594179, 0.96538246,
       0.95038128, 0.97781014, 0.9746831 , 0.96493632, 0.97583265]), array([0.97996845, 0.99387775, 0.96856066, 0.93564697, 0.97030905,
       0.95209751, 0.97926811, 0.97621647, 0.96286544, 0.97704692]), array([0.9798501 , 0.99599401, 0.96678325, 0.93166999, 0.96671703,
       0.9548828 , 0.97541908, 0.97343487, 0.96449122, 0.98023924])]

estim_algorithm = ts-model, mode = classification, metric = auc, confidence_scores = doctor-conf, class_specific = False
test err: [0.013512903333398307, 0.01569873970620054, 0.015559633257744487, 0.016869670138451996, 0.016495521502419296]
estimated metric: [array([0.95442186, 0.96580983, 0.95871265, 0.94921291, 0.95699429,
       0.95540275, 0.95106075, 0.96067091, 0.95884471, 0.9583947 ]), array([0.95607849, 0.96639752, 0.95758133, 0.95119763, 0.95587648,
       0.95577116, 0.95217793, 0.95731735, 0.96035992, 0.95669416]), array([0.95520945, 0.96691146, 0.95819112, 0.94888598, 0.95619832,
       0.956317  , 0.95225359, 0.95810866, 0.95764383, 0.95715739]), array([0.95450977, 0.96624091, 0.95810844, 0.94894261, 0.9549344 ,
       0.95691299, 0.95074983, 0.95812556, 0.95870755, 0.9561508 ]), array([0.95417589, 0.96637128, 0.9566405 , 0.94963227, 0.95567774,
       0.9545274 , 0.95220618, 0.95843514, 0.95848554, 0.95429899])]
real metric: [array([0.97639564, 0.99418077, 0.96771684, 0.93570959, 0.96594458,
       0.95437345, 0.97369362, 0.97132603, 0.96327697, 0.97297169]), array([0.97740996, 0.99520276, 0.9644261 , 0.93231522, 0.9646844 ,
       0.94375655, 0.97207581, 0.97435579, 0.96329666, 0.97712208]), array([0.98076943, 0.99503658, 0.96393954, 0.93594179, 0.96538246,
       0.95038128, 0.97781014, 0.9746831 , 0.96493632, 0.97583265]), array([0.97996845, 0.99387775, 0.96856066, 0.93564697, 0.97030905,
       0.95209751, 0.97926811, 0.97621647, 0.96286544, 0.97704692]), array([0.9798501 , 0.99599401, 0.96678325, 0.93166999, 0.96671703,
       0.9548828 , 0.97541908, 0.97343487, 0.96449122, 0.98023924])]

estim_algorithm = ts-model, mode = classification, metric = auc, confidence_scores = doctor-conf, class_specific = True
test err: [0.010826853155786787, 0.012395860694617922, 0.010556334137271795, 0.009154669962949802, 0.010402936872223722]
estimated metric: [array([0.9837596 , 0.98897418, 0.98619064, 0.96171408, 0.97663937,
       0.95564919, 0.98493868, 0.98672021, 0.97058149, 0.97827709]), array([0.98433041, 0.98883645, 0.9855077 , 0.96399384, 0.97790652,
       0.95693592, 0.98399812, 0.98662791, 0.97045613, 0.97727831]), array([0.98373566, 0.98917895, 0.98593903, 0.96293741, 0.97752071,
       0.9617221 , 0.98515211, 0.98644797, 0.96821458, 0.97771286]), array([0.983979  , 0.98900901, 0.986048  , 0.96290087, 0.97738786,
       0.95995242, 0.9846823 , 0.98682793, 0.96905741, 0.97782174]), array([0.98427266, 0.98907426, 0.98600626, 0.96337124, 0.97676736,
       0.95801868, 0.98463106, 0.98618648, 0.96816029, 0.97729531])]
real metric: [array([0.97639564, 0.99418077, 0.96771684, 0.93570959, 0.96594458,
       0.95437345, 0.97369362, 0.97132603, 0.96327697, 0.97297169]), array([0.97740996, 0.99520276, 0.9644261 , 0.93231522, 0.9646844 ,
       0.94375655, 0.97207581, 0.97435579, 0.96329666, 0.97712208]), array([0.98076943, 0.99503658, 0.96393954, 0.93594179, 0.96538246,
       0.95038128, 0.97781014, 0.9746831 , 0.96493632, 0.97583265]), array([0.97996845, 0.99387775, 0.96856066, 0.93564697, 0.97030905,
       0.95209751, 0.97926811, 0.97621647, 0.96286544, 0.97704692]), array([0.9798501 , 0.99599401, 0.96678325, 0.93166999, 0.96671703,
       0.9548828 , 0.97541908, 0.97343487, 0.96449122, 0.98023924])]

estim_algorithm = doc-model, mode = classification, metric = auc, confidence_scores = max_class_probability-conf, class_specific = False
test err: [0.07702611195053656, 0.07596854498041367, 0.077528883313997, 0.07908606200822835, 0.07872634857941635]
estimated metric: [array([0.89095809, 0.8952966 , 0.89074786, 0.88715118, 0.89055492,
       0.88850679, 0.8898555 , 0.89096381, 0.8907219 , 0.8905714 ]), array([0.89194178, 0.89549055, 0.89035375, 0.88618641, 0.89069003,
       0.88900274, 0.88874122, 0.89156637, 0.88987018, 0.89111684]), array([0.89140193, 0.89612429, 0.89100302, 0.88658171, 0.89095071,
       0.89042886, 0.89012451, 0.89183141, 0.89071966, 0.89025837]), array([0.89115961, 0.89512036, 0.89095227, 0.88655384, 0.89039225,
       0.88929228, 0.88946171, 0.89147428, 0.88992336, 0.89066674]), array([0.89149018, 0.89508807, 0.89026918, 0.88583408, 0.8906054 ,
       0.8893479 , 0.88960169, 0.89067149, 0.88980206, 0.88950804])]
real metric: [array([0.97639564, 0.99418077, 0.96771684, 0.93570959, 0.96594458,
       0.95437345, 0.97369362, 0.97132603, 0.96327697, 0.97297169]), array([0.97740996, 0.99520276, 0.9644261 , 0.93231522, 0.9646844 ,
       0.94375655, 0.97207581, 0.97435579, 0.96329666, 0.97712208]), array([0.98076943, 0.99503658, 0.96393954, 0.93594179, 0.96538246,
       0.95038128, 0.97781014, 0.9746831 , 0.96493632, 0.97583265]), array([0.97996845, 0.99387775, 0.96856066, 0.93564697, 0.97030905,
       0.95209751, 0.97926811, 0.97621647, 0.96286544, 0.97704692]), array([0.9798501 , 0.99599401, 0.96678325, 0.93166999, 0.96671703,
       0.9548828 , 0.97541908, 0.97343487, 0.96449122, 0.98023924])]

estim_algorithm = doc-model, mode = classification, metric = auc, confidence_scores = max_class_probability-conf, class_specific = True
test err: [0.009682720250918476, 0.010825741513070053, 0.009116122897567459, 0.007547899596433616, 0.008849763992089777]
estimated metric: [array([0.98859851, 0.98904491, 0.97749096, 0.96465513, 0.97692394,
       0.95610063, 0.97959421, 0.97720392, 0.97366126, 0.9788712 ]), array([0.98882055, 0.98913176, 0.9770642 , 0.96380629, 0.97696191,
       0.95660639, 0.97844639, 0.97776374, 0.97281562, 0.97934388]), array([0.98882752, 0.98965163, 0.97763498, 0.96414801, 0.9770917 ,
       0.95797647, 0.97972685, 0.97794492, 0.97363518, 0.97846739]), array([0.98834383, 0.98878074, 0.97763916, 0.96399483, 0.97664511,
       0.95691307, 0.979212  , 0.97761062, 0.97297007, 0.97892065]), array([0.98856756, 0.98884011, 0.97709925, 0.96342596, 0.97681972,
       0.95697049, 0.97943936, 0.97696382, 0.97294626, 0.97787959])]
real metric: [array([0.97639564, 0.99418077, 0.96771684, 0.93570959, 0.96594458,
       0.95437345, 0.97369362, 0.97132603, 0.96327697, 0.97297169]), array([0.97740996, 0.99520276, 0.9644261 , 0.93231522, 0.9646844 ,
       0.94375655, 0.97207581, 0.97435579, 0.96329666, 0.97712208]), array([0.98076943, 0.99503658, 0.96393954, 0.93594179, 0.96538246,
       0.95038128, 0.97781014, 0.9746831 , 0.96493632, 0.97583265]), array([0.97996845, 0.99387775, 0.96856066, 0.93564697, 0.97030905,
       0.95209751, 0.97926811, 0.97621647, 0.96286544, 0.97704692]), array([0.9798501 , 0.99599401, 0.96678325, 0.93166999, 0.96671703,
       0.9548828 , 0.97541908, 0.97343487, 0.96449122, 0.98023924])]

estim_algorithm = doc-model, mode = classification, metric = auc, confidence_scores = energy-conf, class_specific = False
test err: [0.01332706275498482, 0.01437864963014417, 0.01448984758237538, 0.015478635462574409, 0.016479299379793276]
estimated metric: [array([0.94490071, 0.96453635, 0.95521157, 0.94803005, 0.95747267,
       0.95831985, 0.9585081 , 0.96420903, 0.96395934, 0.96106933]), array([0.94695862, 0.96524871, 0.95512866, 0.94844071, 0.96066901,
       0.95473141, 0.95865352, 0.96015534, 0.96427592, 0.96275617]), array([0.94829859, 0.96609605, 0.95731579, 0.94975721, 0.95903212,
       0.96040132, 0.95739005, 0.96336833, 0.96236376, 0.96346253]), array([0.94920862, 0.96552597, 0.95727895, 0.94767097, 0.95792431,
       0.95873922, 0.95659819, 0.96272867, 0.96420049, 0.96119712]), array([0.94386398, 0.96425007, 0.954282  , 0.94738204, 0.95524208,
       0.95980859, 0.95491772, 0.96393678, 0.96241193, 0.95986907])]
real metric: [array([0.97639564, 0.99418077, 0.96771684, 0.93570959, 0.96594458,
       0.95437345, 0.97369362, 0.97132603, 0.96327697, 0.97297169]), array([0.97740996, 0.99520276, 0.9644261 , 0.93231522, 0.9646844 ,
       0.94375655, 0.97207581, 0.97435579, 0.96329666, 0.97712208]), array([0.98076943, 0.99503658, 0.96393954, 0.93594179, 0.96538246,
       0.95038128, 0.97781014, 0.9746831 , 0.96493632, 0.97583265]), array([0.97996845, 0.99387775, 0.96856066, 0.93564697, 0.97030905,
       0.95209751, 0.97926811, 0.97621647, 0.96286544, 0.97704692]), array([0.9798501 , 0.99599401, 0.96678325, 0.93166999, 0.96671703,
       0.9548828 , 0.97541908, 0.97343487, 0.96449122, 0.98023924])]

estim_algorithm = doc-model, mode = classification, metric = auc, confidence_scores = energy-conf, class_specific = True
test err: [0.010430464005534535, 0.015455541681626194, 0.01935479816078691, 0.011210444685729081, 0.014277836625948559]
estimated metric: [array([0.96446351, 0.9795976 , 0.95501761, 0.95697855, 0.97009774,
       0.9647732 , 0.96854388, 0.95975629, 0.97006351, 0.97873394]), array([0.96604146, 0.97980815, 0.95627153, 0.9574256 , 0.97149972,
       0.96014703, 0.95305639, 0.93346965, 0.97275497, 0.97907973]), array([0.9655746 , 0.97954336, 0.95525334, 0.95612209, 0.97138592,
       0.96561719, 0.94621792, 0.90240975, 0.97085866, 0.97879881]), array([0.96467264, 0.97914941, 0.95371781, 0.95741565, 0.96997546,
       0.96359828, 0.96755488, 0.96355097, 0.97089973, 0.9782683 ]), array([0.96381789, 0.97929866, 0.95817181, 0.95779997, 0.96921683,
       0.96588936, 0.95754591, 0.93711375, 0.97044924, 0.97858854])]
real metric: [array([0.97639564, 0.99418077, 0.96771684, 0.93570959, 0.96594458,
       0.95437345, 0.97369362, 0.97132603, 0.96327697, 0.97297169]), array([0.97740996, 0.99520276, 0.9644261 , 0.93231522, 0.9646844 ,
       0.94375655, 0.97207581, 0.97435579, 0.96329666, 0.97712208]), array([0.98076943, 0.99503658, 0.96393954, 0.93594179, 0.96538246,
       0.95038128, 0.97781014, 0.9746831 , 0.96493632, 0.97583265]), array([0.97996845, 0.99387775, 0.96856066, 0.93564697, 0.97030905,
       0.95209751, 0.97926811, 0.97621647, 0.96286544, 0.97704692]), array([0.9798501 , 0.99599401, 0.96678325, 0.93166999, 0.96671703,
       0.9548828 , 0.97541908, 0.97343487, 0.96449122, 0.98023924])]

estim_algorithm = doc-model, mode = classification, metric = auc, confidence_scores = entropy-conf, class_specific = False
test err: [0.07081535356885613, 0.06978689840193564, 0.07142334590819396, 0.0729952142496457, 0.0724571217561303]
estimated metric: [array([0.89672475, 0.90233272, 0.89703737, 0.89239877, 0.89640594,
       0.89499615, 0.89544228, 0.89844822, 0.89726378, 0.89638567]), array([0.89779675, 0.90260134, 0.89671691, 0.8914529 , 0.89724092,
       0.89512646, 0.89501522, 0.89786742, 0.89684171, 0.8961167 ]), array([0.89746243, 0.90300978, 0.89740428, 0.89124119, 0.89736052,
       0.89719295, 0.89605364, 0.89699644, 0.8972856 , 0.89647302]), array([0.89715065, 0.90117163, 0.89705418, 0.89211726, 0.89697641,
       0.89573686, 0.89544195, 0.89745107, 0.89626944, 0.89653575]), array([0.89745428, 0.90232755, 0.8960885 , 0.89061565, 0.89668687,
       0.89709798, 0.8950225 , 0.89641778, 0.89659034, 0.8966089 ])]
real metric: [array([0.97639564, 0.99418077, 0.96771684, 0.93570959, 0.96594458,
       0.95437345, 0.97369362, 0.97132603, 0.96327697, 0.97297169]), array([0.97740996, 0.99520276, 0.9644261 , 0.93231522, 0.9646844 ,
       0.94375655, 0.97207581, 0.97435579, 0.96329666, 0.97712208]), array([0.98076943, 0.99503658, 0.96393954, 0.93594179, 0.96538246,
       0.95038128, 0.97781014, 0.9746831 , 0.96493632, 0.97583265]), array([0.97996845, 0.99387775, 0.96856066, 0.93564697, 0.97030905,
       0.95209751, 0.97926811, 0.97621647, 0.96286544, 0.97704692]), array([0.9798501 , 0.99599401, 0.96678325, 0.93166999, 0.96671703,
       0.9548828 , 0.97541908, 0.97343487, 0.96449122, 0.98023924])]

estim_algorithm = doc-model, mode = classification, metric = auc, confidence_scores = entropy-conf, class_specific = True
test err: [0.008854745017754361, 0.009882517636485354, 0.008158547754669976, 0.006823149990183674, 0.00796878841577603]
estimated metric: [array([0.98719116, 0.98897856, 0.97667576, 0.96360441, 0.97603931,
       0.95547615, 0.97817785, 0.97744884, 0.97196917, 0.978171  ]), array([0.98747206, 0.98902641, 0.97634112, 0.96267801, 0.97676205,
       0.95542838, 0.97770774, 0.97661272, 0.97144159, 0.97764771]), array([0.98719767, 0.9894093 , 0.97701984, 0.96249553, 0.97690338,
       0.95755409, 0.97866607, 0.97571276, 0.97191709, 0.9781685 ]), array([0.98706858, 0.98902318, 0.97667498, 0.96329117, 0.97658218,
       0.95605858, 0.97816352, 0.97619814, 0.97091161, 0.9781619 ]), array([0.98736559, 0.9887937 , 0.97582726, 0.96188036, 0.9761173 ,
       0.95746042, 0.97769205, 0.97621242, 0.9713235 , 0.97838223])]
real metric: [array([0.97639564, 0.99418077, 0.96771684, 0.93570959, 0.96594458,
       0.95437345, 0.97369362, 0.97132603, 0.96327697, 0.97297169]), array([0.97740996, 0.99520276, 0.9644261 , 0.93231522, 0.9646844 ,
       0.94375655, 0.97207581, 0.97435579, 0.96329666, 0.97712208]), array([0.98076943, 0.99503658, 0.96393954, 0.93594179, 0.96538246,
       0.95038128, 0.97781014, 0.9746831 , 0.96493632, 0.97583265]), array([0.97996845, 0.99387775, 0.96856066, 0.93564697, 0.97030905,
       0.95209751, 0.97926811, 0.97621647, 0.96286544, 0.97704692]), array([0.9798501 , 0.99599401, 0.96678325, 0.93166999, 0.96671703,
       0.9548828 , 0.97541908, 0.97343487, 0.96449122, 0.98023924])]

estim_algorithm = doc-model, mode = classification, metric = auc, confidence_scores = doctor-conf, class_specific = False
test err: [0.09838295315019012, 0.0975241277827599, 0.0988446641167974, 0.10079622780927441, 0.10050342552977065]
estimated metric: [array([0.86862108, 0.8709907 , 0.86677803, 0.86508692, 0.86920196,
       0.86823583, 0.86987377, 0.87137158, 0.87067449, 0.8709253 ]), array([0.86963053, 0.87284933, 0.86644271, 0.86472784, 0.86932247,
       0.86847469, 0.8691925 , 0.86801977, 0.87001025, 0.87073396]), array([0.86913399, 0.87331041, 0.86881306, 0.86517067, 0.86962715,
       0.86909324, 0.8698954 , 0.87095963, 0.86980277, 0.87046035]), array([0.86893052, 0.87099656, 0.86887267, 0.86383143, 0.86962954,
       0.86834864, 0.86928444, 0.87129536, 0.86553086, 0.87117505]), array([0.86774512, 0.87291972, 0.86810223, 0.86435205, 0.86717307,
       0.86896803, 0.86899322, 0.86726123, 0.86909088, 0.86984177])]
real metric: [array([0.97639564, 0.99418077, 0.96771684, 0.93570959, 0.96594458,
       0.95437345, 0.97369362, 0.97132603, 0.96327697, 0.97297169]), array([0.97740996, 0.99520276, 0.9644261 , 0.93231522, 0.9646844 ,
       0.94375655, 0.97207581, 0.97435579, 0.96329666, 0.97712208]), array([0.98076943, 0.99503658, 0.96393954, 0.93594179, 0.96538246,
       0.95038128, 0.97781014, 0.9746831 , 0.96493632, 0.97583265]), array([0.97996845, 0.99387775, 0.96856066, 0.93564697, 0.97030905,
       0.95209751, 0.97926811, 0.97621647, 0.96286544, 0.97704692]), array([0.9798501 , 0.99599401, 0.96678325, 0.93166999, 0.96671703,
       0.9548828 , 0.97541908, 0.97343487, 0.96449122, 0.98023924])]

estim_algorithm = doc-model, mode = classification, metric = auc, confidence_scores = doctor-conf, class_specific = True
test err: [0.011274047793607111, 0.012423454031530511, 0.010519371512277598, 0.009127417784734426, 0.010083706536860481]
estimated metric: [array([0.99121954, 0.99178956, 0.97927824, 0.96677046, 0.97978759,
       0.95850426, 0.98247744, 0.97896314, 0.97396065, 0.98079637]), array([0.99165361, 0.99168586, 0.97891245, 0.96662057, 0.97969722,
       0.95871294, 0.98183665, 0.97895515, 0.97330583, 0.98046578]), array([0.99148814, 0.99208161, 0.97945593, 0.96687003, 0.97999562,
       0.95923191, 0.98253677, 0.97874081, 0.97306322, 0.98053304]), array([0.99128777, 0.99159841, 0.97932092, 0.96717321, 0.98003173,
       0.95854354, 0.98189971, 0.97893689, 0.97283509, 0.98094555]), array([0.99145008, 0.99145281, 0.97907305, 0.96631239, 0.9801842 ,
       0.95920171, 0.98184431, 0.97849569, 0.97262467, 0.97988112])]
real metric: [array([0.97639564, 0.99418077, 0.96771684, 0.93570959, 0.96594458,
       0.95437345, 0.97369362, 0.97132603, 0.96327697, 0.97297169]), array([0.97740996, 0.99520276, 0.9644261 , 0.93231522, 0.9646844 ,
       0.94375655, 0.97207581, 0.97435579, 0.96329666, 0.97712208]), array([0.98076943, 0.99503658, 0.96393954, 0.93594179, 0.96538246,
       0.95038128, 0.97781014, 0.9746831 , 0.96493632, 0.97583265]), array([0.97996845, 0.99387775, 0.96856066, 0.93564697, 0.97030905,
       0.95209751, 0.97926811, 0.97621647, 0.96286544, 0.97704692]), array([0.9798501 , 0.99599401, 0.96678325, 0.93166999, 0.96671703,
       0.9548828 , 0.97541908, 0.97343487, 0.96449122, 0.98023924])]

