estim_algorithm = ac-model, mode = classification, metric = sensitivity, confidence_scores = max_class_probability-conf, class_specific = False
test err: [0.2950677479551492, 0.29049435511290567, 0.29595122944974267, 0.29530243700053516, 0.30269819321497693]
estimated metric: [array([0.89849775, 0.93417607, 0.80663972, 0.81781752, 0.84640406,
       0.84176545, 0.85146568, 0.87728266, 0.84281961, 0.87791117]), array([0.90609025, 0.91894101, 0.8197253 , 0.82410683, 0.8353717 ,
       0.83927827, 0.86582145, 0.88127752, 0.84571354, 0.88959808]), array([0.89682884, 0.92523338, 0.81540974, 0.82585187, 0.8360444 ,
       0.84310089, 0.87128052, 0.86228394, 0.86398021, 0.88121781]), array([0.90130065, 0.92233595, 0.81456079, 0.82863767, 0.85048091,
       0.84623743, 0.85598504, 0.87057481, 0.87434916, 0.89322866]), array([0.90302182, 0.9242146 , 0.81829211, 0.82097788, 0.84305251,
       0.83683274, 0.84636958, 0.8665329 , 0.84133313, 0.8693594 ])]
real metric: [array([0.90895522, 0.8697479 , 0.60530191, 0.59084406, 0.71666667,
       0.34594595, 0.61527581, 0.35192563, 0.24      , 0.42035398]), array([0.89635854, 0.86024423, 0.65123457, 0.61756374, 0.67852063,
       0.35753425, 0.62188366, 0.40963855, 0.20919881, 0.41880342]), array([0.92005814, 0.86072423, 0.59607293, 0.60526316, 0.63411279,
       0.33138686, 0.67361111, 0.3971831 , 0.24548193, 0.44428365]), array([0.93162393, 0.89367816, 0.6382055 , 0.6097561 , 0.67983651,
       0.34125874, 0.62605042, 0.41812865, 0.21518987, 0.41158537]), array([0.90322581, 0.87671233, 0.58664773, 0.59943583, 0.68639053,
       0.32028986, 0.5968661 , 0.38795518, 0.2223796 , 0.36350975])]

estim_algorithm = ac-model, mode = classification, metric = sensitivity, confidence_scores = energy-conf, class_specific = False
test err: [0.3253707543762528, 0.3350083991714471, 0.32502868756294806, 0.3381370811160818, 0.31851329418787666]
estimated metric: [array([0.24702135, 0.34681561, 0.18455148, 0.1850286 , 0.20741333,
       0.22267253, 0.24368144, 0.24653991, 0.2692196 , 0.31680495]), array([0.24816561, 0.34262384, 0.20084296, 0.18911925, 0.20661038,
       0.22056769, 0.25093923, 0.23877076, 0.26095884, 0.3158179 ]), array([0.24563481, 0.35886154, 0.19079102, 0.19045595, 0.20909761,
       0.22562511, 0.24830124, 0.24342985, 0.27050621, 0.32523625]), array([0.24873007, 0.34148262, 0.19748879, 0.19017214, 0.21003454,
       0.23175199, 0.24650736, 0.24720045, 0.28228987, 0.32248461]), array([0.24714882, 0.33930301, 0.19238448, 0.18858623, 0.2066253 ,
       0.23059758, 0.23460571, 0.23396057, 0.26631249, 0.30662135])]
real metric: [array([0.90895522, 0.8697479 , 0.60530191, 0.59084406, 0.71666667,
       0.34594595, 0.61527581, 0.35192563, 0.24      , 0.42035398]), array([0.89635854, 0.86024423, 0.65123457, 0.61756374, 0.67852063,
       0.35753425, 0.62188366, 0.40963855, 0.20919881, 0.41880342]), array([0.92005814, 0.86072423, 0.59607293, 0.60526316, 0.63411279,
       0.33138686, 0.67361111, 0.3971831 , 0.24548193, 0.44428365]), array([0.93162393, 0.89367816, 0.6382055 , 0.6097561 , 0.67983651,
       0.34125874, 0.62605042, 0.41812865, 0.21518987, 0.41158537]), array([0.90322581, 0.87671233, 0.58664773, 0.59943583, 0.68639053,
       0.32028986, 0.5968661 , 0.38795518, 0.2223796 , 0.36350975])]

estim_algorithm = ac-model, mode = classification, metric = sensitivity, confidence_scores = entropy-conf, class_specific = False
test err: [0.27799777008976634, 0.27180652991493454, 0.27829847450990675, 0.27791995304552464, 0.2857268933606788]
estimated metric: [array([0.87997018, 0.92044224, 0.78218314, 0.79062505, 0.81990843,
       0.8169481 , 0.83121538, 0.8522065 , 0.83130842, 0.86221731]), array([0.88288866, 0.90703605, 0.79605736, 0.79631708, 0.8101126 ,
       0.81441516, 0.84718786, 0.85300413, 0.83401153, 0.8710755 ]), array([0.87792949, 0.91253727, 0.79092401, 0.79784197, 0.81102111,
       0.81815839, 0.84647835, 0.84054274, 0.84447012, 0.8670019 ]), array([0.88184438, 0.90754581, 0.7930219 , 0.79934433, 0.82407339,
       0.82192476, 0.83629067, 0.8488497 , 0.8548579 , 0.87720084]), array([0.88313724, 0.90919281, 0.79170959, 0.7913066 , 0.81921199,
       0.81512842, 0.82587888, 0.84090159, 0.83021892, 0.85381846])]
real metric: [array([0.90895522, 0.8697479 , 0.60530191, 0.59084406, 0.71666667,
       0.34594595, 0.61527581, 0.35192563, 0.24      , 0.42035398]), array([0.89635854, 0.86024423, 0.65123457, 0.61756374, 0.67852063,
       0.35753425, 0.62188366, 0.40963855, 0.20919881, 0.41880342]), array([0.92005814, 0.86072423, 0.59607293, 0.60526316, 0.63411279,
       0.33138686, 0.67361111, 0.3971831 , 0.24548193, 0.44428365]), array([0.93162393, 0.89367816, 0.6382055 , 0.6097561 , 0.67983651,
       0.34125874, 0.62605042, 0.41812865, 0.21518987, 0.41158537]), array([0.90322581, 0.87671233, 0.58664773, 0.59943583, 0.68639053,
       0.32028986, 0.5968661 , 0.38795518, 0.2223796 , 0.36350975])]

estim_algorithm = ac-model, mode = classification, metric = sensitivity, confidence_scores = doctor-conf, class_specific = False
test err: [0.3333977106990813, 0.32941517346614146, 0.3299380344966229, 0.3273331663827269, 0.34323058846401866]
estimated metric: [array([0.92854806, 0.95257842, 0.85896909, 0.86781529, 0.88903713,
       0.88435852, 0.89069059, 0.90957098, 0.89658007, 0.92084608]), array([0.9336843 , 0.94188139, 0.86849053, 0.87293801, 0.87875772,
       0.88510153, 0.90306411, 0.91116418, 0.89508715, 0.92496321]), array([0.92659   , 0.94485851, 0.86469407, 0.87348684, 0.87930643,
       0.8840579 , 0.90829377, 0.9008772 , 0.90598458, 0.91940895]), array([0.92985666, 0.94085949, 0.86474796, 0.87423913, 0.89297951,
       0.88932874, 0.89350655, 0.90442739, 0.91685101, 0.92831396]), array([0.93162194, 0.94606146, 0.8669957 , 0.86945365, 0.88699867,
       0.88255071, 0.88731541, 0.9017027 , 0.89174045, 0.9112779 ])]
real metric: [array([0.90895522, 0.8697479 , 0.60530191, 0.59084406, 0.71666667,
       0.34594595, 0.61527581, 0.35192563, 0.24      , 0.42035398]), array([0.89635854, 0.86024423, 0.65123457, 0.61756374, 0.67852063,
       0.35753425, 0.62188366, 0.40963855, 0.20919881, 0.41880342]), array([0.92005814, 0.86072423, 0.59607293, 0.60526316, 0.63411279,
       0.33138686, 0.67361111, 0.3971831 , 0.24548193, 0.44428365]), array([0.93162393, 0.89367816, 0.6382055 , 0.6097561 , 0.67983651,
       0.34125874, 0.62605042, 0.41812865, 0.21518987, 0.41158537]), array([0.90322581, 0.87671233, 0.58664773, 0.59943583, 0.68639053,
       0.32028986, 0.5968661 , 0.38795518, 0.2223796 , 0.36350975])]

estim_algorithm = ts-model, mode = classification, metric = sensitivity, confidence_scores = max_class_probability-conf, class_specific = False
test err: [0.17898877305806785, 0.17456876831473284, 0.16911610145265374, 0.185889148035979, 0.1770972802843622]
estimated metric: [array([0.64355331, 0.74556027, 0.51144035, 0.51260448, 0.55267273,
       0.56061664, 0.59347695, 0.60567107, 0.59282884, 0.64151325]), array([0.64674941, 0.72906462, 0.5355408 , 0.5177583 , 0.54811137,
       0.55683548, 0.60851809, 0.60189409, 0.59090918, 0.6511612 ]), array([0.64291613, 0.74755987, 0.52139671, 0.52310728, 0.5501827 ,
       0.56334107, 0.60368906, 0.59463471, 0.60327629, 0.64725385]), array([0.64572885, 0.7329811 , 0.52610881, 0.52209446, 0.5573115 ,
       0.56339462, 0.59964471, 0.60637778, 0.61932648, 0.66067404]), array([0.6451203 , 0.73004276, 0.52726423, 0.51812115, 0.55263382,
       0.56266734, 0.57947907, 0.58620231, 0.59131408, 0.62830647])]
real metric: [array([0.90895522, 0.8697479 , 0.60530191, 0.59084406, 0.71666667,
       0.34594595, 0.61527581, 0.35192563, 0.24      , 0.42035398]), array([0.89635854, 0.86024423, 0.65123457, 0.61756374, 0.67852063,
       0.35753425, 0.62188366, 0.40963855, 0.20919881, 0.41880342]), array([0.92005814, 0.86072423, 0.59607293, 0.60526316, 0.63411279,
       0.33138686, 0.67361111, 0.3971831 , 0.24548193, 0.44428365]), array([0.93162393, 0.89367816, 0.6382055 , 0.6097561 , 0.67983651,
       0.34125874, 0.62605042, 0.41812865, 0.21518987, 0.41158537]), array([0.90322581, 0.87671233, 0.58664773, 0.59943583, 0.68639053,
       0.32028986, 0.5968661 , 0.38795518, 0.2223796 , 0.36350975])]

estim_algorithm = ts-model, mode = classification, metric = sensitivity, confidence_scores = max_class_probability-conf, class_specific = True
test err: [0.07756616805646953, 0.07061847525673821, 0.08747308237536193, 0.06988816407173418, 0.07625783591975284]
estimated metric: [array([0.93035293, 0.96921201, 0.69872921, 0.68463659, 0.71225168,
       0.46487076, 0.58756504, 0.52983708, 0.32254932, 0.36428529]), array([0.93916558, 0.9585049 , 0.71783212, 0.69098   , 0.70310645,
       0.46123664, 0.60245043, 0.524684  , 0.31950467, 0.36677294]), array([0.92896924, 0.96288249, 0.7094451 , 0.69455996, 0.70435095,
       0.46764363, 0.59760189, 0.52131772, 0.32471777, 0.36916575]), array([0.93290541, 0.96229639, 0.71113266, 0.69620216, 0.71671429,
       0.46838767, 0.59366687, 0.53084747, 0.33476664, 0.37066248]), array([0.9346341 , 0.96551939, 0.71276251, 0.68798977, 0.71116185,
       0.46814658, 0.57344973, 0.51129207, 0.32115006, 0.35396724])]
real metric: [array([0.90895522, 0.8697479 , 0.60530191, 0.59084406, 0.71666667,
       0.34594595, 0.61527581, 0.35192563, 0.24      , 0.42035398]), array([0.89635854, 0.86024423, 0.65123457, 0.61756374, 0.67852063,
       0.35753425, 0.62188366, 0.40963855, 0.20919881, 0.41880342]), array([0.92005814, 0.86072423, 0.59607293, 0.60526316, 0.63411279,
       0.33138686, 0.67361111, 0.3971831 , 0.24548193, 0.44428365]), array([0.93162393, 0.89367816, 0.6382055 , 0.6097561 , 0.67983651,
       0.34125874, 0.62605042, 0.41812865, 0.21518987, 0.41158537]), array([0.90322581, 0.87671233, 0.58664773, 0.59943583, 0.68639053,
       0.32028986, 0.5968661 , 0.38795518, 0.2223796 , 0.36350975])]

estim_algorithm = ts-model, mode = classification, metric = sensitivity, confidence_scores = energy-conf, class_specific = False
test err: [0.20244898949415094, 0.184600203734368, 0.18842152558681652, 0.19594190301922565, 0.20868292352679144]
estimated metric: [array([0.66902159, 0.7033862 , 0.65776219, 0.65872241, 0.66378421,
       0.67042499, 0.6752514 , 0.67686614, 0.68770075, 0.70823157]), array([0.66924296, 0.70380414, 0.66217332, 0.66008827, 0.66368201,
       0.66952099, 0.67663281, 0.67331616, 0.68452765, 0.70720553]), array([0.66826392, 0.70901413, 0.65942428, 0.65995432, 0.66492777,
       0.67165696, 0.67646152, 0.67659993, 0.68720688, 0.7118748 ]), array([0.66938513, 0.70264714, 0.66180555, 0.66015905, 0.66440281,
       0.67517325, 0.67585008, 0.67665567, 0.69183843, 0.70940812]), array([0.66889709, 0.70159713, 0.65925329, 0.65970021, 0.66333304,
       0.67394377, 0.67297999, 0.67344408, 0.68640994, 0.70568059])]
real metric: [array([0.90895522, 0.8697479 , 0.60530191, 0.59084406, 0.71666667,
       0.34594595, 0.61527581, 0.35192563, 0.24      , 0.42035398]), array([0.89635854, 0.86024423, 0.65123457, 0.61756374, 0.67852063,
       0.35753425, 0.62188366, 0.40963855, 0.20919881, 0.41880342]), array([0.92005814, 0.86072423, 0.59607293, 0.60526316, 0.63411279,
       0.33138686, 0.67361111, 0.3971831 , 0.24548193, 0.44428365]), array([0.93162393, 0.89367816, 0.6382055 , 0.6097561 , 0.67983651,
       0.34125874, 0.62605042, 0.41812865, 0.21518987, 0.41158537]), array([0.90322581, 0.87671233, 0.58664773, 0.59943583, 0.68639053,
       0.32028986, 0.5968661 , 0.38795518, 0.2223796 , 0.36350975])]

estim_algorithm = ts-model, mode = classification, metric = sensitivity, confidence_scores = energy-conf, class_specific = True
test err: [0.12053354597605107, 0.11414258075422845, 0.12117302189745405, 0.1103267839845747, 0.121927279192148]
estimated metric: [array([0.93836536, 0.96122964, 0.80414049, 0.76566316, 0.79068516,
       0.54318634, 0.67099056, 0.56560773, 0.32753217, 0.33775597]), array([0.93883645, 0.96099311, 0.80757486, 0.7668259 , 0.79057583,
       0.54202524, 0.67238201, 0.56128642, 0.32038694, 0.33608739]), array([0.93823936, 0.96260383, 0.80542387, 0.7666908 , 0.79161614,
       0.54465834, 0.67220831, 0.56522847, 0.32751205, 0.34564592]), array([0.93878887, 0.9603631 , 0.80734155, 0.766878  , 0.7911378 ,
       0.5488861 , 0.6715927 , 0.56534753, 0.33690608, 0.34183137]), array([0.93861847, 0.960943  , 0.80527661, 0.76644767, 0.79028748,
       0.54741417, 0.66869733, 0.56131463, 0.32542654, 0.32875991])]
real metric: [array([0.90895522, 0.8697479 , 0.60530191, 0.59084406, 0.71666667,
       0.34594595, 0.61527581, 0.35192563, 0.24      , 0.42035398]), array([0.89635854, 0.86024423, 0.65123457, 0.61756374, 0.67852063,
       0.35753425, 0.62188366, 0.40963855, 0.20919881, 0.41880342]), array([0.92005814, 0.86072423, 0.59607293, 0.60526316, 0.63411279,
       0.33138686, 0.67361111, 0.3971831 , 0.24548193, 0.44428365]), array([0.93162393, 0.89367816, 0.6382055 , 0.6097561 , 0.67983651,
       0.34125874, 0.62605042, 0.41812865, 0.21518987, 0.41158537]), array([0.90322581, 0.87671233, 0.58664773, 0.59943583, 0.68639053,
       0.32028986, 0.5968661 , 0.38795518, 0.2223796 , 0.36350975])]

estim_algorithm = ts-model, mode = classification, metric = sensitivity, confidence_scores = entropy-conf, class_specific = False
test err: [0.18556067338476612, 0.1793116031984229, 0.17568824801655422, 0.19185839116057407, 0.18330496968145718]
estimated metric: [array([0.63103085, 0.74013764, 0.49658849, 0.49481939, 0.53808782,
       0.54910316, 0.58912459, 0.5913223 , 0.60583347, 0.65057055]), array([0.63207453, 0.72362258, 0.52337481, 0.49995108, 0.53570373,
       0.54816474, 0.60563592, 0.58649219, 0.59506778, 0.65312365]), array([0.6305685 , 0.74088603, 0.50658715, 0.50549504, 0.53580906,
       0.55226921, 0.5973971 , 0.58250927, 0.61056228, 0.65677778]), array([0.6332184 , 0.7254684 , 0.51470548, 0.50376364, 0.54164134,
       0.55363981, 0.59600936, 0.59571225, 0.62597023, 0.66508025]), array([0.63204536, 0.72486467, 0.51286759, 0.49960704, 0.53806295,
       0.55717851, 0.57592986, 0.57023583, 0.59996443, 0.63390447])]
real metric: [array([0.90895522, 0.8697479 , 0.60530191, 0.59084406, 0.71666667,
       0.34594595, 0.61527581, 0.35192563, 0.24      , 0.42035398]), array([0.89635854, 0.86024423, 0.65123457, 0.61756374, 0.67852063,
       0.35753425, 0.62188366, 0.40963855, 0.20919881, 0.41880342]), array([0.92005814, 0.86072423, 0.59607293, 0.60526316, 0.63411279,
       0.33138686, 0.67361111, 0.3971831 , 0.24548193, 0.44428365]), array([0.93162393, 0.89367816, 0.6382055 , 0.6097561 , 0.67983651,
       0.34125874, 0.62605042, 0.41812865, 0.21518987, 0.41158537]), array([0.90322581, 0.87671233, 0.58664773, 0.59943583, 0.68639053,
       0.32028986, 0.5968661 , 0.38795518, 0.2223796 , 0.36350975])]

estim_algorithm = ts-model, mode = classification, metric = sensitivity, confidence_scores = entropy-conf, class_specific = True
test err: [0.07537997065291425, 0.06792973258595736, 0.0850654424525624, 0.06803033547232866, 0.07377676319222085]
estimated metric: [array([0.93110392, 0.96711664, 0.69912349, 0.68559779, 0.71169156,
       0.43722034, 0.58614551, 0.52096324, 0.29947973, 0.32854416]), array([0.93696992, 0.95694709, 0.71847388, 0.69108463, 0.70395848,
       0.43588479, 0.60260495, 0.51501298, 0.28958552, 0.32640876]), array([0.92973299, 0.96029109, 0.70898866, 0.69437381, 0.70428587,
       0.44105759, 0.59437052, 0.51378549, 0.30097976, 0.33608195]), array([0.93295333, 0.95871741, 0.71365596, 0.69516115, 0.71527633,
       0.44259544, 0.59301958, 0.52540652, 0.31226774, 0.33266926]), array([0.93446523, 0.96192035, 0.71112047, 0.68723692, 0.71162777,
       0.44692122, 0.57287981, 0.49974133, 0.29700293, 0.31672776])]
real metric: [array([0.90895522, 0.8697479 , 0.60530191, 0.59084406, 0.71666667,
       0.34594595, 0.61527581, 0.35192563, 0.24      , 0.42035398]), array([0.89635854, 0.86024423, 0.65123457, 0.61756374, 0.67852063,
       0.35753425, 0.62188366, 0.40963855, 0.20919881, 0.41880342]), array([0.92005814, 0.86072423, 0.59607293, 0.60526316, 0.63411279,
       0.33138686, 0.67361111, 0.3971831 , 0.24548193, 0.44428365]), array([0.93162393, 0.89367816, 0.6382055 , 0.6097561 , 0.67983651,
       0.34125874, 0.62605042, 0.41812865, 0.21518987, 0.41158537]), array([0.90322581, 0.87671233, 0.58664773, 0.59943583, 0.68639053,
       0.32028986, 0.5968661 , 0.38795518, 0.2223796 , 0.36350975])]

estim_algorithm = ts-model, mode = classification, metric = sensitivity, confidence_scores = doctor-conf, class_specific = False
test err: [0.1974803335489776, 0.18966513795217116, 0.1882455784472884, 0.20386183344204678, 0.19396166315612734]
estimated metric: [array([0.62087505, 0.74527057, 0.43947099, 0.43818676, 0.50066686,
       0.51021941, 0.56146355, 0.56967756, 0.59732098, 0.65495313]), array([0.62115542, 0.72003149, 0.47477127, 0.44749722, 0.49572429,
       0.51024455, 0.58561836, 0.56734309, 0.58095267, 0.6522788 ]), array([0.61861829, 0.73567942, 0.45554191, 0.45346031, 0.49275733,
       0.51673027, 0.57606614, 0.553806  , 0.60954016, 0.66299592]), array([0.62281986, 0.72130138, 0.46362155, 0.4544457 , 0.50441057,
       0.51860102, 0.57304383, 0.57519575, 0.62345001, 0.66802646]), array([0.62272497, 0.7216043 , 0.45893219, 0.44288104, 0.50010674,
       0.52390343, 0.54873869, 0.54183533, 0.58548288, 0.62823901])]
real metric: [array([0.90895522, 0.8697479 , 0.60530191, 0.59084406, 0.71666667,
       0.34594595, 0.61527581, 0.35192563, 0.24      , 0.42035398]), array([0.89635854, 0.86024423, 0.65123457, 0.61756374, 0.67852063,
       0.35753425, 0.62188366, 0.40963855, 0.20919881, 0.41880342]), array([0.92005814, 0.86072423, 0.59607293, 0.60526316, 0.63411279,
       0.33138686, 0.67361111, 0.3971831 , 0.24548193, 0.44428365]), array([0.93162393, 0.89367816, 0.6382055 , 0.6097561 , 0.67983651,
       0.34125874, 0.62605042, 0.41812865, 0.21518987, 0.41158537]), array([0.90322581, 0.87671233, 0.58664773, 0.59943583, 0.68639053,
       0.32028986, 0.5968661 , 0.38795518, 0.2223796 , 0.36350975])]

estim_algorithm = ts-model, mode = classification, metric = sensitivity, confidence_scores = doctor-conf, class_specific = True
test err: [0.0685862493131006, 0.0573492927702828, 0.07627015417427559, 0.05966434395101674, 0.064546546976775]
estimated metric: [array([0.9283045 , 0.96558906, 0.68849171, 0.66866966, 0.70334494,
       0.37858741, 0.55686225, 0.50327979, 0.25310396, 0.27953219]), array([0.93342757, 0.95601095, 0.70881884, 0.67509187, 0.69293982,
       0.37319583, 0.580799  , 0.50026563, 0.23852707, 0.28437942]), array([0.92633869, 0.95883931, 0.69996047, 0.67831337, 0.69124384,
       0.38736775, 0.57134976, 0.49188592, 0.26042227, 0.28793193]), array([0.92961365, 0.95591636, 0.70669269, 0.67949149, 0.70749202,
       0.37965476, 0.56834396, 0.51168766, 0.27466965, 0.29420976]), array([0.93137951, 0.96047714, 0.7001537 , 0.66714825, 0.70153583,
       0.39347485, 0.54393067, 0.47478416, 0.25450857, 0.27140486])]
real metric: [array([0.90895522, 0.8697479 , 0.60530191, 0.59084406, 0.71666667,
       0.34594595, 0.61527581, 0.35192563, 0.24      , 0.42035398]), array([0.89635854, 0.86024423, 0.65123457, 0.61756374, 0.67852063,
       0.35753425, 0.62188366, 0.40963855, 0.20919881, 0.41880342]), array([0.92005814, 0.86072423, 0.59607293, 0.60526316, 0.63411279,
       0.33138686, 0.67361111, 0.3971831 , 0.24548193, 0.44428365]), array([0.93162393, 0.89367816, 0.6382055 , 0.6097561 , 0.67983651,
       0.34125874, 0.62605042, 0.41812865, 0.21518987, 0.41158537]), array([0.90322581, 0.87671233, 0.58664773, 0.59943583, 0.68639053,
       0.32028986, 0.5968661 , 0.38795518, 0.2223796 , 0.36350975])]

estim_algorithm = doc-model, mode = classification, metric = sensitivity, confidence_scores = max_class_probability-conf, class_specific = False
test err: [0.17399222868626008, 0.17043168330506725, 0.16115434861116149, 0.1781960956691567, 0.17791564763269666]
estimated metric: [array([0.6886235 , 0.72430182, 0.59676547, 0.60794327, 0.63652981,
       0.6318912 , 0.64159143, 0.66740842, 0.63294537, 0.66803693]), array([0.696216  , 0.70906676, 0.60985106, 0.61423258, 0.62549745,
       0.62940403, 0.6559472 , 0.67140328, 0.63583931, 0.67972384]), array([0.6869546 , 0.71535914, 0.60553549, 0.61597762, 0.62617015,
       0.63322665, 0.66140628, 0.65240969, 0.65410598, 0.67134356]), array([0.6914264 , 0.7124617 , 0.60468655, 0.61876342, 0.64060666,
       0.63636319, 0.6461108 , 0.66070057, 0.66447492, 0.68335442]), array([0.69314757, 0.71434036, 0.60841786, 0.61110363, 0.63317826,
       0.6269585 , 0.63649534, 0.65665865, 0.63145889, 0.65948516])]
real metric: [array([0.90895522, 0.8697479 , 0.60530191, 0.59084406, 0.71666667,
       0.34594595, 0.61527581, 0.35192563, 0.24      , 0.42035398]), array([0.89635854, 0.86024423, 0.65123457, 0.61756374, 0.67852063,
       0.35753425, 0.62188366, 0.40963855, 0.20919881, 0.41880342]), array([0.92005814, 0.86072423, 0.59607293, 0.60526316, 0.63411279,
       0.33138686, 0.67361111, 0.3971831 , 0.24548193, 0.44428365]), array([0.93162393, 0.89367816, 0.6382055 , 0.6097561 , 0.67983651,
       0.34125874, 0.62605042, 0.41812865, 0.21518987, 0.41158537]), array([0.90322581, 0.87671233, 0.58664773, 0.59943583, 0.68639053,
       0.32028986, 0.5968661 , 0.38795518, 0.2223796 , 0.36350975])]

estim_algorithm = doc-model, mode = classification, metric = sensitivity, confidence_scores = max_class_probability-conf, class_specific = True
test err: [0.09149423714537604, 0.08848602055300092, 0.100488821113047, 0.08683203736693072, 0.10071302483906985]
estimated metric: [array([0.93043284, 0.96642263, 0.73671288, 0.71293719, 0.75133045,
       0.54160749, 0.62263258, 0.55953121, 0.33118523, 0.41354098]), array([0.93773236, 0.95644998, 0.74979847, 0.7192265 , 0.74029809,
       0.53918742, 0.63698835, 0.56369553, 0.33580855, 0.42665535]), array([0.92862339, 0.95915714, 0.74548291, 0.72097154, 0.74097079,
       0.542891  , 0.64244742, 0.54458494, 0.35544971, 0.41840739]), array([0.93275476, 0.95855403, 0.74463396, 0.72375733, 0.7554073 ,
       0.54616709, 0.62715194, 0.55284476, 0.36300876, 0.42935369]), array([0.93446116, 0.96225158, 0.74836527, 0.71609755, 0.7479789 ,
       0.53662285, 0.61753648, 0.54889608, 0.33251424, 0.40581884])]
real metric: [array([0.90895522, 0.8697479 , 0.60530191, 0.59084406, 0.71666667,
       0.34594595, 0.61527581, 0.35192563, 0.24      , 0.42035398]), array([0.89635854, 0.86024423, 0.65123457, 0.61756374, 0.67852063,
       0.35753425, 0.62188366, 0.40963855, 0.20919881, 0.41880342]), array([0.92005814, 0.86072423, 0.59607293, 0.60526316, 0.63411279,
       0.33138686, 0.67361111, 0.3971831 , 0.24548193, 0.44428365]), array([0.93162393, 0.89367816, 0.6382055 , 0.6097561 , 0.67983651,
       0.34125874, 0.62605042, 0.41812865, 0.21518987, 0.41158537]), array([0.90322581, 0.87671233, 0.58664773, 0.59943583, 0.68639053,
       0.32028986, 0.5968661 , 0.38795518, 0.2223796 , 0.36350975])]

estim_algorithm = doc-model, mode = classification, metric = sensitivity, confidence_scores = energy-conf, class_specific = False
test err: [0.18418647072894215, 0.17879667066923505, 0.17301542067498377, 0.18798308858397655, 0.18603586199652777]
estimated metric: [array([0.62763773, 0.71716724, 0.56615369, 0.56668696, 0.58886567,
       0.60331056, 0.62487651, 0.62605438, 0.64752266, 0.6885975 ]), array([0.6292873 , 0.71303589, 0.58131478, 0.57063681, 0.58803422,
       0.60206219, 0.63237208, 0.61969576, 0.64052118, 0.68876149]), array([0.62690537, 0.72650856, 0.57178363, 0.57194454, 0.59035078,
       0.60625105, 0.62953098, 0.62275884, 0.65000627, 0.69665508]), array([0.62968249, 0.71175284, 0.57823251, 0.57149165, 0.59100047,
       0.61114171, 0.62772332, 0.62760375, 0.65954011, 0.69509482]), array([0.62843531, 0.71145837, 0.57404284, 0.57013317, 0.58800687,
       0.61155566, 0.61596308, 0.61474666, 0.64600673, 0.68275132])]
real metric: [array([0.90895522, 0.8697479 , 0.60530191, 0.59084406, 0.71666667,
       0.34594595, 0.61527581, 0.35192563, 0.24      , 0.42035398]), array([0.89635854, 0.86024423, 0.65123457, 0.61756374, 0.67852063,
       0.35753425, 0.62188366, 0.40963855, 0.20919881, 0.41880342]), array([0.92005814, 0.86072423, 0.59607293, 0.60526316, 0.63411279,
       0.33138686, 0.67361111, 0.3971831 , 0.24548193, 0.44428365]), array([0.93162393, 0.89367816, 0.6382055 , 0.6097561 , 0.67983651,
       0.34125874, 0.62605042, 0.41812865, 0.21518987, 0.41158537]), array([0.90322581, 0.87671233, 0.58664773, 0.59943583, 0.68639053,
       0.32028986, 0.5968661 , 0.38795518, 0.2223796 , 0.36350975])]

estim_algorithm = doc-model, mode = classification, metric = sensitivity, confidence_scores = energy-conf, class_specific = True
test err: [0.08773061018846529, 0.08180189095110092, 0.09732529134598167, 0.08110673842859428, 0.08852228947120032]
estimated metric: [array([0.91901929, 0.95572559, 0.74176748, 0.71729702, 0.74054956,
       0.48539879, 0.62563732, 0.53484793, 0.3131508 , 0.3317785 ]), array([0.91955018, 0.94894992, 0.75437013, 0.72046698, 0.73944331,
       0.48347519, 0.63313528, 0.52785872, 0.30489004, 0.33074727]), array([0.91899016, 0.95142735, 0.74589694, 0.72217732, 0.74107881,
       0.48851093, 0.63029249, 0.53140459, 0.31443741, 0.34012568]), array([0.92003554, 0.94885736, 0.75124431, 0.72103609, 0.74185671,
       0.4938802 , 0.62848107, 0.53587894, 0.32622107, 0.33745816]), array([0.92027094, 0.95133858, 0.74914011, 0.71921818, 0.74014698,
       0.49327242, 0.61672747, 0.52304852, 0.31004779, 0.32159489])]
real metric: [array([0.90895522, 0.8697479 , 0.60530191, 0.59084406, 0.71666667,
       0.34594595, 0.61527581, 0.35192563, 0.24      , 0.42035398]), array([0.89635854, 0.86024423, 0.65123457, 0.61756374, 0.67852063,
       0.35753425, 0.62188366, 0.40963855, 0.20919881, 0.41880342]), array([0.92005814, 0.86072423, 0.59607293, 0.60526316, 0.63411279,
       0.33138686, 0.67361111, 0.3971831 , 0.24548193, 0.44428365]), array([0.93162393, 0.89367816, 0.6382055 , 0.6097561 , 0.67983651,
       0.34125874, 0.62605042, 0.41812865, 0.21518987, 0.41158537]), array([0.90322581, 0.87671233, 0.58664773, 0.59943583, 0.68639053,
       0.32028986, 0.5968661 , 0.38795518, 0.2223796 , 0.36350975])]

estim_algorithm = doc-model, mode = classification, metric = sensitivity, confidence_scores = entropy-conf, class_specific = False
test err: [0.17268142273352857, 0.17141324395040972, 0.15964761169092975, 0.17741360208897558, 0.1751364321725597]
estimated metric: [array([0.68420603, 0.72467808, 0.5864195 , 0.5948609 , 0.62414427,
       0.62118395, 0.63545122, 0.65644235, 0.63554427, 0.66645315]), array([0.6871245 , 0.71128492, 0.60029321, 0.60055292, 0.61434844,
       0.618651  , 0.6514237 , 0.65723998, 0.63824738, 0.67531135]), array([0.68216533, 0.71677311, 0.59515985, 0.60207781, 0.61525696,
       0.62239423, 0.65071419, 0.64477858, 0.64870597, 0.67123774]), array([0.68608022, 0.71178165, 0.59726507, 0.60358018, 0.62835518,
       0.62616061, 0.64052652, 0.65309361, 0.65909375, 0.68143668]), array([0.68737308, 0.71345955, 0.59594544, 0.59554244, 0.62344783,
       0.61936426, 0.63011473, 0.64513744, 0.63445477, 0.6580543 ])]
real metric: [array([0.90895522, 0.8697479 , 0.60530191, 0.59084406, 0.71666667,
       0.34594595, 0.61527581, 0.35192563, 0.24      , 0.42035398]), array([0.89635854, 0.86024423, 0.65123457, 0.61756374, 0.67852063,
       0.35753425, 0.62188366, 0.40963855, 0.20919881, 0.41880342]), array([0.92005814, 0.86072423, 0.59607293, 0.60526316, 0.63411279,
       0.33138686, 0.67361111, 0.3971831 , 0.24548193, 0.44428365]), array([0.93162393, 0.89367816, 0.6382055 , 0.6097561 , 0.67983651,
       0.34125874, 0.62605042, 0.41812865, 0.21518987, 0.41158537]), array([0.90322581, 0.87671233, 0.58664773, 0.59943583, 0.68639053,
       0.32028986, 0.5968661 , 0.38795518, 0.2223796 , 0.36350975])]

estim_algorithm = doc-model, mode = classification, metric = sensitivity, confidence_scores = entropy-conf, class_specific = True
test err: [0.0878865610785677, 0.08346219264504366, 0.09769965389358862, 0.08005575618097971, 0.09384113837895344]
estimated metric: [array([0.92988347, 0.96233895, 0.72739979, 0.70872455, 0.74250241,
       0.52488987, 0.61888542, 0.55749798, 0.32873366, 0.39768133]), array([0.93266593, 0.95491987, 0.74127402, 0.71441658, 0.73270657,
       0.52231658, 0.6348579 , 0.55859496, 0.33314694, 0.40690386]), array([0.92789348, 0.95562223, 0.73614067, 0.71594147, 0.73361509,
       0.52629528, 0.63414839, 0.54599773, 0.34571515, 0.40368778]), array([0.93158045, 0.95335705, 0.73823855, 0.71744383, 0.74666737,
       0.53002455, 0.62396072, 0.55438336, 0.35315761, 0.41279096]), array([0.93293713, 0.95761989, 0.73692625, 0.7094061 , 0.74180596,
       0.52299796, 0.61354893, 0.5460852 , 0.33051517, 0.38998149])]
real metric: [array([0.90895522, 0.8697479 , 0.60530191, 0.59084406, 0.71666667,
       0.34594595, 0.61527581, 0.35192563, 0.24      , 0.42035398]), array([0.89635854, 0.86024423, 0.65123457, 0.61756374, 0.67852063,
       0.35753425, 0.62188366, 0.40963855, 0.20919881, 0.41880342]), array([0.92005814, 0.86072423, 0.59607293, 0.60526316, 0.63411279,
       0.33138686, 0.67361111, 0.3971831 , 0.24548193, 0.44428365]), array([0.93162393, 0.89367816, 0.6382055 , 0.6097561 , 0.67983651,
       0.34125874, 0.62605042, 0.41812865, 0.21518987, 0.41158537]), array([0.90322581, 0.87671233, 0.58664773, 0.59943583, 0.68639053,
       0.32028986, 0.5968661 , 0.38795518, 0.2223796 , 0.36350975])]

estim_algorithm = doc-model, mode = classification, metric = sensitivity, confidence_scores = doctor-conf, class_specific = False
test err: [0.18343081064423544, 0.17461658352281803, 0.17006288593274493, 0.1825044493283216, 0.1883871677041939]
estimated metric: [array([0.69074576, 0.71479992, 0.62186587, 0.6305638 , 0.65165955,
       0.64701538, 0.65313113, 0.67192246, 0.65851313, 0.68277913]), array([0.69586539, 0.7040975 , 0.6306759 , 0.63504348, 0.64124312,
       0.6474957 , 0.6654963 , 0.67410572, 0.6570202 , 0.68715079]), array([0.68890832, 0.70740669, 0.62757655, 0.63594764, 0.64193301,
       0.64682795, 0.67039477, 0.6637595 , 0.66818697, 0.68249795]), array([0.69203857, 0.70330296, 0.62715157, 0.63645303, 0.65535811,
       0.65207988, 0.65598289, 0.66759678, 0.67878406, 0.69062411]), array([0.69390899, 0.70837099, 0.62928654, 0.63166509, 0.6492174 ,
       0.6445089 , 0.64964163, 0.66389555, 0.65391577, 0.67321095])]
real metric: [array([0.90895522, 0.8697479 , 0.60530191, 0.59084406, 0.71666667,
       0.34594595, 0.61527581, 0.35192563, 0.24      , 0.42035398]), array([0.89635854, 0.86024423, 0.65123457, 0.61756374, 0.67852063,
       0.35753425, 0.62188366, 0.40963855, 0.20919881, 0.41880342]), array([0.92005814, 0.86072423, 0.59607293, 0.60526316, 0.63411279,
       0.33138686, 0.67361111, 0.3971831 , 0.24548193, 0.44428365]), array([0.93162393, 0.89367816, 0.6382055 , 0.6097561 , 0.67983651,
       0.34125874, 0.62605042, 0.41812865, 0.21518987, 0.41158537]), array([0.90322581, 0.87671233, 0.58664773, 0.59943583, 0.68639053,
       0.32028986, 0.5968661 , 0.38795518, 0.2223796 , 0.36350975])]

estim_algorithm = doc-model, mode = classification, metric = sensitivity, confidence_scores = doctor-conf, class_specific = True
test err: [0.10052922659670463, 0.09645343951607784, 0.106040134161468, 0.09425347269754052, 0.11022892251086762]
estimated metric: [array([0.9283747 , 0.96338025, 0.7579185 , 0.72872807, 0.76568794,
       0.55108286, 0.63858858, 0.56616023, 0.34666348, 0.41698317]), array([0.93351083, 0.95433292, 0.7672437 , 0.73350624, 0.75527137,
       0.55127136, 0.65095319, 0.56937882, 0.34781869, 0.42222768]), array([0.92641664, 0.95611282, 0.76375571, 0.73417549, 0.75587377,
       0.55124442, 0.65580276, 0.55812896, 0.36151878, 0.41863409]), array([0.92968319, 0.95273983, 0.76361899, 0.73486899, 0.76948882,
       0.55618238, 0.64143623, 0.56219448, 0.36868416, 0.42506942]), array([0.93144846, 0.9586611 , 0.76576727, 0.73009545, 0.76344394,
       0.54850573, 0.63507584, 0.55810079, 0.34587708, 0.40872628])]
real metric: [array([0.90895522, 0.8697479 , 0.60530191, 0.59084406, 0.71666667,
       0.34594595, 0.61527581, 0.35192563, 0.24      , 0.42035398]), array([0.89635854, 0.86024423, 0.65123457, 0.61756374, 0.67852063,
       0.35753425, 0.62188366, 0.40963855, 0.20919881, 0.41880342]), array([0.92005814, 0.86072423, 0.59607293, 0.60526316, 0.63411279,
       0.33138686, 0.67361111, 0.3971831 , 0.24548193, 0.44428365]), array([0.93162393, 0.89367816, 0.6382055 , 0.6097561 , 0.67983651,
       0.34125874, 0.62605042, 0.41812865, 0.21518987, 0.41158537]), array([0.90322581, 0.87671233, 0.58664773, 0.59943583, 0.68639053,
       0.32028986, 0.5968661 , 0.38795518, 0.2223796 , 0.36350975])]

estim_algorithm = atc-model, mode = classification, metric = sensitivity, confidence_scores = max_class_probability-conf, class_specific = False
test err: [0.17914493434948753, 0.17844791291920176, 0.16221896230464058, 0.18683945803250462, 0.17803257861903463]
estimated metric: [array([0.65406427, 0.78545888, 0.39237393, 0.41922291, 0.50000001,
       0.49216303, 0.5323077 , 0.59932661, 0.46733671, 0.56748468]), array([0.66334165, 0.74129931, 0.43510507, 0.44478217, 0.47308489,
       0.48376625, 0.57951071, 0.60810812, 0.4914286 , 0.60766963]), array([0.65894466, 0.76341464, 0.42630939, 0.42695474, 0.48478702,
       0.46886449, 0.57281554, 0.52597404, 0.51322754, 0.57584271]), array([0.66393443, 0.75145858, 0.42142026, 0.44444445, 0.49200001,
       0.50859108, 0.55947137, 0.55591056, 0.53179193, 0.61184212]), array([0.66795119, 0.73206278, 0.41829269, 0.40968719, 0.49098197,
       0.47211898, 0.52663623, 0.54603176, 0.48167542, 0.57096776])]
real metric: [array([0.90895522, 0.8697479 , 0.60530191, 0.59084406, 0.71666667,
       0.34594595, 0.61527581, 0.35192563, 0.24      , 0.42035398]), array([0.89635854, 0.86024423, 0.65123457, 0.61756374, 0.67852063,
       0.35753425, 0.62188366, 0.40963855, 0.20919881, 0.41880342]), array([0.92005814, 0.86072423, 0.59607293, 0.60526316, 0.63411279,
       0.33138686, 0.67361111, 0.3971831 , 0.24548193, 0.44428365]), array([0.93162393, 0.89367816, 0.6382055 , 0.6097561 , 0.67983651,
       0.34125874, 0.62605042, 0.41812865, 0.21518987, 0.41158537]), array([0.90322581, 0.87671233, 0.58664773, 0.59943583, 0.68639053,
       0.32028986, 0.5968661 , 0.38795518, 0.2223796 , 0.36350975])]

estim_algorithm = atc-model, mode = classification, metric = sensitivity, confidence_scores = max_class_probability-conf, class_specific = True
test err: [0.07025842658165775, 0.0507649925717915, 0.07107638586882672, 0.04691995237814271, 0.059785198138403293]
estimated metric: [array([0.91304348, 0.96424315, 0.65067651, 0.61860941, 0.66229839,
       0.42006271, 0.49076924, 0.51178453, 0.21105532, 0.33128836]), array([0.92705736, 0.93851508, 0.68974042, 0.62512665, 0.63664597,
       0.39935067, 0.51529053, 0.49662164, 0.22857147, 0.36283188]), array([0.91055341, 0.94634146, 0.66626066, 0.6399177 , 0.63793104,
       0.42490845, 0.51456311, 0.48376625, 0.19047623, 0.33146069]), array([0.91551072, 0.94632439, 0.68451688, 0.65170941, 0.67      ,
       0.41924401, 0.51395008, 0.50159746, 0.23699426, 0.40460528]), array([0.92357097, 0.95627803, 0.68170732, 0.62865793, 0.66232465,
       0.3903346 , 0.47488585, 0.4857143 , 0.22513093, 0.30645164])]
real metric: [array([0.90895522, 0.8697479 , 0.60530191, 0.59084406, 0.71666667,
       0.34594595, 0.61527581, 0.35192563, 0.24      , 0.42035398]), array([0.89635854, 0.86024423, 0.65123457, 0.61756374, 0.67852063,
       0.35753425, 0.62188366, 0.40963855, 0.20919881, 0.41880342]), array([0.92005814, 0.86072423, 0.59607293, 0.60526316, 0.63411279,
       0.33138686, 0.67361111, 0.3971831 , 0.24548193, 0.44428365]), array([0.93162393, 0.89367816, 0.6382055 , 0.6097561 , 0.67983651,
       0.34125874, 0.62605042, 0.41812865, 0.21518987, 0.41158537]), array([0.90322581, 0.87671233, 0.58664773, 0.59943583, 0.68639053,
       0.32028986, 0.5968661 , 0.38795518, 0.2223796 , 0.36350975])]

estim_algorithm = atc-model, mode = classification, metric = sensitivity, confidence_scores = energy-conf, class_specific = False
test err: [0.22997060855701346, 0.21126533795915128, 0.22684589220050397, 0.23364382376141432, 0.23681439251420805]
estimated metric: [array([0.55702584, 0.72586413, 0.34686348, 0.34560328, 0.40625001,
       0.44200629, 0.53384616, 0.52525254, 0.6030151 , 0.69631903]), array([0.55236908, 0.6786543 , 0.37330038, 0.36879433, 0.42028986,
       0.4318182 , 0.55810398, 0.50675677, 0.53714288, 0.65781712]), array([0.55662806, 0.7097561 , 0.3361754 , 0.36831276, 0.4219067 ,
       0.4761905 , 0.54785021, 0.51298703, 0.63492065, 0.71348315]), array([0.55485498, 0.6907818 , 0.34342259, 0.36004274, 0.41900001,
       0.44329899, 0.55653451, 0.53035145, 0.60693644, 0.68750001]), array([0.56904303, 0.69618834, 0.34756098, 0.33905147, 0.42084169,
       0.48327139, 0.52359209, 0.51746033, 0.60209426, 0.70645162])]
real metric: [array([0.90895522, 0.8697479 , 0.60530191, 0.59084406, 0.71666667,
       0.34594595, 0.61527581, 0.35192563, 0.24      , 0.42035398]), array([0.89635854, 0.86024423, 0.65123457, 0.61756374, 0.67852063,
       0.35753425, 0.62188366, 0.40963855, 0.20919881, 0.41880342]), array([0.92005814, 0.86072423, 0.59607293, 0.60526316, 0.63411279,
       0.33138686, 0.67361111, 0.3971831 , 0.24548193, 0.44428365]), array([0.93162393, 0.89367816, 0.6382055 , 0.6097561 , 0.67983651,
       0.34125874, 0.62605042, 0.41812865, 0.21518987, 0.41158537]), array([0.90322581, 0.87671233, 0.58664773, 0.59943583, 0.68639053,
       0.32028986, 0.5968661 , 0.38795518, 0.2223796 , 0.36350975])]

estim_algorithm = atc-model, mode = classification, metric = sensitivity, confidence_scores = energy-conf, class_specific = True
test err: [0.07387295093351612, 0.05430641107913649, 0.06036394777870702, 0.05391156682979168, 0.05430246743012181]
estimated metric: [array([0.9042218 , 0.93682956, 0.62484625, 0.60838446, 0.61290323,
       0.29467087, 0.52153847, 0.51178453, 0.20603019, 0.23312886]), array([0.89962594, 0.92807425, 0.65512979, 0.64336373, 0.62111802,
       0.29870132, 0.54434251, 0.47972975, 0.23428576, 0.26548675]), array([0.90990991, 0.92073171, 0.63459197, 0.6399177 , 0.60750507,
       0.35164838, 0.53536755, 0.4805195 , 0.24867729, 0.255618  ]), array([0.9186633 , 0.92415403, 0.66239814, 0.6431624 , 0.621     ,
       0.30927837, 0.54625551, 0.51118212, 0.2543353 , 0.27631581]), array([0.92035967, 0.93497758, 0.64390244, 0.6246216 , 0.63026052,
       0.31598516, 0.50837139, 0.4793651 , 0.26178014, 0.25806454])]
real metric: [array([0.90895522, 0.8697479 , 0.60530191, 0.59084406, 0.71666667,
       0.34594595, 0.61527581, 0.35192563, 0.24      , 0.42035398]), array([0.89635854, 0.86024423, 0.65123457, 0.61756374, 0.67852063,
       0.35753425, 0.62188366, 0.40963855, 0.20919881, 0.41880342]), array([0.92005814, 0.86072423, 0.59607293, 0.60526316, 0.63411279,
       0.33138686, 0.67361111, 0.3971831 , 0.24548193, 0.44428365]), array([0.93162393, 0.89367816, 0.6382055 , 0.6097561 , 0.67983651,
       0.34125874, 0.62605042, 0.41812865, 0.21518987, 0.41158537]), array([0.90322581, 0.87671233, 0.58664773, 0.59943583, 0.68639053,
       0.32028986, 0.5968661 , 0.38795518, 0.2223796 , 0.36350975])]

estim_algorithm = atc-model, mode = classification, metric = sensitivity, confidence_scores = entropy-conf, class_specific = False
test err: [0.18069705753410062, 0.17843607553273994, 0.16529377573870552, 0.1886770538793457, 0.18069579237847272]
estimated metric: [array([0.65532451, 0.77949941, 0.39237393, 0.41820041, 0.49697581,
       0.47648904, 0.53076924, 0.59595961, 0.48241209, 0.57668713]), array([0.66334165, 0.74361949, 0.43510507, 0.43566363, 0.46790891,
       0.48376625, 0.58103976, 0.59459461, 0.4914286 , 0.61061948]), array([0.65508366, 0.76463415, 0.42021925, 0.42695474, 0.48174443,
       0.46886449, 0.57004161, 0.52597404, 0.52380955, 0.58146069]), array([0.66456495, 0.75612602, 0.41909197, 0.44123932, 0.49100001,
       0.50171823, 0.55359766, 0.55591056, 0.54335263, 0.61842107]), array([0.66409763, 0.73878924, 0.41341464, 0.40867811, 0.48697395,
       0.47955392, 0.5281583 , 0.54603176, 0.49214662, 0.57419356])]
real metric: [array([0.90895522, 0.8697479 , 0.60530191, 0.59084406, 0.71666667,
       0.34594595, 0.61527581, 0.35192563, 0.24      , 0.42035398]), array([0.89635854, 0.86024423, 0.65123457, 0.61756374, 0.67852063,
       0.35753425, 0.62188366, 0.40963855, 0.20919881, 0.41880342]), array([0.92005814, 0.86072423, 0.59607293, 0.60526316, 0.63411279,
       0.33138686, 0.67361111, 0.3971831 , 0.24548193, 0.44428365]), array([0.93162393, 0.89367816, 0.6382055 , 0.6097561 , 0.67983651,
       0.34125874, 0.62605042, 0.41812865, 0.21518987, 0.41158537]), array([0.90322581, 0.87671233, 0.58664773, 0.59943583, 0.68639053,
       0.32028986, 0.5968661 , 0.38795518, 0.2223796 , 0.36350975])]

estim_algorithm = atc-model, mode = classification, metric = sensitivity, confidence_scores = entropy-conf, class_specific = True
test err: [0.06832372073235078, 0.04883517907252403, 0.07033804013543046, 0.044303629313590435, 0.05395179224608339]
estimated metric: [array([0.92312539, 0.95709178, 0.64206643, 0.62269939, 0.68044355,
       0.41065833, 0.49384616, 0.51851853, 0.21105532, 0.32515339]), array([0.91957606, 0.94315545, 0.67861558, 0.63019251, 0.65942029,
       0.38636366, 0.51376148, 0.52027029, 0.22285719, 0.35693217]), array([0.91248391, 0.93414634, 0.66626066, 0.64300412, 0.65010142,
       0.40293042, 0.51040223, 0.49025976, 0.19047623, 0.3286517 ]), array([0.9148802 , 0.94165694, 0.67869616, 0.64850428, 0.693     ,
       0.39862545, 0.51835537, 0.51437701, 0.21965322, 0.39144739]), array([0.92100193, 0.94618834, 0.66341464, 0.62260343, 0.68336674,
       0.37546471, 0.47945206, 0.49841271, 0.22513093, 0.30000002])]
real metric: [array([0.90895522, 0.8697479 , 0.60530191, 0.59084406, 0.71666667,
       0.34594595, 0.61527581, 0.35192563, 0.24      , 0.42035398]), array([0.89635854, 0.86024423, 0.65123457, 0.61756374, 0.67852063,
       0.35753425, 0.62188366, 0.40963855, 0.20919881, 0.41880342]), array([0.92005814, 0.86072423, 0.59607293, 0.60526316, 0.63411279,
       0.33138686, 0.67361111, 0.3971831 , 0.24548193, 0.44428365]), array([0.93162393, 0.89367816, 0.6382055 , 0.6097561 , 0.67983651,
       0.34125874, 0.62605042, 0.41812865, 0.21518987, 0.41158537]), array([0.90322581, 0.87671233, 0.58664773, 0.59943583, 0.68639053,
       0.32028986, 0.5968661 , 0.38795518, 0.2223796 , 0.36350975])]

estim_algorithm = atc-model, mode = classification, metric = sensitivity, confidence_scores = doctor-conf, class_specific = False
test err: [0.17955293730008784, 0.1787406914258697, 0.1626921200005455, 0.1869319903533047, 0.17831396901327676]
estimated metric: [array([0.65406427, 0.78426699, 0.39114392, 0.41922291, 0.50000001,
       0.49216303, 0.5323077 , 0.59595961, 0.47236184, 0.56748468]), array([0.66271821, 0.74129931, 0.43510507, 0.443769  , 0.4710145 ,
       0.47727274, 0.57951071, 0.60810812, 0.49714289, 0.60766963]), array([0.65765766, 0.76341464, 0.42630939, 0.42489713, 0.48478702,
       0.46886449, 0.57142858, 0.52597404, 0.51322754, 0.57584271]), array([0.66393443, 0.75029172, 0.42142026, 0.44444445, 0.49200001,
       0.50515466, 0.55947137, 0.55910545, 0.53179193, 0.61184212]), array([0.66795119, 0.73318386, 0.41707318, 0.40968719, 0.49198397,
       0.47583645, 0.52663623, 0.54603176, 0.48167542, 0.57096776])]
real metric: [array([0.90895522, 0.8697479 , 0.60530191, 0.59084406, 0.71666667,
       0.34594595, 0.61527581, 0.35192563, 0.24      , 0.42035398]), array([0.89635854, 0.86024423, 0.65123457, 0.61756374, 0.67852063,
       0.35753425, 0.62188366, 0.40963855, 0.20919881, 0.41880342]), array([0.92005814, 0.86072423, 0.59607293, 0.60526316, 0.63411279,
       0.33138686, 0.67361111, 0.3971831 , 0.24548193, 0.44428365]), array([0.93162393, 0.89367816, 0.6382055 , 0.6097561 , 0.67983651,
       0.34125874, 0.62605042, 0.41812865, 0.21518987, 0.41158537]), array([0.90322581, 0.87671233, 0.58664773, 0.59943583, 0.68639053,
       0.32028986, 0.5968661 , 0.38795518, 0.2223796 , 0.36350975])]

estim_algorithm = atc-model, mode = classification, metric = sensitivity, confidence_scores = doctor-conf, class_specific = True
test err: [0.06916550136063312, 0.05201007938898252, 0.07025852074004815, 0.04600159296989249, 0.05802548659049116]
estimated metric: [array([0.91556396, 0.95470799, 0.64575646, 0.61554193, 0.66028226,
       0.42319751, 0.49692308, 0.52188554, 0.21608044, 0.33128836]), array([0.91645885, 0.93967517, 0.69097652, 0.62006079, 0.63457557,
       0.39935067, 0.51529053, 0.52027029, 0.22857147, 0.36283188]), array([0.90990991, 0.93048781, 0.66382461, 0.6399177 , 0.63995944,
       0.42490845, 0.52011096, 0.49675326, 0.19047623, 0.33146069]), array([0.90857503, 0.93232205, 0.6821886 , 0.64636753, 0.671     ,
       0.41924401, 0.51688694, 0.51437701, 0.23699426, 0.40789476]), array([0.91907515, 0.94730942, 0.67073171, 0.62764884, 0.65831664,
       0.3903346 , 0.47945206, 0.48888891, 0.23036653, 0.30645164])]
real metric: [array([0.90895522, 0.8697479 , 0.60530191, 0.59084406, 0.71666667,
       0.34594595, 0.61527581, 0.35192563, 0.24      , 0.42035398]), array([0.89635854, 0.86024423, 0.65123457, 0.61756374, 0.67852063,
       0.35753425, 0.62188366, 0.40963855, 0.20919881, 0.41880342]), array([0.92005814, 0.86072423, 0.59607293, 0.60526316, 0.63411279,
       0.33138686, 0.67361111, 0.3971831 , 0.24548193, 0.44428365]), array([0.93162393, 0.89367816, 0.6382055 , 0.6097561 , 0.67983651,
       0.34125874, 0.62605042, 0.41812865, 0.21518987, 0.41158537]), array([0.90322581, 0.87671233, 0.58664773, 0.59943583, 0.68639053,
       0.32028986, 0.5968661 , 0.38795518, 0.2223796 , 0.36350975])]

estim_algorithm = ts-atc-model, mode = classification, metric = sensitivity, confidence_scores = max_class_probability-conf, class_specific = False
test err: [0.20401010497819763, 0.2017874302185013, 0.1937270961909745, 0.21332582748111828, 0.19779282579090868]
estimated metric: [array([0.62696913, 0.76281288, 0.36654367, 0.36912066, 0.44959678,
       0.47648904, 0.52615385, 0.55892257, 0.53768847, 0.61963191]), array([0.62842893, 0.73085847, 0.39307788, 0.3768997 , 0.44824017,
       0.45779223, 0.54740062, 0.55405407, 0.55428574, 0.64601771]), array([0.61840412, 0.74878049, 0.38367845, 0.38580248, 0.44016228,
       0.45787548, 0.53952844, 0.52922079, 0.57142859, 0.62359552]), array([0.61979824, 0.7327888 , 0.38183936, 0.3888889 , 0.45400001,
       0.44673541, 0.53597651, 0.57827477, 0.58381505, 0.64473685]), array([0.6236352 , 0.73430494, 0.38048781, 0.37941474, 0.45090181,
       0.45724909, 0.51445967, 0.51428573, 0.51832463, 0.61612904])]
real metric: [array([0.90895522, 0.8697479 , 0.60530191, 0.59084406, 0.71666667,
       0.34594595, 0.61527581, 0.35192563, 0.24      , 0.42035398]), array([0.89635854, 0.86024423, 0.65123457, 0.61756374, 0.67852063,
       0.35753425, 0.62188366, 0.40963855, 0.20919881, 0.41880342]), array([0.92005814, 0.86072423, 0.59607293, 0.60526316, 0.63411279,
       0.33138686, 0.67361111, 0.3971831 , 0.24548193, 0.44428365]), array([0.93162393, 0.89367816, 0.6382055 , 0.6097561 , 0.67983651,
       0.34125874, 0.62605042, 0.41812865, 0.21518987, 0.41158537]), array([0.90322581, 0.87671233, 0.58664773, 0.59943583, 0.68639053,
       0.32028986, 0.5968661 , 0.38795518, 0.2223796 , 0.36350975])]

estim_algorithm = ts-atc-model, mode = classification, metric = sensitivity, confidence_scores = max_class_probability-conf, class_specific = True
test err: [0.06876664324773667, 0.05625664794946591, 0.06468120348605236, 0.05103382057372623, 0.05512780392992835]
estimated metric: [array([0.92186515, 0.97377831, 0.64452645, 0.61758692, 0.67741936,
       0.33855801, 0.5123077 , 0.51851853, 0.21105532, 0.26073622]), array([0.93703242, 0.95823666, 0.67985167, 0.62917934, 0.65527951,
       0.30844158, 0.52446484, 0.49662164, 0.19428576, 0.30678468]), array([0.91956242, 0.97073171, 0.66504264, 0.63580247, 0.64401623,
       0.36263739, 0.51595008, 0.46753248, 0.23280427, 0.28932586]), array([0.92055486, 0.96266044, 0.68451688, 0.6431624 , 0.689     ,
       0.34020621, 0.51688694, 0.51437701, 0.2543353 , 0.3157895 ]), array([0.92357097, 0.97197309, 0.66829269, 0.61856711, 0.67935872,
       0.34572493, 0.48097413, 0.46349208, 0.24083774, 0.27096777])]
real metric: [array([0.90895522, 0.8697479 , 0.60530191, 0.59084406, 0.71666667,
       0.34594595, 0.61527581, 0.35192563, 0.24      , 0.42035398]), array([0.89635854, 0.86024423, 0.65123457, 0.61756374, 0.67852063,
       0.35753425, 0.62188366, 0.40963855, 0.20919881, 0.41880342]), array([0.92005814, 0.86072423, 0.59607293, 0.60526316, 0.63411279,
       0.33138686, 0.67361111, 0.3971831 , 0.24548193, 0.44428365]), array([0.93162393, 0.89367816, 0.6382055 , 0.6097561 , 0.67983651,
       0.34125874, 0.62605042, 0.41812865, 0.21518987, 0.41158537]), array([0.90322581, 0.87671233, 0.58664773, 0.59943583, 0.68639053,
       0.32028986, 0.5968661 , 0.38795518, 0.2223796 , 0.36350975])]

estim_algorithm = ts-atc-model, mode = classification, metric = sensitivity, confidence_scores = energy-conf, class_specific = False
test err: [0.23867738799857227, 0.22226588502223832, 0.2331649492483848, 0.24345006704074373, 0.24010914894848961]
estimated metric: [array([0.48771267, 0.68653159, 0.37023371, 0.37525563, 0.44254033,
       0.49216303, 0.57538462, 0.51851853, 0.63819097, 0.72699387]), array([0.49064838, 0.6299304 , 0.41161929, 0.41438704, 0.44202899,
       0.487013  , 0.61009175, 0.51013515, 0.58857145, 0.70501476]), array([0.48326899, 0.66219513, 0.37880634, 0.40020577, 0.45638946,
       0.52380954, 0.60471568, 0.52922079, 0.64550266, 0.74719102]), array([0.48108449, 0.63943991, 0.39115251, 0.39529915, 0.44500001,
       0.50515466, 0.60792952, 0.53674123, 0.63583817, 0.72368422]), array([0.49389853, 0.64686099, 0.38414635, 0.370333  , 0.44989981,
       0.54275095, 0.57686454, 0.49206351, 0.60732986, 0.72580646])]
real metric: [array([0.90895522, 0.8697479 , 0.60530191, 0.59084406, 0.71666667,
       0.34594595, 0.61527581, 0.35192563, 0.24      , 0.42035398]), array([0.89635854, 0.86024423, 0.65123457, 0.61756374, 0.67852063,
       0.35753425, 0.62188366, 0.40963855, 0.20919881, 0.41880342]), array([0.92005814, 0.86072423, 0.59607293, 0.60526316, 0.63411279,
       0.33138686, 0.67361111, 0.3971831 , 0.24548193, 0.44428365]), array([0.93162393, 0.89367816, 0.6382055 , 0.6097561 , 0.67983651,
       0.34125874, 0.62605042, 0.41812865, 0.21518987, 0.41158537]), array([0.90322581, 0.87671233, 0.58664773, 0.59943583, 0.68639053,
       0.32028986, 0.5968661 , 0.38795518, 0.2223796 , 0.36350975])]

estim_algorithm = ts-atc-model, mode = classification, metric = sensitivity, confidence_scores = energy-conf, class_specific = True
test err: [0.06865818059295933, 0.045504988371869996, 0.06040680540657385, 0.048038923496147225, 0.057614617856084814]
estimated metric: [array([0.89729049, 0.92252682, 0.68142682, 0.64928426, 0.63205646,
       0.30721005, 0.56461539, 0.47138049, 0.23618094, 0.23006137]), array([0.89526185, 0.90603248, 0.71940668, 0.66261399, 0.66873706,
       0.30194807, 0.60397554, 0.45270272, 0.20571433, 0.25368734]), array([0.9002574 , 0.91219512, 0.70280147, 0.65946502, 0.63894524,
       0.33699636, 0.59361998, 0.47727274, 0.23280427, 0.255618  ]), array([0.90794452, 0.91248542, 0.71012806, 0.67094017, 0.639     ,
       0.30927837, 0.60205581, 0.4632588 , 0.24277461, 0.27631581]), array([0.89980732, 0.92600897, 0.7097561 , 0.6629667 , 0.6242485 ,
       0.35687735, 0.57077626, 0.46031748, 0.25654454, 0.25806454])]
real metric: [array([0.90895522, 0.8697479 , 0.60530191, 0.59084406, 0.71666667,
       0.34594595, 0.61527581, 0.35192563, 0.24      , 0.42035398]), array([0.89635854, 0.86024423, 0.65123457, 0.61756374, 0.67852063,
       0.35753425, 0.62188366, 0.40963855, 0.20919881, 0.41880342]), array([0.92005814, 0.86072423, 0.59607293, 0.60526316, 0.63411279,
       0.33138686, 0.67361111, 0.3971831 , 0.24548193, 0.44428365]), array([0.93162393, 0.89367816, 0.6382055 , 0.6097561 , 0.67983651,
       0.34125874, 0.62605042, 0.41812865, 0.21518987, 0.41158537]), array([0.90322581, 0.87671233, 0.58664773, 0.59943583, 0.68639053,
       0.32028986, 0.5968661 , 0.38795518, 0.2223796 , 0.36350975])]

estim_algorithm = ts-atc-model, mode = classification, metric = sensitivity, confidence_scores = entropy-conf, class_specific = False
test err: [0.22385333435478155, 0.21062874894664296, 0.2164087626880793, 0.22639149094658081, 0.22079098719607387]
estimated metric: [array([0.59357278, 0.7556615 , 0.33702338, 0.33435584, 0.42137097,
       0.45768027, 0.51692308, 0.53872055, 0.59296484, 0.65950921]), array([0.60286783, 0.72389792, 0.37948085, 0.34447822, 0.41614907,
       0.44805197, 0.53058105, 0.51351353, 0.5714286 , 0.640118  ]), array([0.5952381 , 0.73536586, 0.34591962, 0.3580247 , 0.40669372,
       0.45054947, 0.52288489, 0.49675326, 0.62962965, 0.67977529]), array([0.60151324, 0.71645275, 0.35040746, 0.36004274, 0.43600001,
       0.43298971, 0.52276065, 0.54952078, 0.62427748, 0.6513158 ]), array([0.60629416, 0.7219731 , 0.35853659, 0.3592331 , 0.41783568,
       0.46840151, 0.48706241, 0.49206351, 0.59162306, 0.65161291])]
real metric: [array([0.90895522, 0.8697479 , 0.60530191, 0.59084406, 0.71666667,
       0.34594595, 0.61527581, 0.35192563, 0.24      , 0.42035398]), array([0.89635854, 0.86024423, 0.65123457, 0.61756374, 0.67852063,
       0.35753425, 0.62188366, 0.40963855, 0.20919881, 0.41880342]), array([0.92005814, 0.86072423, 0.59607293, 0.60526316, 0.63411279,
       0.33138686, 0.67361111, 0.3971831 , 0.24548193, 0.44428365]), array([0.93162393, 0.89367816, 0.6382055 , 0.6097561 , 0.67983651,
       0.34125874, 0.62605042, 0.41812865, 0.21518987, 0.41158537]), array([0.90322581, 0.87671233, 0.58664773, 0.59943583, 0.68639053,
       0.32028986, 0.5968661 , 0.38795518, 0.2223796 , 0.36350975])]

estim_algorithm = ts-atc-model, mode = classification, metric = sensitivity, confidence_scores = entropy-conf, class_specific = True
test err: [0.07269600308127086, 0.05798495636322528, 0.06146565378791154, 0.05385861103817961, 0.05261076203186732]
estimated metric: [array([0.91241336, 0.96901073, 0.62730628, 0.61145195, 0.67540323,
       0.28526648, 0.49538462, 0.50168352, 0.21105532, 0.23926383]), array([0.91832918, 0.94663573, 0.65142151, 0.64235056, 0.64078675,
       0.27597405, 0.50764527, 0.47297299, 0.21142862, 0.27138645]), array([0.90797941, 0.95365854, 0.6406821 , 0.63271605, 0.63894524,
       0.32234435, 0.4965326 , 0.46428573, 0.24338628, 0.26685395]), array([0.91235813, 0.95565928, 0.64959255, 0.63461539, 0.68      ,
       0.2989691 , 0.50660794, 0.51118212, 0.24277461, 0.27302634]), array([0.92100193, 0.95964126, 0.62804879, 0.62865793, 0.68036072,
       0.31226768, 0.46270929, 0.44444446, 0.26701575, 0.25806454])]
real metric: [array([0.90895522, 0.8697479 , 0.60530191, 0.59084406, 0.71666667,
       0.34594595, 0.61527581, 0.35192563, 0.24      , 0.42035398]), array([0.89635854, 0.86024423, 0.65123457, 0.61756374, 0.67852063,
       0.35753425, 0.62188366, 0.40963855, 0.20919881, 0.41880342]), array([0.92005814, 0.86072423, 0.59607293, 0.60526316, 0.63411279,
       0.33138686, 0.67361111, 0.3971831 , 0.24548193, 0.44428365]), array([0.93162393, 0.89367816, 0.6382055 , 0.6097561 , 0.67983651,
       0.34125874, 0.62605042, 0.41812865, 0.21518987, 0.41158537]), array([0.90322581, 0.87671233, 0.58664773, 0.59943583, 0.68639053,
       0.32028986, 0.5968661 , 0.38795518, 0.2223796 , 0.36350975])]

estim_algorithm = ts-atc-model, mode = classification, metric = sensitivity, confidence_scores = doctor-conf, class_specific = False
test err: [0.22271309651132362, 0.20861148259000775, 0.21594521322436658, 0.22523977567675718, 0.21802091285770028]
estimated metric: [array([0.5973535 , 0.75923719, 0.33702338, 0.3415133 , 0.42540323,
       0.45768027, 0.52153847, 0.54545456, 0.59798997, 0.65950921]), array([0.60910225, 0.72505801, 0.37700866, 0.34751774, 0.42339545,
       0.44155846, 0.52905199, 0.51351353, 0.5714286 , 0.640118  ]), array([0.5990991 , 0.73414634, 0.34226554, 0.36316873, 0.40770792,
       0.45054947, 0.518724  , 0.50649352, 0.61904764, 0.6769663 ]), array([0.60655738, 0.72345391, 0.3515716 , 0.35790599, 0.43300001,
       0.43298971, 0.52422908, 0.55910545, 0.61271679, 0.6513158 ]), array([0.60693642, 0.72757848, 0.36463415, 0.35822402, 0.42184369,
       0.46840151, 0.4824962 , 0.49206351, 0.58115185, 0.6451613 ])]
real metric: [array([0.90895522, 0.8697479 , 0.60530191, 0.59084406, 0.71666667,
       0.34594595, 0.61527581, 0.35192563, 0.24      , 0.42035398]), array([0.89635854, 0.86024423, 0.65123457, 0.61756374, 0.67852063,
       0.35753425, 0.62188366, 0.40963855, 0.20919881, 0.41880342]), array([0.92005814, 0.86072423, 0.59607293, 0.60526316, 0.63411279,
       0.33138686, 0.67361111, 0.3971831 , 0.24548193, 0.44428365]), array([0.93162393, 0.89367816, 0.6382055 , 0.6097561 , 0.67983651,
       0.34125874, 0.62605042, 0.41812865, 0.21518987, 0.41158537]), array([0.90322581, 0.87671233, 0.58664773, 0.59943583, 0.68639053,
       0.32028986, 0.5968661 , 0.38795518, 0.2223796 , 0.36350975])]

estim_algorithm = ts-atc-model, mode = classification, metric = sensitivity, confidence_scores = doctor-conf, class_specific = True
test err: [0.06846685347155826, 0.05440149293623749, 0.06157112875205752, 0.05372163929980158, 0.05337050638091371]
estimated metric: [array([0.91430372, 0.95947557, 0.62853629, 0.61145195, 0.70262097,
       0.29153607, 0.48615385, 0.51851853, 0.22110557, 0.25766873]), array([0.91645885, 0.93387471, 0.65018542, 0.64133739, 0.67080746,
       0.26948054, 0.50000001, 0.48310813, 0.22857147, 0.30383483]), array([0.90862291, 0.9402439 , 0.63824605, 0.63271605, 0.65517242,
       0.33699636, 0.4854369 , 0.47402599, 0.25396829, 0.28932586]), array([0.90857503, 0.94165694, 0.64726426, 0.63675214, 0.7       ,
       0.32302408, 0.49632894, 0.53035145, 0.265896  , 0.31250002]), array([0.91843288, 0.95067265, 0.62682927, 0.62260343, 0.70140281,
       0.3234201 , 0.45509894, 0.45714287, 0.27225135, 0.26129035])]
real metric: [array([0.90895522, 0.8697479 , 0.60530191, 0.59084406, 0.71666667,
       0.34594595, 0.61527581, 0.35192563, 0.24      , 0.42035398]), array([0.89635854, 0.86024423, 0.65123457, 0.61756374, 0.67852063,
       0.35753425, 0.62188366, 0.40963855, 0.20919881, 0.41880342]), array([0.92005814, 0.86072423, 0.59607293, 0.60526316, 0.63411279,
       0.33138686, 0.67361111, 0.3971831 , 0.24548193, 0.44428365]), array([0.93162393, 0.89367816, 0.6382055 , 0.6097561 , 0.67983651,
       0.34125874, 0.62605042, 0.41812865, 0.21518987, 0.41158537]), array([0.90322581, 0.87671233, 0.58664773, 0.59943583, 0.68639053,
       0.32028986, 0.5968661 , 0.38795518, 0.2223796 , 0.36350975])]

