estim_algorithm = moval-ensemble-cls-sensitivity, mode = classification, metric = sensitivity
test err: [0.0916506445779882, 0.10340895476299201, 0.10207239928458225, 0.09678236287910039, 0.1056763762535069]
estimated metric: [array([0.97491863, 0.97726397, 0.83098592, 0.82882883, 0.44621515,
       0.41720432, 0.47368423, 0.49004979, 0.12982465, 0.0598293 ]), array([0.97421419, 0.9800638 , 0.81971376, 0.82882883, 0.48238483,
       0.41307192, 0.50666669, 0.52214456, 0.14743598, 0.09166689]), array([0.97217585, 0.97367402, 0.84018913, 0.83178295, 0.49415206,
       0.39550267, 0.46096099, 0.41958046, 0.13071904, 0.14414438]), array([0.97255805, 0.97566628, 0.81908733, 0.83536091, 0.4488449 ,
       0.46060608, 0.51292519, 0.45474617, 0.12585043, 0.14728702]), array([0.97669377, 0.96662741, 0.82613662, 0.82706607, 0.45293703,
       0.44788089, 0.53688526, 0.42206239, 0.11469544, 0.13333355])]
real metric: [array([0.93082707, 0.80722892, 0.80804954, 0.72714078, 0.44782609,
       0.31671159, 0.30481283, 0.18687589, 0.13112392, 0.05752212]), array([0.93079096, 0.85057471, 0.77323944, 0.75730994, 0.45968883,
       0.25236167, 0.31858407, 0.19692737, 0.13256484, 0.06006006]), array([0.91895803, 0.81693989, 0.78962963, 0.76850606, 0.42347697,
       0.2717873 , 0.2752809 , 0.20319303, 0.13872832, 0.05167598]), array([0.93975904, 0.85519126, 0.79710145, 0.77936963, 0.45479833,
       0.27544098, 0.30617978, 0.20851064, 0.13521545, 0.0641791 ]), array([0.92252511, 0.8372093 , 0.7464986 , 0.73715125, 0.44725738,
       0.31825038, 0.28811189, 0.18487395, 0.11965812, 0.05594406])]

