estim_algorithm = ac-model, mode = classification, metric = sensitivity, confidence_scores = max_class_probability-conf, class_specific = False
test err: [0.35113066990602254, 0.3660852064747108, 0.36514319689741354, 0.36111074561961604, 0.35018430745212276]
estimated metric: [array([0.8083233 , 0.89638337, 0.76288699, 0.78102965, 0.79477234,
       0.7892894 , 0.85443762, 0.84249802, 0.81759964, 0.83000747]), array([0.81464665, 0.90944968, 0.76299699, 0.75976391, 0.79726125,
       0.79933187, 0.85384107, 0.81855832, 0.76764683, 0.83681784]), array([0.82402403, 0.90272282, 0.76112239, 0.7814867 , 0.78014378,
       0.80612956, 0.85989188, 0.85236813, 0.7896598 , 0.86490641]), array([0.81458591, 0.89548766, 0.77322075, 0.7690149 , 0.7952631 ,
       0.77489814, 0.85241428, 0.8352154 , 0.78501557, 0.83164749]), array([0.8158483 , 0.90046562, 0.76350749, 0.75750267, 0.78175045,
       0.82230859, 0.85858387, 0.85206643, 0.79256594, 0.83785454])]
real metric: [array([0.63111111, 0.81527778, 0.58823529, 0.38472033, 0.48275862,
       0.13086771, 0.87234043, 0.2489019 , 0.21418021, 0.33333333]), array([0.628734  , 0.81805556, 0.53769559, 0.33766234, 0.46056338,
       0.12417437, 0.87977369, 0.23209169, 0.18465909, 0.30791789]), array([0.62980031, 0.84456671, 0.58630952, 0.33783784, 0.47092199,
       0.11574697, 0.8940678 , 0.26300985, 0.19440353, 0.30271084]), array([0.61080332, 0.82758621, 0.55475504, 0.35767511, 0.49421965,
       0.11128049, 0.89679219, 0.25068871, 0.16208394, 0.33852691]), array([0.64391691, 0.85633001, 0.56352765, 0.33877551, 0.4964132 ,
       0.12410842, 0.875     , 0.26166902, 0.19886364, 0.35483871])]

estim_algorithm = ac-model, mode = classification, metric = sensitivity, confidence_scores = energy-conf, class_specific = False
test err: [0.2926247100752785, 0.2783615842263638, 0.2869827862481862, 0.28652201749812345, 0.2971361670867719]
estimated metric: [array([0.13779934, 0.27271954, 0.14636182, 0.1578503 , 0.17009935,
       0.18224953, 0.20032019, 0.18965003, 0.18276012, 0.23843303]), array([0.13589894, 0.28467988, 0.1475813 , 0.15353492, 0.1715116 ,
       0.19508947, 0.2010806 , 0.1940711 , 0.16452988, 0.22156427]), array([0.13850828, 0.28270476, 0.14751689, 0.15885896, 0.17115165,
       0.18692659, 0.20388489, 0.21091409, 0.17301118, 0.23842944]), array([0.13656576, 0.27499618, 0.14374075, 0.1627189 , 0.16934121,
       0.16966558, 0.20317561, 0.20483464, 0.16410214, 0.23085722]), array([0.13779205, 0.27234441, 0.14333941, 0.15628187, 0.16230881,
       0.19248837, 0.20165221, 0.20413865, 0.17538857, 0.23310697])]
real metric: [array([0.63111111, 0.81527778, 0.58823529, 0.38472033, 0.48275862,
       0.13086771, 0.87234043, 0.2489019 , 0.21418021, 0.33333333]), array([0.628734  , 0.81805556, 0.53769559, 0.33766234, 0.46056338,
       0.12417437, 0.87977369, 0.23209169, 0.18465909, 0.30791789]), array([0.62980031, 0.84456671, 0.58630952, 0.33783784, 0.47092199,
       0.11574697, 0.8940678 , 0.26300985, 0.19440353, 0.30271084]), array([0.61080332, 0.82758621, 0.55475504, 0.35767511, 0.49421965,
       0.11128049, 0.89679219, 0.25068871, 0.16208394, 0.33852691]), array([0.64391691, 0.85633001, 0.56352765, 0.33877551, 0.4964132 ,
       0.12410842, 0.875     , 0.26166902, 0.19886364, 0.35483871])]

estim_algorithm = ac-model, mode = classification, metric = sensitivity, confidence_scores = entropy-conf, class_specific = False
test err: [0.3254983745925038, 0.34050371754433606, 0.33984486640767286, 0.33433071704560324, 0.3235177138607527]
estimated metric: [array([0.76411139, 0.87318488, 0.72863527, 0.74739882, 0.76173967,
       0.75826997, 0.82450698, 0.80156815, 0.79173615, 0.80989229]), array([0.77072322, 0.88652881, 0.73004772, 0.7266302 , 0.76303638,
       0.76835675, 0.8242517 , 0.78791729, 0.74024704, 0.80758168]), array([0.77917373, 0.88133568, 0.72597563, 0.74520422, 0.75131936,
       0.77754137, 0.83001114, 0.81982366, 0.75922657, 0.84009935]), array([0.77175159, 0.87038809, 0.73550271, 0.73733843, 0.76251503,
       0.74497804, 0.82438972, 0.80236564, 0.74988518, 0.80379935]), array([0.77336474, 0.87741354, 0.72981086, 0.72800426, 0.74484469,
       0.79008663, 0.82779124, 0.81386367, 0.7624078 , 0.80661527])]
real metric: [array([0.63111111, 0.81527778, 0.58823529, 0.38472033, 0.48275862,
       0.13086771, 0.87234043, 0.2489019 , 0.21418021, 0.33333333]), array([0.628734  , 0.81805556, 0.53769559, 0.33766234, 0.46056338,
       0.12417437, 0.87977369, 0.23209169, 0.18465909, 0.30791789]), array([0.62980031, 0.84456671, 0.58630952, 0.33783784, 0.47092199,
       0.11574697, 0.8940678 , 0.26300985, 0.19440353, 0.30271084]), array([0.61080332, 0.82758621, 0.55475504, 0.35767511, 0.49421965,
       0.11128049, 0.89679219, 0.25068871, 0.16208394, 0.33852691]), array([0.64391691, 0.85633001, 0.56352765, 0.33877551, 0.4964132 ,
       0.12410842, 0.875     , 0.26166902, 0.19886364, 0.35483871])]

estim_algorithm = ac-model, mode = classification, metric = sensitivity, confidence_scores = doctor-conf, class_specific = False
test err: [0.38844524154638305, 0.40383135102219725, 0.40036388794126454, 0.39428910586039345, 0.3870198762535842]
estimated metric: [array([0.84471995, 0.91968901, 0.8159164 , 0.83220661, 0.84159235,
       0.83644896, 0.89298832, 0.87442141, 0.85538016, 0.87281595]), array([0.85187891, 0.93330513, 0.81603132, 0.81092223, 0.84437624,
       0.83955271, 0.89301883, 0.86345292, 0.81879312, 0.8783097 ]), array([0.86022581, 0.9253344 , 0.81516677, 0.8319217 , 0.82755162,
       0.85380697, 0.8968802 , 0.88786385, 0.83479928, 0.90946363]), array([0.84930913, 0.91766117, 0.82455796, 0.81921325, 0.84324507,
       0.82120313, 0.89072442, 0.87093443, 0.8272338 , 0.87108472]), array([0.84913947, 0.92141186, 0.82003843, 0.81324468, 0.82968159,
       0.86487682, 0.89537049, 0.87935588, 0.83614482, 0.8743778 ])]
real metric: [array([0.63111111, 0.81527778, 0.58823529, 0.38472033, 0.48275862,
       0.13086771, 0.87234043, 0.2489019 , 0.21418021, 0.33333333]), array([0.628734  , 0.81805556, 0.53769559, 0.33766234, 0.46056338,
       0.12417437, 0.87977369, 0.23209169, 0.18465909, 0.30791789]), array([0.62980031, 0.84456671, 0.58630952, 0.33783784, 0.47092199,
       0.11574697, 0.8940678 , 0.26300985, 0.19440353, 0.30271084]), array([0.61080332, 0.82758621, 0.55475504, 0.35767511, 0.49421965,
       0.11128049, 0.89679219, 0.25068871, 0.16208394, 0.33852691]), array([0.64391691, 0.85633001, 0.56352765, 0.33877551, 0.4964132 ,
       0.12410842, 0.875     , 0.26166902, 0.19886364, 0.35483871])]

estim_algorithm = ts-model, mode = classification, metric = sensitivity, confidence_scores = max_class_probability-conf, class_specific = False
test err: [0.20242864143203115, 0.2050298893065779, 0.2184516089062655, 0.20434649609001987, 0.2125317464989324]
estimated metric: [array([0.47230703, 0.6627543 , 0.45047845, 0.462207  , 0.48779199,
       0.48491848, 0.5555716 , 0.52909411, 0.52080132, 0.5683824 ]), array([0.47310085, 0.67880784, 0.4523588 , 0.44550355, 0.49015369,
       0.5079682 , 0.55537074, 0.52472172, 0.47467369, 0.54972621]), array([0.48086974, 0.67504743, 0.44943937, 0.46325807, 0.48482786,
       0.5035417 , 0.56433123, 0.55361391, 0.49545422, 0.5833948 ]), array([0.47431862, 0.66223154, 0.45071404, 0.46422093, 0.48675765,
       0.47141371, 0.55857966, 0.53713573, 0.48408014, 0.55531469]), array([0.47784286, 0.66713538, 0.44623012, 0.45126191, 0.47048368,
       0.5182675 , 0.55874962, 0.55784962, 0.50113503, 0.56031258])]
real metric: [array([0.63111111, 0.81527778, 0.58823529, 0.38472033, 0.48275862,
       0.13086771, 0.87234043, 0.2489019 , 0.21418021, 0.33333333]), array([0.628734  , 0.81805556, 0.53769559, 0.33766234, 0.46056338,
       0.12417437, 0.87977369, 0.23209169, 0.18465909, 0.30791789]), array([0.62980031, 0.84456671, 0.58630952, 0.33783784, 0.47092199,
       0.11574697, 0.8940678 , 0.26300985, 0.19440353, 0.30271084]), array([0.61080332, 0.82758621, 0.55475504, 0.35767511, 0.49421965,
       0.11128049, 0.89679219, 0.25068871, 0.16208394, 0.33852691]), array([0.64391691, 0.85633001, 0.56352765, 0.33877551, 0.4964132 ,
       0.12410842, 0.875     , 0.26166902, 0.19886364, 0.35483871])]

estim_algorithm = ts-model, mode = classification, metric = sensitivity, confidence_scores = max_class_probability-conf, class_specific = True
test err: [0.17049867411804215, 0.1875342762158812, 0.17939014654219052, 0.18524211457786247, 0.17565057703604914]
estimated metric: [array([0.86766056, 0.95136098, 0.63944249, 0.63463959, 0.64423645,
       0.39792944, 0.54921512, 0.45571729, 0.26776541, 0.31417116]), array([0.87321629, 0.95969149, 0.64102634, 0.6124733 , 0.64688962,
       0.41789508, 0.54903092, 0.45479845, 0.25361593, 0.29928839]), array([0.88115503, 0.9536521 , 0.63670639, 0.63393474, 0.63483247,
       0.41281547, 0.55791359, 0.47925659, 0.2588108 , 0.31189122]), array([0.87203625, 0.95148038, 0.64644395, 0.62803839, 0.64382708,
       0.38373701, 0.55224292, 0.46671963, 0.25395469, 0.30779993]), array([0.87183285, 0.95234666, 0.63850503, 0.61439599, 0.62496021,
       0.42404864, 0.55232541, 0.48302968, 0.26100782, 0.30753004])]
real metric: [array([0.63111111, 0.81527778, 0.58823529, 0.38472033, 0.48275862,
       0.13086771, 0.87234043, 0.2489019 , 0.21418021, 0.33333333]), array([0.628734  , 0.81805556, 0.53769559, 0.33766234, 0.46056338,
       0.12417437, 0.87977369, 0.23209169, 0.18465909, 0.30791789]), array([0.62980031, 0.84456671, 0.58630952, 0.33783784, 0.47092199,
       0.11574697, 0.8940678 , 0.26300985, 0.19440353, 0.30271084]), array([0.61080332, 0.82758621, 0.55475504, 0.35767511, 0.49421965,
       0.11128049, 0.89679219, 0.25068871, 0.16208394, 0.33852691]), array([0.64391691, 0.85633001, 0.56352765, 0.33877551, 0.4964132 ,
       0.12410842, 0.875     , 0.26166902, 0.19886364, 0.35483871])]

estim_algorithm = ts-model, mode = classification, metric = sensitivity, confidence_scores = energy-conf, class_specific = False
test err: [0.25919022772918704, 0.2795598201321772, 0.2754839025988921, 0.2756112812648672, 0.26711798373633455]
estimated metric: [array([0.64253504, 0.67881372, 0.64842141, 0.65326942, 0.65496837,
       0.66302891, 0.65995816, 0.66092677, 0.65599766, 0.6780169 ]), array([0.64154072, 0.68242868, 0.64878625, 0.65333795, 0.65545076,
       0.66576605, 0.6603037 , 0.66224942, 0.65416236, 0.67270617]), array([0.64184861, 0.68202844, 0.64910136, 0.65363702, 0.6555942 ,
       0.66167441, 0.66037839, 0.66744136, 0.65462229, 0.67543294]), array([0.64153565, 0.68015243, 0.64743084, 0.65515084, 0.65480079,
       0.65770151, 0.66080905, 0.66672407, 0.65274096, 0.6766444 ]), array([0.64178588, 0.67809763, 0.64764033, 0.65354905, 0.65370461,
       0.66317782, 0.66021887, 0.66342721, 0.65531871, 0.67741372])]
real metric: [array([0.63111111, 0.81527778, 0.58823529, 0.38472033, 0.48275862,
       0.13086771, 0.87234043, 0.2489019 , 0.21418021, 0.33333333]), array([0.628734  , 0.81805556, 0.53769559, 0.33766234, 0.46056338,
       0.12417437, 0.87977369, 0.23209169, 0.18465909, 0.30791789]), array([0.62980031, 0.84456671, 0.58630952, 0.33783784, 0.47092199,
       0.11574697, 0.8940678 , 0.26300985, 0.19440353, 0.30271084]), array([0.61080332, 0.82758621, 0.55475504, 0.35767511, 0.49421965,
       0.11128049, 0.89679219, 0.25068871, 0.16208394, 0.33852691]), array([0.64391691, 0.85633001, 0.56352765, 0.33877551, 0.4964132 ,
       0.12410842, 0.875     , 0.26166902, 0.19886364, 0.35483871])]

estim_algorithm = ts-model, mode = classification, metric = sensitivity, confidence_scores = energy-conf, class_specific = True
test err: [0.23482882447850012, 0.25141434991113804, 0.24005867435200212, 0.2501264614253592, 0.2386207656711869]
estimated metric: [array([0.92462154, 0.95061552, 0.80017394, 0.7641054 , 0.78687527,
       0.54144477, 0.66044617, 0.5524855 , 0.28439257, 0.3056009 ]), array([0.92401049, 0.9521853 , 0.80040717, 0.76421584, 0.78727943,
       0.54439015, 0.66075967, 0.55388017, 0.27953733, 0.29505827]), array([0.92409424, 0.95176114, 0.80063203, 0.76433404, 0.78729244,
       0.54014827, 0.66080328, 0.55923849, 0.28134905, 0.3016416 ]), array([0.92404977, 0.95088861, 0.7994695 , 0.76552024, 0.78676282,
       0.53582188, 0.66119151, 0.558509  , 0.27746687, 0.3022592 ]), array([0.92414351, 0.95036266, 0.79964566, 0.76432897, 0.78602364,
       0.54173797, 0.66067997, 0.55514203, 0.28257695, 0.3033081 ])]
real metric: [array([0.63111111, 0.81527778, 0.58823529, 0.38472033, 0.48275862,
       0.13086771, 0.87234043, 0.2489019 , 0.21418021, 0.33333333]), array([0.628734  , 0.81805556, 0.53769559, 0.33766234, 0.46056338,
       0.12417437, 0.87977369, 0.23209169, 0.18465909, 0.30791789]), array([0.62980031, 0.84456671, 0.58630952, 0.33783784, 0.47092199,
       0.11574697, 0.8940678 , 0.26300985, 0.19440353, 0.30271084]), array([0.61080332, 0.82758621, 0.55475504, 0.35767511, 0.49421965,
       0.11128049, 0.89679219, 0.25068871, 0.16208394, 0.33852691]), array([0.64391691, 0.85633001, 0.56352765, 0.33877551, 0.4964132 ,
       0.12410842, 0.875     , 0.26166902, 0.19886364, 0.35483871])]

estim_algorithm = ts-model, mode = classification, metric = sensitivity, confidence_scores = entropy-conf, class_specific = False
test err: [0.20453861783144336, 0.20365209244133803, 0.2199527181850584, 0.20765214689383157, 0.2159479305438186]
estimated metric: [array([0.42302934, 0.64087356, 0.42159564, 0.43655549, 0.46399403,
       0.46403697, 0.53312212, 0.49636442, 0.49786403, 0.55546021]), array([0.4238249 , 0.65714059, 0.42305413, 0.42164754, 0.46690853,
       0.4913744 , 0.53393437, 0.50239167, 0.44508054, 0.52988217]), array([0.42930709, 0.65381868, 0.42042293, 0.43604828, 0.4625133 ,
       0.4837608 , 0.54296313, 0.53142731, 0.47243523, 0.57292339]), array([0.42589072, 0.63897453, 0.41843705, 0.44220162, 0.46159465,
       0.45450663, 0.53822373, 0.51134549, 0.45197421, 0.53571294]), array([0.4276687 , 0.64465748, 0.41671481, 0.42945725, 0.44472537,
       0.4962798 , 0.53660496, 0.52823197, 0.47760775, 0.54134137])]
real metric: [array([0.63111111, 0.81527778, 0.58823529, 0.38472033, 0.48275862,
       0.13086771, 0.87234043, 0.2489019 , 0.21418021, 0.33333333]), array([0.628734  , 0.81805556, 0.53769559, 0.33766234, 0.46056338,
       0.12417437, 0.87977369, 0.23209169, 0.18465909, 0.30791789]), array([0.62980031, 0.84456671, 0.58630952, 0.33783784, 0.47092199,
       0.11574697, 0.8940678 , 0.26300985, 0.19440353, 0.30271084]), array([0.61080332, 0.82758621, 0.55475504, 0.35767511, 0.49421965,
       0.11128049, 0.89679219, 0.25068871, 0.16208394, 0.33852691]), array([0.64391691, 0.85633001, 0.56352765, 0.33877551, 0.4964132 ,
       0.12410842, 0.875     , 0.26166902, 0.19886364, 0.35483871])]

estim_algorithm = ts-model, mode = classification, metric = sensitivity, confidence_scores = entropy-conf, class_specific = True
test err: [0.16561210329093015, 0.18219475883115585, 0.17167851788741903, 0.17778029563950085, 0.16993328429978033]
estimated metric: [array([0.86291498, 0.94623566, 0.63255465, 0.63098702, 0.63972959,
       0.3585421 , 0.52980034, 0.42589841, 0.20036838, 0.24855389]), array([0.86864065, 0.9555962 , 0.63436966, 0.61085274, 0.64160221,
       0.38495307, 0.53062337, 0.43475034, 0.18368182, 0.22788583]), array([0.87631017, 0.94928364, 0.62923159, 0.62890997, 0.63291982,
       0.37467247, 0.53962786, 0.46064351, 0.19295925, 0.24558788]), array([0.86685564, 0.9461216 , 0.63591303, 0.62683643, 0.63886241,
       0.34651069, 0.53491983, 0.4437429 , 0.18252598, 0.24087251]), array([0.8676955 , 0.94810747, 0.63192047, 0.61545544, 0.61858317,
       0.38422259, 0.53325524, 0.4580805 , 0.19471452, 0.24072416])]
real metric: [array([0.63111111, 0.81527778, 0.58823529, 0.38472033, 0.48275862,
       0.13086771, 0.87234043, 0.2489019 , 0.21418021, 0.33333333]), array([0.628734  , 0.81805556, 0.53769559, 0.33766234, 0.46056338,
       0.12417437, 0.87977369, 0.23209169, 0.18465909, 0.30791789]), array([0.62980031, 0.84456671, 0.58630952, 0.33783784, 0.47092199,
       0.11574697, 0.8940678 , 0.26300985, 0.19440353, 0.30271084]), array([0.61080332, 0.82758621, 0.55475504, 0.35767511, 0.49421965,
       0.11128049, 0.89679219, 0.25068871, 0.16208394, 0.33852691]), array([0.64391691, 0.85633001, 0.56352765, 0.33877551, 0.4964132 ,
       0.12410842, 0.875     , 0.26166902, 0.19886364, 0.35483871])]

estim_algorithm = ts-model, mode = classification, metric = sensitivity, confidence_scores = doctor-conf, class_specific = False
test err: [0.21105766877996834, 0.20051776311243433, 0.22304849838235094, 0.20625159847781233, 0.21809079948216578]
estimated metric: [array([0.3451001 , 0.61897175, 0.32950323, 0.35748823, 0.3942052 ,
       0.38320166, 0.49395955, 0.44426164, 0.45136167, 0.52381937]), array([0.34784468, 0.63813068, 0.33304087, 0.33859445, 0.40117065,
       0.43191098, 0.49281217, 0.44477515, 0.37426862, 0.49031064]), array([0.35626362, 0.63255697, 0.32689368, 0.35270011, 0.38676538,
       0.42491739, 0.50464201, 0.48502643, 0.40862013, 0.5543853 ]), array([0.35193477, 0.61472675, 0.32827028, 0.36145675, 0.38999126,
       0.37882479, 0.49739025, 0.46149043, 0.38416902, 0.49498704]), array([0.35467757, 0.62497862, 0.32376518, 0.34110045, 0.36729149,
       0.43510473, 0.4989995 , 0.48854269, 0.42567532, 0.50326467])]
real metric: [array([0.63111111, 0.81527778, 0.58823529, 0.38472033, 0.48275862,
       0.13086771, 0.87234043, 0.2489019 , 0.21418021, 0.33333333]), array([0.628734  , 0.81805556, 0.53769559, 0.33766234, 0.46056338,
       0.12417437, 0.87977369, 0.23209169, 0.18465909, 0.30791789]), array([0.62980031, 0.84456671, 0.58630952, 0.33783784, 0.47092199,
       0.11574697, 0.8940678 , 0.26300985, 0.19440353, 0.30271084]), array([0.61080332, 0.82758621, 0.55475504, 0.35767511, 0.49421965,
       0.11128049, 0.89679219, 0.25068871, 0.16208394, 0.33852691]), array([0.64391691, 0.85633001, 0.56352765, 0.33877551, 0.4964132 ,
       0.12410842, 0.875     , 0.26166902, 0.19886364, 0.35483871])]

estim_algorithm = ts-model, mode = classification, metric = sensitivity, confidence_scores = doctor-conf, class_specific = True
test err: [0.1684349708208489, 0.18667621192638423, 0.17548652718107685, 0.1758762381693686, 0.17275150563802527]
estimated metric: [array([0.84608835, 0.93716198, 0.6283748 , 0.62512356, 0.63656149,
       0.31943431, 0.50959208, 0.39589373, 0.14167959, 0.19099806]), array([0.85179335, 0.94636393, 0.62883592, 0.60825152, 0.6379777 ,
       0.35470409, 0.51135529, 0.4101319 , 0.12669391, 0.16662083]), array([0.85730655, 0.94135121, 0.62516796, 0.62213764, 0.62983173,
       0.34185989, 0.51997292, 0.4398013 , 0.13902043, 0.18658664]), array([0.85165742, 0.93546457, 0.6284208 , 0.62323483, 0.63469618,
       0.30601367, 0.51642848, 0.41850552, 0.12663069, 0.18656596]), array([0.85094953, 0.93868757, 0.62762558, 0.61400126, 0.61539435,
       0.34677912, 0.51434607, 0.43289052, 0.14151986, 0.18690857])]
real metric: [array([0.63111111, 0.81527778, 0.58823529, 0.38472033, 0.48275862,
       0.13086771, 0.87234043, 0.2489019 , 0.21418021, 0.33333333]), array([0.628734  , 0.81805556, 0.53769559, 0.33766234, 0.46056338,
       0.12417437, 0.87977369, 0.23209169, 0.18465909, 0.30791789]), array([0.62980031, 0.84456671, 0.58630952, 0.33783784, 0.47092199,
       0.11574697, 0.8940678 , 0.26300985, 0.19440353, 0.30271084]), array([0.61080332, 0.82758621, 0.55475504, 0.35767511, 0.49421965,
       0.11128049, 0.89679219, 0.25068871, 0.16208394, 0.33852691]), array([0.64391691, 0.85633001, 0.56352765, 0.33877551, 0.4964132 ,
       0.12410842, 0.875     , 0.26166902, 0.19886364, 0.35483871])]

estim_algorithm = doc-model, mode = classification, metric = sensitivity, confidence_scores = max_class_probability-conf, class_specific = False
test err: [0.22256193034289606, 0.22668157389746324, 0.23773173575249956, 0.22282424397300438, 0.22499723565673851]
estimated metric: [array([0.59844905, 0.68650912, 0.55301274, 0.5711554 , 0.58489809,
       0.57941517, 0.64456337, 0.63262378, 0.60772541, 0.62013323]), array([0.60477241, 0.69957543, 0.55312275, 0.54988966, 0.58738701,
       0.58953181, 0.64396682, 0.60868409, 0.55777259, 0.6269436 ]), array([0.61414979, 0.69286389, 0.55124814, 0.57164269, 0.57027385,
       0.59625533, 0.65001763, 0.64249389, 0.57978556, 0.65503217]), array([0.60471166, 0.68561342, 0.56334651, 0.55914066, 0.58538885,
       0.56502392, 0.64254003, 0.62534117, 0.57514133, 0.62177325]), array([0.60599491, 0.69059138, 0.55363324, 0.54762842, 0.57187621,
       0.61243436, 0.64871738, 0.64219219, 0.5826917 , 0.6279803 ])]
real metric: [array([0.63111111, 0.81527778, 0.58823529, 0.38472033, 0.48275862,
       0.13086771, 0.87234043, 0.2489019 , 0.21418021, 0.33333333]), array([0.628734  , 0.81805556, 0.53769559, 0.33766234, 0.46056338,
       0.12417437, 0.87977369, 0.23209169, 0.18465909, 0.30791789]), array([0.62980031, 0.84456671, 0.58630952, 0.33783784, 0.47092199,
       0.11574697, 0.8940678 , 0.26300985, 0.19440353, 0.30271084]), array([0.61080332, 0.82758621, 0.55475504, 0.35767511, 0.49421965,
       0.11128049, 0.89679219, 0.25068871, 0.16208394, 0.33852691]), array([0.64391691, 0.85633001, 0.56352765, 0.33877551, 0.4964132 ,
       0.12410842, 0.875     , 0.26166902, 0.19886364, 0.35483871])]

estim_algorithm = doc-model, mode = classification, metric = sensitivity, confidence_scores = max_class_probability-conf, class_specific = True
test err: [0.19914927654703338, 0.21372771545329344, 0.21211462575801457, 0.2093643561180106, 0.19765780589535914]
estimated metric: [array([0.85971398, 0.94359946, 0.69296015, 0.67614932, 0.69969873,
       0.48907953, 0.62560451, 0.52499079, 0.31796547, 0.36998571]), array([0.86609871, 0.95291568, 0.69307016, 0.65488358, 0.70218765,
       0.49998169, 0.62500797, 0.5008266 , 0.26700597, 0.3770953 ]), array([0.87324976, 0.9466732 , 0.69119556, 0.67660637, 0.68507018,
       0.50591969, 0.63105878, 0.53460138, 0.28883837, 0.4012903 ]), array([0.86496206, 0.94410119, 0.70329392, 0.66413457, 0.70018949,
       0.47468827, 0.62358796, 0.51770924, 0.2867998 , 0.37218016]), array([0.8652362 , 0.94563363, 0.69358065, 0.65262234, 0.68667685,
       0.52209871, 0.62976766, 0.53464653, 0.29081114, 0.37848276])]
real metric: [array([0.63111111, 0.81527778, 0.58823529, 0.38472033, 0.48275862,
       0.13086771, 0.87234043, 0.2489019 , 0.21418021, 0.33333333]), array([0.628734  , 0.81805556, 0.53769559, 0.33766234, 0.46056338,
       0.12417437, 0.87977369, 0.23209169, 0.18465909, 0.30791789]), array([0.62980031, 0.84456671, 0.58630952, 0.33783784, 0.47092199,
       0.11574697, 0.8940678 , 0.26300985, 0.19440353, 0.30271084]), array([0.61080332, 0.82758621, 0.55475504, 0.35767511, 0.49421965,
       0.11128049, 0.89679219, 0.25068871, 0.16208394, 0.33852691]), array([0.64391691, 0.85633001, 0.56352765, 0.33877551, 0.4964132 ,
       0.12410842, 0.875     , 0.26166902, 0.19886364, 0.35483871])]

estim_algorithm = doc-model, mode = classification, metric = sensitivity, confidence_scores = energy-conf, class_specific = False
test err: [0.22366809236230817, 0.23135149680566586, 0.2405035802331498, 0.228299545724175, 0.22956911997008858]
estimated metric: [array([0.51935206, 0.64848177, 0.52779193, 0.53950865, 0.55136013,
       0.56296179, 0.58157898, 0.57099668, 0.56316047, 0.61369544]), array([0.51738586, 0.65971435, 0.52910202, 0.53502169, 0.55313102,
       0.5767478 , 0.58261257, 0.57572804, 0.54580549, 0.59870564]), array([0.51989006, 0.65761686, 0.52894392, 0.54051732, 0.55239952,
       0.56858491, 0.58545343, 0.59193653, 0.55466952, 0.61871895]), array([0.51813381, 0.64948669, 0.52539911, 0.54437726, 0.55085157,
       0.5513239 , 0.58458032, 0.58537429, 0.54526069, 0.60794572]), array([0.51936502, 0.64851672, 0.52490273, 0.53794022, 0.5439579 ,
       0.57222996, 0.58312304, 0.585797  , 0.55681336, 0.61075418])]
real metric: [array([0.63111111, 0.81527778, 0.58823529, 0.38472033, 0.48275862,
       0.13086771, 0.87234043, 0.2489019 , 0.21418021, 0.33333333]), array([0.628734  , 0.81805556, 0.53769559, 0.33766234, 0.46056338,
       0.12417437, 0.87977369, 0.23209169, 0.18465909, 0.30791789]), array([0.62980031, 0.84456671, 0.58630952, 0.33783784, 0.47092199,
       0.11574697, 0.8940678 , 0.26300985, 0.19440353, 0.30271084]), array([0.61080332, 0.82758621, 0.55475504, 0.35767511, 0.49421965,
       0.11128049, 0.89679219, 0.25068871, 0.16208394, 0.33852691]), array([0.64391691, 0.85633001, 0.56352765, 0.33877551, 0.4964132 ,
       0.12410842, 0.875     , 0.26166902, 0.19886364, 0.35483871])]

estim_algorithm = doc-model, mode = classification, metric = sensitivity, confidence_scores = energy-conf, class_specific = True
test err: [0.18861619080294129, 0.2058429146412147, 0.19486867472360014, 0.20326604268548332, 0.19330659322647495]
estimated metric: [array([0.84169179, 0.92043654, 0.704678  , 0.69069484, 0.70420302,
       0.44515701, 0.58234282, 0.47873797, 0.22669132, 0.25340657]), array([0.84189736, 0.92528219, 0.70519886, 0.68605477, 0.7061745 ,
       0.45799695, 0.58337761, 0.48315904, 0.20846107, 0.23647355]), array([0.84298224, 0.92408086, 0.7051173 , 0.69089429, 0.70427348,
       0.44983407, 0.58621884, 0.50000204, 0.21694237, 0.25340299]), array([0.84270016, 0.91948194, 0.70218371, 0.69528212, 0.70347182,
       0.43257306, 0.58534316, 0.49388157, 0.20803334, 0.24583076]), array([0.8422753 , 0.92196383, 0.70155361, 0.68908399, 0.69672139,
       0.45465486, 0.58388723, 0.4932266 , 0.21931976, 0.24808052])]
real metric: [array([0.63111111, 0.81527778, 0.58823529, 0.38472033, 0.48275862,
       0.13086771, 0.87234043, 0.2489019 , 0.21418021, 0.33333333]), array([0.628734  , 0.81805556, 0.53769559, 0.33766234, 0.46056338,
       0.12417437, 0.87977369, 0.23209169, 0.18465909, 0.30791789]), array([0.62980031, 0.84456671, 0.58630952, 0.33783784, 0.47092199,
       0.11574697, 0.8940678 , 0.26300985, 0.19440353, 0.30271084]), array([0.61080332, 0.82758621, 0.55475504, 0.35767511, 0.49421965,
       0.11128049, 0.89679219, 0.25068871, 0.16208394, 0.33852691]), array([0.64391691, 0.85633001, 0.56352765, 0.33877551, 0.4964132 ,
       0.12410842, 0.875     , 0.26166902, 0.19886364, 0.35483871])]

estim_algorithm = doc-model, mode = classification, metric = sensitivity, confidence_scores = entropy-conf, class_specific = False
test err: [0.22008569649237647, 0.22076452763048696, 0.23552848961671188, 0.21827419140236565, 0.22101905875703665]
estimated metric: [array([0.56837034, 0.67746697, 0.53292688, 0.55163466, 0.56597551,
       0.56250583, 0.62874282, 0.605804  , 0.59611332, 0.61412814]), array([0.57498584, 0.69087719, 0.53441955, 0.53087795, 0.56732009,
       0.57259261, 0.62850643, 0.59215314, 0.54448289, 0.61181753]), array([0.58340957, 0.68565924, 0.5303049 , 0.54957089, 0.55561076,
       0.58177723, 0.63427072, 0.62405951, 0.56346242, 0.6443352 ]), array([0.57608329, 0.67462394, 0.53973856, 0.54158555, 0.56675087,
       0.54921391, 0.62862556, 0.60660149, 0.55416428, 0.6080352 ]), array([0.57777001, 0.68164939, 0.53405421, 0.53231241, 0.54912439,
       0.59432249, 0.63208089, 0.61832556, 0.56664365, 0.61091049])]
real metric: [array([0.63111111, 0.81527778, 0.58823529, 0.38472033, 0.48275862,
       0.13086771, 0.87234043, 0.2489019 , 0.21418021, 0.33333333]), array([0.628734  , 0.81805556, 0.53769559, 0.33766234, 0.46056338,
       0.12417437, 0.87977369, 0.23209169, 0.18465909, 0.30791789]), array([0.62980031, 0.84456671, 0.58630952, 0.33783784, 0.47092199,
       0.11574697, 0.8940678 , 0.26300985, 0.19440353, 0.30271084]), array([0.61080332, 0.82758621, 0.55475504, 0.35767511, 0.49421965,
       0.11128049, 0.89679219, 0.25068871, 0.16208394, 0.33852691]), array([0.64391691, 0.85633001, 0.56352765, 0.33877551, 0.4964132 ,
       0.12410842, 0.875     , 0.26166902, 0.19886364, 0.35483871])]

estim_algorithm = doc-model, mode = classification, metric = sensitivity, confidence_scores = entropy-conf, class_specific = True
test err: [0.18564773332704684, 0.20034457742315714, 0.19885030900706996, 0.19487585508257943, 0.1846706646619627]
estimated metric: [array([0.84206826, 0.932483  , 0.67385192, 0.66549832, 0.68433365,
       0.46613953, 0.61217703, 0.50695595, 0.30220356, 0.35216604]), array([0.84903033, 0.94200891, 0.67526438, 0.6447297 , 0.68563035,
       0.47684992, 0.61194831, 0.49337713, 0.25168353, 0.34860004]), array([0.85454634, 0.93693732, 0.67119228, 0.66330372, 0.67391333,
       0.48541093, 0.61771276, 0.52519907, 0.27052348, 0.37642914]), array([0.84928465, 0.93095597, 0.68071937, 0.65543793, 0.685109  ,
       0.45284761, 0.61206576, 0.50776055, 0.26351722, 0.34601919]), array([0.84950095, 0.93471061, 0.67502751, 0.64610376, 0.66743866,
       0.49800549, 0.61553904, 0.52013546, 0.27509326, 0.35000435])]
real metric: [array([0.63111111, 0.81527778, 0.58823529, 0.38472033, 0.48275862,
       0.13086771, 0.87234043, 0.2489019 , 0.21418021, 0.33333333]), array([0.628734  , 0.81805556, 0.53769559, 0.33766234, 0.46056338,
       0.12417437, 0.87977369, 0.23209169, 0.18465909, 0.30791789]), array([0.62980031, 0.84456671, 0.58630952, 0.33783784, 0.47092199,
       0.11574697, 0.8940678 , 0.26300985, 0.19440353, 0.30271084]), array([0.61080332, 0.82758621, 0.55475504, 0.35767511, 0.49421965,
       0.11128049, 0.89679219, 0.25068871, 0.16208394, 0.33852691]), array([0.64391691, 0.85633001, 0.56352765, 0.33877551, 0.4964132 ,
       0.12410842, 0.875     , 0.26166902, 0.19886364, 0.35483871])]

estim_algorithm = doc-model, mode = classification, metric = sensitivity, confidence_scores = doctor-conf, class_specific = False
test err: [0.22792607578393187, 0.23912583615470032, 0.24452798590866665, 0.23499438418662782, 0.23415021765181213]
estimated metric: [array([0.61014081, 0.68301458, 0.5793432 , 0.59548002, 0.60523268,
       0.59839644, 0.65557072, 0.637383  , 0.62310566, 0.63552977]), array([0.61670284, 0.69586271, 0.57962204, 0.5752628 , 0.60823446,
       0.60355592, 0.65534243, 0.62605534, 0.58228386, 0.64235302]), array([0.62363003, 0.6879905 , 0.57914986, 0.59565857, 0.59166538,
       0.61580396, 0.65917397, 0.65062613, 0.59961872, 0.67173815]), array([0.6148041 , 0.68055153, 0.5885278 , 0.58320402, 0.60650759,
       0.5831362 , 0.65328223, 0.63465724, 0.59274366, 0.63585176]), array([0.61459852, 0.68454526, 0.58319387, 0.57578372, 0.59296937,
       0.62788156, 0.65826402, 0.64399259, 0.59852662, 0.63951147])]
real metric: [array([0.63111111, 0.81527778, 0.58823529, 0.38472033, 0.48275862,
       0.13086771, 0.87234043, 0.2489019 , 0.21418021, 0.33333333]), array([0.628734  , 0.81805556, 0.53769559, 0.33766234, 0.46056338,
       0.12417437, 0.87977369, 0.23209169, 0.18465909, 0.30791789]), array([0.62980031, 0.84456671, 0.58630952, 0.33783784, 0.47092199,
       0.11574697, 0.8940678 , 0.26300985, 0.19440353, 0.30271084]), array([0.61080332, 0.82758621, 0.55475504, 0.35767511, 0.49421965,
       0.11128049, 0.89679219, 0.25068871, 0.16208394, 0.33852691]), array([0.64391691, 0.85633001, 0.56352765, 0.33877551, 0.4964132 ,
       0.12410842, 0.875     , 0.26166902, 0.19886364, 0.35483871])]

estim_algorithm = doc-model, mode = classification, metric = sensitivity, confidence_scores = doctor-conf, class_specific = True
test err: [0.205127308197555, 0.22153360971542005, 0.2194799122569413, 0.21519439180054895, 0.20353822895900758]
estimated metric: [array([0.84454728, 0.9351271 , 0.71504164, 0.6932962 , 0.7186828 ,
       0.50460381, 0.64104093, 0.5321413 , 0.32816173, 0.37775801]), array([0.85170623, 0.94762961, 0.71519762, 0.67258984, 0.72144778,
       0.50897841, 0.64078448, 0.52088377, 0.28637598, 0.38309155]), array([0.86005234, 0.9396823 , 0.71451316, 0.69337748, 0.70490074,
       0.52109542, 0.64460228, 0.54531237, 0.30499788, 0.40670947]), array([0.84913723, 0.93344323, 0.72373412, 0.68070204, 0.72005852,
       0.48761349, 0.63873593, 0.53087231, 0.29911236, 0.37683374]), array([0.84896678, 0.93625179, 0.71914667, 0.67405659, 0.70653666,
       0.53229961, 0.64375854, 0.53992546, 0.3039899 , 0.38141046])]
real metric: [array([0.63111111, 0.81527778, 0.58823529, 0.38472033, 0.48275862,
       0.13086771, 0.87234043, 0.2489019 , 0.21418021, 0.33333333]), array([0.628734  , 0.81805556, 0.53769559, 0.33766234, 0.46056338,
       0.12417437, 0.87977369, 0.23209169, 0.18465909, 0.30791789]), array([0.62980031, 0.84456671, 0.58630952, 0.33783784, 0.47092199,
       0.11574697, 0.8940678 , 0.26300985, 0.19440353, 0.30271084]), array([0.61080332, 0.82758621, 0.55475504, 0.35767511, 0.49421965,
       0.11128049, 0.89679219, 0.25068871, 0.16208394, 0.33852691]), array([0.64391691, 0.85633001, 0.56352765, 0.33877551, 0.4964132 ,
       0.12410842, 0.875     , 0.26166902, 0.19886364, 0.35483871])]

estim_algorithm = atc-model, mode = classification, metric = sensitivity, confidence_scores = max_class_probability-conf, class_specific = False
test err: [0.20683331381030695, 0.18717702272613596, 0.20390413201684005, 0.19111680948318657, 0.20888612719331476]
estimated metric: [array([0.40625001, 0.67165899, 0.28388279, 0.34894993, 0.36890646,
       0.35849063, 0.51998074, 0.5240642 , 0.45562133, 0.4826255 ]), array([0.40825689, 0.70425777, 0.30000001, 0.30161581, 0.38174808,
       0.42608701, 0.51623377, 0.4411765 , 0.34375004, 0.45922749]), array([0.43510507, 0.70187019, 0.28518519, 0.33278147, 0.36173002,
       0.4313726 , 0.53515264, 0.52083336, 0.33950621, 0.51152076]), array([0.43181819, 0.66065389, 0.31087585, 0.32512316, 0.37224385,
       0.36470596, 0.52705883, 0.46666669, 0.35862073, 0.46969699]), array([0.4382786 , 0.68607306, 0.28712872, 0.30741412, 0.32988358,
       0.41584164, 0.52048193, 0.54358977, 0.38728327, 0.4769231 ])]
real metric: [array([0.63111111, 0.81527778, 0.58823529, 0.38472033, 0.48275862,
       0.13086771, 0.87234043, 0.2489019 , 0.21418021, 0.33333333]), array([0.628734  , 0.81805556, 0.53769559, 0.33766234, 0.46056338,
       0.12417437, 0.87977369, 0.23209169, 0.18465909, 0.30791789]), array([0.62980031, 0.84456671, 0.58630952, 0.33783784, 0.47092199,
       0.11574697, 0.8940678 , 0.26300985, 0.19440353, 0.30271084]), array([0.61080332, 0.82758621, 0.55475504, 0.35767511, 0.49421965,
       0.11128049, 0.89679219, 0.25068871, 0.16208394, 0.33852691]), array([0.64391691, 0.85633001, 0.56352765, 0.33877551, 0.4964132 ,
       0.12410842, 0.875     , 0.26166902, 0.19886364, 0.35483871])]

estim_algorithm = atc-model, mode = classification, metric = sensitivity, confidence_scores = max_class_probability-conf, class_specific = True
test err: [0.13856803486113967, 0.15796655247506108, 0.1441521950604731, 0.14539593923147914, 0.14389543750266004]
estimated metric: [array([0.80787037, 0.9343318 , 0.57600733, 0.53957998, 0.54545455,
       0.28301894, 0.46316803, 0.42245992, 0.15976336, 0.26254829]), array([0.82798165, 0.95281933, 0.57522936, 0.508079  , 0.55269923,
       0.36521745, 0.46243043, 0.36470592, 0.10625006, 0.23175969]), array([0.82941904, 0.93729373, 0.56203704, 0.52649007, 0.52948887,
       0.36274516, 0.47641073, 0.39583336, 0.13580252, 0.28110602]), array([0.82727273, 0.92446449, 0.5948027 , 0.51888342, 0.55382621,
       0.29411773, 0.47341177, 0.37948721, 0.11724144, 0.23863639]), array([0.81313703, 0.92465754, 0.5769577 , 0.48643762, 0.52393274,
       0.33663373, 0.4626506 , 0.4769231 , 0.13872837, 0.24230772])]
real metric: [array([0.63111111, 0.81527778, 0.58823529, 0.38472033, 0.48275862,
       0.13086771, 0.87234043, 0.2489019 , 0.21418021, 0.33333333]), array([0.628734  , 0.81805556, 0.53769559, 0.33766234, 0.46056338,
       0.12417437, 0.87977369, 0.23209169, 0.18465909, 0.30791789]), array([0.62980031, 0.84456671, 0.58630952, 0.33783784, 0.47092199,
       0.11574697, 0.8940678 , 0.26300985, 0.19440353, 0.30271084]), array([0.61080332, 0.82758621, 0.55475504, 0.35767511, 0.49421965,
       0.11128049, 0.89679219, 0.25068871, 0.16208394, 0.33852691]), array([0.64391691, 0.85633001, 0.56352765, 0.33877551, 0.4964132 ,
       0.12410842, 0.875     , 0.26166902, 0.19886364, 0.35483871])]

estim_algorithm = atc-model, mode = classification, metric = sensitivity, confidence_scores = energy-conf, class_specific = False
test err: [0.24807543241030264, 0.24108329309541682, 0.25758107226614335, 0.23640362573406376, 0.2532724085820386]
estimated metric: [array([0.19907408, 0.54147466, 0.1959707 , 0.26009694, 0.28985508,
       0.3396227 , 0.38854117, 0.35294121, 0.33727815, 0.4787645 ]), array([0.20412845, 0.57997699, 0.2027523 , 0.21903053, 0.30334191,
       0.3913044 , 0.39053804, 0.37647062, 0.30000004, 0.42918457]), array([0.21013598, 0.56545655, 0.20555556, 0.2268212 , 0.28833553,
       0.34313732, 0.40009251, 0.4166667 , 0.30864202, 0.51612905]), array([0.18636365, 0.55693349, 0.19345525, 0.27586208, 0.27756162,
       0.27058832, 0.40282353, 0.37435901, 0.28965522, 0.44318184]), array([0.20498302, 0.56392695, 0.189919  , 0.25316457, 0.26002588,
       0.35643571, 0.39325301, 0.41025644, 0.34682085, 0.45000002])]
real metric: [array([0.63111111, 0.81527778, 0.58823529, 0.38472033, 0.48275862,
       0.13086771, 0.87234043, 0.2489019 , 0.21418021, 0.33333333]), array([0.628734  , 0.81805556, 0.53769559, 0.33766234, 0.46056338,
       0.12417437, 0.87977369, 0.23209169, 0.18465909, 0.30791789]), array([0.62980031, 0.84456671, 0.58630952, 0.33783784, 0.47092199,
       0.11574697, 0.8940678 , 0.26300985, 0.19440353, 0.30271084]), array([0.61080332, 0.82758621, 0.55475504, 0.35767511, 0.49421965,
       0.11128049, 0.89679219, 0.25068871, 0.16208394, 0.33852691]), array([0.64391691, 0.85633001, 0.56352765, 0.33877551, 0.4964132 ,
       0.12410842, 0.875     , 0.26166902, 0.19886364, 0.35483871])]

estim_algorithm = atc-model, mode = classification, metric = sensitivity, confidence_scores = energy-conf, class_specific = True
test err: [0.12757130582192555, 0.14560883850085338, 0.13231262610608777, 0.12789323802143224, 0.14581165549291958]
estimated metric: [array([0.66550926, 0.8467742 , 0.45970696, 0.50888531, 0.4795784 ,
       0.18867932, 0.3736158 , 0.34224602, 0.10059177, 0.14285718]), array([0.67316514, 0.8561565 , 0.46880734, 0.53859965, 0.50771209,
       0.29565224, 0.37615956, 0.34117651, 0.10000006, 0.12017171]), array([0.67985167, 0.84928493, 0.45648149, 0.50331127, 0.45478376,
       0.18627459, 0.38714154, 0.3854167 , 0.09259265, 0.14746548]), array([0.6875    , 0.84103721, 0.47160732, 0.54844007, 0.46303503,
       0.12941187, 0.38870589, 0.34871798, 0.08965524, 0.15151518]), array([0.68063421, 0.85388128, 0.44284429, 0.5135624 , 0.45019406,
       0.23762384, 0.37879518, 0.39487183, 0.06936422, 0.15000003])]
real metric: [array([0.63111111, 0.81527778, 0.58823529, 0.38472033, 0.48275862,
       0.13086771, 0.87234043, 0.2489019 , 0.21418021, 0.33333333]), array([0.628734  , 0.81805556, 0.53769559, 0.33766234, 0.46056338,
       0.12417437, 0.87977369, 0.23209169, 0.18465909, 0.30791789]), array([0.62980031, 0.84456671, 0.58630952, 0.33783784, 0.47092199,
       0.11574697, 0.8940678 , 0.26300985, 0.19440353, 0.30271084]), array([0.61080332, 0.82758621, 0.55475504, 0.35767511, 0.49421965,
       0.11128049, 0.89679219, 0.25068871, 0.16208394, 0.33852691]), array([0.64391691, 0.85633001, 0.56352765, 0.33877551, 0.4964132 ,
       0.12410842, 0.875     , 0.26166902, 0.19886364, 0.35483871])]

estim_algorithm = atc-model, mode = classification, metric = sensitivity, confidence_scores = entropy-conf, class_specific = False
test err: [0.2083457874302645, 0.1920396639483103, 0.2075273336409119, 0.19480334169558658, 0.20960092307588338]
estimated metric: [array([0.39351853, 0.6670507 , 0.28113554, 0.33602586, 0.3649539 ,
       0.35849063, 0.51805489, 0.50802142, 0.45562133, 0.4749035 ]), array([0.40366973, 0.69390104, 0.29816514, 0.29084382, 0.37275065,
       0.41739136, 0.51298702, 0.4294118 , 0.36875004, 0.46351934]), array([0.42521632, 0.68976898, 0.27777778, 0.33278147, 0.35648756,
       0.4313726 , 0.52775208, 0.51041669, 0.33950621, 0.51612905]), array([0.42272728, 0.6595265 , 0.31087585, 0.32183909, 0.36446175,
       0.36470596, 0.52282353, 0.4717949 , 0.37241384, 0.46212123]), array([0.43261609, 0.68493151, 0.28352836, 0.30379748, 0.3260026 ,
       0.41584164, 0.52289157, 0.53333336, 0.38150293, 0.4846154 ])]
real metric: [array([0.63111111, 0.81527778, 0.58823529, 0.38472033, 0.48275862,
       0.13086771, 0.87234043, 0.2489019 , 0.21418021, 0.33333333]), array([0.628734  , 0.81805556, 0.53769559, 0.33766234, 0.46056338,
       0.12417437, 0.87977369, 0.23209169, 0.18465909, 0.30791789]), array([0.62980031, 0.84456671, 0.58630952, 0.33783784, 0.47092199,
       0.11574697, 0.8940678 , 0.26300985, 0.19440353, 0.30271084]), array([0.61080332, 0.82758621, 0.55475504, 0.35767511, 0.49421965,
       0.11128049, 0.89679219, 0.25068871, 0.16208394, 0.33852691]), array([0.64391691, 0.85633001, 0.56352765, 0.33877551, 0.4964132 ,
       0.12410842, 0.875     , 0.26166902, 0.19886364, 0.35483871])]

estim_algorithm = atc-model, mode = classification, metric = sensitivity, confidence_scores = entropy-conf, class_specific = True
test err: [0.13694231689074474, 0.14809297797545434, 0.13978679437306143, 0.13753268995374704, 0.14200586777899915]
estimated metric: [array([0.7650463 , 0.90898618, 0.54212455, 0.5266559 , 0.55335969,
       0.27358497, 0.45979779, 0.4438503 , 0.15976336, 0.25482628]), array([0.78211009, 0.91829689, 0.54311927, 0.50269301, 0.56426736,
       0.33913049, 0.4596475 , 0.37647062, 0.10000006, 0.21888415]), array([0.78491966, 0.90979098, 0.5425926 , 0.51986756, 0.5321101 ,
       0.3333334 , 0.47456059, 0.42708336, 0.13580252, 0.27188943]), array([0.77727273, 0.90417137, 0.55822907, 0.51067324, 0.56549936,
       0.29411773, 0.47294118, 0.40000003, 0.11724144, 0.23484851]), array([0.76896943, 0.91210046, 0.53915392, 0.47558771, 0.53040104,
       0.33663373, 0.46024097, 0.49230772, 0.13294803, 0.23461541])]
real metric: [array([0.63111111, 0.81527778, 0.58823529, 0.38472033, 0.48275862,
       0.13086771, 0.87234043, 0.2489019 , 0.21418021, 0.33333333]), array([0.628734  , 0.81805556, 0.53769559, 0.33766234, 0.46056338,
       0.12417437, 0.87977369, 0.23209169, 0.18465909, 0.30791789]), array([0.62980031, 0.84456671, 0.58630952, 0.33783784, 0.47092199,
       0.11574697, 0.8940678 , 0.26300985, 0.19440353, 0.30271084]), array([0.61080332, 0.82758621, 0.55475504, 0.35767511, 0.49421965,
       0.11128049, 0.89679219, 0.25068871, 0.16208394, 0.33852691]), array([0.64391691, 0.85633001, 0.56352765, 0.33877551, 0.4964132 ,
       0.12410842, 0.875     , 0.26166902, 0.19886364, 0.35483871])]

estim_algorithm = atc-model, mode = classification, metric = sensitivity, confidence_scores = doctor-conf, class_specific = False
test err: [0.20702409641843525, 0.1865622566282223, 0.2039662899146085, 0.19219398199931942, 0.20888612719331476]
estimated metric: [array([0.40625001, 0.67281106, 0.28388279, 0.34733442, 0.36890646,
       0.35849063, 0.51853635, 0.5240642 , 0.45562133, 0.4826255 ]), array([0.40940368, 0.70425777, 0.30000001, 0.30341114, 0.38046273,
       0.42608701, 0.5148423 , 0.43529415, 0.34375004, 0.45922749]), array([0.43510507, 0.69966997, 0.28518519, 0.3344371 , 0.36304064,
       0.4313726 , 0.53376503, 0.52083336, 0.33950621, 0.51152076]), array([0.43181819, 0.6583991 , 0.31087585, 0.32512316, 0.37224385,
       0.36470596, 0.52611765, 0.46666669, 0.35862073, 0.47727275]), array([0.4382786 , 0.68607306, 0.28712872, 0.30741412, 0.32988358,
       0.41584164, 0.52048193, 0.54358977, 0.38728327, 0.4769231 ])]
real metric: [array([0.63111111, 0.81527778, 0.58823529, 0.38472033, 0.48275862,
       0.13086771, 0.87234043, 0.2489019 , 0.21418021, 0.33333333]), array([0.628734  , 0.81805556, 0.53769559, 0.33766234, 0.46056338,
       0.12417437, 0.87977369, 0.23209169, 0.18465909, 0.30791789]), array([0.62980031, 0.84456671, 0.58630952, 0.33783784, 0.47092199,
       0.11574697, 0.8940678 , 0.26300985, 0.19440353, 0.30271084]), array([0.61080332, 0.82758621, 0.55475504, 0.35767511, 0.49421965,
       0.11128049, 0.89679219, 0.25068871, 0.16208394, 0.33852691]), array([0.64391691, 0.85633001, 0.56352765, 0.33877551, 0.4964132 ,
       0.12410842, 0.875     , 0.26166902, 0.19886364, 0.35483871])]

estim_algorithm = atc-model, mode = classification, metric = sensitivity, confidence_scores = doctor-conf, class_specific = True
test err: [0.13562125543517117, 0.1501393595786718, 0.1417567406992511, 0.14163506567139614, 0.1402888532489867]
estimated metric: [array([0.77314815, 0.92050691, 0.57051282, 0.53311794, 0.54940712,
       0.28301894, 0.46846413, 0.4438503 , 0.15976336, 0.26254829]), array([0.79013762, 0.93095512, 0.56605505, 0.50269301, 0.54884319,
       0.36521745, 0.46846011, 0.37058827, 0.10625006, 0.23175969]), array([0.80346107, 0.91529153, 0.55648149, 0.52483444, 0.52817825,
       0.36274516, 0.48103608, 0.42187503, 0.13580252, 0.28110602]), array([0.7875    , 0.91319053, 0.58806545, 0.51888342, 0.55123217,
       0.29411773, 0.48141177, 0.41025644, 0.11724144, 0.23863639]), array([0.78369196, 0.91894977, 0.5589559 , 0.4846293 , 0.52263907,
       0.33663373, 0.46698795, 0.49230772, 0.13872837, 0.24230772])]
real metric: [array([0.63111111, 0.81527778, 0.58823529, 0.38472033, 0.48275862,
       0.13086771, 0.87234043, 0.2489019 , 0.21418021, 0.33333333]), array([0.628734  , 0.81805556, 0.53769559, 0.33766234, 0.46056338,
       0.12417437, 0.87977369, 0.23209169, 0.18465909, 0.30791789]), array([0.62980031, 0.84456671, 0.58630952, 0.33783784, 0.47092199,
       0.11574697, 0.8940678 , 0.26300985, 0.19440353, 0.30271084]), array([0.61080332, 0.82758621, 0.55475504, 0.35767511, 0.49421965,
       0.11128049, 0.89679219, 0.25068871, 0.16208394, 0.33852691]), array([0.64391691, 0.85633001, 0.56352765, 0.33877551, 0.4964132 ,
       0.12410842, 0.875     , 0.26166902, 0.19886364, 0.35483871])]

estim_algorithm = ts-atc-model, mode = classification, metric = sensitivity, confidence_scores = max_class_probability-conf, class_specific = False
test err: [0.22838348745567733, 0.20878178132230324, 0.2312572895123391, 0.2197811589318087, 0.23376432186783686]
estimated metric: [array([0.32870371, 0.64400922, 0.2408425 , 0.2891761 , 0.31488802,
       0.32075478, 0.46172364, 0.46524067, 0.4319527 , 0.49806952]), array([0.32110093, 0.64787112, 0.24587157, 0.23877919, 0.34061698,
       0.38260875, 0.46335807, 0.41764709, 0.29375004, 0.43776826]), array([0.31891225, 0.65456546, 0.24444445, 0.29304637, 0.31979031,
       0.382353  , 0.46947271, 0.46875003, 0.33950621, 0.53456223]), array([0.30795455, 0.62006765, 0.2589028 , 0.28243023, 0.31387809,
       0.32941184, 0.472     , 0.41538465, 0.35172418, 0.47727275]), array([0.32842583, 0.64269407, 0.2349235 , 0.25316457, 0.27684348,
       0.35643571, 0.4660241 , 0.4769231 , 0.37572258, 0.49615387])]
real metric: [array([0.63111111, 0.81527778, 0.58823529, 0.38472033, 0.48275862,
       0.13086771, 0.87234043, 0.2489019 , 0.21418021, 0.33333333]), array([0.628734  , 0.81805556, 0.53769559, 0.33766234, 0.46056338,
       0.12417437, 0.87977369, 0.23209169, 0.18465909, 0.30791789]), array([0.62980031, 0.84456671, 0.58630952, 0.33783784, 0.47092199,
       0.11574697, 0.8940678 , 0.26300985, 0.19440353, 0.30271084]), array([0.61080332, 0.82758621, 0.55475504, 0.35767511, 0.49421965,
       0.11128049, 0.89679219, 0.25068871, 0.16208394, 0.33852691]), array([0.64391691, 0.85633001, 0.56352765, 0.33877551, 0.4964132 ,
       0.12410842, 0.875     , 0.26166902, 0.19886364, 0.35483871])]

estim_algorithm = ts-atc-model, mode = classification, metric = sensitivity, confidence_scores = max_class_probability-conf, class_specific = True
test err: [0.14833586448606495, 0.1601248141812821, 0.15451380348115723, 0.14449088058226453, 0.1474733400166362]
estimated metric: [array([0.84375   , 0.95506912, 0.56043956, 0.5250404 , 0.55204217,
       0.20754724, 0.43042851, 0.37433158, 0.12426041, 0.17374521]), array([0.8543578 , 0.96547756, 0.55229358, 0.49730701, 0.56169666,
       0.26956528, 0.43089054, 0.35882357, 0.10625006, 0.15450647]), array([0.8566131 , 0.95819582, 0.54907408, 0.5165563 , 0.5321101 ,
       0.23529419, 0.43894542, 0.42187503, 0.10493833, 0.19815672]), array([0.83977273, 0.94926719, 0.56881617, 0.51067324, 0.55642024,
       0.17647069, 0.4442353 , 0.37948721, 0.09655179, 0.18560609]), array([0.8403171 , 0.95319635, 0.55265527, 0.47739603, 0.51746443,
       0.26732681, 0.43759036, 0.41538465, 0.10404629, 0.17307695])]
real metric: [array([0.63111111, 0.81527778, 0.58823529, 0.38472033, 0.48275862,
       0.13086771, 0.87234043, 0.2489019 , 0.21418021, 0.33333333]), array([0.628734  , 0.81805556, 0.53769559, 0.33766234, 0.46056338,
       0.12417437, 0.87977369, 0.23209169, 0.18465909, 0.30791789]), array([0.62980031, 0.84456671, 0.58630952, 0.33783784, 0.47092199,
       0.11574697, 0.8940678 , 0.26300985, 0.19440353, 0.30271084]), array([0.61080332, 0.82758621, 0.55475504, 0.35767511, 0.49421965,
       0.11128049, 0.89679219, 0.25068871, 0.16208394, 0.33852691]), array([0.64391691, 0.85633001, 0.56352765, 0.33877551, 0.4964132 ,
       0.12410842, 0.875     , 0.26166902, 0.19886364, 0.35483871])]

estim_algorithm = ts-atc-model, mode = classification, metric = sensitivity, confidence_scores = energy-conf, class_specific = False
test err: [0.25789836081945267, 0.24683133149274533, 0.2639996560369321, 0.25486528330227426, 0.26633477574974035]
estimated metric: [array([0.15625001, 0.47119816, 0.21520147, 0.31340873, 0.31884059,
       0.39622647, 0.38228214, 0.39037436, 0.33136099, 0.47104249]), array([0.13990827, 0.49597239, 0.23119267, 0.31059247, 0.33419024,
       0.46086961, 0.38358071, 0.37647062, 0.27500005, 0.43776826]), array([0.14091472, 0.48074808, 0.24074075, 0.31953644, 0.31585846,
       0.39215692, 0.3839038 , 0.4479167 , 0.29629634, 0.49769588]), array([0.13750001, 0.47350621, 0.21655439, 0.33990149, 0.30479897,
       0.40000007, 0.40564706, 0.40000003, 0.29655177, 0.4507576 ]), array([0.13703285, 0.47716896, 0.21512152, 0.32368898, 0.30012938,
       0.42574263, 0.38216868, 0.45128208, 0.31791911, 0.46923079])]
real metric: [array([0.63111111, 0.81527778, 0.58823529, 0.38472033, 0.48275862,
       0.13086771, 0.87234043, 0.2489019 , 0.21418021, 0.33333333]), array([0.628734  , 0.81805556, 0.53769559, 0.33766234, 0.46056338,
       0.12417437, 0.87977369, 0.23209169, 0.18465909, 0.30791789]), array([0.62980031, 0.84456671, 0.58630952, 0.33783784, 0.47092199,
       0.11574697, 0.8940678 , 0.26300985, 0.19440353, 0.30271084]), array([0.61080332, 0.82758621, 0.55475504, 0.35767511, 0.49421965,
       0.11128049, 0.89679219, 0.25068871, 0.16208394, 0.33852691]), array([0.64391691, 0.85633001, 0.56352765, 0.33877551, 0.4964132 ,
       0.12410842, 0.875     , 0.26166902, 0.19886364, 0.35483871])]

estim_algorithm = ts-atc-model, mode = classification, metric = sensitivity, confidence_scores = energy-conf, class_specific = True
test err: [0.13896146226146383, 0.13923497147410066, 0.1339099924126057, 0.12528195855859248, 0.14631404111321689]
estimated metric: [array([0.61921297, 0.79723503, 0.51282052, 0.59612279, 0.52437418,
       0.23584913, 0.3736158 , 0.31550806, 0.05917165, 0.12741316]), array([0.62844037, 0.80207135, 0.51651377, 0.57091563, 0.54241646,
       0.26086963, 0.37337663, 0.33529416, 0.08750006, 0.11158802]), array([0.60939432, 0.81078108, 0.51851852, 0.55960266, 0.50851901,
       0.16666675, 0.37604071, 0.35937503, 0.08024697, 0.124424  ]), array([0.64318182, 0.78692221, 0.49566892, 0.59605912, 0.49805448,
       0.11764716, 0.39058824, 0.32820516, 0.07586213, 0.13636367]), array([0.61608154, 0.80136987, 0.51485149, 0.59132008, 0.49805951,
       0.22772285, 0.37445783, 0.37948721, 0.06358387, 0.13461542])]
real metric: [array([0.63111111, 0.81527778, 0.58823529, 0.38472033, 0.48275862,
       0.13086771, 0.87234043, 0.2489019 , 0.21418021, 0.33333333]), array([0.628734  , 0.81805556, 0.53769559, 0.33766234, 0.46056338,
       0.12417437, 0.87977369, 0.23209169, 0.18465909, 0.30791789]), array([0.62980031, 0.84456671, 0.58630952, 0.33783784, 0.47092199,
       0.11574697, 0.8940678 , 0.26300985, 0.19440353, 0.30271084]), array([0.61080332, 0.82758621, 0.55475504, 0.35767511, 0.49421965,
       0.11128049, 0.89679219, 0.25068871, 0.16208394, 0.33852691]), array([0.64391691, 0.85633001, 0.56352765, 0.33877551, 0.4964132 ,
       0.12410842, 0.875     , 0.26166902, 0.19886364, 0.35483871])]

estim_algorithm = ts-atc-model, mode = classification, metric = sensitivity, confidence_scores = entropy-conf, class_specific = False
test err: [0.23735312890389487, 0.22677150266512358, 0.24667575961287752, 0.22765508381317595, 0.2463418136210774]
estimated metric: [array([0.26736112, 0.60483871, 0.21886448, 0.26171245, 0.29512517,
       0.30188686, 0.42079923, 0.38502677, 0.4023669 , 0.50579152]), array([0.27981652, 0.62600691, 0.22477065, 0.20646321, 0.31748073,
       0.38260875, 0.41790353, 0.37647062, 0.31250004, 0.45493565]), array([0.26205193, 0.62376238, 0.21944445, 0.24172187, 0.29882045,
       0.3333334 , 0.43015726, 0.4322917 , 0.34567905, 0.54377882]), array([0.26704546, 0.60428411, 0.21751685, 0.25779968, 0.28793775,
       0.28235303, 0.43294118, 0.40000003, 0.32413798, 0.45833335]), array([0.28312572, 0.61415526, 0.20882089, 0.23327307, 0.24708927,
       0.3663367 , 0.42409639, 0.42051285, 0.37572258, 0.4769231 ])]
real metric: [array([0.63111111, 0.81527778, 0.58823529, 0.38472033, 0.48275862,
       0.13086771, 0.87234043, 0.2489019 , 0.21418021, 0.33333333]), array([0.628734  , 0.81805556, 0.53769559, 0.33766234, 0.46056338,
       0.12417437, 0.87977369, 0.23209169, 0.18465909, 0.30791789]), array([0.62980031, 0.84456671, 0.58630952, 0.33783784, 0.47092199,
       0.11574697, 0.8940678 , 0.26300985, 0.19440353, 0.30271084]), array([0.61080332, 0.82758621, 0.55475504, 0.35767511, 0.49421965,
       0.11128049, 0.89679219, 0.25068871, 0.16208394, 0.33852691]), array([0.64391691, 0.85633001, 0.56352765, 0.33877551, 0.4964132 ,
       0.12410842, 0.875     , 0.26166902, 0.19886364, 0.35483871])]

estim_algorithm = ts-atc-model, mode = classification, metric = sensitivity, confidence_scores = entropy-conf, class_specific = True
test err: [0.14790341269796395, 0.15971025771807595, 0.15149497180886246, 0.14150406886348038, 0.1478115892437538]
estimated metric: [array([0.79282408, 0.94585254, 0.492674  , 0.51857836, 0.54150198,
       0.16037744, 0.39624459, 0.34759362, 0.10650893, 0.14671818]), array([0.8130734 , 0.95972382, 0.48899083, 0.49551168, 0.5462725 ,
       0.23478268, 0.3919295 , 0.35294121, 0.10000006, 0.13304725]), array([0.81829419, 0.94389439, 0.47314815, 0.49337749, 0.51638271,
       0.16666675, 0.40286772, 0.39062503, 0.09259265, 0.16129036]), array([0.81704546, 0.93461105, 0.49663138, 0.49753695, 0.52399482,
       0.12941187, 0.40752941, 0.3692308 , 0.08965524, 0.16287882]), array([0.80520952, 0.93493151, 0.47974798, 0.46654612, 0.5019405 ,
       0.22772285, 0.4       , 0.39487183, 0.07514456, 0.1692308 ])]
real metric: [array([0.63111111, 0.81527778, 0.58823529, 0.38472033, 0.48275862,
       0.13086771, 0.87234043, 0.2489019 , 0.21418021, 0.33333333]), array([0.628734  , 0.81805556, 0.53769559, 0.33766234, 0.46056338,
       0.12417437, 0.87977369, 0.23209169, 0.18465909, 0.30791789]), array([0.62980031, 0.84456671, 0.58630952, 0.33783784, 0.47092199,
       0.11574697, 0.8940678 , 0.26300985, 0.19440353, 0.30271084]), array([0.61080332, 0.82758621, 0.55475504, 0.35767511, 0.49421965,
       0.11128049, 0.89679219, 0.25068871, 0.16208394, 0.33852691]), array([0.64391691, 0.85633001, 0.56352765, 0.33877551, 0.4964132 ,
       0.12410842, 0.875     , 0.26166902, 0.19886364, 0.35483871])]

estim_algorithm = ts-atc-model, mode = classification, metric = sensitivity, confidence_scores = doctor-conf, class_specific = False
test err: [0.23557662644902738, 0.22422606154913366, 0.2451186257251015, 0.22883579110907445, 0.2451059935307874]
estimated metric: [array([0.27662038, 0.60368664, 0.21978023, 0.26494347, 0.29380765,
       0.30188686, 0.42705826, 0.39037436, 0.39644974, 0.50579152]), array([0.28784404, 0.62945915, 0.22752294, 0.21184921, 0.3277635 ,
       0.38260875, 0.42717997, 0.38823533, 0.31875004, 0.4506438 ]), array([0.2669963 , 0.63146315, 0.21944445, 0.24834438, 0.30537353,
       0.34313732, 0.43432008, 0.4322917 , 0.34567905, 0.54838712]), array([0.27386364, 0.61217588, 0.21944178, 0.25615765, 0.29053179,
       0.30588243, 0.43952941, 0.39487183, 0.33793108, 0.46212123]), array([0.28765573, 0.61643836, 0.2079208 , 0.23508139, 0.24708927,
       0.35643571, 0.43421687, 0.43589746, 0.37572258, 0.4769231 ])]
real metric: [array([0.63111111, 0.81527778, 0.58823529, 0.38472033, 0.48275862,
       0.13086771, 0.87234043, 0.2489019 , 0.21418021, 0.33333333]), array([0.628734  , 0.81805556, 0.53769559, 0.33766234, 0.46056338,
       0.12417437, 0.87977369, 0.23209169, 0.18465909, 0.30791789]), array([0.62980031, 0.84456671, 0.58630952, 0.33783784, 0.47092199,
       0.11574697, 0.8940678 , 0.26300985, 0.19440353, 0.30271084]), array([0.61080332, 0.82758621, 0.55475504, 0.35767511, 0.49421965,
       0.11128049, 0.89679219, 0.25068871, 0.16208394, 0.33852691]), array([0.64391691, 0.85633001, 0.56352765, 0.33877551, 0.4964132 ,
       0.12410842, 0.875     , 0.26166902, 0.19886364, 0.35483871])]

estim_algorithm = ts-atc-model, mode = classification, metric = sensitivity, confidence_scores = doctor-conf, class_specific = True
test err: [0.1426130753753726, 0.15485333484648672, 0.1487963544184211, 0.13938654461791025, 0.1509624100305882]
estimated metric: [array([0.74305556, 0.91129032, 0.4459707 , 0.50565429, 0.53227932,
       0.16037744, 0.39142995, 0.34759362, 0.10059177, 0.15057918]), array([0.75802753, 0.92174914, 0.45229358, 0.49371635, 0.54370181,
       0.25217398, 0.385436  , 0.34117651, 0.10000006, 0.13304725]), array([0.75896168, 0.90869087, 0.44074075, 0.50827815, 0.50589778,
       0.17647067, 0.40194265, 0.39062503, 0.08641981, 0.14746548]), array([0.75681818, 0.90868095, 0.44754572, 0.50574713, 0.52010377,
       0.11764716, 0.4       , 0.37435901, 0.08275868, 0.15909094]), array([0.7599094 , 0.91438356, 0.42304231, 0.47920435, 0.49288487,
       0.22772285, 0.39951808, 0.40512824, 0.06358387, 0.16153849])]
real metric: [array([0.63111111, 0.81527778, 0.58823529, 0.38472033, 0.48275862,
       0.13086771, 0.87234043, 0.2489019 , 0.21418021, 0.33333333]), array([0.628734  , 0.81805556, 0.53769559, 0.33766234, 0.46056338,
       0.12417437, 0.87977369, 0.23209169, 0.18465909, 0.30791789]), array([0.62980031, 0.84456671, 0.58630952, 0.33783784, 0.47092199,
       0.11574697, 0.8940678 , 0.26300985, 0.19440353, 0.30271084]), array([0.61080332, 0.82758621, 0.55475504, 0.35767511, 0.49421965,
       0.11128049, 0.89679219, 0.25068871, 0.16208394, 0.33852691]), array([0.64391691, 0.85633001, 0.56352765, 0.33877551, 0.4964132 ,
       0.12410842, 0.875     , 0.26166902, 0.19886364, 0.35483871])]

