estim_algorithm = ac-model, mode = classification, metric = f1score, confidence_scores = max_class_probability-conf, class_specific = False
test err: [0.5216192852850268, 0.5244810920875999, 0.5128419744745331, 0.5240161142472785, 0.5210720729946907]
estimated metric: [array([0.85761461, 0.92352884, 0.85840479, 0.83666305, 0.83025166,
       0.85482821, 0.87526305, 0.87085863, 0.85219885, 0.87647071]), array([0.87587479, 0.92263721, 0.8521212 , 0.83134572, 0.83522621,
       0.87919116, 0.87814533, 0.8470681 , 0.85441297, 0.87148245]), array([0.87068357, 0.92750429, 0.85529778, 0.84376948, 0.82958628,
       0.83946563, 0.88099525, 0.88705342, 0.86913982, 0.88005938]), array([0.86700547, 0.93198545, 0.85349496, 0.83642547, 0.82929005,
       0.85400586, 0.87962273, 0.87235948, 0.87213819, 0.87017153]), array([0.87100703, 0.92102191, 0.85423692, 0.83638469, 0.83278137,
       0.8947335 , 0.87706587, 0.84957527, 0.87419854, 0.87474423])]
real metric: [array([0.371909  , 0.67257844, 0.36581709, 0.33273056, 0.39533377,
       0.12548015, 0.42337751, 0.12223667, 0.33617021, 0.27425614]), array([0.36212279, 0.66254296, 0.35439361, 0.30812325, 0.37323944,
       0.15458937, 0.44658261, 0.12637363, 0.37052632, 0.24420024]), array([0.39010466, 0.68417508, 0.38536762, 0.3538175 , 0.38614496,
       0.13333333, 0.44809507, 0.13368283, 0.36464088, 0.2757732 ]), array([0.37964775, 0.69966555, 0.35711617, 0.32727273, 0.36804191,
       0.15526316, 0.42759094, 0.12483745, 0.35789474, 0.22900763]), array([0.39450442, 0.68385346, 0.37476099, 0.33065237, 0.37046467,
       0.13630406, 0.41641234, 0.15220294, 0.36305732, 0.25281602])]

estim_algorithm = ac-model, mode = classification, metric = f1score, confidence_scores = energy-conf, class_specific = False
test err: [0.12482462466439934, 0.12669522124136162, 0.1362924908990611, 0.13574029002585797, 0.13359906266220414]
estimated metric: [array([0.26176719, 0.34708891, 0.27290153, 0.30283886, 0.27675799,
       0.32318495, 0.30566129, 0.28298503, 0.2685478 , 0.30169622]), array([0.26905952, 0.34477923, 0.26964027, 0.28509816, 0.27755727,
       0.3351829 , 0.30592665, 0.28614657, 0.25537175, 0.30068786]), array([0.26889412, 0.36281466, 0.27768204, 0.30080052, 0.27401461,
       0.33223879, 0.30905435, 0.32440809, 0.27863231, 0.3086142 ]), array([0.27093202, 0.35252466, 0.26973061, 0.29191664, 0.27388236,
       0.35275555, 0.3061599 , 0.32048647, 0.2718473 , 0.31303282]), array([0.26570584, 0.35029975, 0.27283503, 0.29395257, 0.27713859,
       0.35018184, 0.30351476, 0.30156615, 0.2706291 , 0.32593571])]
real metric: [array([0.371909  , 0.67257844, 0.36581709, 0.33273056, 0.39533377,
       0.12548015, 0.42337751, 0.12223667, 0.33617021, 0.27425614]), array([0.36212279, 0.66254296, 0.35439361, 0.30812325, 0.37323944,
       0.15458937, 0.44658261, 0.12637363, 0.37052632, 0.24420024]), array([0.39010466, 0.68417508, 0.38536762, 0.3538175 , 0.38614496,
       0.13333333, 0.44809507, 0.13368283, 0.36464088, 0.2757732 ]), array([0.37964775, 0.69966555, 0.35711617, 0.32727273, 0.36804191,
       0.15526316, 0.42759094, 0.12483745, 0.35789474, 0.22900763]), array([0.39450442, 0.68385346, 0.37476099, 0.33065237, 0.37046467,
       0.13630406, 0.41641234, 0.15220294, 0.36305732, 0.25281602])]

estim_algorithm = ac-model, mode = classification, metric = f1score, confidence_scores = entropy-conf, class_specific = False
test err: [0.50002892747164, 0.5026544352879474, 0.4908681420264891, 0.5039954947582617, 0.5000702867229994]
estimated metric: [array([0.83548916, 0.9032346 , 0.83270123, 0.82182902, 0.80945876,
       0.84090564, 0.85409551, 0.84179615, 0.82148492, 0.85918383]), array([0.84965448, 0.90603792, 0.82752522, 0.81276077, 0.81345254,
       0.85922296, 0.85635666, 0.82853625, 0.82507904, 0.85061273]), array([0.84624946, 0.91157393, 0.83209112, 0.82381165, 0.80716209,
       0.82419876, 0.85904252, 0.85943667, 0.84068134, 0.85956903]), array([0.84250281, 0.91461541, 0.82754061, 0.81853942, 0.80748378,
       0.84210834, 0.85717356, 0.85338523, 0.84477761, 0.8581662 ]), array([0.84553407, 0.90460804, 0.82915889, 0.81982998, 0.81073035,
       0.87681964, 0.85359599, 0.83065256, 0.84424724, 0.86055471])]
real metric: [array([0.371909  , 0.67257844, 0.36581709, 0.33273056, 0.39533377,
       0.12548015, 0.42337751, 0.12223667, 0.33617021, 0.27425614]), array([0.36212279, 0.66254296, 0.35439361, 0.30812325, 0.37323944,
       0.15458937, 0.44658261, 0.12637363, 0.37052632, 0.24420024]), array([0.39010466, 0.68417508, 0.38536762, 0.3538175 , 0.38614496,
       0.13333333, 0.44809507, 0.13368283, 0.36464088, 0.2757732 ]), array([0.37964775, 0.69966555, 0.35711617, 0.32727273, 0.36804191,
       0.15526316, 0.42759094, 0.12483745, 0.35789474, 0.22900763]), array([0.39450442, 0.68385346, 0.37476099, 0.33065237, 0.37046467,
       0.13630406, 0.41641234, 0.15220294, 0.36305732, 0.25281602])]

estim_algorithm = ac-model, mode = classification, metric = f1score, confidence_scores = doctor-conf, class_specific = False
test err: [0.5869536547259165, 0.5898262593197671, 0.5764262515647385, 0.5890640775360783, 0.5843393458610443]
estimated metric: [array([0.92172037, 0.9583822 , 0.92931749, 0.91893357, 0.91082562,
       0.92701374, 0.937962  , 0.9271956 , 0.91853803, 0.9395375 ]), array([0.93373461, 0.95837796, 0.92441287, 0.91471562, 0.91510618,
       0.93962262, 0.93962049, 0.92193404, 0.91650971, 0.93692271]), array([0.93093724, 0.95998994, 0.92748471, 0.91960584, 0.91229107,
       0.91833509, 0.94141855, 0.94313898, 0.92792161, 0.93827465]), array([0.92964922, 0.96462984, 0.92642199, 0.91646516, 0.91165275,
       0.9283025 , 0.93988255, 0.93385126, 0.93005249, 0.93607106]), array([0.93058435, 0.95672481, 0.92675998, 0.91809354, 0.91344565,
       0.94972649, 0.93940602, 0.92204185, 0.92949897, 0.93214039])]
real metric: [array([0.371909  , 0.67257844, 0.36581709, 0.33273056, 0.39533377,
       0.12548015, 0.42337751, 0.12223667, 0.33617021, 0.27425614]), array([0.36212279, 0.66254296, 0.35439361, 0.30812325, 0.37323944,
       0.15458937, 0.44658261, 0.12637363, 0.37052632, 0.24420024]), array([0.39010466, 0.68417508, 0.38536762, 0.3538175 , 0.38614496,
       0.13333333, 0.44809507, 0.13368283, 0.36464088, 0.2757732 ]), array([0.37964775, 0.69966555, 0.35711617, 0.32727273, 0.36804191,
       0.15526316, 0.42759094, 0.12483745, 0.35789474, 0.22900763]), array([0.39450442, 0.68385346, 0.37476099, 0.33065237, 0.37046467,
       0.13630406, 0.41641234, 0.15220294, 0.36305732, 0.25281602])]

estim_algorithm = ts-model, mode = classification, metric = f1score, confidence_scores = max_class_probability-conf, class_specific = False
test err: [0.3393981554209599, 0.34077454129217455, 0.3341281176463521, 0.345805298759868, 0.3413899150099088]
estimated metric: [array([0.66905486, 0.78227574, 0.65904914, 0.65329964, 0.6400215 ,
       0.68279152, 0.69280805, 0.67567326, 0.65684326, 0.70205415]), array([0.68455903, 0.78396025, 0.65421512, 0.63945531, 0.6424136 ,
       0.70358553, 0.69540024, 0.65700129, 0.65913641, 0.69071284]), array([0.6827357 , 0.79922056, 0.66029214, 0.6602836 , 0.6356859 ,
       0.66725167, 0.69860055, 0.70242967, 0.68192732, 0.70798923]), array([0.67975436, 0.79486523, 0.65272637, 0.65001298, 0.63539087,
       0.6917607 , 0.69539279, 0.69846282, 0.68151188, 0.70451303]), array([0.68031247, 0.78702016, 0.65552486, 0.6506266 , 0.63911348,
       0.72216453, 0.68969002, 0.66623479, 0.67987806, 0.71836278])]
real metric: [array([0.371909  , 0.67257844, 0.36581709, 0.33273056, 0.39533377,
       0.12548015, 0.42337751, 0.12223667, 0.33617021, 0.27425614]), array([0.36212279, 0.66254296, 0.35439361, 0.30812325, 0.37323944,
       0.15458937, 0.44658261, 0.12637363, 0.37052632, 0.24420024]), array([0.39010466, 0.68417508, 0.38536762, 0.3538175 , 0.38614496,
       0.13333333, 0.44809507, 0.13368283, 0.36464088, 0.2757732 ]), array([0.37964775, 0.69966555, 0.35711617, 0.32727273, 0.36804191,
       0.15526316, 0.42759094, 0.12483745, 0.35789474, 0.22900763]), array([0.39450442, 0.68385346, 0.37476099, 0.33065237, 0.37046467,
       0.13630406, 0.41641234, 0.15220294, 0.36305732, 0.25281602])]

estim_algorithm = ts-model, mode = classification, metric = f1score, confidence_scores = max_class_probability-conf, class_specific = True
test err: [0.22168896254728257, 0.22073080437600376, 0.2158080430310604, 0.23157240915904556, 0.2235855326006168]
estimated metric: [array([0.48018409, 0.61469738, 0.56415096, 0.57475601, 0.61784205,
       0.54868068, 0.64668709, 0.55470858, 0.41626325, 0.50304695]), array([0.49007313, 0.61233554, 0.55970517, 0.55962836, 0.62001177,
       0.56480924, 0.64896388, 0.54483493, 0.4068022 , 0.50242321]), array([0.49169374, 0.63074341, 0.56677478, 0.58040805, 0.61355481,
       0.54129438, 0.65229127, 0.58957158, 0.42798977, 0.51203045]), array([0.49116008, 0.62212413, 0.55859727, 0.57005127, 0.61313129,
       0.56474201, 0.64879615, 0.58569517, 0.42080474, 0.51187718]), array([0.4864127 , 0.61788513, 0.5613147 , 0.57095077, 0.61686612,
       0.57860766, 0.6432645 , 0.55633669, 0.42070499, 0.526604  ])]
real metric: [array([0.371909  , 0.67257844, 0.36581709, 0.33273056, 0.39533377,
       0.12548015, 0.42337751, 0.12223667, 0.33617021, 0.27425614]), array([0.36212279, 0.66254296, 0.35439361, 0.30812325, 0.37323944,
       0.15458937, 0.44658261, 0.12637363, 0.37052632, 0.24420024]), array([0.39010466, 0.68417508, 0.38536762, 0.3538175 , 0.38614496,
       0.13333333, 0.44809507, 0.13368283, 0.36464088, 0.2757732 ]), array([0.37964775, 0.69966555, 0.35711617, 0.32727273, 0.36804191,
       0.15526316, 0.42759094, 0.12483745, 0.35789474, 0.22900763]), array([0.39450442, 0.68385346, 0.37476099, 0.33065237, 0.37046467,
       0.13630406, 0.41641234, 0.15220294, 0.36305732, 0.25281602])]

estim_algorithm = ts-model, mode = classification, metric = f1score, confidence_scores = energy-conf, class_specific = False
test err: [0.48392156764877764, 0.4854009619397086, 0.4715890541258553, 0.484237987864853, 0.4792321657242756]
estimated metric: [array([0.82062197, 0.827024  , 0.82349197, 0.82958702, 0.825526  ,
       0.83193944, 0.82706039, 0.82546811, 0.82322828, 0.82515805]), array([0.82112813, 0.82640764, 0.82315354, 0.82716533, 0.82541346,
       0.8333066 , 0.82699532, 0.826439  , 0.82085023, 0.82584458]), array([0.82100746, 0.82855897, 0.82414326, 0.82893178, 0.82524491,
       0.83489687, 0.82738862, 0.83127952, 0.8234414 , 0.82613292]), array([0.82137363, 0.82702338, 0.82332059, 0.82772159, 0.82521058,
       0.83774455, 0.827073  , 0.830192  , 0.82213693, 0.82692166]), array([0.82071275, 0.82702516, 0.82365884, 0.82820244, 0.82557167,
       0.83525143, 0.82696252, 0.82928822, 0.82207028, 0.82860695])]
real metric: [array([0.371909  , 0.67257844, 0.36581709, 0.33273056, 0.39533377,
       0.12548015, 0.42337751, 0.12223667, 0.33617021, 0.27425614]), array([0.36212279, 0.66254296, 0.35439361, 0.30812325, 0.37323944,
       0.15458937, 0.44658261, 0.12637363, 0.37052632, 0.24420024]), array([0.39010466, 0.68417508, 0.38536762, 0.3538175 , 0.38614496,
       0.13333333, 0.44809507, 0.13368283, 0.36464088, 0.2757732 ]), array([0.37964775, 0.69966555, 0.35711617, 0.32727273, 0.36804191,
       0.15526316, 0.42759094, 0.12483745, 0.35789474, 0.22900763]), array([0.39450442, 0.68385346, 0.37476099, 0.33065237, 0.37046467,
       0.13630406, 0.41641234, 0.15220294, 0.36305732, 0.25281602])]

estim_algorithm = ts-model, mode = classification, metric = f1score, confidence_scores = energy-conf, class_specific = True
test err: [0.3488263255628426, 0.3498957457836915, 0.33737760713473375, 0.34990648174428945, 0.34482915259978947]
estimated metric: [array([0.654463  , 0.77120733, 0.73925441, 0.68301373, 0.80619422,
       0.65106212, 0.78956937, 0.71154641, 0.5045717 , 0.59727051]), array([0.65539899, 0.77040679, 0.73878392, 0.67881598, 0.80607691,
       0.65384072, 0.78949498, 0.7131082 , 0.4966973 , 0.59902788]), array([0.65528501, 0.77312623, 0.74014833, 0.68194715, 0.80589385,
       0.65640086, 0.78995091, 0.72054573, 0.50593384, 0.5996793 ]), array([0.65598107, 0.77119108, 0.73899917, 0.67987185, 0.80585516,
       0.66199613, 0.78958948, 0.71893628, 0.50145432, 0.60152832]), array([0.65463748, 0.77118611, 0.7394675 , 0.68065618, 0.80624583,
       0.65734322, 0.78945477, 0.7172627 , 0.50138613, 0.6056802 ])]
real metric: [array([0.371909  , 0.67257844, 0.36581709, 0.33273056, 0.39533377,
       0.12548015, 0.42337751, 0.12223667, 0.33617021, 0.27425614]), array([0.36212279, 0.66254296, 0.35439361, 0.30812325, 0.37323944,
       0.15458937, 0.44658261, 0.12637363, 0.37052632, 0.24420024]), array([0.39010466, 0.68417508, 0.38536762, 0.3538175 , 0.38614496,
       0.13333333, 0.44809507, 0.13368283, 0.36464088, 0.2757732 ]), array([0.37964775, 0.69966555, 0.35711617, 0.32727273, 0.36804191,
       0.15526316, 0.42759094, 0.12483745, 0.35789474, 0.22900763]), array([0.39450442, 0.68385346, 0.37476099, 0.33065237, 0.37046467,
       0.13630406, 0.41641234, 0.15220294, 0.36305732, 0.25281602])]

estim_algorithm = ts-model, mode = classification, metric = f1score, confidence_scores = entropy-conf, class_specific = False
test err: [0.3270431756883719, 0.3278315306445216, 0.322780697068508, 0.335793619278727, 0.3304368502820132]
estimated metric: [array([0.64875491, 0.7606125 , 0.64441632, 0.65649892, 0.63184716,
       0.68361888, 0.68627054, 0.65707272, 0.62934103, 0.69188832]), array([0.66205881, 0.76531292, 0.64022415, 0.63795932, 0.63464142,
       0.69994543, 0.68773582, 0.6483243 , 0.62910624, 0.67570111]), array([0.66001679, 0.78301104, 0.64854223, 0.65794523, 0.62713494,
       0.67661032, 0.69083089, 0.68825576, 0.6540381 , 0.69655682]), array([0.6601061 , 0.77633962, 0.63811274, 0.64877747, 0.62782349,
       0.6984758 , 0.68714344, 0.69147011, 0.65653168, 0.69949377]), array([0.65868749, 0.76990929, 0.64257964, 0.649377  , 0.63147979,
       0.7233379 , 0.6816327 , 0.65856175, 0.65262579, 0.71120575])]
real metric: [array([0.371909  , 0.67257844, 0.36581709, 0.33273056, 0.39533377,
       0.12548015, 0.42337751, 0.12223667, 0.33617021, 0.27425614]), array([0.36212279, 0.66254296, 0.35439361, 0.30812325, 0.37323944,
       0.15458937, 0.44658261, 0.12637363, 0.37052632, 0.24420024]), array([0.39010466, 0.68417508, 0.38536762, 0.3538175 , 0.38614496,
       0.13333333, 0.44809507, 0.13368283, 0.36464088, 0.2757732 ]), array([0.37964775, 0.69966555, 0.35711617, 0.32727273, 0.36804191,
       0.15526316, 0.42759094, 0.12483745, 0.35789474, 0.22900763]), array([0.39450442, 0.68385346, 0.37476099, 0.33065237, 0.37046467,
       0.13630406, 0.41641234, 0.15220294, 0.36305732, 0.25281602])]

estim_algorithm = ts-model, mode = classification, metric = f1score, confidence_scores = entropy-conf, class_specific = True
test err: [0.19718906749462298, 0.20577892037569195, 0.1961336330317681, 0.21386976323809045, 0.20559299295756023]
estimated metric: [array([0.41564238, 0.55860792, 0.53835271, 0.5753082 , 0.61095407,
       0.5266653 , 0.63562712, 0.51834415, 0.32631358, 0.43831049]), array([0.42611848, 0.55739474, 0.53426023, 0.55406013, 0.61360466,
       0.54031902, 0.63688778, 0.51851658, 0.30743079, 0.43540352]), array([0.42796385, 0.58205672, 0.54435264, 0.57615896, 0.60620068,
       0.53028959, 0.64017822, 0.56668805, 0.3389122 , 0.44797647]), array([0.43128189, 0.56857391, 0.5326736 , 0.56528511, 0.60682646,
       0.55489005, 0.63598097, 0.56740452, 0.32793246, 0.45207885]), array([0.42200499, 0.56657011, 0.53731604, 0.56584676, 0.61056404,
       0.55987986, 0.6306991 , 0.53425987, 0.32664858, 0.46978498])]
real metric: [array([0.371909  , 0.67257844, 0.36581709, 0.33273056, 0.39533377,
       0.12548015, 0.42337751, 0.12223667, 0.33617021, 0.27425614]), array([0.36212279, 0.66254296, 0.35439361, 0.30812325, 0.37323944,
       0.15458937, 0.44658261, 0.12637363, 0.37052632, 0.24420024]), array([0.39010466, 0.68417508, 0.38536762, 0.3538175 , 0.38614496,
       0.13333333, 0.44809507, 0.13368283, 0.36464088, 0.2757732 ]), array([0.37964775, 0.69966555, 0.35711617, 0.32727273, 0.36804191,
       0.15526316, 0.42759094, 0.12483745, 0.35789474, 0.22900763]), array([0.39450442, 0.68385346, 0.37476099, 0.33065237, 0.37046467,
       0.13630406, 0.41641234, 0.15220294, 0.36305732, 0.25281602])]

estim_algorithm = ts-model, mode = classification, metric = f1score, confidence_scores = doctor-conf, class_specific = False
test err: [0.2940152579888565, 0.29472300627205905, 0.2931439113736883, 0.30729032113301846, 0.30171194379074434]
estimated metric: [array([0.59656503, 0.72324383, 0.60880634, 0.64136995, 0.59525094,
       0.6715018 , 0.67032676, 0.62339654, 0.56670329, 0.66287766]), array([0.61646473, 0.73081517, 0.60291822, 0.61327624, 0.60099325,
       0.69188894, 0.6712285 , 0.61851646, 0.56490408, 0.63891869]), array([0.60976791, 0.75342117, 0.61557392, 0.63784322, 0.58996331,
       0.6692117 , 0.6753823 , 0.67087263, 0.59655918, 0.66797895]), array([0.61407113, 0.74463208, 0.60136535, 0.62675558, 0.59273049,
       0.69588415, 0.67119329, 0.67210975, 0.60549507, 0.67500435]), array([0.61247987, 0.73674995, 0.60769601, 0.6274941 , 0.5987113 ,
       0.72883428, 0.66558957, 0.62753911, 0.60011134, 0.68694251])]
real metric: [array([0.371909  , 0.67257844, 0.36581709, 0.33273056, 0.39533377,
       0.12548015, 0.42337751, 0.12223667, 0.33617021, 0.27425614]), array([0.36212279, 0.66254296, 0.35439361, 0.30812325, 0.37323944,
       0.15458937, 0.44658261, 0.12637363, 0.37052632, 0.24420024]), array([0.39010466, 0.68417508, 0.38536762, 0.3538175 , 0.38614496,
       0.13333333, 0.44809507, 0.13368283, 0.36464088, 0.2757732 ]), array([0.37964775, 0.69966555, 0.35711617, 0.32727273, 0.36804191,
       0.15526316, 0.42759094, 0.12483745, 0.35789474, 0.22900763]), array([0.39450442, 0.68385346, 0.37476099, 0.33065237, 0.37046467,
       0.13630406, 0.41641234, 0.15220294, 0.36305732, 0.25281602])]

estim_algorithm = ts-model, mode = classification, metric = f1score, confidence_scores = doctor-conf, class_specific = True
test err: [0.18158052545274828, 0.1855298892879654, 0.18288109015259174, 0.19988372973574386, 0.1958388985451332]
estimated metric: [array([0.2949348 , 0.48726974, 0.47603046, 0.54646597, 0.57373616,
       0.46957199, 0.60151019, 0.43846565, 0.18711199, 0.3379156 ]), array([0.31692897, 0.48683077, 0.47123129, 0.5139549 , 0.5791554 ,
       0.48932472, 0.60287828, 0.44274132, 0.15900878, 0.3310916 ]), array([0.31220728, 0.52327084, 0.48628413, 0.54647081, 0.56805804,
       0.47955581, 0.60757803, 0.51980096, 0.21041684, 0.34425197]), array([0.3192268 , 0.50001278, 0.46865464, 0.52872644, 0.57088982,
       0.52051229, 0.60235505, 0.51289241, 0.17988241, 0.34585061]), array([0.3088111 , 0.50093941, 0.47612085, 0.53183302, 0.57707075,
       0.52588723, 0.59650445, 0.45895965, 0.18151272, 0.37547446])]
real metric: [array([0.371909  , 0.67257844, 0.36581709, 0.33273056, 0.39533377,
       0.12548015, 0.42337751, 0.12223667, 0.33617021, 0.27425614]), array([0.36212279, 0.66254296, 0.35439361, 0.30812325, 0.37323944,
       0.15458937, 0.44658261, 0.12637363, 0.37052632, 0.24420024]), array([0.39010466, 0.68417508, 0.38536762, 0.3538175 , 0.38614496,
       0.13333333, 0.44809507, 0.13368283, 0.36464088, 0.2757732 ]), array([0.37964775, 0.69966555, 0.35711617, 0.32727273, 0.36804191,
       0.15526316, 0.42759094, 0.12483745, 0.35789474, 0.22900763]), array([0.39450442, 0.68385346, 0.37476099, 0.33065237, 0.37046467,
       0.13630406, 0.41641234, 0.15220294, 0.36305732, 0.25281602])]

estim_algorithm = doc-model, mode = classification, metric = f1score, confidence_scores = max_class_probability-conf, class_specific = False
test err: [0.405000846423623, 0.40810420709669104, 0.3972315699180261, 0.40804060522960184, 0.40551745173009923]
estimated metric: [array([0.73976598, 0.81950648, 0.74072753, 0.71422039, 0.70638381,
       0.7363742 , 0.76120929, 0.75586422, 0.73317198, 0.76267413]), array([0.76195135, 0.81843412, 0.73307739, 0.70772172, 0.71246495,
       0.76597277, 0.76470485, 0.72691905, 0.73586858, 0.75662151]), array([0.75565166, 0.82428566, 0.7369459 , 0.72289588, 0.70557001,
       0.7176431 , 0.76815939, 0.77549693, 0.75377714, 0.76702518]), array([0.75118462, 0.82966871, 0.73475065, 0.71393015, 0.70520766,
       0.73537285, 0.76649591, 0.75768608, 0.75741748, 0.75502998]), array([0.75604436, 0.81649096, 0.73565421, 0.71388034, 0.70947694,
       0.78478736, 0.76339593, 0.7299753 , 0.75991782, 0.76057989])]
real metric: [array([0.371909  , 0.67257844, 0.36581709, 0.33273056, 0.39533377,
       0.12548015, 0.42337751, 0.12223667, 0.33617021, 0.27425614]), array([0.36212279, 0.66254296, 0.35439361, 0.30812325, 0.37323944,
       0.15458937, 0.44658261, 0.12637363, 0.37052632, 0.24420024]), array([0.39010466, 0.68417508, 0.38536762, 0.3538175 , 0.38614496,
       0.13333333, 0.44809507, 0.13368283, 0.36464088, 0.2757732 ]), array([0.37964775, 0.69966555, 0.35711617, 0.32727273, 0.36804191,
       0.15526316, 0.42759094, 0.12483745, 0.35789474, 0.22900763]), array([0.39450442, 0.68385346, 0.37476099, 0.33065237, 0.37046467,
       0.13630406, 0.41641234, 0.15220294, 0.36305732, 0.25281602])]

estim_algorithm = doc-model, mode = classification, metric = f1score, confidence_scores = max_class_probability-conf, class_specific = True
test err: [0.2705396488276338, 0.2746348307290403, 0.2648500771810152, 0.274987762739941, 0.2736795909821125]
estimated metric: [array([0.54587509, 0.75505847, 0.64385169, 0.56833588, 0.6850241 ,
       0.58291557, 0.71506306, 0.63469399, 0.43640027, 0.55806792]), array([0.57396451, 0.75386577, 0.63499807, 0.56042296, 0.69131599,
       0.62003417, 0.7188235 , 0.60048553, 0.44419575, 0.55093627]), array([0.56517501, 0.76042781, 0.63948613, 0.57932003, 0.68418319,
       0.55944467, 0.72253903, 0.65830082, 0.46782467, 0.56693456]), array([0.55875557, 0.76635528, 0.63694979, 0.56813782, 0.68380877,
       0.58226051, 0.7207545 , 0.63737146, 0.47280795, 0.549014  ]), array([0.56544534, 0.75171064, 0.63798499, 0.56824651, 0.6882201 ,
       0.64351966, 0.71741548, 0.60345339, 0.47698947, 0.55883893])]
real metric: [array([0.371909  , 0.67257844, 0.36581709, 0.33273056, 0.39533377,
       0.12548015, 0.42337751, 0.12223667, 0.33617021, 0.27425614]), array([0.36212279, 0.66254296, 0.35439361, 0.30812325, 0.37323944,
       0.15458937, 0.44658261, 0.12637363, 0.37052632, 0.24420024]), array([0.39010466, 0.68417508, 0.38536762, 0.3538175 , 0.38614496,
       0.13333333, 0.44809507, 0.13368283, 0.36464088, 0.2757732 ]), array([0.37964775, 0.69966555, 0.35711617, 0.32727273, 0.36804191,
       0.15526316, 0.42759094, 0.12483745, 0.35789474, 0.22900763]), array([0.39450442, 0.68385346, 0.37476099, 0.33065237, 0.37046467,
       0.13630406, 0.41641234, 0.15220294, 0.36305732, 0.25281602])]

estim_algorithm = doc-model, mode = classification, metric = f1score, confidence_scores = energy-conf, class_specific = False
test err: [0.4139840100146845, 0.41510030138466203, 0.40550427088844526, 0.417744925837634, 0.4122710264233678]
estimated metric: [array([0.73888724, 0.78350134, 0.74463533, 0.7602429 , 0.74682115,
       0.77155586, 0.76214183, 0.75011755, 0.74176443, 0.76006202]), array([0.74275475, 0.78230792, 0.74304399, 0.75123769, 0.74724391,
       0.77793032, 0.76231122, 0.75179367, 0.73554916, 0.7595246 ]), array([0.7426675 , 0.7914187 , 0.74719508, 0.75958464, 0.74529521,
       0.77642219, 0.76396996, 0.77221245, 0.74765841, 0.76375372]), array([0.74374291, 0.78656637, 0.74310884, 0.7548571 , 0.7452558 ,
       0.78750192, 0.76230412, 0.77010817, 0.74422614, 0.76611591]), array([0.74098641, 0.78564629, 0.74470729, 0.75580427, 0.74693408,
       0.78610804, 0.760972  , 0.75999268, 0.74355492, 0.77303288])]
real metric: [array([0.371909  , 0.67257844, 0.36581709, 0.33273056, 0.39533377,
       0.12548015, 0.42337751, 0.12223667, 0.33617021, 0.27425614]), array([0.36212279, 0.66254296, 0.35439361, 0.30812325, 0.37323944,
       0.15458937, 0.44658261, 0.12637363, 0.37052632, 0.24420024]), array([0.39010466, 0.68417508, 0.38536762, 0.3538175 , 0.38614496,
       0.13333333, 0.44809507, 0.13368283, 0.36464088, 0.2757732 ]), array([0.37964775, 0.69966555, 0.35711617, 0.32727273, 0.36804191,
       0.15526316, 0.42759094, 0.12483745, 0.35789474, 0.22900763]), array([0.39450442, 0.68385346, 0.37476099, 0.33065237, 0.37046467,
       0.13630406, 0.41641234, 0.15220294, 0.36305732, 0.25281602])]

estim_algorithm = doc-model, mode = classification, metric = f1score, confidence_scores = energy-conf, class_specific = True
test err: [0.2735236265493665, 0.27248487923642717, 0.26666100692711026, 0.2831924664555219, 0.27476514782814077]
estimated metric: [array([0.56046265, 0.65792121, 0.65812265, 0.64465886, 0.72897563,
       0.59692456, 0.72606804, 0.61979314, 0.41640652, 0.51647809]), array([0.5654677 , 0.65652009, 0.65618647, 0.63340955, 0.72941051,
       0.60533476, 0.72623084, 0.62183673, 0.4053919 , 0.51570871]), array([0.5653541 , 0.66838091, 0.66103596, 0.64339969, 0.7274274 ,
       0.60326921, 0.72799722, 0.64668634, 0.42484642, 0.52175962]), array([0.56675405, 0.66161323, 0.65624096, 0.63774303, 0.72738703,
       0.61768822, 0.72629931, 0.64412934, 0.41916701, 0.52513587]), array([0.56316503, 0.66015928, 0.6581141 , 0.63903832, 0.72911342,
       0.61587627, 0.72484487, 0.63182506, 0.41814771, 0.53500766])]
real metric: [array([0.371909  , 0.67257844, 0.36581709, 0.33273056, 0.39533377,
       0.12548015, 0.42337751, 0.12223667, 0.33617021, 0.27425614]), array([0.36212279, 0.66254296, 0.35439361, 0.30812325, 0.37323944,
       0.15458937, 0.44658261, 0.12637363, 0.37052632, 0.24420024]), array([0.39010466, 0.68417508, 0.38536762, 0.3538175 , 0.38614496,
       0.13333333, 0.44809507, 0.13368283, 0.36464088, 0.2757732 ]), array([0.37964775, 0.69966555, 0.35711617, 0.32727273, 0.36804191,
       0.15526316, 0.42759094, 0.12483745, 0.35789474, 0.22900763]), array([0.39450442, 0.68385346, 0.37476099, 0.33065237, 0.37046467,
       0.13630406, 0.41641234, 0.15220294, 0.36305732, 0.25281602])]

estim_algorithm = doc-model, mode = classification, metric = f1score, confidence_scores = entropy-conf, class_specific = False
test err: [0.39195767934028714, 0.3947554589626004, 0.3836344446487755, 0.39680935604674444, 0.3930743305089327]
estimated metric: [array([0.72619869, 0.80681662, 0.72286215, 0.70983618, 0.69498758,
       0.73267674, 0.74842804, 0.73374124, 0.70942354, 0.75449556]), array([0.7431283 , 0.81014411, 0.71666363, 0.69895404, 0.69981219,
       0.7545422 , 0.75112494, 0.7178748 , 0.71373241, 0.74427216]), array([0.73906234, 0.81668005, 0.72213178, 0.71221327, 0.69222751,
       0.71267731, 0.75432712, 0.75479693, 0.73240859, 0.75495469]), array([0.73458584, 0.82027412, 0.71668207, 0.70589042, 0.69261417,
       0.73411439, 0.7521033 , 0.74758069, 0.7373041 , 0.7532825 ]), array([0.7382078 , 0.80846137, 0.71862059, 0.70743865, 0.69651529,
       0.77548685, 0.74783212, 0.72040939, 0.73667042, 0.75612941])]
real metric: [array([0.371909  , 0.67257844, 0.36581709, 0.33273056, 0.39533377,
       0.12548015, 0.42337751, 0.12223667, 0.33617021, 0.27425614]), array([0.36212279, 0.66254296, 0.35439361, 0.30812325, 0.37323944,
       0.15458937, 0.44658261, 0.12637363, 0.37052632, 0.24420024]), array([0.39010466, 0.68417508, 0.38536762, 0.3538175 , 0.38614496,
       0.13333333, 0.44809507, 0.13368283, 0.36464088, 0.2757732 ]), array([0.37964775, 0.69966555, 0.35711617, 0.32727273, 0.36804191,
       0.15526316, 0.42759094, 0.12483745, 0.35789474, 0.22900763]), array([0.39450442, 0.68385346, 0.37476099, 0.33065237, 0.37046467,
       0.13630406, 0.41641234, 0.15220294, 0.36305732, 0.25281602])]

estim_algorithm = doc-model, mode = classification, metric = f1score, confidence_scores = entropy-conf, class_specific = True
test err: [0.25450992038743864, 0.2585373935197658, 0.24808646219287236, 0.2613748361847397, 0.25872366821129783]
estimated metric: [array([0.52321788, 0.73398062, 0.62720159, 0.57384302, 0.67253765,
       0.57524512, 0.70257134, 0.61289497, 0.39446388, 0.54903268]), array([0.54540393, 0.73777351, 0.62023355, 0.56063452, 0.67755795,
       0.60266132, 0.70546926, 0.59496109, 0.40774768, 0.53562534]), array([0.53956737, 0.74520111, 0.62637084, 0.5772371 , 0.66968052,
       0.54974628, 0.70890953, 0.63812133, 0.4292158 , 0.5519499 ]), array([0.53308676, 0.7490415 , 0.62009044, 0.56914506, 0.67008063,
       0.57689593, 0.70654179, 0.62948471, 0.43674102, 0.54897855]), array([0.53855538, 0.73587552, 0.62234821, 0.57142904, 0.67413715,
       0.6289718 , 0.70193095, 0.59688093, 0.43756588, 0.55457042])]
real metric: [array([0.371909  , 0.67257844, 0.36581709, 0.33273056, 0.39533377,
       0.12548015, 0.42337751, 0.12223667, 0.33617021, 0.27425614]), array([0.36212279, 0.66254296, 0.35439361, 0.30812325, 0.37323944,
       0.15458937, 0.44658261, 0.12637363, 0.37052632, 0.24420024]), array([0.39010466, 0.68417508, 0.38536762, 0.3538175 , 0.38614496,
       0.13333333, 0.44809507, 0.13368283, 0.36464088, 0.2757732 ]), array([0.37964775, 0.69966555, 0.35711617, 0.32727273, 0.36804191,
       0.15526316, 0.42759094, 0.12483745, 0.35789474, 0.22900763]), array([0.39450442, 0.68385346, 0.37476099, 0.33065237, 0.37046467,
       0.13630406, 0.41641234, 0.15220294, 0.36305732, 0.25281602])]

estim_algorithm = doc-model, mode = classification, metric = f1score, confidence_scores = doctor-conf, class_specific = False
test err: [0.4477762766104053, 0.45097389988621683, 0.43808378385634733, 0.4506462862990467, 0.44599608363321847]
estimated metric: [array([0.78056518, 0.82722093, 0.79024575, 0.77697238, 0.76663363,
       0.78730385, 0.80127023, 0.78753616, 0.7766272 , 0.80327701]), array([0.79588187, 0.82729857, 0.78400309, 0.77157115, 0.77228393,
       0.80338542, 0.80338269, 0.78081122, 0.77386923, 0.79994604]), array([0.79243499, 0.82942278, 0.7879105 , 0.77783273, 0.76850026,
       0.77620634, 0.80567197, 0.80786148, 0.7884634 , 0.80166854]), array([0.7908411 , 0.83513508, 0.78656273, 0.77381217, 0.76764557,
       0.78894982, 0.80377909, 0.79603064, 0.79118401, 0.79886067]), array([0.79186285, 0.82529248, 0.78697969, 0.77591063, 0.77011   ,
       0.81623663, 0.80310957, 0.7809491 , 0.79047745, 0.79406103])]
real metric: [array([0.371909  , 0.67257844, 0.36581709, 0.33273056, 0.39533377,
       0.12548015, 0.42337751, 0.12223667, 0.33617021, 0.27425614]), array([0.36212279, 0.66254296, 0.35439361, 0.30812325, 0.37323944,
       0.15458937, 0.44658261, 0.12637363, 0.37052632, 0.24420024]), array([0.39010466, 0.68417508, 0.38536762, 0.3538175 , 0.38614496,
       0.13333333, 0.44809507, 0.13368283, 0.36464088, 0.2757732 ]), array([0.37964775, 0.69966555, 0.35711617, 0.32727273, 0.36804191,
       0.15526316, 0.42759094, 0.12483745, 0.35789474, 0.22900763]), array([0.39450442, 0.68385346, 0.37476099, 0.33065237, 0.37046467,
       0.13630406, 0.41641234, 0.15220294, 0.36305732, 0.25281602])]

estim_algorithm = doc-model, mode = classification, metric = f1score, confidence_scores = doctor-conf, class_specific = True
test err: [0.3206329328244311, 0.3246021085996442, 0.3120214209067586, 0.32464359144604216, 0.32042677012757764]
estimated metric: [array([0.60092369, 0.78437027, 0.70308081, 0.62421049, 0.74962759,
       0.62476277, 0.75950738, 0.67895786, 0.49045216, 0.61032585]), array([0.62087102, 0.78448718, 0.69612634, 0.61740797, 0.75542751,
       0.64540746, 0.76176799, 0.67259328, 0.48821734, 0.6064092 ]), array([0.61670315, 0.78687175, 0.70044213, 0.62578227, 0.75154611,
       0.61047351, 0.76422253, 0.70305036, 0.50554832, 0.61070925]), array([0.61355754, 0.79284487, 0.69890362, 0.62037226, 0.75067829,
       0.62687916, 0.76221361, 0.68903554, 0.51326056, 0.6050285 ]), array([0.61472967, 0.78232999, 0.69940396, 0.62355316, 0.75321192,
       0.6618526 , 0.76147105, 0.67113441, 0.51135504, 0.6002545 ])]
real metric: [array([0.371909  , 0.67257844, 0.36581709, 0.33273056, 0.39533377,
       0.12548015, 0.42337751, 0.12223667, 0.33617021, 0.27425614]), array([0.36212279, 0.66254296, 0.35439361, 0.30812325, 0.37323944,
       0.15458937, 0.44658261, 0.12637363, 0.37052632, 0.24420024]), array([0.39010466, 0.68417508, 0.38536762, 0.3538175 , 0.38614496,
       0.13333333, 0.44809507, 0.13368283, 0.36464088, 0.2757732 ]), array([0.37964775, 0.69966555, 0.35711617, 0.32727273, 0.36804191,
       0.15526316, 0.42759094, 0.12483745, 0.35789474, 0.22900763]), array([0.39450442, 0.68385346, 0.37476099, 0.33065237, 0.37046467,
       0.13630406, 0.41641234, 0.15220294, 0.36305732, 0.25281602])]

estim_algorithm = atc-model, mode = classification, metric = f1score, confidence_scores = max_class_probability-conf, class_specific = False
test err: [0.2322757974696538, 0.24282791122810563, 0.2301019935231216, 0.24239285395238291, 0.2502015389250913]
estimated metric: [array([0.58951966, 0.78748998, 0.52917131, 0.48863637, 0.47133758,
       0.55813959, 0.60093897, 0.59701499, 0.53216376, 0.58823532]), array([0.60532689, 0.79214403, 0.52515162, 0.45792565, 0.46834171,
       0.65420564, 0.61393368, 0.55384622, 0.58263306, 0.57746482]), array([0.60437377, 0.81279251, 0.52473118, 0.50867053, 0.44136658,
       0.44943826, 0.62184874, 0.69135806, 0.62824209, 0.57333336]), array([0.58536586, 0.80531666, 0.51270553, 0.48288974, 0.45286507,
       0.5494506 , 0.62395023, 0.63888894, 0.60968662, 0.58914732]), array([0.61473685, 0.78918059, 0.50307692, 0.47104248, 0.47123288,
       0.65346538, 0.59993802, 0.57500005, 0.63711912, 0.66225168])]
real metric: [array([0.371909  , 0.67257844, 0.36581709, 0.33273056, 0.39533377,
       0.12548015, 0.42337751, 0.12223667, 0.33617021, 0.27425614]), array([0.36212279, 0.66254296, 0.35439361, 0.30812325, 0.37323944,
       0.15458937, 0.44658261, 0.12637363, 0.37052632, 0.24420024]), array([0.39010466, 0.68417508, 0.38536762, 0.3538175 , 0.38614496,
       0.13333333, 0.44809507, 0.13368283, 0.36464088, 0.2757732 ]), array([0.37964775, 0.69966555, 0.35711617, 0.32727273, 0.36804191,
       0.15526316, 0.42759094, 0.12483745, 0.35789474, 0.22900763]), array([0.39450442, 0.68385346, 0.37476099, 0.33065237, 0.37046467,
       0.13630406, 0.41641234, 0.15220294, 0.36305732, 0.25281602])]

estim_algorithm = atc-model, mode = classification, metric = f1score, confidence_scores = max_class_probability-conf, class_specific = True
test err: [0.13215152379744546, 0.1125631040745086, 0.10424375581555505, 0.13430323373094827, 0.1369423205790202]
estimated metric: [array([0.21052634, 0.49252244, 0.34323985, 0.40718564, 0.38771594,
       0.43037982, 0.49798387, 0.40677976, 0.23859652, 0.38805975]), array([0.22222225, 0.48459959, 0.34308617, 0.39183675, 0.38044634,
       0.45161296, 0.51305483, 0.29090922, 0.23693382, 0.28813565]), array([0.25373136, 0.54909438, 0.34897714, 0.44265595, 0.33694582,
       0.29629638, 0.51480321, 0.36923087, 0.32394369, 0.36641226]), array([0.2468514 , 0.50489237, 0.32702817, 0.41035858, 0.36363637,
       0.4285715 , 0.52237809, 0.44444453, 0.29370632, 0.37500006]), array([0.23118282, 0.5049116 , 0.33319058, 0.39350914, 0.36842106,
       0.48888895, 0.48845768, 0.37142866, 0.24285717, 0.40944887])]
real metric: [array([0.371909  , 0.67257844, 0.36581709, 0.33273056, 0.39533377,
       0.12548015, 0.42337751, 0.12223667, 0.33617021, 0.27425614]), array([0.36212279, 0.66254296, 0.35439361, 0.30812325, 0.37323944,
       0.15458937, 0.44658261, 0.12637363, 0.37052632, 0.24420024]), array([0.39010466, 0.68417508, 0.38536762, 0.3538175 , 0.38614496,
       0.13333333, 0.44809507, 0.13368283, 0.36464088, 0.2757732 ]), array([0.37964775, 0.69966555, 0.35711617, 0.32727273, 0.36804191,
       0.15526316, 0.42759094, 0.12483745, 0.35789474, 0.22900763]), array([0.39450442, 0.68385346, 0.37476099, 0.33065237, 0.37046467,
       0.13630406, 0.41641234, 0.15220294, 0.36305732, 0.25281602])]

estim_algorithm = atc-model, mode = classification, metric = f1score, confidence_scores = energy-conf, class_specific = False
test err: [0.1476024523455879, 0.15174081441231607, 0.15443866793064792, 0.17064491724019396, 0.15152911692449192]
estimated metric: [array([0.39303484, 0.60773481, 0.36175497, 0.47126438, 0.39541548,
       0.62222226, 0.49798387, 0.48387105, 0.36482087, 0.56000003]), array([0.42191782, 0.61278196, 0.37244095, 0.42400001, 0.40418849,
       0.61538465, 0.51596091, 0.50793659, 0.36245957, 0.56737592]), array([0.38248849, 0.65547703, 0.38841034, 0.49708739, 0.35957241,
       0.59183678, 0.51841557, 0.58666672, 0.45954694, 0.53424661]), array([0.41818183, 0.63693131, 0.36885246, 0.46242776, 0.38572807,
       0.71844663, 0.49626105, 0.55882359, 0.39473686, 0.56692917]), array([0.40677968, 0.64228368, 0.37018426, 0.46213593, 0.37790698,
       0.64000004, 0.4955045 , 0.5384616 , 0.39739416, 0.56737592])]
real metric: [array([0.371909  , 0.67257844, 0.36581709, 0.33273056, 0.39533377,
       0.12548015, 0.42337751, 0.12223667, 0.33617021, 0.27425614]), array([0.36212279, 0.66254296, 0.35439361, 0.30812325, 0.37323944,
       0.15458937, 0.44658261, 0.12637363, 0.37052632, 0.24420024]), array([0.39010466, 0.68417508, 0.38536762, 0.3538175 , 0.38614496,
       0.13333333, 0.44809507, 0.13368283, 0.36464088, 0.2757732 ]), array([0.37964775, 0.69966555, 0.35711617, 0.32727273, 0.36804191,
       0.15526316, 0.42759094, 0.12483745, 0.35789474, 0.22900763]), array([0.39450442, 0.68385346, 0.37476099, 0.33065237, 0.37046467,
       0.13630406, 0.41641234, 0.15220294, 0.36305732, 0.25281602])]

estim_algorithm = atc-model, mode = classification, metric = f1score, confidence_scores = energy-conf, class_specific = True
test err: [0.13444754317908628, 0.12874564854750542, 0.14594771008132304, 0.15377008732876238, 0.1445674015268392]
estimated metric: [array([0.132948  , 0.41176471, 0.26403509, 0.41980199, 0.3768116 ,
       0.41025649, 0.40528006, 0.19230785, 0.16117219, 0.18487402]), array([0.15974444, 0.38512036, 0.26521192, 0.37190084, 0.39240507,
       0.38202254, 0.41860465, 0.22641524, 0.10486895, 0.25862075]), array([0.20000002, 0.42443065, 0.28785358, 0.46123262, 0.34509805,
       0.35714293, 0.41250931, 0.36923087, 0.15503879, 0.21666673]), array([0.18750002, 0.39832286, 0.25972891, 0.4135189 , 0.37317785,
       0.46511634, 0.39419238, 0.36666677, 0.10852717, 0.25000007]), array([0.15686277, 0.41293014, 0.27405765, 0.42544733, 0.35882354,
       0.38095245, 0.38585209, 0.32352951, 0.11494256, 0.28813565])]
real metric: [array([0.371909  , 0.67257844, 0.36581709, 0.33273056, 0.39533377,
       0.12548015, 0.42337751, 0.12223667, 0.33617021, 0.27425614]), array([0.36212279, 0.66254296, 0.35439361, 0.30812325, 0.37323944,
       0.15458937, 0.44658261, 0.12637363, 0.37052632, 0.24420024]), array([0.39010466, 0.68417508, 0.38536762, 0.3538175 , 0.38614496,
       0.13333333, 0.44809507, 0.13368283, 0.36464088, 0.2757732 ]), array([0.37964775, 0.69966555, 0.35711617, 0.32727273, 0.36804191,
       0.15526316, 0.42759094, 0.12483745, 0.35789474, 0.22900763]), array([0.39450442, 0.68385346, 0.37476099, 0.33065237, 0.37046467,
       0.13630406, 0.41641234, 0.15220294, 0.36305732, 0.25281602])]

estim_algorithm = atc-model, mode = classification, metric = f1score, confidence_scores = entropy-conf, class_specific = False
test err: [0.21948234893067511, 0.2243289320978667, 0.2050168091275259, 0.22827993916702102, 0.2278921147278125]
estimated metric: [array([0.57395144, 0.77867528, 0.50189251, 0.46833014, 0.45588236,
       0.54117652, 0.58095238, 0.59701499, 0.51038577, 0.60645164]), array([0.59168705, 0.78117259, 0.50054407, 0.43339961, 0.44806518,
       0.62857146, 0.58728682, 0.55384622, 0.5746479 , 0.54676262]), array([0.58752516, 0.79588608, 0.50054645, 0.49122808, 0.41353384,
       0.41379317, 0.60608042, 0.62337667, 0.60000001, 0.57333336]), array([0.56494846, 0.79590229, 0.47859327, 0.4564797 , 0.43258427,
       0.56521744, 0.61011624, 0.63888894, 0.57725949, 0.58914732]), array([0.60000001, 0.77751004, 0.48205928, 0.46213593, 0.44856349,
       0.62626266, 0.57341333, 0.51948058, 0.60227274, 0.66225168])]
real metric: [array([0.371909  , 0.67257844, 0.36581709, 0.33273056, 0.39533377,
       0.12548015, 0.42337751, 0.12223667, 0.33617021, 0.27425614]), array([0.36212279, 0.66254296, 0.35439361, 0.30812325, 0.37323944,
       0.15458937, 0.44658261, 0.12637363, 0.37052632, 0.24420024]), array([0.39010466, 0.68417508, 0.38536762, 0.3538175 , 0.38614496,
       0.13333333, 0.44809507, 0.13368283, 0.36464088, 0.2757732 ]), array([0.37964775, 0.69966555, 0.35711617, 0.32727273, 0.36804191,
       0.15526316, 0.42759094, 0.12483745, 0.35789474, 0.22900763]), array([0.39450442, 0.68385346, 0.37476099, 0.33065237, 0.37046467,
       0.13630406, 0.41641234, 0.15220294, 0.36305732, 0.25281602])]

estim_algorithm = atc-model, mode = classification, metric = f1score, confidence_scores = entropy-conf, class_specific = True
test err: [0.12921935323247688, 0.10883622939798081, 0.10175481967867486, 0.13511023865862143, 0.13442207685126445]
estimated metric: [array([0.21546963, 0.49252244, 0.32217041, 0.39436621, 0.36734694,
       0.41025649, 0.48679756, 0.37931045, 0.24475527, 0.40000004]), array([0.22769233, 0.48459959, 0.32495948, 0.37525774, 0.37179488,
       0.43478267, 0.50230112, 0.29090922, 0.23693382, 0.28813565]), array([0.25373136, 0.54493308, 0.32614884, 0.43319839, 0.32539683,
       0.29629638, 0.49912003, 0.36923087, 0.32394369, 0.32812505]), array([0.24242426, 0.50489237, 0.30204778, 0.39112904, 0.34584981,
       0.4285715 , 0.50842886, 0.44444453, 0.29965159, 0.37500006]), array([0.23118282, 0.5049116 , 0.31296056, 0.39350914, 0.34748273,
       0.47191017, 0.46899356, 0.34782618, 0.23655917, 0.39682544])]
real metric: [array([0.371909  , 0.67257844, 0.36581709, 0.33273056, 0.39533377,
       0.12548015, 0.42337751, 0.12223667, 0.33617021, 0.27425614]), array([0.36212279, 0.66254296, 0.35439361, 0.30812325, 0.37323944,
       0.15458937, 0.44658261, 0.12637363, 0.37052632, 0.24420024]), array([0.39010466, 0.68417508, 0.38536762, 0.3538175 , 0.38614496,
       0.13333333, 0.44809507, 0.13368283, 0.36464088, 0.2757732 ]), array([0.37964775, 0.69966555, 0.35711617, 0.32727273, 0.36804191,
       0.15526316, 0.42759094, 0.12483745, 0.35789474, 0.22900763]), array([0.39450442, 0.68385346, 0.37476099, 0.33065237, 0.37046467,
       0.13630406, 0.41641234, 0.15220294, 0.36305732, 0.25281602])]

estim_algorithm = atc-model, mode = classification, metric = f1score, confidence_scores = doctor-conf, class_specific = False
test err: [0.23092900735375083, 0.23869461560225275, 0.2272346980123209, 0.24092484980562726, 0.24383298825622474]
estimated metric: [array([0.58951966, 0.7835881 , 0.52698177, 0.48863637, 0.47133758,
       0.55813959, 0.597867  , 0.59701499, 0.52785925, 0.58823532]), array([0.60194176, 0.79016394, 0.52145923, 0.45490197, 0.4652568 ,
       0.64150947, 0.610552  , 0.55384622, 0.58263306, 0.56737592]), array([0.59600001, 0.80907668, 0.52155173, 0.50579152, 0.43703704,
       0.44943826, 0.619618  , 0.69135806, 0.62427747, 0.57333336]), array([0.58248473, 0.80531666, 0.5088048 , 0.48000001, 0.45000001,
       0.5494506 , 0.62180685, 0.63888894, 0.60968662, 0.58914732]), array([0.61181435, 0.78821656, 0.50250096, 0.47398845, 0.4684355 ,
       0.62626266, 0.59339975, 0.55696208, 0.62952647, 0.66225168])]
real metric: [array([0.371909  , 0.67257844, 0.36581709, 0.33273056, 0.39533377,
       0.12548015, 0.42337751, 0.12223667, 0.33617021, 0.27425614]), array([0.36212279, 0.66254296, 0.35439361, 0.30812325, 0.37323944,
       0.15458937, 0.44658261, 0.12637363, 0.37052632, 0.24420024]), array([0.39010466, 0.68417508, 0.38536762, 0.3538175 , 0.38614496,
       0.13333333, 0.44809507, 0.13368283, 0.36464088, 0.2757732 ]), array([0.37964775, 0.69966555, 0.35711617, 0.32727273, 0.36804191,
       0.15526316, 0.42759094, 0.12483745, 0.35789474, 0.22900763]), array([0.39450442, 0.68385346, 0.37476099, 0.33065237, 0.37046467,
       0.13630406, 0.41641234, 0.15220294, 0.36305732, 0.25281602])]

estim_algorithm = atc-model, mode = classification, metric = f1score, confidence_scores = doctor-conf, class_specific = True
test err: [0.12899528816033284, 0.10955788913229887, 0.09929306455247797, 0.13171750870273646, 0.13116130213131888]
estimated metric: [array([0.21546963, 0.51764706, 0.33697479, 0.40400001, 0.38461539,
       0.43037982, 0.49646822, 0.40677976, 0.24475527, 0.38805975]), array([0.22222225, 0.51955868, 0.33574879, 0.39183675, 0.38044634,
       0.45161296, 0.51062439, 0.29090922, 0.23693382, 0.28813565]), array([0.25806453, 0.56954888, 0.33764136, 0.43951614, 0.33694582,
       0.29629638, 0.51324965, 0.3437501 , 0.32982458, 0.36641226]), array([0.2468514 , 0.53779905, 0.31712474, 0.41035858, 0.36203523,
       0.4285715 , 0.51792295, 0.44444453, 0.29370632, 0.37500006]), array([0.23118282, 0.5421456 , 0.32385875, 0.39024391, 0.36842106,
       0.48888895, 0.48541737, 0.34782618, 0.24285717, 0.40944887])]
real metric: [array([0.371909  , 0.67257844, 0.36581709, 0.33273056, 0.39533377,
       0.12548015, 0.42337751, 0.12223667, 0.33617021, 0.27425614]), array([0.36212279, 0.66254296, 0.35439361, 0.30812325, 0.37323944,
       0.15458937, 0.44658261, 0.12637363, 0.37052632, 0.24420024]), array([0.39010466, 0.68417508, 0.38536762, 0.3538175 , 0.38614496,
       0.13333333, 0.44809507, 0.13368283, 0.36464088, 0.2757732 ]), array([0.37964775, 0.69966555, 0.35711617, 0.32727273, 0.36804191,
       0.15526316, 0.42759094, 0.12483745, 0.35789474, 0.22900763]), array([0.39450442, 0.68385346, 0.37476099, 0.33065237, 0.37046467,
       0.13630406, 0.41641234, 0.15220294, 0.36305732, 0.25281602])]

estim_algorithm = ts-atc-model, mode = classification, metric = f1score, confidence_scores = max_class_probability-conf, class_specific = False
test err: [0.17977523693418948, 0.18135390945901703, 0.1860251953372051, 0.1881965285930748, 0.18449548077186279]
estimated metric: [array([0.53181819, 0.73578596, 0.44905956, 0.41980199, 0.41359774,
       0.48780494, 0.54016983, 0.59701499, 0.43613709, 0.60645164]), array([0.54545456, 0.73521851, 0.43586833, 0.41129033, 0.41250001,
       0.61538465, 0.5554851 , 0.45901648, 0.52046785, 0.52554748]), array([0.51585625, 0.77652733, 0.44971752, 0.47035574, 0.37222759,
       0.46666673, 0.56768559, 0.64102569, 0.53538463, 0.59210529]), array([0.50322582, 0.75265306, 0.41812401, 0.42292491, 0.39193084,
       0.56521744, 0.56223595, 0.61971836, 0.51671734, 0.55555559]), array([0.52134833, 0.74525969, 0.43317231, 0.43786983, 0.3996176 ,
       0.61224494, 0.53073171, 0.45945953, 0.52694612, 0.65333336])]
real metric: [array([0.371909  , 0.67257844, 0.36581709, 0.33273056, 0.39533377,
       0.12548015, 0.42337751, 0.12223667, 0.33617021, 0.27425614]), array([0.36212279, 0.66254296, 0.35439361, 0.30812325, 0.37323944,
       0.15458937, 0.44658261, 0.12637363, 0.37052632, 0.24420024]), array([0.39010466, 0.68417508, 0.38536762, 0.3538175 , 0.38614496,
       0.13333333, 0.44809507, 0.13368283, 0.36464088, 0.2757732 ]), array([0.37964775, 0.69966555, 0.35711617, 0.32727273, 0.36804191,
       0.15526316, 0.42759094, 0.12483745, 0.35789474, 0.22900763]), array([0.39450442, 0.68385346, 0.37476099, 0.33065237, 0.37046467,
       0.13630406, 0.41641234, 0.15220294, 0.36305732, 0.25281602])]

estim_algorithm = ts-atc-model, mode = classification, metric = f1score, confidence_scores = max_class_probability-conf, class_specific = True
test err: [0.11922420795942686, 0.1157455838191683, 0.12203784603799406, 0.14920131632893854, 0.13683940919429158]
estimated metric: [array([0.18028171, 0.45240533, 0.26707531, 0.3478261 , 0.37051407,
       0.38961047, 0.46655232, 0.29090922, 0.20071687, 0.2439025 ]), array([0.17721522, 0.43809524, 0.26666667, 0.33755276, 0.37353256,
       0.38202254, 0.48537234, 0.2592594 , 0.13970591, 0.24347833]), array([0.21374048, 0.48255235, 0.25740898, 0.3908524 , 0.33201582,
       0.25316465, 0.48740688, 0.41791053, 0.19696973, 0.28800006]), array([0.20155041, 0.4534413 , 0.24901012, 0.37142858, 0.34257426,
       0.37037045, 0.48907104, 0.46875008, 0.1584906 , 0.29906549]), array([0.16713094, 0.45951418, 0.26094728, 0.37371665, 0.33928572,
       0.36144586, 0.44902163, 0.29850757, 0.14339626, 0.35772363])]
real metric: [array([0.371909  , 0.67257844, 0.36581709, 0.33273056, 0.39533377,
       0.12548015, 0.42337751, 0.12223667, 0.33617021, 0.27425614]), array([0.36212279, 0.66254296, 0.35439361, 0.30812325, 0.37323944,
       0.15458937, 0.44658261, 0.12637363, 0.37052632, 0.24420024]), array([0.39010466, 0.68417508, 0.38536762, 0.3538175 , 0.38614496,
       0.13333333, 0.44809507, 0.13368283, 0.36464088, 0.2757732 ]), array([0.37964775, 0.69966555, 0.35711617, 0.32727273, 0.36804191,
       0.15526316, 0.42759094, 0.12483745, 0.35789474, 0.22900763]), array([0.39450442, 0.68385346, 0.37476099, 0.33065237, 0.37046467,
       0.13630406, 0.41641234, 0.15220294, 0.36305732, 0.25281602])]

estim_algorithm = ts-atc-model, mode = classification, metric = f1score, confidence_scores = energy-conf, class_specific = False
test err: [0.2353479312077285, 0.23419459176324273, 0.23777521910816962, 0.2535159129829674, 0.24291558520527862]
estimated metric: [array([0.36455698, 0.5       , 0.47122441, 0.68750001, 0.55670103,
       0.72164951, 0.59610553, 0.55384622, 0.42138367, 0.54054057]), array([0.39106147, 0.50758342, 0.48070562, 0.61267606, 0.5471878 ,
       0.76923079, 0.60502143, 0.57575764, 0.3987342 , 0.54676262]), array([0.40454547, 0.56279509, 0.49120235, 0.65391305, 0.53979239,
       0.76785716, 0.60835509, 0.67500004, 0.41333335, 0.57333336]), array([0.37383179, 0.52224372, 0.47392638, 0.59753955, 0.54054054,
       0.83185842, 0.59689185, 0.67567572, 0.41558443, 0.56692917]), array([0.37931036, 0.5266215 , 0.49613601, 0.63212436, 0.5481353 ,
       0.7747748 , 0.60469426, 0.67441864, 0.38688527, 0.53623192])]
real metric: [array([0.371909  , 0.67257844, 0.36581709, 0.33273056, 0.39533377,
       0.12548015, 0.42337751, 0.12223667, 0.33617021, 0.27425614]), array([0.36212279, 0.66254296, 0.35439361, 0.30812325, 0.37323944,
       0.15458937, 0.44658261, 0.12637363, 0.37052632, 0.24420024]), array([0.39010466, 0.68417508, 0.38536762, 0.3538175 , 0.38614496,
       0.13333333, 0.44809507, 0.13368283, 0.36464088, 0.2757732 ]), array([0.37964775, 0.69966555, 0.35711617, 0.32727273, 0.36804191,
       0.15526316, 0.42759094, 0.12483745, 0.35789474, 0.22900763]), array([0.39450442, 0.68385346, 0.37476099, 0.33065237, 0.37046467,
       0.13630406, 0.41641234, 0.15220294, 0.36305732, 0.25281602])]

estim_algorithm = ts-atc-model, mode = classification, metric = f1score, confidence_scores = energy-conf, class_specific = True
test err: [0.1491999016611775, 0.15372884788035607, 0.18577907887531567, 0.1780216565509204, 0.1668975941711287]
estimated metric: [array([0.13832856, 0.35652175, 0.35289222, 0.53308824, 0.49056604,
       0.36842114, 0.39266451, 0.22641524, 0.1544118 , 0.20000007]), array([0.21671829, 0.34529149, 0.3464    , 0.51039698, 0.47752248,
       0.38202254, 0.39690359, 0.32142869, 0.08333337, 0.24347833]), array([0.22727275, 0.36870312, 0.3827112 , 0.56400743, 0.48201439,
       0.46666673, 0.4       , 0.46376819, 0.12598429, 0.15517249]), array([0.19689121, 0.37100214, 0.36348684, 0.52222223, 0.48506788,
       0.53333339, 0.38951584, 0.36666677, 0.07874019, 0.21568635]), array([0.1972603 , 0.35102926, 0.3729097 , 0.5112782 , 0.47262774,
       0.45454552, 0.39102564, 0.39436628, 0.10038614, 0.25862075])]
real metric: [array([0.371909  , 0.67257844, 0.36581709, 0.33273056, 0.39533377,
       0.12548015, 0.42337751, 0.12223667, 0.33617021, 0.27425614]), array([0.36212279, 0.66254296, 0.35439361, 0.30812325, 0.37323944,
       0.15458937, 0.44658261, 0.12637363, 0.37052632, 0.24420024]), array([0.39010466, 0.68417508, 0.38536762, 0.3538175 , 0.38614496,
       0.13333333, 0.44809507, 0.13368283, 0.36464088, 0.2757732 ]), array([0.37964775, 0.69966555, 0.35711617, 0.32727273, 0.36804191,
       0.15526316, 0.42759094, 0.12483745, 0.35789474, 0.22900763]), array([0.39450442, 0.68385346, 0.37476099, 0.33065237, 0.37046467,
       0.13630406, 0.41641234, 0.15220294, 0.36305732, 0.25281602])]

estim_algorithm = ts-atc-model, mode = classification, metric = f1score, confidence_scores = entropy-conf, class_specific = False
test err: [0.14154155038162092, 0.13524164717651146, 0.1570271148227719, 0.16514439963446642, 0.15523203862587107]
estimated metric: [array([0.45083934, 0.68062828, 0.37919738, 0.39112904, 0.36416748,
       0.52380958, 0.48833277, 0.45901648, 0.38585211, 0.65000002]), array([0.51928022, 0.69380531, 0.38641686, 0.36853003, 0.35243244,
       0.53061229, 0.49785691, 0.40677976, 0.44307694, 0.51470592]), array([0.47058825, 0.74938373, 0.39155921, 0.42682928, 0.32871288,
       0.44943826, 0.49912003, 0.58666672, 0.48888891, 0.61935486]), array([0.48034936, 0.70945946, 0.35740817, 0.40080162, 0.33928572,
       0.58064521, 0.50135502, 0.57971021, 0.46056784, 0.61068705]), array([0.49771691, 0.72208229, 0.38170478, 0.40963857, 0.3359841 ,
       0.58333338, 0.47054841, 0.45945953, 0.4814815 , 0.61643838])]
real metric: [array([0.371909  , 0.67257844, 0.36581709, 0.33273056, 0.39533377,
       0.12548015, 0.42337751, 0.12223667, 0.33617021, 0.27425614]), array([0.36212279, 0.66254296, 0.35439361, 0.30812325, 0.37323944,
       0.15458937, 0.44658261, 0.12637363, 0.37052632, 0.24420024]), array([0.39010466, 0.68417508, 0.38536762, 0.3538175 , 0.38614496,
       0.13333333, 0.44809507, 0.13368283, 0.36464088, 0.2757732 ]), array([0.37964775, 0.69966555, 0.35711617, 0.32727273, 0.36804191,
       0.15526316, 0.42759094, 0.12483745, 0.35789474, 0.22900763]), array([0.39450442, 0.68385346, 0.37476099, 0.33065237, 0.37046467,
       0.13630406, 0.41641234, 0.15220294, 0.36305732, 0.25281602])]

estim_algorithm = ts-atc-model, mode = classification, metric = f1score, confidence_scores = entropy-conf, class_specific = True
test err: [0.10884140063659395, 0.11734321977468884, 0.1353387984220688, 0.14555252889272569, 0.13923701506729702]
estimated metric: [array([0.14899716, 0.44123712, 0.26098419, 0.34439835, 0.34319527,
       0.32432442, 0.43596921, 0.19230785, 0.1544118 , 0.27200006]), array([0.15974444, 0.41970022, 0.25863522, 0.31982944, 0.33624455,
       0.32558147, 0.44345747, 0.22641524, 0.10486895, 0.28813565]), array([0.20918369, 0.45951418, 0.26035503, 0.40082646, 0.31368632,
       0.35714293, 0.44719592, 0.39393949, 0.14785996, 0.27419361]), array([0.18276765, 0.43442624, 0.24901012, 0.3580247 , 0.32767233,
       0.40963863, 0.43176179, 0.39344272, 0.10852717, 0.26666674]), array([0.17222225, 0.44216991, 0.26404996, 0.38367348, 0.3209629 ,
       0.32098774, 0.41027446, 0.32352951, 0.11494256, 0.35772363])]
real metric: [array([0.371909  , 0.67257844, 0.36581709, 0.33273056, 0.39533377,
       0.12548015, 0.42337751, 0.12223667, 0.33617021, 0.27425614]), array([0.36212279, 0.66254296, 0.35439361, 0.30812325, 0.37323944,
       0.15458937, 0.44658261, 0.12637363, 0.37052632, 0.24420024]), array([0.39010466, 0.68417508, 0.38536762, 0.3538175 , 0.38614496,
       0.13333333, 0.44809507, 0.13368283, 0.36464088, 0.2757732 ]), array([0.37964775, 0.69966555, 0.35711617, 0.32727273, 0.36804191,
       0.15526316, 0.42759094, 0.12483745, 0.35789474, 0.22900763]), array([0.39450442, 0.68385346, 0.37476099, 0.33065237, 0.37046467,
       0.13630406, 0.41641234, 0.15220294, 0.36305732, 0.25281602])]

estim_algorithm = ts-atc-model, mode = classification, metric = f1score, confidence_scores = doctor-conf, class_specific = False
test err: [0.13300147146584462, 0.12988700709318063, 0.14271377613496491, 0.15494700899883843, 0.1428208109929388]
estimated metric: [array([0.42053791, 0.66076174, 0.35699461, 0.37474543, 0.35455436,
       0.54117652, 0.47907452, 0.45901648, 0.36482087, 0.61538464]), array([0.49214661, 0.6786034 , 0.36471519, 0.35833335, 0.34886241,
       0.56000004, 0.48838753, 0.40677976, 0.41875002, 0.53623192]), array([0.45714287, 0.71993272, 0.37633136, 0.41067763, 0.32039802,
       0.46666673, 0.49222065, 0.52777784, 0.46945339, 0.59210529]), array([0.45676276, 0.69065981, 0.34235735, 0.39112904, 0.3359841 ,
       0.59574472, 0.47867951, 0.55882359, 0.43589745, 0.57812503]), array([0.46261683, 0.6991453 , 0.36264199, 0.40643864, 0.3226453 ,
       0.55319154, 0.45749403, 0.45945953, 0.45283021, 0.60689658])]
real metric: [array([0.371909  , 0.67257844, 0.36581709, 0.33273056, 0.39533377,
       0.12548015, 0.42337751, 0.12223667, 0.33617021, 0.27425614]), array([0.36212279, 0.66254296, 0.35439361, 0.30812325, 0.37323944,
       0.15458937, 0.44658261, 0.12637363, 0.37052632, 0.24420024]), array([0.39010466, 0.68417508, 0.38536762, 0.3538175 , 0.38614496,
       0.13333333, 0.44809507, 0.13368283, 0.36464088, 0.2757732 ]), array([0.37964775, 0.69966555, 0.35711617, 0.32727273, 0.36804191,
       0.15526316, 0.42759094, 0.12483745, 0.35789474, 0.22900763]), array([0.39450442, 0.68385346, 0.37476099, 0.33065237, 0.37046467,
       0.13630406, 0.41641234, 0.15220294, 0.36305732, 0.25281602])]

estim_algorithm = ts-atc-model, mode = classification, metric = f1score, confidence_scores = doctor-conf, class_specific = True
test err: [0.11040915099164572, 0.11817610044346223, 0.13504811396371436, 0.14357038583626047, 0.13817883447856608]
estimated metric: [array([0.13832856, 0.43640125, 0.26631625, 0.34095635, 0.35777127,
       0.32432442, 0.43815514, 0.19230785, 0.16117219, 0.2439025 ]), array([0.15384618, 0.41290323, 0.25569621, 0.33403807, 0.35775863,
       0.32558147, 0.44345747, 0.22641524, 0.10486895, 0.28813565]), array([0.20918369, 0.4610718 , 0.26621736, 0.41393444, 0.33036598,
       0.37647066, 0.4477612 , 0.36923087, 0.14785996, 0.26016266]), array([0.18276765, 0.42311662, 0.25131811, 0.3580247 , 0.34584981,
       0.40963863, 0.42841918, 0.39344272, 0.11583015, 0.26666674]), array([0.1620112 , 0.43897436, 0.26016987, 0.40322582, 0.32934132,
       0.32098774, 0.41083363, 0.29850757, 0.11494256, 0.34426235])]
real metric: [array([0.371909  , 0.67257844, 0.36581709, 0.33273056, 0.39533377,
       0.12548015, 0.42337751, 0.12223667, 0.33617021, 0.27425614]), array([0.36212279, 0.66254296, 0.35439361, 0.30812325, 0.37323944,
       0.15458937, 0.44658261, 0.12637363, 0.37052632, 0.24420024]), array([0.39010466, 0.68417508, 0.38536762, 0.3538175 , 0.38614496,
       0.13333333, 0.44809507, 0.13368283, 0.36464088, 0.2757732 ]), array([0.37964775, 0.69966555, 0.35711617, 0.32727273, 0.36804191,
       0.15526316, 0.42759094, 0.12483745, 0.35789474, 0.22900763]), array([0.39450442, 0.68385346, 0.37476099, 0.33065237, 0.37046467,
       0.13630406, 0.41641234, 0.15220294, 0.36305732, 0.25281602])]

