estim_algorithm = ac-model, mode = classification, metric = f1score, confidence_scores = max_class_probability-conf, class_specific = False
test err: [0.46176933596970093, 0.4703999735261403, 0.4617787628997164, 0.47060560640534277, 0.47252720575237]
estimated metric: [array([0.93275092, 0.94842147, 0.9133852 , 0.91629358, 0.90006969,
       0.86179139, 0.90429597, 0.90027977, 0.89118928, 0.87867127]), array([0.93422663, 0.94955362, 0.91367916, 0.91734936, 0.89251459,
       0.86950507, 0.88923615, 0.90584113, 0.88272665, 0.88362109]), array([0.93312337, 0.9487554 , 0.91597969, 0.9164368 , 0.906022  ,
       0.87924565, 0.90422745, 0.90047205, 0.89344187, 0.8493127 ]), array([0.93733291, 0.95043134, 0.90831242, 0.9189177 , 0.89482686,
       0.87122494, 0.87173028, 0.92177881, 0.89134049, 0.88739695]), array([0.93610965, 0.94996835, 0.91597747, 0.91815686, 0.89291061,
       0.87289532, 0.88156237, 0.91091538, 0.89312673, 0.87193717])]
real metric: [array([0.61872025, 0.75783856, 0.48415716, 0.36487945, 0.53580902,
       0.39008621, 0.24036281, 0.43219405, 0.43628014, 0.16912752]), array([0.62391858, 0.73004354, 0.48974359, 0.38523163, 0.5963521 ,
       0.30564784, 0.27707809, 0.41865757, 0.39763314, 0.10994764]), array([0.61703267, 0.76413793, 0.49674902, 0.38520055, 0.59271523,
       0.33074362, 0.22168088, 0.45838084, 0.43086817, 0.13172043]), array([0.59556037, 0.76368676, 0.46752137, 0.39258223, 0.58453696,
       0.33191489, 0.23220974, 0.42161017, 0.40864865, 0.14896552]), array([0.62886598, 0.75      , 0.47631352, 0.39452991, 0.55565142,
       0.35379813, 0.22222222, 0.41546961, 0.40182648, 0.11961057])]

estim_algorithm = ac-model, mode = classification, metric = f1score, confidence_scores = energy-conf, class_specific = False
test err: [0.14348097438402058, 0.15020191657056683, 0.1591744996156717, 0.15048122280249118, 0.14829249759987642]
estimated metric: [array([0.35237949, 0.38747689, 0.37789479, 0.33755034, 0.36844366,
       0.3817239 , 0.37366797, 0.3674464 , 0.31526288, 0.33884561]), array([0.3533979 , 0.37393008, 0.37433779, 0.33892688, 0.3620345 ,
       0.38461844, 0.3572633 , 0.39558471, 0.31367243, 0.32311518]), array([0.3514932 , 0.38249957, 0.37834218, 0.33621268, 0.36763798,
       0.37875357, 0.36484439, 0.37984243, 0.3187579 , 0.30199348]), array([0.35504527, 0.38620727, 0.36758782, 0.33905986, 0.36127937,
       0.40016452, 0.34049701, 0.39633981, 0.3147036 , 0.36331734]), array([0.35477038, 0.3897182 , 0.36965219, 0.33991677, 0.36155672,
       0.37710781, 0.35318047, 0.38286976, 0.30969682, 0.33379153])]
real metric: [array([0.61872025, 0.75783856, 0.48415716, 0.36487945, 0.53580902,
       0.39008621, 0.24036281, 0.43219405, 0.43628014, 0.16912752]), array([0.62391858, 0.73004354, 0.48974359, 0.38523163, 0.5963521 ,
       0.30564784, 0.27707809, 0.41865757, 0.39763314, 0.10994764]), array([0.61703267, 0.76413793, 0.49674902, 0.38520055, 0.59271523,
       0.33074362, 0.22168088, 0.45838084, 0.43086817, 0.13172043]), array([0.59556037, 0.76368676, 0.46752137, 0.39258223, 0.58453696,
       0.33191489, 0.23220974, 0.42161017, 0.40864865, 0.14896552]), array([0.62886598, 0.75      , 0.47631352, 0.39452991, 0.55565142,
       0.35379813, 0.22222222, 0.41546961, 0.40182648, 0.11961057])]

estim_algorithm = ac-model, mode = classification, metric = f1score, confidence_scores = entropy-conf, class_specific = False
test err: [0.4491162548957945, 0.4570643678386504, 0.44785835511793515, 0.45826488840723345, 0.45955360952720187]
estimated metric: [array([0.92092041, 0.93742365, 0.90297949, 0.89983633, 0.8872449 ,
       0.86071099, 0.89165259, 0.87976906, 0.87841585, 0.86166444]), array([0.92211539, 0.93567254, 0.90246722, 0.9014648 , 0.87902917,
       0.86412461, 0.87618242, 0.8910748 , 0.86897448, 0.86379195]), array([0.92095863, 0.93637857, 0.90399115, 0.8999233 , 0.89301159,
       0.8692739 , 0.8863464 , 0.88086067, 0.88225771, 0.83481097]), array([0.92431027, 0.93815804, 0.89653011, 0.9013434 , 0.88301323,
       0.87199311, 0.85715613, 0.90439325, 0.87983345, 0.87315454]), array([0.92415362, 0.93687611, 0.90270893, 0.90122035, 0.88162092,
       0.8625368 , 0.87044888, 0.89144709, 0.88039948, 0.86241179])]
real metric: [array([0.61872025, 0.75783856, 0.48415716, 0.36487945, 0.53580902,
       0.39008621, 0.24036281, 0.43219405, 0.43628014, 0.16912752]), array([0.62391858, 0.73004354, 0.48974359, 0.38523163, 0.5963521 ,
       0.30564784, 0.27707809, 0.41865757, 0.39763314, 0.10994764]), array([0.61703267, 0.76413793, 0.49674902, 0.38520055, 0.59271523,
       0.33074362, 0.22168088, 0.45838084, 0.43086817, 0.13172043]), array([0.59556037, 0.76368676, 0.46752137, 0.39258223, 0.58453696,
       0.33191489, 0.23220974, 0.42161017, 0.40864865, 0.14896552]), array([0.62886598, 0.75      , 0.47631352, 0.39452991, 0.55565142,
       0.35379813, 0.22222222, 0.41546961, 0.40182648, 0.11961057])]

estim_algorithm = ac-model, mode = classification, metric = f1score, confidence_scores = doctor-conf, class_specific = False
test err: [0.5120520713431096, 0.5206535005844545, 0.5119475337236712, 0.5212003287818721, 0.5229823534261024]
estimated metric: [array([0.96820029, 0.97504136, 0.96013367, 0.96134224, 0.95354528,
       0.93808631, 0.9569761 , 0.94926964, 0.9487256 , 0.9386554 ]), array([0.96895286, 0.97507872, 0.9602296 , 0.96150971, 0.95052497,
       0.93997575, 0.94587495, 0.95180683, 0.94430382, 0.94253151]), array([0.9678273 , 0.97526644, 0.96161255, 0.96081963, 0.95519203,
       0.94553397, 0.95642109, 0.94886721, 0.95109796, 0.9260665 ]), array([0.9705328 , 0.97642482, 0.9574578 , 0.96215009, 0.95177256,
       0.94395704, 0.93940189, 0.96258832, 0.94989309, 0.94506153]), array([0.97072699, 0.97488514, 0.96083561, 0.96207509, 0.94847616,
       0.94047342, 0.94266158, 0.95709541, 0.9517706 , 0.93911139])]
real metric: [array([0.61872025, 0.75783856, 0.48415716, 0.36487945, 0.53580902,
       0.39008621, 0.24036281, 0.43219405, 0.43628014, 0.16912752]), array([0.62391858, 0.73004354, 0.48974359, 0.38523163, 0.5963521 ,
       0.30564784, 0.27707809, 0.41865757, 0.39763314, 0.10994764]), array([0.61703267, 0.76413793, 0.49674902, 0.38520055, 0.59271523,
       0.33074362, 0.22168088, 0.45838084, 0.43086817, 0.13172043]), array([0.59556037, 0.76368676, 0.46752137, 0.39258223, 0.58453696,
       0.33191489, 0.23220974, 0.42161017, 0.40864865, 0.14896552]), array([0.62886598, 0.75      , 0.47631352, 0.39452991, 0.55565142,
       0.35379813, 0.22222222, 0.41546961, 0.40182648, 0.11961057])]

estim_algorithm = ts-model, mode = classification, metric = f1score, confidence_scores = max_class_probability-conf, class_specific = False
test err: [0.3115198152297983, 0.31918753646742754, 0.30766992854243996, 0.3208603223813774, 0.3207937913667821]
estimated metric: [array([0.79762924, 0.83260026, 0.77450819, 0.75055477, 0.74600367,
       0.71587574, 0.74708011, 0.73776483, 0.73044087, 0.71219563]), array([0.79897244, 0.82372539, 0.77312751, 0.75365619, 0.73336917,
       0.72474425, 0.73123849, 0.76034298, 0.72446373, 0.70248893]), array([0.79857127, 0.82872838, 0.77538939, 0.75172853, 0.75112646,
       0.72638771, 0.73710858, 0.74054877, 0.7317978 , 0.66454174]), array([0.80189478, 0.83161457, 0.76346496, 0.75282424, 0.73583267,
       0.73428384, 0.70230805, 0.7730419 , 0.73056948, 0.73000538]), array([0.80099694, 0.83296317, 0.77093909, 0.75241303, 0.73705546,
       0.71924102, 0.7235997 , 0.75290316, 0.72486916, 0.71124504])]
real metric: [array([0.61872025, 0.75783856, 0.48415716, 0.36487945, 0.53580902,
       0.39008621, 0.24036281, 0.43219405, 0.43628014, 0.16912752]), array([0.62391858, 0.73004354, 0.48974359, 0.38523163, 0.5963521 ,
       0.30564784, 0.27707809, 0.41865757, 0.39763314, 0.10994764]), array([0.61703267, 0.76413793, 0.49674902, 0.38520055, 0.59271523,
       0.33074362, 0.22168088, 0.45838084, 0.43086817, 0.13172043]), array([0.59556037, 0.76368676, 0.46752137, 0.39258223, 0.58453696,
       0.33191489, 0.23220974, 0.42161017, 0.40864865, 0.14896552]), array([0.62886598, 0.75      , 0.47631352, 0.39452991, 0.55565142,
       0.35379813, 0.22222222, 0.41546961, 0.40182648, 0.11961057])]

estim_algorithm = ts-model, mode = classification, metric = f1score, confidence_scores = max_class_probability-conf, class_specific = True
test err: [0.2038726765323659, 0.20950630303041784, 0.2025154596716272, 0.21010460342838697, 0.2122393101787469]
estimated metric: [array([0.59411883, 0.66205157, 0.68740945, 0.66042451, 0.72449053,
       0.5918853 , 0.70287454, 0.62609686, 0.45736379, 0.52068971]), array([0.59553555, 0.64767594, 0.68508344, 0.66349114, 0.71176258,
       0.60066735, 0.68772861, 0.65351231, 0.45780589, 0.50455267]), array([0.59399393, 0.65577564, 0.68812087, 0.66124814, 0.72898283,
       0.59742966, 0.69183163, 0.63234678, 0.46298626, 0.47886615]), array([0.5981619 , 0.65931461, 0.67518116, 0.66225719, 0.71382324,
       0.61235002, 0.65934736, 0.66092604, 0.4587123 , 0.53946456]), array([0.59701818, 0.66496552, 0.68123619, 0.66225179, 0.71525885,
       0.59267528, 0.6802191 , 0.64329428, 0.45151635, 0.51848087])]
real metric: [array([0.61872025, 0.75783856, 0.48415716, 0.36487945, 0.53580902,
       0.39008621, 0.24036281, 0.43219405, 0.43628014, 0.16912752]), array([0.62391858, 0.73004354, 0.48974359, 0.38523163, 0.5963521 ,
       0.30564784, 0.27707809, 0.41865757, 0.39763314, 0.10994764]), array([0.61703267, 0.76413793, 0.49674902, 0.38520055, 0.59271523,
       0.33074362, 0.22168088, 0.45838084, 0.43086817, 0.13172043]), array([0.59556037, 0.76368676, 0.46752137, 0.39258223, 0.58453696,
       0.33191489, 0.23220974, 0.42161017, 0.40864865, 0.14896552]), array([0.62886598, 0.75      , 0.47631352, 0.39452991, 0.55565142,
       0.35379813, 0.22222222, 0.41546961, 0.40182648, 0.11961057])]

estim_algorithm = ts-model, mode = classification, metric = f1score, confidence_scores = energy-conf, class_specific = False
test err: [0.3897711545881831, 0.39894244227231396, 0.3893491136170524, 0.39835545119721283, 0.4004943971337962]
estimated metric: [array([0.82588405, 0.8298291 , 0.83413899, 0.82943496, 0.83581345,
       0.84000981, 0.83746474, 0.8379083 , 0.82450438, 0.83217893]), array([0.82594193, 0.82836058, 0.8335942 , 0.82940159, 0.83555895,
       0.8399933 , 0.83489144, 0.8418199 , 0.82440254, 0.82971369]), array([0.82562267, 0.82936666, 0.83426337, 0.82906542, 0.83560439,
       0.83900248, 0.83647307, 0.84031186, 0.82502762, 0.82798295]), array([0.82603377, 0.829804  , 0.83305027, 0.82971975, 0.8353989 ,
       0.84231842, 0.83344077, 0.84129348, 0.8242791 , 0.83545271]), array([0.82597476, 0.8301679 , 0.83308294, 0.82989867, 0.8351446 ,
       0.83919925, 0.83457201, 0.83993984, 0.82407195, 0.8311799 ])]
real metric: [array([0.61872025, 0.75783856, 0.48415716, 0.36487945, 0.53580902,
       0.39008621, 0.24036281, 0.43219405, 0.43628014, 0.16912752]), array([0.62391858, 0.73004354, 0.48974359, 0.38523163, 0.5963521 ,
       0.30564784, 0.27707809, 0.41865757, 0.39763314, 0.10994764]), array([0.61703267, 0.76413793, 0.49674902, 0.38520055, 0.59271523,
       0.33074362, 0.22168088, 0.45838084, 0.43086817, 0.13172043]), array([0.59556037, 0.76368676, 0.46752137, 0.39258223, 0.58453696,
       0.33191489, 0.23220974, 0.42161017, 0.40864865, 0.14896552]), array([0.62886598, 0.75      , 0.47631352, 0.39452991, 0.55565142,
       0.35379813, 0.22222222, 0.41546961, 0.40182648, 0.11961057])]

estim_algorithm = ts-model, mode = classification, metric = f1score, confidence_scores = energy-conf, class_specific = True
test err: [0.25913270944479344, 0.26812161677573154, 0.25824087997643563, 0.2684946492287282, 0.2695824638953578]
estimated metric: [array([0.66605384, 0.77481425, 0.75427823, 0.68356308, 0.8172705 ,
       0.66739227, 0.80146358, 0.73038043, 0.51315875, 0.61240734]), array([0.66617309, 0.77293135, 0.75350416, 0.68355819, 0.81698583,
       0.66759618, 0.79853355, 0.73646602, 0.51326075, 0.60646076]), array([0.66555296, 0.77419753, 0.75443054, 0.68294813, 0.81704146,
       0.6655757 , 0.80031845, 0.73404904, 0.5153287 , 0.60219564]), array([0.66639175, 0.77477021, 0.75274291, 0.68400965, 0.81680952,
       0.67220732, 0.79684851, 0.73562945, 0.51271449, 0.62005934]), array([0.66626146, 0.77525417, 0.75279225, 0.6843408 , 0.81654605,
       0.66592882, 0.79815829, 0.73356955, 0.51120109, 0.61006002])]
real metric: [array([0.61872025, 0.75783856, 0.48415716, 0.36487945, 0.53580902,
       0.39008621, 0.24036281, 0.43219405, 0.43628014, 0.16912752]), array([0.62391858, 0.73004354, 0.48974359, 0.38523163, 0.5963521 ,
       0.30564784, 0.27707809, 0.41865757, 0.39763314, 0.10994764]), array([0.61703267, 0.76413793, 0.49674902, 0.38520055, 0.59271523,
       0.33074362, 0.22168088, 0.45838084, 0.43086817, 0.13172043]), array([0.59556037, 0.76368676, 0.46752137, 0.39258223, 0.58453696,
       0.33191489, 0.23220974, 0.42161017, 0.40864865, 0.14896552]), array([0.62886598, 0.75      , 0.47631352, 0.39452991, 0.55565142,
       0.35379813, 0.22222222, 0.41546961, 0.40182648, 0.11961057])]

estim_algorithm = ts-model, mode = classification, metric = f1score, confidence_scores = entropy-conf, class_specific = False
test err: [0.3125906229987606, 0.31983361200507926, 0.30774805102424857, 0.3227346659005242, 0.3206087014601308]
estimated metric: [array([0.79203586, 0.82205869, 0.77503041, 0.74352079, 0.75174212,
       0.74013538, 0.75289796, 0.73357864, 0.73031338, 0.71404817]), array([0.79317319, 0.81056507, 0.77298062, 0.74674987, 0.74043156,
       0.74502602, 0.73545883, 0.75998787, 0.72349732, 0.70471949]), array([0.79307165, 0.81792196, 0.77526166, 0.74418729, 0.7541506 ,
       0.74255829, 0.74208322, 0.73764774, 0.72919196, 0.67063549]), array([0.79524307, 0.82140514, 0.76318723, 0.74495827, 0.74196398,
       0.76017974, 0.70830931, 0.77034084, 0.73025436, 0.73874136]), array([0.79596779, 0.8207875 , 0.76861418, 0.74484813, 0.74339057,
       0.73555628, 0.72965186, 0.74803385, 0.72382202, 0.71370268])]
real metric: [array([0.61872025, 0.75783856, 0.48415716, 0.36487945, 0.53580902,
       0.39008621, 0.24036281, 0.43219405, 0.43628014, 0.16912752]), array([0.62391858, 0.73004354, 0.48974359, 0.38523163, 0.5963521 ,
       0.30564784, 0.27707809, 0.41865757, 0.39763314, 0.10994764]), array([0.61703267, 0.76413793, 0.49674902, 0.38520055, 0.59271523,
       0.33074362, 0.22168088, 0.45838084, 0.43086817, 0.13172043]), array([0.59556037, 0.76368676, 0.46752137, 0.39258223, 0.58453696,
       0.33191489, 0.23220974, 0.42161017, 0.40864865, 0.14896552]), array([0.62886598, 0.75      , 0.47631352, 0.39452991, 0.55565142,
       0.35379813, 0.22222222, 0.41546961, 0.40182648, 0.11961057])]

estim_algorithm = ts-model, mode = classification, metric = f1score, confidence_scores = entropy-conf, class_specific = True
test err: [0.2101482043204798, 0.20796786280258123, 0.20483464517480288, 0.2120306452918644, 0.21162037658410654]
estimated metric: [array([0.5647373 , 0.62159546, 0.68625225, 0.65378097, 0.73356282,
       0.60247836, 0.70793071, 0.61794828, 0.38982263, 0.47946131]), array([0.56675763, 0.60130866, 0.6832861 , 0.65702263, 0.72210698,
       0.60831545, 0.69012798, 0.65109267, 0.39171637, 0.45857268]), array([0.5648346 , 0.61417977, 0.686526  , 0.65402926, 0.73533622,
       0.60065339, 0.69597592, 0.62688613, 0.3952607 , 0.42836641]), array([0.56927323, 0.61845717, 0.67245013, 0.65526977, 0.72316937,
       0.62623029, 0.66281921, 0.65660881, 0.38963289, 0.51256724]), array([0.56890298, 0.62464181, 0.67666567, 0.65523985, 0.72478157,
       0.5962169 , 0.68425867, 0.63560817, 0.37984804, 0.47372869])]
real metric: [array([0.61872025, 0.75783856, 0.48415716, 0.36487945, 0.53580902,
       0.39008621, 0.24036281, 0.43219405, 0.43628014, 0.16912752]), array([0.62391858, 0.73004354, 0.48974359, 0.38523163, 0.5963521 ,
       0.30564784, 0.27707809, 0.41865757, 0.39763314, 0.10994764]), array([0.61703267, 0.76413793, 0.49674902, 0.38520055, 0.59271523,
       0.33074362, 0.22168088, 0.45838084, 0.43086817, 0.13172043]), array([0.59556037, 0.76368676, 0.46752137, 0.39258223, 0.58453696,
       0.33191489, 0.23220974, 0.42161017, 0.40864865, 0.14896552]), array([0.62886598, 0.75      , 0.47631352, 0.39452991, 0.55565142,
       0.35379813, 0.22222222, 0.41546961, 0.40182648, 0.11961057])]

estim_algorithm = ts-model, mode = classification, metric = f1score, confidence_scores = doctor-conf, class_specific = False
test err: [0.31005149064020376, 0.3162767291230029, 0.3046253968528655, 0.3214952369067419, 0.31628133538011405]
estimated metric: [array([0.78016137, 0.80312437, 0.77138506, 0.73704436, 0.7591865 ,
       0.75877552, 0.76363289, 0.73130518, 0.71629392, 0.70906091]), array([0.78163542, 0.79102055, 0.76889642, 0.74033947, 0.74808531,
       0.75914652, 0.73728941, 0.76182177, 0.70363746, 0.70514868]), array([0.78123551, 0.79991161, 0.77210333, 0.73689576, 0.76064747,
       0.75749323, 0.75456938, 0.73833892, 0.71333268, 0.66095544]), array([0.78355902, 0.80452906, 0.75810724, 0.73885054, 0.75025307,
       0.78101011, 0.70949777, 0.77551994, 0.71550984, 0.74535242]), array([0.78650692, 0.80055719, 0.76341544, 0.73828836, 0.74943542,
       0.74910978, 0.73296007, 0.74860787, 0.71126373, 0.70095642])]
real metric: [array([0.61872025, 0.75783856, 0.48415716, 0.36487945, 0.53580902,
       0.39008621, 0.24036281, 0.43219405, 0.43628014, 0.16912752]), array([0.62391858, 0.73004354, 0.48974359, 0.38523163, 0.5963521 ,
       0.30564784, 0.27707809, 0.41865757, 0.39763314, 0.10994764]), array([0.61703267, 0.76413793, 0.49674902, 0.38520055, 0.59271523,
       0.33074362, 0.22168088, 0.45838084, 0.43086817, 0.13172043]), array([0.59556037, 0.76368676, 0.46752137, 0.39258223, 0.58453696,
       0.33191489, 0.23220974, 0.42161017, 0.40864865, 0.14896552]), array([0.62886598, 0.75      , 0.47631352, 0.39452991, 0.55565142,
       0.35379813, 0.22222222, 0.41546961, 0.40182648, 0.11961057])]

estim_algorithm = ts-model, mode = classification, metric = f1score, confidence_scores = doctor-conf, class_specific = True
test err: [0.21796975062858595, 0.21314152447104076, 0.20818203063765162, 0.22381838201130613, 0.21977036187725402]
estimated metric: [array([0.52619348, 0.57074552, 0.67961059, 0.64828018, 0.74391602,
       0.59589979, 0.71035482, 0.59231902, 0.27370541, 0.38373875]), array([0.52835126, 0.54276984, 0.6756406 , 0.65188782, 0.73231442,
       0.59783714, 0.68216971, 0.63536334, 0.28121237, 0.33959888]), array([0.52709277, 0.5619545 , 0.67937176, 0.64790123, 0.74504758,
       0.5900186 , 0.69972431, 0.60214355, 0.27041306, 0.28222543]), array([0.531797  , 0.56671377, 0.66178556, 0.65055252, 0.73437451,
       0.62655327, 0.65050795, 0.64640845, 0.25993084, 0.43788825]), array([0.53221441, 0.57293119, 0.6674614 , 0.64939069, 0.73363911,
       0.58178105, 0.67703367, 0.61206019, 0.24674443, 0.38513046])]
real metric: [array([0.61872025, 0.75783856, 0.48415716, 0.36487945, 0.53580902,
       0.39008621, 0.24036281, 0.43219405, 0.43628014, 0.16912752]), array([0.62391858, 0.73004354, 0.48974359, 0.38523163, 0.5963521 ,
       0.30564784, 0.27707809, 0.41865757, 0.39763314, 0.10994764]), array([0.61703267, 0.76413793, 0.49674902, 0.38520055, 0.59271523,
       0.33074362, 0.22168088, 0.45838084, 0.43086817, 0.13172043]), array([0.59556037, 0.76368676, 0.46752137, 0.39258223, 0.58453696,
       0.33191489, 0.23220974, 0.42161017, 0.40864865, 0.14896552]), array([0.62886598, 0.75      , 0.47631352, 0.39452991, 0.55565142,
       0.35379813, 0.22222222, 0.41546961, 0.40182648, 0.11961057])]

estim_algorithm = doc-model, mode = classification, metric = f1score, confidence_scores = max_class_probability-conf, class_specific = False
test err: [0.35383561830264787, 0.3622821450910065, 0.3538289469543775, 0.36279029179747535, 0.3645125701306421]
estimated metric: [array([0.83058781, 0.8493757 , 0.80729658, 0.81079967, 0.79123489,
       0.74484704, 0.79633696, 0.7914886 , 0.78050158, 0.76534251]), array([0.83235934, 0.85073102, 0.80765074, 0.81207089, 0.7821045 ,
       0.7542207 , 0.77813864, 0.79820136, 0.77025724, 0.77134074]), array([0.83103496, 0.84977548, 0.81042169, 0.81097214, 0.79841955,
       0.76603882, 0.79625428, 0.79172079, 0.7832258 , 0.7296553 ]), array([0.83608676, 0.85178158, 0.80118213, 0.81395881, 0.78490022,
       0.75630891, 0.75692236, 0.81740156, 0.78068449, 0.77591276]), array([0.83461914, 0.85122744, 0.81041902, 0.813043  , 0.78258341,
       0.7583364 , 0.76884662, 0.80432029, 0.78284475, 0.75717349])]
real metric: [array([0.61872025, 0.75783856, 0.48415716, 0.36487945, 0.53580902,
       0.39008621, 0.24036281, 0.43219405, 0.43628014, 0.16912752]), array([0.62391858, 0.73004354, 0.48974359, 0.38523163, 0.5963521 ,
       0.30564784, 0.27707809, 0.41865757, 0.39763314, 0.10994764]), array([0.61703267, 0.76413793, 0.49674902, 0.38520055, 0.59271523,
       0.33074362, 0.22168088, 0.45838084, 0.43086817, 0.13172043]), array([0.59556037, 0.76368676, 0.46752137, 0.39258223, 0.58453696,
       0.33191489, 0.23220974, 0.42161017, 0.40864865, 0.14896552]), array([0.62886598, 0.75      , 0.47631352, 0.39452991, 0.55565142,
       0.35379813, 0.22222222, 0.41546961, 0.40182648, 0.11961057])]

estim_algorithm = doc-model, mode = classification, metric = f1score, confidence_scores = max_class_probability-conf, class_specific = True
test err: [0.22887889654494087, 0.23740152748909607, 0.2282548488426977, 0.23873088832434988, 0.23975248281101522]
estimated metric: [array([0.66236926, 0.78823226, 0.72075228, 0.6870516 , 0.77260552,
       0.59384928, 0.75281668, 0.67757763, 0.49991614, 0.56307349]), array([0.66501371, 0.78973535, 0.72115174, 0.6886258 , 0.76319044,
       0.60532151, 0.7332679 , 0.68577107, 0.48396787, 0.57222359]), array([0.66330594, 0.78867566, 0.72433878, 0.68725222, 0.78001267,
       0.62020272, 0.75272791, 0.67793341, 0.50388803, 0.51344051]), array([0.66962768, 0.79090033, 0.71370763, 0.69091677, 0.76607356,
       0.6079382 , 0.7104502 , 0.70844636, 0.4994692 , 0.57701561]), array([0.66767007, 0.79028585, 0.7243357 , 0.68978947, 0.76368433,
       0.61062631, 0.7232781 , 0.69282774, 0.50186355, 0.55145156])]
real metric: [array([0.61872025, 0.75783856, 0.48415716, 0.36487945, 0.53580902,
       0.39008621, 0.24036281, 0.43219405, 0.43628014, 0.16912752]), array([0.62391858, 0.73004354, 0.48974359, 0.38523163, 0.5963521 ,
       0.30564784, 0.27707809, 0.41865757, 0.39763314, 0.10994764]), array([0.61703267, 0.76413793, 0.49674902, 0.38520055, 0.59271523,
       0.33074362, 0.22168088, 0.45838084, 0.43086817, 0.13172043]), array([0.59556037, 0.76368676, 0.46752137, 0.39258223, 0.58453696,
       0.33191489, 0.23220974, 0.42161017, 0.40864865, 0.14896552]), array([0.62886598, 0.75      , 0.47631352, 0.39452991, 0.55565142,
       0.35379813, 0.22222222, 0.41546961, 0.40182648, 0.11961057])]

estim_algorithm = doc-model, mode = classification, metric = f1score, confidence_scores = energy-conf, class_specific = False
test err: [0.34834969794923404, 0.35659605060917265, 0.34619113708857774, 0.35780177436354577, 0.35789306526777787]
estimated metric: [array([0.78722353, 0.80543157, 0.80037106, 0.77925095, 0.79596835,
       0.80327043, 0.79887056, 0.79528705, 0.76729649, 0.77998216]), array([0.78785001, 0.7980302 , 0.79876445, 0.780018  , 0.79253685,
       0.80484311, 0.78994604, 0.81024901, 0.76645814, 0.7715184 ]), array([0.78680353, 0.80298233, 0.80054735, 0.77850564, 0.79549775,
       0.80139613, 0.79406448, 0.80194154, 0.76918151, 0.76022046]), array([0.78874299, 0.80458661, 0.79465939, 0.78009774, 0.7920518 ,
       0.81329046, 0.78087316, 0.81070816, 0.76700999, 0.79323408]), array([0.78858049, 0.80698512, 0.79573581, 0.78044751, 0.79226424,
       0.80073521, 0.78773217, 0.8031476 , 0.76433219, 0.77725816])]
real metric: [array([0.61872025, 0.75783856, 0.48415716, 0.36487945, 0.53580902,
       0.39008621, 0.24036281, 0.43219405, 0.43628014, 0.16912752]), array([0.62391858, 0.73004354, 0.48974359, 0.38523163, 0.5963521 ,
       0.30564784, 0.27707809, 0.41865757, 0.39763314, 0.10994764]), array([0.61703267, 0.76413793, 0.49674902, 0.38520055, 0.59271523,
       0.33074362, 0.22168088, 0.45838084, 0.43086817, 0.13172043]), array([0.59556037, 0.76368676, 0.46752137, 0.39258223, 0.58453696,
       0.33191489, 0.23220974, 0.42161017, 0.40864865, 0.14896552]), array([0.62886598, 0.75      , 0.47631352, 0.39452991, 0.55565142,
       0.35379813, 0.22222222, 0.41546961, 0.40182648, 0.11961057])]

estim_algorithm = doc-model, mode = classification, metric = f1score, confidence_scores = energy-conf, class_specific = True
test err: [0.22719134021843845, 0.23143546030392823, 0.22619222637662678, 0.23904249773051062, 0.23542922047485743]
estimated metric: [array([0.62317094, 0.68460164, 0.7222014 , 0.66692678, 0.77955798,
       0.6381456 , 0.76491211, 0.67490047, 0.45557397, 0.54490384]), array([0.62388218, 0.67564501, 0.72016677, 0.66781205, 0.77597818,
       0.64019609, 0.75547384, 0.69349873, 0.45423751, 0.53284808]), array([0.6225521 , 0.68146185, 0.72249679, 0.66606536, 0.77905554,
       0.63604262, 0.75982986, 0.68307883, 0.45851158, 0.51670491]), array([0.62503297, 0.68392161, 0.71584384, 0.66789758, 0.77551307,
       0.65122888, 0.74587462, 0.69399948, 0.45510398, 0.56371529]), array([0.62484091, 0.68627784, 0.71700629, 0.66844883, 0.7757114 ,
       0.63487796, 0.75313192, 0.68486544, 0.45089771, 0.54102731])]
real metric: [array([0.61872025, 0.75783856, 0.48415716, 0.36487945, 0.53580902,
       0.39008621, 0.24036281, 0.43219405, 0.43628014, 0.16912752]), array([0.62391858, 0.73004354, 0.48974359, 0.38523163, 0.5963521 ,
       0.30564784, 0.27707809, 0.41865757, 0.39763314, 0.10994764]), array([0.61703267, 0.76413793, 0.49674902, 0.38520055, 0.59271523,
       0.33074362, 0.22168088, 0.45838084, 0.43086817, 0.13172043]), array([0.59556037, 0.76368676, 0.46752137, 0.39258223, 0.58453696,
       0.33191489, 0.23220974, 0.42161017, 0.40864865, 0.14896552]), array([0.62886598, 0.75      , 0.47631352, 0.39452991, 0.55565142,
       0.35379813, 0.22222222, 0.41546961, 0.40182648, 0.11961057])]

estim_algorithm = doc-model, mode = classification, metric = f1score, confidence_scores = entropy-conf, class_specific = False
test err: [0.3505849127763933, 0.3582392361913594, 0.34907281386093775, 0.35990283017866004, 0.3608926944814363]
estimated metric: [array([0.82771904, 0.84717051, 0.80651468, 0.8027935 , 0.78786772,
       0.75631565, 0.79309599, 0.77899163, 0.77738382, 0.75745175]), array([0.82912923, 0.84510901, 0.80590834, 0.80472168, 0.77811258,
       0.7603824 , 0.77472942, 0.79241085, 0.76615637, 0.7599862 ]), array([0.82776416, 0.84594026, 0.80771198, 0.8028965 , 0.79470725,
       0.7665127 , 0.78680149, 0.78028837, 0.7819476 , 0.72538719]), array([0.83171869, 0.84803491, 0.79887725, 0.80457795, 0.78284475,
       0.76974791, 0.75207824, 0.80818782, 0.77906813, 0.7711293 ]), array([0.8315339 , 0.84652598, 0.80619444, 0.80443227, 0.78119134,
       0.75849107, 0.76791082, 0.79285231, 0.77974054, 0.75834214])]
real metric: [array([0.61872025, 0.75783856, 0.48415716, 0.36487945, 0.53580902,
       0.39008621, 0.24036281, 0.43219405, 0.43628014, 0.16912752]), array([0.62391858, 0.73004354, 0.48974359, 0.38523163, 0.5963521 ,
       0.30564784, 0.27707809, 0.41865757, 0.39763314, 0.10994764]), array([0.61703267, 0.76413793, 0.49674902, 0.38520055, 0.59271523,
       0.33074362, 0.22168088, 0.45838084, 0.43086817, 0.13172043]), array([0.59556037, 0.76368676, 0.46752137, 0.39258223, 0.58453696,
       0.33191489, 0.23220974, 0.42161017, 0.40864865, 0.14896552]), array([0.62886598, 0.75      , 0.47631352, 0.39452991, 0.55565142,
       0.35379813, 0.22222222, 0.41546961, 0.40182648, 0.11961057])]

estim_algorithm = doc-model, mode = classification, metric = f1score, confidence_scores = entropy-conf, class_specific = True
test err: [0.22451358139429387, 0.23189542110511607, 0.22227983349708413, 0.2347817148402535, 0.2351262462025132]
estimated metric: [array([0.65465436, 0.77924242, 0.72337868, 0.68657384, 0.76852236,
       0.60497406, 0.75050978, 0.66704918, 0.48758281, 0.55210348]), array([0.65687257, 0.77693059, 0.72268489, 0.68890436, 0.75845205,
       0.61000856, 0.73081361, 0.68305139, 0.47063806, 0.55485184]), array([0.65497654, 0.77786284, 0.72474849, 0.68673318, 0.7755813 ,
       0.61771174, 0.74376199, 0.66855528, 0.49370085, 0.50839547]), array([0.6601115 , 0.78021165, 0.71463627, 0.68875499, 0.76333744,
       0.62191797, 0.70649351, 0.70173086, 0.48871943, 0.56914019]), array([0.65974499, 0.77851968, 0.72301995, 0.68854912, 0.76163056,
       0.60763009, 0.72351602, 0.68351241, 0.49000633, 0.55342117])]
real metric: [array([0.61872025, 0.75783856, 0.48415716, 0.36487945, 0.53580902,
       0.39008621, 0.24036281, 0.43219405, 0.43628014, 0.16912752]), array([0.62391858, 0.73004354, 0.48974359, 0.38523163, 0.5963521 ,
       0.30564784, 0.27707809, 0.41865757, 0.39763314, 0.10994764]), array([0.61703267, 0.76413793, 0.49674902, 0.38520055, 0.59271523,
       0.33074362, 0.22168088, 0.45838084, 0.43086817, 0.13172043]), array([0.59556037, 0.76368676, 0.46752137, 0.39258223, 0.58453696,
       0.33191489, 0.23220974, 0.42161017, 0.40864865, 0.14896552]), array([0.62886598, 0.75      , 0.47631352, 0.39452991, 0.55565142,
       0.35379813, 0.22222222, 0.41546961, 0.40182648, 0.11961057])]

estim_algorithm = doc-model, mode = classification, metric = f1score, confidence_scores = doctor-conf, class_specific = False
test err: [0.3799634541953099, 0.3883179562606409, 0.37982073726255916, 0.38936802599222486, 0.39084170157403086]
estimated metric: [array([0.83965255, 0.84829726, 0.8294408 , 0.83097203, 0.8210856 ,
       0.8014286 , 0.82543812, 0.81565622, 0.81496498, 0.80215355]), array([0.84060423, 0.84834444, 0.82956235, 0.83118417, 0.81725087,
       0.8038351 , 0.81134152, 0.81887872, 0.80934338, 0.80708849]), array([0.83919623, 0.84858144, 0.83131445, 0.83030995, 0.82317521,
       0.81090793, 0.82473426, 0.81514492, 0.81797858, 0.78609375]), array([0.84268145, 0.85004374, 0.82604895, 0.8319953 , 0.81883521,
       0.80890225, 0.80310432, 0.83255031, 0.81644826, 0.81030712]), array([0.84284707, 0.84810001, 0.83033019, 0.83190031, 0.81464802,
       0.80446877, 0.80725401, 0.82558942, 0.81883272, 0.80273435])]
real metric: [array([0.61872025, 0.75783856, 0.48415716, 0.36487945, 0.53580902,
       0.39008621, 0.24036281, 0.43219405, 0.43628014, 0.16912752]), array([0.62391858, 0.73004354, 0.48974359, 0.38523163, 0.5963521 ,
       0.30564784, 0.27707809, 0.41865757, 0.39763314, 0.10994764]), array([0.61703267, 0.76413793, 0.49674902, 0.38520055, 0.59271523,
       0.33074362, 0.22168088, 0.45838084, 0.43086817, 0.13172043]), array([0.59556037, 0.76368676, 0.46752137, 0.39258223, 0.58453696,
       0.33191489, 0.23220974, 0.42161017, 0.40864865, 0.14896552]), array([0.62886598, 0.75      , 0.47631352, 0.39452991, 0.55565142,
       0.35379813, 0.22222222, 0.41546961, 0.40182648, 0.11961057])]

estim_algorithm = doc-model, mode = classification, metric = f1score, confidence_scores = doctor-conf, class_specific = True
test err: [0.2593333078526459, 0.2675944732623248, 0.25898358006330335, 0.2694884917955279, 0.27081505033841524]
estimated metric: [array([0.67673871, 0.80697431, 0.74802257, 0.69216744, 0.80553043,
       0.64289931, 0.78536469, 0.71234125, 0.54380656, 0.60894298]), array([0.67803702, 0.80702493, 0.74816161, 0.69243295, 0.80159367,
       0.64598367, 0.77028361, 0.71628518, 0.53536558, 0.61503021]), array([0.67632414, 0.80727924, 0.75016568, 0.69135529, 0.8076755 ,
       0.65503934, 0.78461196, 0.71166616, 0.54829729, 0.58665056]), array([0.68083211, 0.80884826, 0.74414168, 0.69345059, 0.8032202 ,
       0.65247282, 0.76146542, 0.73221812, 0.54610559, 0.61936678]), array([0.68093441, 0.80676265, 0.74903992, 0.69333711, 0.79892137,
       0.64679556, 0.76628141, 0.72400516, 0.55075871, 0.60960205])]
real metric: [array([0.61872025, 0.75783856, 0.48415716, 0.36487945, 0.53580902,
       0.39008621, 0.24036281, 0.43219405, 0.43628014, 0.16912752]), array([0.62391858, 0.73004354, 0.48974359, 0.38523163, 0.5963521 ,
       0.30564784, 0.27707809, 0.41865757, 0.39763314, 0.10994764]), array([0.61703267, 0.76413793, 0.49674902, 0.38520055, 0.59271523,
       0.33074362, 0.22168088, 0.45838084, 0.43086817, 0.13172043]), array([0.59556037, 0.76368676, 0.46752137, 0.39258223, 0.58453696,
       0.33191489, 0.23220974, 0.42161017, 0.40864865, 0.14896552]), array([0.62886598, 0.75      , 0.47631352, 0.39452991, 0.55565142,
       0.35379813, 0.22222222, 0.41546961, 0.40182648, 0.11961057])]

estim_algorithm = atc-model, mode = classification, metric = f1score, confidence_scores = max_class_probability-conf, class_specific = False
test err: [0.2617918556776432, 0.2694271022375632, 0.25654595956852855, 0.2657239659088475, 0.27159852943016227]
estimated metric: [array([0.8039604 , 0.8610687 , 0.74082482, 0.74577277, 0.6791367 ,
       0.54716983, 0.69714287, 0.67326734, 0.63945579, 0.6595745 ]), array([0.81016299, 0.86212625, 0.73732719, 0.75128351, 0.63421053,
       0.58333335, 0.67796612, 0.74916389, 0.60000001, 0.62295088]), array([0.8086785 , 0.85419968, 0.74154683, 0.74921181, 0.72340426,
       0.5956113 , 0.6756757 , 0.70886077, 0.66875001, 0.46875008]), array([0.81931309, 0.84984026, 0.71944658, 0.75036327, 0.66490067,
       0.55123676, 0.56164387, 0.7810651 , 0.64000001, 0.66666671]), array([0.8126195 , 0.86857143, 0.74054261, 0.75035582, 0.68150209,
       0.57861637, 0.63013701, 0.73154363, 0.61538463, 0.62500006])]
real metric: [array([0.61872025, 0.75783856, 0.48415716, 0.36487945, 0.53580902,
       0.39008621, 0.24036281, 0.43219405, 0.43628014, 0.16912752]), array([0.62391858, 0.73004354, 0.48974359, 0.38523163, 0.5963521 ,
       0.30564784, 0.27707809, 0.41865757, 0.39763314, 0.10994764]), array([0.61703267, 0.76413793, 0.49674902, 0.38520055, 0.59271523,
       0.33074362, 0.22168088, 0.45838084, 0.43086817, 0.13172043]), array([0.59556037, 0.76368676, 0.46752137, 0.39258223, 0.58453696,
       0.33191489, 0.23220974, 0.42161017, 0.40864865, 0.14896552]), array([0.62886598, 0.75      , 0.47631352, 0.39452991, 0.55565142,
       0.35379813, 0.22222222, 0.41546961, 0.40182648, 0.11961057])]

estim_algorithm = atc-model, mode = classification, metric = f1score, confidence_scores = max_class_probability-conf, class_specific = True
test err: [0.1515274347466093, 0.1528863830207801, 0.15010408289363394, 0.14869997631451098, 0.16586259898755812]
estimated metric: [array([0.50772082, 0.59377946, 0.60869565, 0.68777157, 0.58551619,
       0.39583335, 0.60122702, 0.52747254, 0.28326183, 0.29729739]), array([0.50120773, 0.54718982, 0.60322855, 0.69508197, 0.56232688,
       0.43514647, 0.58181821, 0.59925095, 0.34934501, 0.21276612]), array([0.50864198, 0.57255677, 0.6037085 , 0.68514613, 0.64022663,
       0.45517243, 0.5693431 , 0.50000002, 0.31620556, 0.25000013]), array([0.49683144, 0.5840708 , 0.58273075, 0.6870229 , 0.57827927,
       0.43511453, 0.45588239, 0.60338984, 0.31404962, 0.33846164]), array([0.49180328, 0.59146342, 0.59804339, 0.6899433 , 0.59763314,
       0.41403511, 0.5714286 , 0.54615386, 0.25806455, 0.33962277])]
real metric: [array([0.61872025, 0.75783856, 0.48415716, 0.36487945, 0.53580902,
       0.39008621, 0.24036281, 0.43219405, 0.43628014, 0.16912752]), array([0.62391858, 0.73004354, 0.48974359, 0.38523163, 0.5963521 ,
       0.30564784, 0.27707809, 0.41865757, 0.39763314, 0.10994764]), array([0.61703267, 0.76413793, 0.49674902, 0.38520055, 0.59271523,
       0.33074362, 0.22168088, 0.45838084, 0.43086817, 0.13172043]), array([0.59556037, 0.76368676, 0.46752137, 0.39258223, 0.58453696,
       0.33191489, 0.23220974, 0.42161017, 0.40864865, 0.14896552]), array([0.62886598, 0.75      , 0.47631352, 0.39452991, 0.55565142,
       0.35379813, 0.22222222, 0.41546961, 0.40182648, 0.11961057])]

estim_algorithm = atc-model, mode = classification, metric = f1score, confidence_scores = energy-conf, class_specific = False
test err: [0.2705148066822467, 0.2506834808842136, 0.22666139847651157, 0.2684532484340353, 0.25655323214792725]
estimated metric: [array([0.68766975, 0.70934256, 0.70757282, 0.64573991, 0.73901099,
       0.77453581, 0.81250001, 0.69055376, 0.61111112, 0.6595745 ]), array([0.68954594, 0.67376573, 0.69988138, 0.65540541, 0.71055901,
       0.75333334, 0.69273745, 0.76973685, 0.55725193, 0.52631587]), array([0.6790596 , 0.69964029, 0.69593234, 0.64807931, 0.75162549,
       0.75900278, 0.75159237, 0.71698114, 0.52595157, 0.33898316]), array([0.68514413, 0.70503597, 0.66773291, 0.65456821, 0.72566372,
       0.81159421, 0.64516131, 0.78466077, 0.50549452, 0.7294118 ]), array([0.68848997, 0.7046729 , 0.68737555, 0.65337423, 0.71718539,
       0.74094708, 0.69281048, 0.72727274, 0.53488374, 0.6461539 ])]
real metric: [array([0.61872025, 0.75783856, 0.48415716, 0.36487945, 0.53580902,
       0.39008621, 0.24036281, 0.43219405, 0.43628014, 0.16912752]), array([0.62391858, 0.73004354, 0.48974359, 0.38523163, 0.5963521 ,
       0.30564784, 0.27707809, 0.41865757, 0.39763314, 0.10994764]), array([0.61703267, 0.76413793, 0.49674902, 0.38520055, 0.59271523,
       0.33074362, 0.22168088, 0.45838084, 0.43086817, 0.13172043]), array([0.59556037, 0.76368676, 0.46752137, 0.39258223, 0.58453696,
       0.33191489, 0.23220974, 0.42161017, 0.40864865, 0.14896552]), array([0.62886598, 0.75      , 0.47631352, 0.39452991, 0.55565142,
       0.35379813, 0.22222222, 0.41546961, 0.40182648, 0.11961057])]

estim_algorithm = atc-model, mode = classification, metric = f1score, confidence_scores = energy-conf, class_specific = True
test err: [0.20453864864919144, 0.1864923930015789, 0.19241011470284994, 0.18792363727588496, 0.19044605535182463]
estimated metric: [array([0.42297651, 0.46817249, 0.61448793, 0.60600066, 0.725     ,
       0.48524592, 0.73333335, 0.47148291, 0.09523814, 0.20000011]), array([0.43997486, 0.4270953 , 0.61499579, 0.61367955, 0.7025    ,
       0.53906252, 0.60714288, 0.52173915, 0.16504858, 0.0909093 ]), array([0.42605864, 0.46822034, 0.62271374, 0.613723  , 0.73684211,
       0.53114756, 0.63888891, 0.52707583, 0.19491529, 0.11538479]), array([0.45068583, 0.44827587, 0.5803153 , 0.61913937, 0.71099745,
       0.5763889 , 0.5416667 , 0.52329751, 0.1621622 , 0.20000013]), array([0.42685244, 0.48854962, 0.5890411 , 0.60987967, 0.71195653,
       0.49833889, 0.60139863, 0.50000002, 0.13793108, 0.2040818 ])]
real metric: [array([0.61872025, 0.75783856, 0.48415716, 0.36487945, 0.53580902,
       0.39008621, 0.24036281, 0.43219405, 0.43628014, 0.16912752]), array([0.62391858, 0.73004354, 0.48974359, 0.38523163, 0.5963521 ,
       0.30564784, 0.27707809, 0.41865757, 0.39763314, 0.10994764]), array([0.61703267, 0.76413793, 0.49674902, 0.38520055, 0.59271523,
       0.33074362, 0.22168088, 0.45838084, 0.43086817, 0.13172043]), array([0.59556037, 0.76368676, 0.46752137, 0.39258223, 0.58453696,
       0.33191489, 0.23220974, 0.42161017, 0.40864865, 0.14896552]), array([0.62886598, 0.75      , 0.47631352, 0.39452991, 0.55565142,
       0.35379813, 0.22222222, 0.41546961, 0.40182648, 0.11961057])]

estim_algorithm = atc-model, mode = classification, metric = f1score, confidence_scores = entropy-conf, class_specific = False
test err: [0.2633416587674543, 0.26327928477851464, 0.25039951817877226, 0.2670597918948035, 0.26676362826973915]
estimated metric: [array([0.80691358, 0.86367098, 0.7379598 , 0.73979136, 0.68103449,
       0.55172415, 0.69714287, 0.68627452, 0.65319866, 0.64516133]), array([0.80902111, 0.85642738, 0.73148148, 0.74123059, 0.63060687,
       0.57794678, 0.66285716, 0.75747509, 0.60000001, 0.60000007]), array([0.81160846, 0.85055644, 0.73565014, 0.74091171, 0.72679045,
       0.61728396, 0.65753427, 0.70063695, 0.67289721, 0.41935493]), array([0.8187251 , 0.848     , 0.71747498, 0.74048038, 0.66842801,
       0.56643358, 0.59060405, 0.77014926, 0.6308725 , 0.66666671]), array([0.81318681, 0.85643564, 0.73619632, 0.74139908, 0.68333334,
       0.58307211, 0.63945581, 0.71428572, 0.61538463, 0.60317467])]
real metric: [array([0.61872025, 0.75783856, 0.48415716, 0.36487945, 0.53580902,
       0.39008621, 0.24036281, 0.43219405, 0.43628014, 0.16912752]), array([0.62391858, 0.73004354, 0.48974359, 0.38523163, 0.5963521 ,
       0.30564784, 0.27707809, 0.41865757, 0.39763314, 0.10994764]), array([0.61703267, 0.76413793, 0.49674902, 0.38520055, 0.59271523,
       0.33074362, 0.22168088, 0.45838084, 0.43086817, 0.13172043]), array([0.59556037, 0.76368676, 0.46752137, 0.39258223, 0.58453696,
       0.33191489, 0.23220974, 0.42161017, 0.40864865, 0.14896552]), array([0.62886598, 0.75      , 0.47631352, 0.39452991, 0.55565142,
       0.35379813, 0.22222222, 0.41546961, 0.40182648, 0.11961057])]

estim_algorithm = atc-model, mode = classification, metric = f1score, confidence_scores = entropy-conf, class_specific = True
test err: [0.1489563709047229, 0.15037763621627978, 0.14273336149036248, 0.1431695949931211, 0.161763439934471]
estimated metric: [array([0.50679852, 0.59377946, 0.59755584, 0.67916276, 0.59202455,
       0.4013841 , 0.60975612, 0.50000002, 0.28326183, 0.29729739]), array([0.50841346, 0.54872882, 0.59846547, 0.68489036, 0.55431755,
       0.44166669, 0.58181821, 0.58333335, 0.34934501, 0.21276612]), array([0.50772082, 0.56689792, 0.59156155, 0.68037496, 0.63636364,
       0.46048112, 0.5693431 , 0.50000002, 0.31620556, 0.18518534]), array([0.49683144, 0.58684986, 0.57179597, 0.67936118, 0.58426967,
       0.44106466, 0.46715332, 0.58419245, 0.31404962, 0.31250011]), array([0.490887  , 0.59146342, 0.58722675, 0.67850692, 0.59763314,
       0.42508713, 0.5714286 , 0.52343752, 0.26605508, 0.33962277])]
real metric: [array([0.61872025, 0.75783856, 0.48415716, 0.36487945, 0.53580902,
       0.39008621, 0.24036281, 0.43219405, 0.43628014, 0.16912752]), array([0.62391858, 0.73004354, 0.48974359, 0.38523163, 0.5963521 ,
       0.30564784, 0.27707809, 0.41865757, 0.39763314, 0.10994764]), array([0.61703267, 0.76413793, 0.49674902, 0.38520055, 0.59271523,
       0.33074362, 0.22168088, 0.45838084, 0.43086817, 0.13172043]), array([0.59556037, 0.76368676, 0.46752137, 0.39258223, 0.58453696,
       0.33191489, 0.23220974, 0.42161017, 0.40864865, 0.14896552]), array([0.62886598, 0.75      , 0.47631352, 0.39452991, 0.55565142,
       0.35379813, 0.22222222, 0.41546961, 0.40182648, 0.11961057])]

estim_algorithm = atc-model, mode = classification, metric = f1score, confidence_scores = doctor-conf, class_specific = False
test err: [0.26101514063073183, 0.2696125981061143, 0.2551685597372559, 0.26418614352946257, 0.27074550016383514]
estimated metric: [array([0.8045522 , 0.8610687 , 0.73843821, 0.74428275, 0.6791367 ,
       0.55172415, 0.69714287, 0.66887418, 0.6348123 , 0.6595745 ]), array([0.80844935, 0.86118038, 0.73587082, 0.74950014, 0.63779528,
       0.58333335, 0.67796612, 0.75333334, 0.60000001, 0.62295088]), array([0.80691358, 0.85329104, 0.74007782, 0.74741676, 0.72      ,
       0.60436138, 0.66666669, 0.70886077, 0.66457681, 0.46875008]), array([0.81813652, 0.85167464, 0.71993853, 0.74890893, 0.66312998,
       0.54609931, 0.56164387, 0.77744808, 0.63545152, 0.66666671]), array([0.81318681, 0.86672118, 0.74006116, 0.74786081, 0.68150209,
       0.57861637, 0.63013701, 0.72727274, 0.61538463, 0.62500006])]
real metric: [array([0.61872025, 0.75783856, 0.48415716, 0.36487945, 0.53580902,
       0.39008621, 0.24036281, 0.43219405, 0.43628014, 0.16912752]), array([0.62391858, 0.73004354, 0.48974359, 0.38523163, 0.5963521 ,
       0.30564784, 0.27707809, 0.41865757, 0.39763314, 0.10994764]), array([0.61703267, 0.76413793, 0.49674902, 0.38520055, 0.59271523,
       0.33074362, 0.22168088, 0.45838084, 0.43086817, 0.13172043]), array([0.59556037, 0.76368676, 0.46752137, 0.39258223, 0.58453696,
       0.33191489, 0.23220974, 0.42161017, 0.40864865, 0.14896552]), array([0.62886598, 0.75      , 0.47631352, 0.39452991, 0.55565142,
       0.35379813, 0.22222222, 0.41546961, 0.40182648, 0.11961057])]

estim_algorithm = atc-model, mode = classification, metric = f1score, confidence_scores = doctor-conf, class_specific = True
test err: [0.14709172000990048, 0.14815957889694759, 0.14536959527535503, 0.14361819654213545, 0.15985676500990018]
estimated metric: [array([0.50864198, 0.61851852, 0.60168067, 0.68368618, 0.58333334,
       0.39583335, 0.60122702, 0.52205884, 0.28326183, 0.29729739]), array([0.50751654, 0.56993737, 0.59906263, 0.68961389, 0.56033288,
       0.43514647, 0.58181821, 0.58867926, 0.34934501, 0.21276612]), array([0.50864198, 0.60289855, 0.59522777, 0.68196919, 0.64022663,
       0.44982701, 0.5693431 , 0.50000002, 0.31620556, 0.25000013]), array([0.50063211, 0.6073501 , 0.57667664, 0.68300153, 0.57425743,
       0.4291188 , 0.45588239, 0.59863947, 0.32098768, 0.33846164]), array([0.49363251, 0.61676647, 0.59145299, 0.68286829, 0.59763314,
       0.41403511, 0.5714286 , 0.53488374, 0.26605508, 0.33962277])]
real metric: [array([0.61872025, 0.75783856, 0.48415716, 0.36487945, 0.53580902,
       0.39008621, 0.24036281, 0.43219405, 0.43628014, 0.16912752]), array([0.62391858, 0.73004354, 0.48974359, 0.38523163, 0.5963521 ,
       0.30564784, 0.27707809, 0.41865757, 0.39763314, 0.10994764]), array([0.61703267, 0.76413793, 0.49674902, 0.38520055, 0.59271523,
       0.33074362, 0.22168088, 0.45838084, 0.43086817, 0.13172043]), array([0.59556037, 0.76368676, 0.46752137, 0.39258223, 0.58453696,
       0.33191489, 0.23220974, 0.42161017, 0.40864865, 0.14896552]), array([0.62886598, 0.75      , 0.47631352, 0.39452991, 0.55565142,
       0.35379813, 0.22222222, 0.41546961, 0.40182648, 0.11961057])]

estim_algorithm = ts-atc-model, mode = classification, metric = f1score, confidence_scores = max_class_probability-conf, class_specific = False
test err: [0.25293859364202603, 0.24943281220793218, 0.2333332363133384, 0.26125172710309996, 0.25678593627967683]
estimated metric: [array([0.78775715, 0.82612117, 0.72245681, 0.70545009, 0.67723343,
       0.61261262, 0.68965519, 0.66445184, 0.65771813, 0.61538466]), array([0.79397473, 0.81998278, 0.71912739, 0.71725755, 0.63421053,
       0.60966544, 0.62352943, 0.71917809, 0.61538463, 0.57627126]), array([0.79561316, 0.81378179, 0.7115002 , 0.70963927, 0.71485944,
       0.64242425, 0.6756757 , 0.67100978, 0.6346154 , 0.39344272]), array([0.79959514, 0.81870386, 0.70551671, 0.71449925, 0.66666667,
       0.6101695 , 0.55172417, 0.74772037, 0.6308725 , 0.71428575]), array([0.79709443, 0.81841432, 0.72396438, 0.70920318, 0.67966574,
       0.60923078, 0.62068968, 0.68750001, 0.61538463, 0.62500006])]
real metric: [array([0.61872025, 0.75783856, 0.48415716, 0.36487945, 0.53580902,
       0.39008621, 0.24036281, 0.43219405, 0.43628014, 0.16912752]), array([0.62391858, 0.73004354, 0.48974359, 0.38523163, 0.5963521 ,
       0.30564784, 0.27707809, 0.41865757, 0.39763314, 0.10994764]), array([0.61703267, 0.76413793, 0.49674902, 0.38520055, 0.59271523,
       0.33074362, 0.22168088, 0.45838084, 0.43086817, 0.13172043]), array([0.59556037, 0.76368676, 0.46752137, 0.39258223, 0.58453696,
       0.33191489, 0.23220974, 0.42161017, 0.40864865, 0.14896552]), array([0.62886598, 0.75      , 0.47631352, 0.39452991, 0.55565142,
       0.35379813, 0.22222222, 0.41546961, 0.40182648, 0.11961057])]

estim_algorithm = ts-atc-model, mode = classification, metric = f1score, confidence_scores = max_class_probability-conf, class_specific = True
test err: [0.17497057500498098, 0.14894673649195184, 0.15825685261350403, 0.15787322183337707, 0.17819066464258973]
estimated metric: [array([0.47570978, 0.54296875, 0.57777778, 0.63038549, 0.64401773,
       0.47019869, 0.65088759, 0.50557623, 0.15668207, 0.2500001 ]), array([0.47542998, 0.48952592, 0.58519794, 0.64416228, 0.60107817,
       0.47346941, 0.58181821, 0.5447471 , 0.27397264, 0.0909093 ]), array([0.47763075, 0.5108136 , 0.58849172, 0.64049844, 0.67768595,
       0.47098978, 0.58992809, 0.52173915, 0.26122452, 0.11538479]), array([0.4872449 , 0.52004111, 0.55570005, 0.63708399, 0.63043479,
       0.47014927, 0.47826091, 0.59385667, 0.22608699, 0.25806464]), array([0.4638219 , 0.54105264, 0.57377759, 0.64128753, 0.63005781,
       0.48322149, 0.58156031, 0.50000002, 0.17391308, 0.30769244])]
real metric: [array([0.61872025, 0.75783856, 0.48415716, 0.36487945, 0.53580902,
       0.39008621, 0.24036281, 0.43219405, 0.43628014, 0.16912752]), array([0.62391858, 0.73004354, 0.48974359, 0.38523163, 0.5963521 ,
       0.30564784, 0.27707809, 0.41865757, 0.39763314, 0.10994764]), array([0.61703267, 0.76413793, 0.49674902, 0.38520055, 0.59271523,
       0.33074362, 0.22168088, 0.45838084, 0.43086817, 0.13172043]), array([0.59556037, 0.76368676, 0.46752137, 0.39258223, 0.58453696,
       0.33191489, 0.23220974, 0.42161017, 0.40864865, 0.14896552]), array([0.62886598, 0.75      , 0.47631352, 0.39452991, 0.55565142,
       0.35379813, 0.22222222, 0.41546961, 0.40182648, 0.11961057])]

estim_algorithm = ts-atc-model, mode = classification, metric = f1score, confidence_scores = energy-conf, class_specific = False
test err: [0.3135781791500592, 0.31130757168981155, 0.2917424494509517, 0.31676489110725453, 0.3047399137622692]
estimated metric: [array([0.5567503 , 0.59642522, 0.73122379, 0.65564388, 0.84382872,
       0.87317073, 0.8367347 , 0.81065089, 0.51301117, 0.70103096]), array([0.56115942, 0.55789474, 0.72459271, 0.65993266, 0.81371429,
       0.86666667, 0.75531916, 0.8597561 , 0.51181104, 0.66666672]), array([0.54981993, 0.59064328, 0.72318612, 0.66052793, 0.82352941,
       0.87719299, 0.80487806, 0.81049563, 0.44525549, 0.57971021]), array([0.56590085, 0.57566766, 0.69076621, 0.66790583, 0.80427046,
       0.89784947, 0.75000001, 0.87123288, 0.44274811, 0.81318683]), array([0.55749129, 0.59858443, 0.69928966, 0.66969697, 0.82818294,
       0.84102565, 0.74213838, 0.82242991, 0.41841007, 0.74285718])]
real metric: [array([0.61872025, 0.75783856, 0.48415716, 0.36487945, 0.53580902,
       0.39008621, 0.24036281, 0.43219405, 0.43628014, 0.16912752]), array([0.62391858, 0.73004354, 0.48974359, 0.38523163, 0.5963521 ,
       0.30564784, 0.27707809, 0.41865757, 0.39763314, 0.10994764]), array([0.61703267, 0.76413793, 0.49674902, 0.38520055, 0.59271523,
       0.33074362, 0.22168088, 0.45838084, 0.43086817, 0.13172043]), array([0.59556037, 0.76368676, 0.46752137, 0.39258223, 0.58453696,
       0.33191489, 0.23220974, 0.42161017, 0.40864865, 0.14896552]), array([0.62886598, 0.75      , 0.47631352, 0.39452991, 0.55565142,
       0.35379813, 0.22222222, 0.41546961, 0.40182648, 0.11961057])]

estim_algorithm = ts-atc-model, mode = classification, metric = f1score, confidence_scores = energy-conf, class_specific = True
test err: [0.2425038450757377, 0.2193377185366115, 0.2203324155598388, 0.23055364601996425, 0.2211375832880918]
estimated metric: [array([0.38718291, 0.38177875, 0.65481003, 0.5754717 , 0.79051384,
       0.55625001, 0.66666669, 0.59930315, 0.09523814, 0.2500001 ]), array([0.40180297, 0.3493976 , 0.64802632, 0.57440573, 0.76428572,
       0.53333335, 0.6395349 , 0.62500001, 0.13793108, 0.0909093 ]), array([0.39254824, 0.39154617, 0.6530782 , 0.56352864, 0.76606684,
       0.54545456, 0.65753427, 0.63545152, 0.17948721, 0.15094356]), array([0.4322538 , 0.36363637, 0.62200166, 0.58366272, 0.75862069,
       0.60544219, 0.60927155, 0.61279463, 0.13698634, 0.25806464]), array([0.40973112, 0.42141231, 0.62723865, 0.57513794, 0.7767742 ,
       0.5180328 , 0.62068968, 0.61538463, 0.10050256, 0.16666684])]
real metric: [array([0.61872025, 0.75783856, 0.48415716, 0.36487945, 0.53580902,
       0.39008621, 0.24036281, 0.43219405, 0.43628014, 0.16912752]), array([0.62391858, 0.73004354, 0.48974359, 0.38523163, 0.5963521 ,
       0.30564784, 0.27707809, 0.41865757, 0.39763314, 0.10994764]), array([0.61703267, 0.76413793, 0.49674902, 0.38520055, 0.59271523,
       0.33074362, 0.22168088, 0.45838084, 0.43086817, 0.13172043]), array([0.59556037, 0.76368676, 0.46752137, 0.39258223, 0.58453696,
       0.33191489, 0.23220974, 0.42161017, 0.40864865, 0.14896552]), array([0.62886598, 0.75      , 0.47631352, 0.39452991, 0.55565142,
       0.35379813, 0.22222222, 0.41546961, 0.40182648, 0.11961057])]

estim_algorithm = ts-atc-model, mode = classification, metric = f1score, confidence_scores = entropy-conf, class_specific = False
test err: [0.24954833069776733, 0.24551147393587908, 0.22562425376481246, 0.2566332708817266, 0.24212996766498257]
estimated metric: [array([0.77048346, 0.78303426, 0.71406492, 0.66666667, 0.67723343,
       0.65697675, 0.70454547, 0.63728815, 0.68421054, 0.63043482]), array([0.77067855, 0.77896613, 0.70856245, 0.68330827, 0.65019506,
       0.67375888, 0.61538464, 0.69686412, 0.63537907, 0.57627126]), array([0.77979798, 0.78792959, 0.70738523, 0.67436209, 0.70445345,
       0.67062316, 0.6756757 , 0.64900663, 0.61688313, 0.41935493]), array([0.77794951, 0.79295893, 0.68091845, 0.67976666, 0.66842801,
       0.69009586, 0.52112679, 0.72839507, 0.64451828, 0.7294118 ]), array([0.78592375, 0.78421053, 0.70338316, 0.678109  , 0.66478874,
       0.63030304, 0.59154932, 0.65000001, 0.60516607, 0.6461539 ])]
real metric: [array([0.61872025, 0.75783856, 0.48415716, 0.36487945, 0.53580902,
       0.39008621, 0.24036281, 0.43219405, 0.43628014, 0.16912752]), array([0.62391858, 0.73004354, 0.48974359, 0.38523163, 0.5963521 ,
       0.30564784, 0.27707809, 0.41865757, 0.39763314, 0.10994764]), array([0.61703267, 0.76413793, 0.49674902, 0.38520055, 0.59271523,
       0.33074362, 0.22168088, 0.45838084, 0.43086817, 0.13172043]), array([0.59556037, 0.76368676, 0.46752137, 0.39258223, 0.58453696,
       0.33191489, 0.23220974, 0.42161017, 0.40864865, 0.14896552]), array([0.62886598, 0.75      , 0.47631352, 0.39452991, 0.55565142,
       0.35379813, 0.22222222, 0.41546961, 0.40182648, 0.11961057])]

estim_algorithm = ts-atc-model, mode = classification, metric = f1score, confidence_scores = entropy-conf, class_specific = True
test err: [0.18379669602247256, 0.16262312861681222, 0.16561895374270502, 0.16778083425491372, 0.17468159316283496]
estimated metric: [array([0.45128205, 0.51394423, 0.61043841, 0.6119501 , 0.65985402,
       0.49511402, 0.66666669, 0.44186049, 0.10426545, 0.22535222]), array([0.47542998, 0.47438753, 0.60913706, 0.63272955, 0.62879789,
       0.53333335, 0.55555558, 0.50996018, 0.1913876 , 0.0909093 ]), array([0.46310433, 0.50155441, 0.61918977, 0.62464545, 0.68312758,
       0.49664431, 0.60000003, 0.47191013, 0.21757325, 0.11538479]), array([0.47655749, 0.50156088, 0.57240789, 0.62751357, 0.64697987,
       0.54092528, 0.45588239, 0.54416963, 0.17857147, 0.25806464]), array([0.46191951, 0.52553192, 0.5890411 , 0.62079799, 0.6534091 ,
       0.48829433, 0.59154932, 0.48192773, 0.13793108, 0.2040818 ])]
real metric: [array([0.61872025, 0.75783856, 0.48415716, 0.36487945, 0.53580902,
       0.39008621, 0.24036281, 0.43219405, 0.43628014, 0.16912752]), array([0.62391858, 0.73004354, 0.48974359, 0.38523163, 0.5963521 ,
       0.30564784, 0.27707809, 0.41865757, 0.39763314, 0.10994764]), array([0.61703267, 0.76413793, 0.49674902, 0.38520055, 0.59271523,
       0.33074362, 0.22168088, 0.45838084, 0.43086817, 0.13172043]), array([0.59556037, 0.76368676, 0.46752137, 0.39258223, 0.58453696,
       0.33191489, 0.23220974, 0.42161017, 0.40864865, 0.14896552]), array([0.62886598, 0.75      , 0.47631352, 0.39452991, 0.55565142,
       0.35379813, 0.22222222, 0.41546961, 0.40182648, 0.11961057])]

estim_algorithm = ts-atc-model, mode = classification, metric = f1score, confidence_scores = doctor-conf, class_specific = False
test err: [0.244552427686929, 0.23161106418212132, 0.21221967771649886, 0.24596161828642496, 0.24332958543582855]
estimated metric: [array([0.75271038, 0.75873544, 0.70101483, 0.64963271, 0.68103449,
       0.66858791, 0.73333335, 0.63728815, 0.66220737, 0.63043482]), array([0.75339026, 0.75113947, 0.69833729, 0.6652439 , 0.64667536,
       0.68771931, 0.62352943, 0.68771931, 0.61029413, 0.52631587]), array([0.75528078, 0.7693617 , 0.6948811 , 0.65433241, 0.699187  ,
       0.68621702, 0.63888891, 0.64451828, 0.58940399, 0.41935493]), array([0.75485564, 0.76817793, 0.67145136, 0.65918304, 0.66490067,
       0.71875001, 0.52112679, 0.71250001, 0.62162163, 0.71428575]), array([0.76171486, 0.7613941 , 0.69154426, 0.65667075, 0.67040674,
       0.6627219 , 0.63013701, 0.6451613 , 0.60516607, 0.66666672])]
real metric: [array([0.61872025, 0.75783856, 0.48415716, 0.36487945, 0.53580902,
       0.39008621, 0.24036281, 0.43219405, 0.43628014, 0.16912752]), array([0.62391858, 0.73004354, 0.48974359, 0.38523163, 0.5963521 ,
       0.30564784, 0.27707809, 0.41865757, 0.39763314, 0.10994764]), array([0.61703267, 0.76413793, 0.49674902, 0.38520055, 0.59271523,
       0.33074362, 0.22168088, 0.45838084, 0.43086817, 0.13172043]), array([0.59556037, 0.76368676, 0.46752137, 0.39258223, 0.58453696,
       0.33191489, 0.23220974, 0.42161017, 0.40864865, 0.14896552]), array([0.62886598, 0.75      , 0.47631352, 0.39452991, 0.55565142,
       0.35379813, 0.22222222, 0.41546961, 0.40182648, 0.11961057])]

estim_algorithm = ts-atc-model, mode = classification, metric = f1score, confidence_scores = doctor-conf, class_specific = True
test err: [0.192362491476195, 0.17054690678739268, 0.1742092036908441, 0.17902375795577505, 0.1807236004114327]
estimated metric: [array([0.44430136, 0.50949051, 0.61275532, 0.61377049, 0.69416786,
       0.50485438, 0.68965519, 0.45384617, 0.11320759, 0.22535222]), array([0.46505875, 0.46412557, 0.60972516, 0.63825817, 0.66064517,
       0.53333335, 0.5644172 , 0.52173915, 0.1913876 , 0.0909093 ]), array([0.45326505, 0.49375001, 0.62680238, 0.63025738, 0.70619946,
       0.51162792, 0.60000003, 0.48888891, 0.21757325, 0.11538479]), array([0.47361648, 0.4921466 , 0.58091993, 0.63100923, 0.68062828,
       0.54609931, 0.50000004, 0.54929579, 0.17857147, 0.25806464]), array([0.45137157, 0.51605996, 0.59325651, 0.6190626 , 0.69060774,
       0.48829433, 0.60139863, 0.48192773, 0.14705887, 0.2040818 ])]
real metric: [array([0.61872025, 0.75783856, 0.48415716, 0.36487945, 0.53580902,
       0.39008621, 0.24036281, 0.43219405, 0.43628014, 0.16912752]), array([0.62391858, 0.73004354, 0.48974359, 0.38523163, 0.5963521 ,
       0.30564784, 0.27707809, 0.41865757, 0.39763314, 0.10994764]), array([0.61703267, 0.76413793, 0.49674902, 0.38520055, 0.59271523,
       0.33074362, 0.22168088, 0.45838084, 0.43086817, 0.13172043]), array([0.59556037, 0.76368676, 0.46752137, 0.39258223, 0.58453696,
       0.33191489, 0.23220974, 0.42161017, 0.40864865, 0.14896552]), array([0.62886598, 0.75      , 0.47631352, 0.39452991, 0.55565142,
       0.35379813, 0.22222222, 0.41546961, 0.40182648, 0.11961057])]

