estim_algorithm = moval-ensemble-cls-precision, mode = classification, metric = precision
test err: [0.2595662952762555, 0.2606156367711609, 0.25241789198942544, 0.25067601786556704, 0.2531630912554367]
estimated metric: [array([0.66544343, 0.50021163, 0.46740175, 0.36224347, 0.73899406,
       0.47119106, 0.47511678, 0.48051587, 0.49388913, 0.63195026]), array([0.66224445, 0.50833623, 0.46833264, 0.35417123, 0.74598282,
       0.48747275, 0.47025707, 0.52533588, 0.49635102, 0.63242786]), array([0.66552269, 0.51116884, 0.46211807, 0.34850137, 0.73153791,
       0.48084932, 0.46192609, 0.50756908, 0.50481153, 0.62330256]), array([0.66524775, 0.50722386, 0.4833925 , 0.33870878, 0.73080686,
       0.46525723, 0.47638019, 0.50915963, 0.49727033, 0.63655043]), array([0.66611436, 0.51075314, 0.46454499, 0.3582573 , 0.73975114,
       0.50079779, 0.47593004, 0.525407  , 0.51203103, 0.62696463])]
real metric: [array([0.3449384 , 0.7027027 , 0.57015306, 0.56946827, 0.4995005 ,
       0.78730159, 0.896875  , 0.91437309, 0.76231884, 0.71499176]), array([0.35997825, 0.7464455 , 0.59921156, 0.57291667, 0.50736016,
       0.75757576, 0.91558442, 0.87760417, 0.79824561, 0.74036851]), array([0.37204183, 0.72197802, 0.53894472, 0.55457746, 0.48911917,
       0.79878049, 0.93421053, 0.89589041, 0.7700831 , 0.67406143]), array([0.35431362, 0.70080552, 0.57315599, 0.55535055, 0.5125261 ,
       0.78501629, 0.95015576, 0.88797814, 0.73352436, 0.70550162]), array([0.36038053, 0.70975057, 0.58575198, 0.50927487, 0.51724138,
       0.80172414, 0.95238095, 0.91927083, 0.75549451, 0.74442539])]

