estim_algorithm = ac-model, mode = classification, metric = f1score, confidence_scores = max_class_probability-conf, class_specific = False
test err: [0.4902627018724659, 0.48813210041790134, 0.4997563412847719, 0.4835036028661337, 0.49821822809876287]
estimated metric: [array([0.95491026, 0.95612793, 0.92535944, 0.92528869, 0.91066642,
       0.89866703, 0.90852945, 0.92033805, 0.91488309, 0.85648202]), array([0.95404356, 0.96235181, 0.92370797, 0.92636333, 0.92163189,
       0.89849437, 0.91772936, 0.9122011 , 0.897374  , 0.87804088]), array([0.95317763, 0.9551983 , 0.92855476, 0.92518074, 0.92175115,
       0.897493  , 0.91497424, 0.90741358, 0.92218346, 0.90512687]), array([0.95406594, 0.96222925, 0.92381449, 0.92752514, 0.91060732,
       0.90974936, 0.92503712, 0.91340891, 0.89472392, 0.89106768]), array([0.95449605, 0.95198127, 0.92715695, 0.92561906, 0.92644041,
       0.90557554, 0.92631996, 0.89526474, 0.89863848, 0.89970116])]
real metric: [array([0.51454697, 0.74813896, 0.5053243 , 0.43245576, 0.51845638,
       0.44676806, 0.44970414, 0.31377246, 0.23067174, 0.10878661]), array([0.53166599, 0.77284595, 0.5097493 , 0.44103874, 0.54211843,
       0.37550201, 0.46551724, 0.32828871, 0.23057644, 0.11331445]), array([0.51045016, 0.75078468, 0.51127098, 0.4636622 , 0.50487157,
       0.39612487, 0.41970021, 0.33653846, 0.2418136 , 0.09827357]), array([0.51978342, 0.78495298, 0.5166745 , 0.4645602 , 0.53431373,
       0.40118577, 0.45559039, 0.34345794, 0.23605707, 0.12061711]), array([0.50590087, 0.74951204, 0.49056604, 0.44622222, 0.53807107,
       0.44234801, 0.42961418, 0.3094959 , 0.21132075, 0.10596026])]

estim_algorithm = ac-model, mode = classification, metric = f1score, confidence_scores = energy-conf, class_specific = False
test err: [0.13582243402999697, 0.14684240370092588, 0.13372841941126565, 0.13991175454689897, 0.1335978090226259]
estimated metric: [array([0.4063186 , 0.44701468, 0.37793852, 0.36695628, 0.37150974,
       0.41689031, 0.37936654, 0.39900027, 0.38138185, 0.38167314]), array([0.41819852, 0.44302639, 0.37608772, 0.36612931, 0.38896803,
       0.42474697, 0.39152374, 0.43889972, 0.36942942, 0.40402758]), array([0.40950098, 0.44309205, 0.37062722, 0.37402366, 0.38552774,
       0.42507514, 0.38153623, 0.39634973, 0.38938183, 0.40279606]), array([0.41033881, 0.44176813, 0.37478203, 0.36940233, 0.37582839,
       0.4285793 , 0.38877816, 0.41344503, 0.35370316, 0.38973058]), array([0.4098899 , 0.43485983, 0.37528258, 0.3701014 , 0.38826768,
       0.42272004, 0.38958607, 0.38524027, 0.3752195 , 0.39076831])]
real metric: [array([0.51454697, 0.74813896, 0.5053243 , 0.43245576, 0.51845638,
       0.44676806, 0.44970414, 0.31377246, 0.23067174, 0.10878661]), array([0.53166599, 0.77284595, 0.5097493 , 0.44103874, 0.54211843,
       0.37550201, 0.46551724, 0.32828871, 0.23057644, 0.11331445]), array([0.51045016, 0.75078468, 0.51127098, 0.4636622 , 0.50487157,
       0.39612487, 0.41970021, 0.33653846, 0.2418136 , 0.09827357]), array([0.51978342, 0.78495298, 0.5166745 , 0.4645602 , 0.53431373,
       0.40118577, 0.45559039, 0.34345794, 0.23605707, 0.12061711]), array([0.50590087, 0.74951204, 0.49056604, 0.44622222, 0.53807107,
       0.44234801, 0.42961418, 0.3094959 , 0.21132075, 0.10596026])]

estim_algorithm = ac-model, mode = classification, metric = f1score, confidence_scores = entropy-conf, class_specific = False
test err: [0.4810467004059714, 0.4787730796574984, 0.4894022733768623, 0.47285020875944506, 0.48722396486787495]
estimated metric: [array([0.94710474, 0.94811743, 0.91549567, 0.91193365, 0.89878504,
       0.89256172, 0.89790708, 0.90801403, 0.90728418, 0.85188883]), array([0.94634527, 0.95313273, 0.9135412 , 0.91332398, 0.91096897,
       0.89152669, 0.90758021, 0.902766  , 0.88834257, 0.87082045]), array([0.94592282, 0.94688923, 0.91723226, 0.91337018, 0.9093403 ,
       0.89363181, 0.90428911, 0.89288564, 0.91216605, 0.89178566]), array([0.94607622, 0.95352574, 0.91390774, 0.91550763, 0.90107412,
       0.90099399, 0.91443362, 0.89922067, 0.8893269 , 0.87162857]), array([0.94574799, 0.94351202, 0.91640163, 0.91322159, 0.91228506,
       0.89809674, 0.91549866, 0.88073999, 0.89284796, 0.88289935])]
real metric: [array([0.51454697, 0.74813896, 0.5053243 , 0.43245576, 0.51845638,
       0.44676806, 0.44970414, 0.31377246, 0.23067174, 0.10878661]), array([0.53166599, 0.77284595, 0.5097493 , 0.44103874, 0.54211843,
       0.37550201, 0.46551724, 0.32828871, 0.23057644, 0.11331445]), array([0.51045016, 0.75078468, 0.51127098, 0.4636622 , 0.50487157,
       0.39612487, 0.41970021, 0.33653846, 0.2418136 , 0.09827357]), array([0.51978342, 0.78495298, 0.5166745 , 0.4645602 , 0.53431373,
       0.40118577, 0.45559039, 0.34345794, 0.23605707, 0.12061711]), array([0.50590087, 0.74951204, 0.49056604, 0.44622222, 0.53807107,
       0.44234801, 0.42961418, 0.3094959 , 0.21132075, 0.10596026])]

estim_algorithm = ac-model, mode = classification, metric = f1score, confidence_scores = doctor-conf, class_specific = False
test err: [0.5175212122796835, 0.5139771257764727, 0.5249824905058962, 0.5083309372074727, 0.5238620043535491]
estimated metric: [array([0.97066045, 0.9709931 , 0.95078151, 0.94979216, 0.93923232,
       0.93402342, 0.93529039, 0.94459569, 0.94628116, 0.9021873 ]), array([0.97002665, 0.97521025, 0.9488281 , 0.951072  , 0.94757422,
       0.93182022, 0.94447605, 0.93590131, 0.92788043, 0.9175993 ]), array([0.96874586, 0.96948538, 0.95242014, 0.95046278, 0.94572209,
       0.93609009, 0.94033067, 0.93367792, 0.94914402, 0.93723627]), array([0.96972381, 0.97484975, 0.94882636, 0.95180237, 0.93844192,
       0.93922855, 0.94827054, 0.94181077, 0.93350276, 0.91404563]), array([0.97017387, 0.96695832, 0.95154018, 0.95041333, 0.95250334,
       0.93759165, 0.94980946, 0.92313148, 0.932306  , 0.93320375])]
real metric: [array([0.51454697, 0.74813896, 0.5053243 , 0.43245576, 0.51845638,
       0.44676806, 0.44970414, 0.31377246, 0.23067174, 0.10878661]), array([0.53166599, 0.77284595, 0.5097493 , 0.44103874, 0.54211843,
       0.37550201, 0.46551724, 0.32828871, 0.23057644, 0.11331445]), array([0.51045016, 0.75078468, 0.51127098, 0.4636622 , 0.50487157,
       0.39612487, 0.41970021, 0.33653846, 0.2418136 , 0.09827357]), array([0.51978342, 0.78495298, 0.5166745 , 0.4645602 , 0.53431373,
       0.40118577, 0.45559039, 0.34345794, 0.23605707, 0.12061711]), array([0.50590087, 0.74951204, 0.49056604, 0.44622222, 0.53807107,
       0.44234801, 0.42961418, 0.3094959 , 0.21132075, 0.10596026])]

estim_algorithm = ts-model, mode = classification, metric = f1score, confidence_scores = max_class_probability-conf, class_specific = False
test err: [0.30981901212806634, 0.31293188090198215, 0.32029921774879605, 0.30275618555934897, 0.31681627444419325]
estimated metric: [array([0.80119753, 0.8183899 , 0.74369324, 0.72688249, 0.71578349,
       0.71980398, 0.72730327, 0.72825952, 0.72880172, 0.65670033]), array([0.8055901 , 0.82173232, 0.74258501, 0.72952221, 0.73606845,
       0.72703783, 0.73691112, 0.73908104, 0.71352825, 0.68787974]), array([0.80237971, 0.81897533, 0.74335218, 0.73304044, 0.73254855,
       0.72188075, 0.72571119, 0.70900126, 0.73699398, 0.71259911]), array([0.80264477, 0.82156095, 0.74111392, 0.731439  , 0.71969763,
       0.7357007 , 0.74459732, 0.71857513, 0.69743105, 0.6919945 ]), array([0.80153701, 0.81065775, 0.74347636, 0.73198429, 0.73344379,
       0.73066554, 0.74323017, 0.69497329, 0.71105985, 0.69614604])]
real metric: [array([0.51454697, 0.74813896, 0.5053243 , 0.43245576, 0.51845638,
       0.44676806, 0.44970414, 0.31377246, 0.23067174, 0.10878661]), array([0.53166599, 0.77284595, 0.5097493 , 0.44103874, 0.54211843,
       0.37550201, 0.46551724, 0.32828871, 0.23057644, 0.11331445]), array([0.51045016, 0.75078468, 0.51127098, 0.4636622 , 0.50487157,
       0.39612487, 0.41970021, 0.33653846, 0.2418136 , 0.09827357]), array([0.51978342, 0.78495298, 0.5166745 , 0.4645602 , 0.53431373,
       0.40118577, 0.45559039, 0.34345794, 0.23605707, 0.12061711]), array([0.50590087, 0.74951204, 0.49056604, 0.44622222, 0.53807107,
       0.44234801, 0.42961418, 0.3094959 , 0.21132075, 0.10596026])]

estim_algorithm = ts-model, mode = classification, metric = f1score, confidence_scores = max_class_probability-conf, class_specific = True
test err: [0.19581280783872232, 0.20471157065734574, 0.20402403209736195, 0.19573613548119728, 0.20377513016123133]
estimated metric: [array([0.57374004, 0.66284862, 0.67515919, 0.61381562, 0.71470837,
       0.58234057, 0.70077584, 0.64636134, 0.4513536 , 0.43506958]), array([0.58393597, 0.66200116, 0.6741258 , 0.61536714, 0.73500169,
       0.59182469, 0.70988035, 0.66449822, 0.44484813, 0.45456023]), array([0.57654198, 0.66158668, 0.67283786, 0.62077157, 0.73147081,
       0.58534698, 0.6982184 , 0.63064319, 0.45527663, 0.46264052]), array([0.57766728, 0.662018  , 0.6725228 , 0.61686866, 0.71862816,
       0.5962089 , 0.71683441, 0.64116208, 0.43351151, 0.4532627 ]), array([0.57664582, 0.65369449, 0.67428218, 0.61873674, 0.73237349,
       0.59119507, 0.71527008, 0.61809861, 0.44281813, 0.45201293])]
real metric: [array([0.51454697, 0.74813896, 0.5053243 , 0.43245576, 0.51845638,
       0.44676806, 0.44970414, 0.31377246, 0.23067174, 0.10878661]), array([0.53166599, 0.77284595, 0.5097493 , 0.44103874, 0.54211843,
       0.37550201, 0.46551724, 0.32828871, 0.23057644, 0.11331445]), array([0.51045016, 0.75078468, 0.51127098, 0.4636622 , 0.50487157,
       0.39612487, 0.41970021, 0.33653846, 0.2418136 , 0.09827357]), array([0.51978342, 0.78495298, 0.5166745 , 0.4645602 , 0.53431373,
       0.40118577, 0.45559039, 0.34345794, 0.23605707, 0.12061711]), array([0.50590087, 0.74951204, 0.49056604, 0.44622222, 0.53807107,
       0.44234801, 0.42961418, 0.3094959 , 0.21132075, 0.10596026])]

estim_algorithm = ts-model, mode = classification, metric = f1score, confidence_scores = energy-conf, class_specific = False
test err: [0.38036229367429, 0.3779338938703402, 0.3844554957978624, 0.36977490235960014, 0.38448484920463477]
estimated metric: [array([0.80106201, 0.81022932, 0.80170465, 0.8023362 , 0.80484752,
       0.81594312, 0.80499826, 0.81259477, 0.80347836, 0.81505409]), array([0.80345182, 0.80872009, 0.80147662, 0.80169742, 0.8067072 ,
       0.81735076, 0.8073867 , 0.82357766, 0.80303904, 0.8165489 ]), array([0.80167364, 0.80889573, 0.80000698, 0.80327089, 0.80647699,
       0.81782899, 0.80619419, 0.81468545, 0.8054743 , 0.81353811]), array([0.80183046, 0.80833213, 0.80127079, 0.80240671, 0.80513838,
       0.81773071, 0.80542736, 0.8185263 , 0.80040969, 0.81386959]), array([0.80192769, 0.8078636 , 0.8012573 , 0.80249183, 0.80712734,
       0.81657481, 0.80619771, 0.81315284, 0.80409081, 0.8131759 ])]
real metric: [array([0.51454697, 0.74813896, 0.5053243 , 0.43245576, 0.51845638,
       0.44676806, 0.44970414, 0.31377246, 0.23067174, 0.10878661]), array([0.53166599, 0.77284595, 0.5097493 , 0.44103874, 0.54211843,
       0.37550201, 0.46551724, 0.32828871, 0.23057644, 0.11331445]), array([0.51045016, 0.75078468, 0.51127098, 0.4636622 , 0.50487157,
       0.39612487, 0.41970021, 0.33653846, 0.2418136 , 0.09827357]), array([0.51978342, 0.78495298, 0.5166745 , 0.4645602 , 0.53431373,
       0.40118577, 0.45559039, 0.34345794, 0.23605707, 0.12061711]), array([0.50590087, 0.74951204, 0.49056604, 0.44622222, 0.53807107,
       0.44234801, 0.42961418, 0.3094959 , 0.21132075, 0.10596026])]

estim_algorithm = ts-model, mode = classification, metric = f1score, confidence_scores = energy-conf, class_specific = True
test err: [0.23327433383530258, 0.23719217103135834, 0.23930654723029493, 0.2299982437323492, 0.23830529002926243]
estimated metric: [array([0.61197814, 0.74609307, 0.72694922, 0.64903168, 0.79324083,
       0.65568627, 0.78353625, 0.71175019, 0.4596545 , 0.45935677]), array([0.61657237, 0.74446648, 0.72667316, 0.64811021, 0.79487078,
       0.65816706, 0.78576651, 0.72536982, 0.45585015, 0.46993348]), array([0.61317126, 0.74463305, 0.72499459, 0.65055822, 0.79467879,
       0.65863316, 0.78466861, 0.71420144, 0.46460515, 0.46410824]), array([0.61350817, 0.74404746, 0.72645157, 0.64913623, 0.79347998,
       0.6587452 , 0.78393106, 0.71898197, 0.44658941, 0.46049346]), array([0.61361634, 0.74347674, 0.72642981, 0.64934961, 0.79525425,
       0.65682189, 0.78465576, 0.712286  , 0.45910107, 0.45900217])]
real metric: [array([0.51454697, 0.74813896, 0.5053243 , 0.43245576, 0.51845638,
       0.44676806, 0.44970414, 0.31377246, 0.23067174, 0.10878661]), array([0.53166599, 0.77284595, 0.5097493 , 0.44103874, 0.54211843,
       0.37550201, 0.46551724, 0.32828871, 0.23057644, 0.11331445]), array([0.51045016, 0.75078468, 0.51127098, 0.4636622 , 0.50487157,
       0.39612487, 0.41970021, 0.33653846, 0.2418136 , 0.09827357]), array([0.51978342, 0.78495298, 0.5166745 , 0.4645602 , 0.53431373,
       0.40118577, 0.45559039, 0.34345794, 0.23605707, 0.12061711]), array([0.50590087, 0.74951204, 0.49056604, 0.44622222, 0.53807107,
       0.44234801, 0.42961418, 0.3094959 , 0.21132075, 0.10596026])]

estim_algorithm = ts-model, mode = classification, metric = f1score, confidence_scores = entropy-conf, class_specific = False
test err: [0.3121495171101426, 0.31603041331754966, 0.32276337484512846, 0.3033185274229228, 0.3179242991824652]
estimated metric: [array([0.79726792, 0.81324668, 0.7402517 , 0.7207077 , 0.71535274,
       0.73643014, 0.7265013 , 0.72729577, 0.73995107, 0.67311551]), array([0.80242242, 0.81522959, 0.73848756, 0.72357015, 0.73793522,
       0.74271867, 0.73841947, 0.74262468, 0.71975867, 0.70975497]), array([0.79882761, 0.81402004, 0.73812468, 0.72878095, 0.73284937,
       0.74254691, 0.72601168, 0.70848515, 0.74561087, 0.72586679]), array([0.79876456, 0.81432807, 0.73669866, 0.72621379, 0.72134056,
       0.74863324, 0.74497157, 0.72082953, 0.70294666, 0.69565173]), array([0.7975625 , 0.80417275, 0.73808149, 0.72626087, 0.733008  ,
       0.74416416, 0.74190383, 0.6948313 , 0.72452501, 0.70374441])]
real metric: [array([0.51454697, 0.74813896, 0.5053243 , 0.43245576, 0.51845638,
       0.44676806, 0.44970414, 0.31377246, 0.23067174, 0.10878661]), array([0.53166599, 0.77284595, 0.5097493 , 0.44103874, 0.54211843,
       0.37550201, 0.46551724, 0.32828871, 0.23057644, 0.11331445]), array([0.51045016, 0.75078468, 0.51127098, 0.4636622 , 0.50487157,
       0.39612487, 0.41970021, 0.33653846, 0.2418136 , 0.09827357]), array([0.51978342, 0.78495298, 0.5166745 , 0.4645602 , 0.53431373,
       0.40118577, 0.45559039, 0.34345794, 0.23605707, 0.12061711]), array([0.50590087, 0.74951204, 0.49056604, 0.44622222, 0.53807107,
       0.44234801, 0.42961418, 0.3094959 , 0.21132075, 0.10596026])]

estim_algorithm = ts-model, mode = classification, metric = f1score, confidence_scores = entropy-conf, class_specific = True
test err: [0.18632618758592928, 0.1970971459054924, 0.19501170064452805, 0.1853301063794083, 0.1937002476843103]
estimated metric: [array([0.54436601, 0.63242137, 0.67177928, 0.60835839, 0.71837217,
       0.58389941, 0.70075051, 0.64922121, 0.4058936 , 0.38539013]), array([0.55963523, 0.62914553, 0.67034769, 0.61018258, 0.7408913 ,
       0.59366566, 0.71262446, 0.67390306, 0.39372976, 0.41006261]), array([0.54880721, 0.63084944, 0.66769467, 0.61775372, 0.73581886,
       0.59125263, 0.69934058, 0.63400405, 0.41135339, 0.40686228]), array([0.55030692, 0.62784914, 0.66786351, 0.61256839, 0.72434564,
       0.59647596, 0.71829169, 0.64814538, 0.37606175, 0.39437812]), array([0.54923695, 0.62024293, 0.66883973, 0.6139616 , 0.73596662,
       0.59100538, 0.71502454, 0.62032893, 0.39964744, 0.39322148])]
real metric: [array([0.51454697, 0.74813896, 0.5053243 , 0.43245576, 0.51845638,
       0.44676806, 0.44970414, 0.31377246, 0.23067174, 0.10878661]), array([0.53166599, 0.77284595, 0.5097493 , 0.44103874, 0.54211843,
       0.37550201, 0.46551724, 0.32828871, 0.23057644, 0.11331445]), array([0.51045016, 0.75078468, 0.51127098, 0.4636622 , 0.50487157,
       0.39612487, 0.41970021, 0.33653846, 0.2418136 , 0.09827357]), array([0.51978342, 0.78495298, 0.5166745 , 0.4645602 , 0.53431373,
       0.40118577, 0.45559039, 0.34345794, 0.23605707, 0.12061711]), array([0.50590087, 0.74951204, 0.49056604, 0.44622222, 0.53807107,
       0.44234801, 0.42961418, 0.3094959 , 0.21132075, 0.10596026])]

estim_algorithm = ts-model, mode = classification, metric = f1score, confidence_scores = doctor-conf, class_specific = False
test err: [0.29585338337402445, 0.30307905997370166, 0.3117075848567069, 0.2888618827364259, 0.30307051435872795]
estimated metric: [array([0.79953456, 0.80910235, 0.72443803, 0.70180565, 0.6895434 ,
       0.7246425 , 0.69974227, 0.71168094, 0.73447234, 0.63219715]), array([0.8029273 , 0.81458857, 0.71804704, 0.70545458, 0.72706723,
       0.72882269, 0.72078429, 0.72551241, 0.69883767, 0.6993661 ]), array([0.8009393 , 0.81161328, 0.72217563, 0.71320195, 0.71800506,
       0.73843729, 0.71252009, 0.67712573, 0.74473273, 0.71181509]), array([0.79920819, 0.81389296, 0.71807885, 0.71195874, 0.7027075 ,
       0.74035253, 0.73552325, 0.70029138, 0.67339909, 0.67039944]), array([0.79853824, 0.79811393, 0.72001216, 0.70785966, 0.7193992 ,
       0.73493472, 0.72981155, 0.65101936, 0.71805928, 0.68196837])]
real metric: [array([0.51454697, 0.74813896, 0.5053243 , 0.43245576, 0.51845638,
       0.44676806, 0.44970414, 0.31377246, 0.23067174, 0.10878661]), array([0.53166599, 0.77284595, 0.5097493 , 0.44103874, 0.54211843,
       0.37550201, 0.46551724, 0.32828871, 0.23057644, 0.11331445]), array([0.51045016, 0.75078468, 0.51127098, 0.4636622 , 0.50487157,
       0.39612487, 0.41970021, 0.33653846, 0.2418136 , 0.09827357]), array([0.51978342, 0.78495298, 0.5166745 , 0.4645602 , 0.53431373,
       0.40118577, 0.45559039, 0.34345794, 0.23605707, 0.12061711]), array([0.50590087, 0.74951204, 0.49056604, 0.44622222, 0.53807107,
       0.44234801, 0.42961418, 0.3094959 , 0.21132075, 0.10596026])]

estim_algorithm = ts-model, mode = classification, metric = f1score, confidence_scores = doctor-conf, class_specific = True
test err: [0.17642796625429458, 0.1879054882882622, 0.1865892689166277, 0.17492082680939597, 0.1842817678389441]
estimated metric: [array([0.52273625, 0.61379636, 0.67397417, 0.60574914, 0.72785238,
       0.58458955, 0.70034069, 0.66167149, 0.35581648, 0.31769333]), array([0.54077598, 0.61047211, 0.67110911, 0.60792666, 0.75225747,
       0.59373763, 0.71772718, 0.68928845, 0.33895069, 0.34267919]), array([0.5285506 , 0.61338248, 0.66866629, 0.61687477, 0.74741531,
       0.59860399, 0.70479823, 0.64640269, 0.36634711, 0.33353711]), array([0.5291669 , 0.60745458, 0.66844433, 0.61266107, 0.73504172,
       0.60011526, 0.72246749, 0.66410165, 0.30735294, 0.32459865]), array([0.52848331, 0.59804015, 0.66947122, 0.61097572, 0.74769503,
       0.59321725, 0.71940114, 0.62864285, 0.35137631, 0.32158225])]
real metric: [array([0.51454697, 0.74813896, 0.5053243 , 0.43245576, 0.51845638,
       0.44676806, 0.44970414, 0.31377246, 0.23067174, 0.10878661]), array([0.53166599, 0.77284595, 0.5097493 , 0.44103874, 0.54211843,
       0.37550201, 0.46551724, 0.32828871, 0.23057644, 0.11331445]), array([0.51045016, 0.75078468, 0.51127098, 0.4636622 , 0.50487157,
       0.39612487, 0.41970021, 0.33653846, 0.2418136 , 0.09827357]), array([0.51978342, 0.78495298, 0.5166745 , 0.4645602 , 0.53431373,
       0.40118577, 0.45559039, 0.34345794, 0.23605707, 0.12061711]), array([0.50590087, 0.74951204, 0.49056604, 0.44622222, 0.53807107,
       0.44234801, 0.42961418, 0.3094959 , 0.21132075, 0.10596026])]

estim_algorithm = doc-model, mode = classification, metric = f1score, confidence_scores = max_class_probability-conf, class_specific = False
test err: [0.35132699272859996, 0.34978200010002103, 0.36250706198561516, 0.3457213737926941, 0.3604181291225994]
estimated metric: [array([0.82617881, 0.82771471, 0.78876934, 0.78867946, 0.7700714 ,
       0.75475293, 0.76734652, 0.78238656, 0.77544408, 0.70055148]), array([0.82508533, 0.8355583 , 0.78667096, 0.79004448, 0.78403191,
       0.7545322 , 0.77906763, 0.77202744, 0.75309966, 0.72831937]), array([0.8239926 , 0.82654216, 0.79282701, 0.78854231, 0.78418355,
       0.75325182, 0.77556016, 0.76592312, 0.78473319, 0.76300503]), array([0.82511356, 0.83540396, 0.78680632, 0.79151985, 0.76999606,
       0.76890222, 0.78835986, 0.77356636, 0.74970963, 0.74502903]), array([0.82565624, 0.82248253, 0.79105234, 0.78909913, 0.79014238,
       0.76357769, 0.7899894 , 0.75040163, 0.75471644, 0.75607484])]
real metric: [array([0.51454697, 0.74813896, 0.5053243 , 0.43245576, 0.51845638,
       0.44676806, 0.44970414, 0.31377246, 0.23067174, 0.10878661]), array([0.53166599, 0.77284595, 0.5097493 , 0.44103874, 0.54211843,
       0.37550201, 0.46551724, 0.32828871, 0.23057644, 0.11331445]), array([0.51045016, 0.75078468, 0.51127098, 0.4636622 , 0.50487157,
       0.39612487, 0.41970021, 0.33653846, 0.2418136 , 0.09827357]), array([0.51978342, 0.78495298, 0.5166745 , 0.4645602 , 0.53431373,
       0.40118577, 0.45559039, 0.34345794, 0.23605707, 0.12061711]), array([0.50590087, 0.74951204, 0.49056604, 0.44622222, 0.53807107,
       0.44234801, 0.42961418, 0.3094959 , 0.21132075, 0.10596026])]

estim_algorithm = doc-model, mode = classification, metric = f1score, confidence_scores = max_class_probability-conf, class_specific = True
test err: [0.21838685036040967, 0.21733827643011808, 0.23186722269337473, 0.21514747816522783, 0.22828962301649436]
estimated metric: [array([0.6308849 , 0.77156702, 0.71225956, 0.63576497, 0.75025997,
       0.60985813, 0.730859  , 0.6769071 , 0.49165606, 0.44247715]), array([0.6292098 , 0.78017719, 0.70990895, 0.63744017, 0.76467122,
       0.60979409, 0.74328079, 0.66514597, 0.46279816, 0.4815737 ]), array([0.62803829, 0.7702794 , 0.71684083, 0.63561105, 0.76482772,
       0.60777779, 0.73956437, 0.65769785, 0.50138437, 0.53014086]), array([0.62922209, 0.78000782, 0.71005342, 0.63945806, 0.75018219,
       0.62746471, 0.75312354, 0.66648602, 0.44991801, 0.51286173]), array([0.63007256, 0.76582041, 0.71487   , 0.63629374, 0.77097731,
       0.62065393, 0.75484917, 0.63928488, 0.46040427, 0.51868128])]
real metric: [array([0.51454697, 0.74813896, 0.5053243 , 0.43245576, 0.51845638,
       0.44676806, 0.44970414, 0.31377246, 0.23067174, 0.10878661]), array([0.53166599, 0.77284595, 0.5097493 , 0.44103874, 0.54211843,
       0.37550201, 0.46551724, 0.32828871, 0.23057644, 0.11331445]), array([0.51045016, 0.75078468, 0.51127098, 0.4636622 , 0.50487157,
       0.39612487, 0.41970021, 0.33653846, 0.2418136 , 0.09827357]), array([0.51978342, 0.78495298, 0.5166745 , 0.4645602 , 0.53431373,
       0.40118577, 0.45559039, 0.34345794, 0.23605707, 0.12061711]), array([0.50590087, 0.74951204, 0.49056604, 0.44622222, 0.53807107,
       0.44234801, 0.42961418, 0.3094959 , 0.21132075, 0.10596026])]

estim_algorithm = doc-model, mode = classification, metric = f1score, confidence_scores = energy-conf, class_specific = False
test err: [0.3427625621232723, 0.3436304094186255, 0.3492578056095514, 0.3326943012410034, 0.3473670306108237]
estimated metric: [array([0.77783409, 0.7997516 , 0.76092681, 0.75448195, 0.75755226,
       0.78348039, 0.76214404, 0.77327437, 0.76335593, 0.76344953]), array([0.78462105, 0.79748386, 0.76006204, 0.75417259, 0.76757099,
       0.78699531, 0.76920521, 0.79609854, 0.75508944, 0.77562233]), array([0.77966049, 0.79796611, 0.75689938, 0.75884065, 0.76568627,
       0.78785245, 0.76336089, 0.7718762 , 0.76803109, 0.77589484]), array([0.78018343, 0.79732877, 0.75901566, 0.75597206, 0.75965114,
       0.79014264, 0.76761615, 0.78168305, 0.74720441, 0.76533881]), array([0.77981423, 0.79300725, 0.7593868 , 0.75632591, 0.76684433,
       0.78658333, 0.76792746, 0.76418778, 0.7597621 , 0.76884243])]
real metric: [array([0.51454697, 0.74813896, 0.5053243 , 0.43245576, 0.51845638,
       0.44676806, 0.44970414, 0.31377246, 0.23067174, 0.10878661]), array([0.53166599, 0.77284595, 0.5097493 , 0.44103874, 0.54211843,
       0.37550201, 0.46551724, 0.32828871, 0.23057644, 0.11331445]), array([0.51045016, 0.75078468, 0.51127098, 0.4636622 , 0.50487157,
       0.39612487, 0.41970021, 0.33653846, 0.2418136 , 0.09827357]), array([0.51978342, 0.78495298, 0.5166745 , 0.4645602 , 0.53431373,
       0.40118577, 0.45559039, 0.34345794, 0.23605707, 0.12061711]), array([0.50590087, 0.74951204, 0.49056604, 0.44622222, 0.53807107,
       0.44234801, 0.42961418, 0.3094959 , 0.21132075, 0.10596026])]

estim_algorithm = doc-model, mode = classification, metric = f1score, confidence_scores = energy-conf, class_specific = True
test err: [0.20793022386782586, 0.2157893116119758, 0.2167559557788284, 0.2059134704537263, 0.21471381921088578]
estimated metric: [array([0.57646679, 0.6654204 , 0.69728989, 0.6278666 , 0.75757739,
       0.61880483, 0.74018455, 0.67985758, 0.42509245, 0.39393   ]), array([0.5859527 , 0.66246587, 0.69612872, 0.62732045, 0.7675956 ,
       0.62437427, 0.74754329, 0.70664077, 0.41377911, 0.41594942]), array([0.57900645, 0.66272245, 0.69259411, 0.63289686, 0.76571101,
       0.62503908, 0.74149606, 0.67805595, 0.4326672 , 0.41473623]), array([0.57967526, 0.66158109, 0.69509168, 0.62950881, 0.75967608,
       0.62771065, 0.74587924, 0.68969447, 0.3989006 , 0.40186616]), array([0.5793169 , 0.6565237 , 0.6955169 , 0.63007557, 0.76686887,
       0.62324439, 0.74622855, 0.67025061, 0.41925904, 0.40288831])]
real metric: [array([0.51454697, 0.74813896, 0.5053243 , 0.43245576, 0.51845638,
       0.44676806, 0.44970414, 0.31377246, 0.23067174, 0.10878661]), array([0.53166599, 0.77284595, 0.5097493 , 0.44103874, 0.54211843,
       0.37550201, 0.46551724, 0.32828871, 0.23057644, 0.11331445]), array([0.51045016, 0.75078468, 0.51127098, 0.4636622 , 0.50487157,
       0.39612487, 0.41970021, 0.33653846, 0.2418136 , 0.09827357]), array([0.51978342, 0.78495298, 0.5166745 , 0.4645602 , 0.53431373,
       0.40118577, 0.45559039, 0.34345794, 0.23605707, 0.12061711]), array([0.50590087, 0.74951204, 0.49056604, 0.44622222, 0.53807107,
       0.44234801, 0.42961418, 0.3094959 , 0.21132075, 0.10596026])]

estim_algorithm = doc-model, mode = classification, metric = f1score, confidence_scores = entropy-conf, class_specific = False
test err: [0.3502404316601857, 0.3484711925912532, 0.3598656634951872, 0.3427366719457741, 0.35701126740649336]
estimated metric: [array([0.82612575, 0.8273844 , 0.78669953, 0.78223948, 0.76574575,
       0.75792257, 0.76464273, 0.77732765, 0.77641258, 0.70652924]), array([0.82518165, 0.83361365, 0.78425275, 0.78398074, 0.78103099,
       0.75662041, 0.77678375, 0.77074452, 0.75261269, 0.73050804]), array([0.82465643, 0.82585786, 0.78887268, 0.78403859, 0.77899013,
       0.7592685 , 0.77265589, 0.75833002, 0.78253059, 0.75694626]), array([0.82484716, 0.8341015 , 0.78471169, 0.7867145 , 0.76862061,
       0.76852   , 0.7853701 , 0.76629297, 0.75385193, 0.73152938]), array([0.82443905, 0.82165823, 0.78784031, 0.78385252, 0.78267964,
       0.76488103, 0.78670328, 0.74303227, 0.75828263, 0.74575504])]
real metric: [array([0.51454697, 0.74813896, 0.5053243 , 0.43245576, 0.51845638,
       0.44676806, 0.44970414, 0.31377246, 0.23067174, 0.10878661]), array([0.53166599, 0.77284595, 0.5097493 , 0.44103874, 0.54211843,
       0.37550201, 0.46551724, 0.32828871, 0.23057644, 0.11331445]), array([0.51045016, 0.75078468, 0.51127098, 0.4636622 , 0.50487157,
       0.39612487, 0.41970021, 0.33653846, 0.2418136 , 0.09827357]), array([0.51978342, 0.78495298, 0.5166745 , 0.4645602 , 0.53431373,
       0.40118577, 0.45559039, 0.34345794, 0.23605707, 0.12061711]), array([0.50590087, 0.74951204, 0.49056604, 0.44622222, 0.53807107,
       0.44234801, 0.42961418, 0.3094959 , 0.21132075, 0.10596026])]

estim_algorithm = doc-model, mode = classification, metric = f1score, confidence_scores = entropy-conf, class_specific = True
test err: [0.21501391298918077, 0.2143848311814729, 0.2270719058043436, 0.21142392148726782, 0.22300842574979834]
estimated metric: [array([0.63010096, 0.76565178, 0.71083064, 0.63554646, 0.74858539,
       0.60778996, 0.7299257 , 0.67869382, 0.4820212 , 0.42961856]), array([0.62897089, 0.77255225, 0.70804247, 0.63772719, 0.76429591,
       0.60675769, 0.74275517, 0.67136988, 0.45397274, 0.46743399]), array([0.62852928, 0.76396017, 0.71325852, 0.63796147, 0.76219858,
       0.60955063, 0.73839403, 0.65647961, 0.49186692, 0.50201014]), array([0.62840584, 0.7730925 , 0.70858628, 0.64124076, 0.75154066,
       0.62123775, 0.75182411, 0.66579758, 0.44940885, 0.47657704]), array([0.62782551, 0.75930521, 0.71216091, 0.63755377, 0.76599012,
       0.61690644, 0.75323191, 0.63855115, 0.4600603 , 0.48751028])]
real metric: [array([0.51454697, 0.74813896, 0.5053243 , 0.43245576, 0.51845638,
       0.44676806, 0.44970414, 0.31377246, 0.23067174, 0.10878661]), array([0.53166599, 0.77284595, 0.5097493 , 0.44103874, 0.54211843,
       0.37550201, 0.46551724, 0.32828871, 0.23057644, 0.11331445]), array([0.51045016, 0.75078468, 0.51127098, 0.4636622 , 0.50487157,
       0.39612487, 0.41970021, 0.33653846, 0.2418136 , 0.09827357]), array([0.51978342, 0.78495298, 0.5166745 , 0.4645602 , 0.53431373,
       0.40118577, 0.45559039, 0.34345794, 0.23605707, 0.12061711]), array([0.50590087, 0.74951204, 0.49056604, 0.44622222, 0.53807107,
       0.44234801, 0.42961418, 0.3094959 , 0.21132075, 0.10596026])]

estim_algorithm = doc-model, mode = classification, metric = f1score, confidence_scores = doctor-conf, class_specific = False
test err: [0.36577915041955666, 0.3627383238596243, 0.37455774552859544, 0.3575449328437581, 0.3728763243237219]
estimated metric: [array([0.82692889, 0.82736091, 0.80115117, 0.79978724, 0.78593631,
       0.77910825, 0.78086215, 0.79295672, 0.79516081, 0.73716443]), array([0.82614033, 0.83283438, 0.79859532, 0.80143396, 0.79685106,
       0.77686327, 0.79280023, 0.7828055 , 0.77154774, 0.75812872]), array([0.82462077, 0.82540798, 0.80322993, 0.80077341, 0.79454629,
       0.78181849, 0.78779264, 0.77865502, 0.79890226, 0.78332096]), array([0.82583542, 0.83240898, 0.79864538, 0.80253735, 0.78498979,
       0.78593136, 0.79825802, 0.78931267, 0.77842523, 0.75629825]), array([0.82633271, 0.82211827, 0.80219726, 0.80056191, 0.8032888 ,
       0.7838171 , 0.7997715 , 0.76479925, 0.77685486, 0.77803293])]
real metric: [array([0.51454697, 0.74813896, 0.5053243 , 0.43245576, 0.51845638,
       0.44676806, 0.44970414, 0.31377246, 0.23067174, 0.10878661]), array([0.53166599, 0.77284595, 0.5097493 , 0.44103874, 0.54211843,
       0.37550201, 0.46551724, 0.32828871, 0.23057644, 0.11331445]), array([0.51045016, 0.75078468, 0.51127098, 0.4636622 , 0.50487157,
       0.39612487, 0.41970021, 0.33653846, 0.2418136 , 0.09827357]), array([0.51978342, 0.78495298, 0.5166745 , 0.4645602 , 0.53431373,
       0.40118577, 0.45559039, 0.34345794, 0.23605707, 0.12061711]), array([0.50590087, 0.74951204, 0.49056604, 0.44622222, 0.53807107,
       0.44234801, 0.42961418, 0.3094959 , 0.21132075, 0.10596026])]

estim_algorithm = doc-model, mode = classification, metric = f1score, confidence_scores = doctor-conf, class_specific = True
test err: [0.23401722301776337, 0.2322354963912187, 0.2448783598383975, 0.227760208231977, 0.2423174656961637]
estimated metric: [array([0.6348105 , 0.7802226 , 0.7234552 , 0.64335154, 0.76637195,
       0.63454314, 0.74870337, 0.69082105, 0.50777346, 0.47874479]), array([0.63383147, 0.78612733, 0.72066384, 0.64576314, 0.7776525 ,
       0.63321273, 0.76115425, 0.67947629, 0.48205562, 0.51303506]), array([0.6323191 , 0.77814474, 0.72573523, 0.64491041, 0.77530362,
       0.63778766, 0.75613854, 0.67477444, 0.51179688, 0.54536329]), array([0.63323983, 0.78571853, 0.72060131, 0.64731295, 0.7654341 ,
       0.64359592, 0.76716385, 0.68635801, 0.48294276, 0.52242793]), array([0.63392328, 0.77462912, 0.72466824, 0.64449975, 0.78429253,
       0.64060239, 0.7684947 , 0.65807199, 0.48516343, 0.53784057])]
real metric: [array([0.51454697, 0.74813896, 0.5053243 , 0.43245576, 0.51845638,
       0.44676806, 0.44970414, 0.31377246, 0.23067174, 0.10878661]), array([0.53166599, 0.77284595, 0.5097493 , 0.44103874, 0.54211843,
       0.37550201, 0.46551724, 0.32828871, 0.23057644, 0.11331445]), array([0.51045016, 0.75078468, 0.51127098, 0.4636622 , 0.50487157,
       0.39612487, 0.41970021, 0.33653846, 0.2418136 , 0.09827357]), array([0.51978342, 0.78495298, 0.5166745 , 0.4645602 , 0.53431373,
       0.40118577, 0.45559039, 0.34345794, 0.23605707, 0.12061711]), array([0.50590087, 0.74951204, 0.49056604, 0.44622222, 0.53807107,
       0.44234801, 0.42961418, 0.3094959 , 0.21132075, 0.10596026])]

estim_algorithm = atc-model, mode = classification, metric = f1score, confidence_scores = max_class_probability-conf, class_specific = False
test err: [0.24349028845375634, 0.23056178763397717, 0.2481537852896623, 0.23161555667325429, 0.24321484243842936]
estimated metric: [array([0.81725544, 0.82632293, 0.69485294, 0.68550666, 0.64507423,
       0.56812934, 0.66666668, 0.68627453, 0.64285717, 0.47058834]), array([0.8185457 , 0.83727399, 0.68906037, 0.68846002, 0.67919464,
       0.56338029, 0.68073879, 0.69406394, 0.56551727, 0.40000012]), array([0.82625735, 0.83095723, 0.70819973, 0.67844795, 0.70454546,
       0.53061226, 0.65454547, 0.62500002, 0.66666669, 0.48979602]), array([0.81957187, 0.85163007, 0.69773756, 0.69988138, 0.64247312,
       0.62842894, 0.68279571, 0.62727274, 0.52631583, 0.51724146]), array([0.81197682, 0.81672474, 0.70253446, 0.68922306, 0.65620543,
       0.61097853, 0.71916011, 0.61691544, 0.54687504, 0.49056613])]
real metric: [array([0.51454697, 0.74813896, 0.5053243 , 0.43245576, 0.51845638,
       0.44676806, 0.44970414, 0.31377246, 0.23067174, 0.10878661]), array([0.53166599, 0.77284595, 0.5097493 , 0.44103874, 0.54211843,
       0.37550201, 0.46551724, 0.32828871, 0.23057644, 0.11331445]), array([0.51045016, 0.75078468, 0.51127098, 0.4636622 , 0.50487157,
       0.39612487, 0.41970021, 0.33653846, 0.2418136 , 0.09827357]), array([0.51978342, 0.78495298, 0.5166745 , 0.4645602 , 0.53431373,
       0.40118577, 0.45559039, 0.34345794, 0.23605707, 0.12061711]), array([0.50590087, 0.74951204, 0.49056604, 0.44622222, 0.53807107,
       0.44234801, 0.42961418, 0.3094959 , 0.21132075, 0.10596026])]

estim_algorithm = atc-model, mode = classification, metric = f1score, confidence_scores = max_class_probability-conf, class_specific = True
test err: [0.10875992172170597, 0.10926230885558223, 0.1181349558013473, 0.10820141172796952, 0.12298709343299101]
estimated metric: [array([0.53018151, 0.60596294, 0.6313253 , 0.5725559 , 0.63401361,
       0.31978322, 0.58885943, 0.57446811, 0.24074081, 0.0975612 ]), array([0.53333334, 0.5984912 , 0.63837813, 0.59137056, 0.66666667,
       0.39116721, 0.59550563, 0.59113303, 0.26666673, 0.18181837]), array([0.52644527, 0.61575563, 0.64553314, 0.57968621, 0.68965518,
       0.347541  , 0.56774195, 0.54822337, 0.19469034, 0.23809542]), array([0.53664701, 0.60242915, 0.62494028, 0.60204082, 0.63328823,
       0.39181288, 0.6350975 , 0.53398061, 0.20183494, 0.24489811]), array([0.52870814, 0.5932063 , 0.64405205, 0.58265583, 0.63872833,
       0.36516856, 0.65564739, 0.49729732, 0.15841592, 0.2222224 ])]
real metric: [array([0.51454697, 0.74813896, 0.5053243 , 0.43245576, 0.51845638,
       0.44676806, 0.44970414, 0.31377246, 0.23067174, 0.10878661]), array([0.53166599, 0.77284595, 0.5097493 , 0.44103874, 0.54211843,
       0.37550201, 0.46551724, 0.32828871, 0.23057644, 0.11331445]), array([0.51045016, 0.75078468, 0.51127098, 0.4636622 , 0.50487157,
       0.39612487, 0.41970021, 0.33653846, 0.2418136 , 0.09827357]), array([0.51978342, 0.78495298, 0.5166745 , 0.4645602 , 0.53431373,
       0.40118577, 0.45559039, 0.34345794, 0.23605707, 0.12061711]), array([0.50590087, 0.74951204, 0.49056604, 0.44622222, 0.53807107,
       0.44234801, 0.42961418, 0.3094959 , 0.21132075, 0.10596026])]

estim_algorithm = atc-model, mode = classification, metric = f1score, confidence_scores = energy-conf, class_specific = False
test err: [0.28472790484889304, 0.29288286168090266, 0.2984574653287305, 0.2715112314551864, 0.28215323570948253]
estimated metric: [array([0.74658027, 0.76868328, 0.65339023, 0.64727877, 0.66311585,
       0.76247505, 0.65994963, 0.74766356, 0.72483223, 0.74193553]), array([0.76023801, 0.76422764, 0.64983637, 0.65779928, 0.70184697,
       0.77108434, 0.70801034, 0.75109171, 0.70807455, 0.75000004]), array([0.75294934, 0.77958895, 0.66223909, 0.66821525, 0.71004244,
       0.80568721, 0.68639054, 0.68807341, 0.74074076, 0.72413798]), array([0.74720519, 0.75379062, 0.64309288, 0.66341464, 0.66930172,
       0.79385965, 0.73056996, 0.75206613, 0.57971018, 0.69696974]), array([0.7427598 , 0.73754647, 0.64656772, 0.66183369, 0.70958905,
       0.77473685, 0.69866667, 0.64390246, 0.68085109, 0.73015877])]
real metric: [array([0.51454697, 0.74813896, 0.5053243 , 0.43245576, 0.51845638,
       0.44676806, 0.44970414, 0.31377246, 0.23067174, 0.10878661]), array([0.53166599, 0.77284595, 0.5097493 , 0.44103874, 0.54211843,
       0.37550201, 0.46551724, 0.32828871, 0.23057644, 0.11331445]), array([0.51045016, 0.75078468, 0.51127098, 0.4636622 , 0.50487157,
       0.39612487, 0.41970021, 0.33653846, 0.2418136 , 0.09827357]), array([0.51978342, 0.78495298, 0.5166745 , 0.4645602 , 0.53431373,
       0.40118577, 0.45559039, 0.34345794, 0.23605707, 0.12061711]), array([0.50590087, 0.74951204, 0.49056604, 0.44622222, 0.53807107,
       0.44234801, 0.42961418, 0.3094959 , 0.21132075, 0.10596026])]

estim_algorithm = atc-model, mode = classification, metric = f1score, confidence_scores = energy-conf, class_specific = True
test err: [0.1416201259395521, 0.15908640131013665, 0.1562081580397833, 0.1518064476335922, 0.14901714666417104]
estimated metric: [array([0.43996416, 0.54254423, 0.62669246, 0.57443082, 0.6961039 ,
       0.53427897, 0.64631044, 0.67326734, 0.19047627, 0.0975612 ]), array([0.46267361, 0.53718286, 0.63063063, 0.56897293, 0.72703752,
       0.55113638, 0.68766405, 0.7174888 , 0.19130442, 0.13953508]), array([0.45552213, 0.5244216 , 0.63570392, 0.59763555, 0.72803348,
       0.53061226, 0.63384617, 0.63157896, 0.22608702, 0.23809542]), array([0.45805593, 0.51845494, 0.61900192, 0.57723929, 0.69509044,
       0.57142858, 0.67208673, 0.68695654, 0.20183494, 0.17021294]), array([0.45218121, 0.52604167, 0.62617703, 0.58329571, 0.73045822,
       0.57002458, 0.67750678, 0.58883251, 0.19417484, 0.18181837])]
real metric: [array([0.51454697, 0.74813896, 0.5053243 , 0.43245576, 0.51845638,
       0.44676806, 0.44970414, 0.31377246, 0.23067174, 0.10878661]), array([0.53166599, 0.77284595, 0.5097493 , 0.44103874, 0.54211843,
       0.37550201, 0.46551724, 0.32828871, 0.23057644, 0.11331445]), array([0.51045016, 0.75078468, 0.51127098, 0.4636622 , 0.50487157,
       0.39612487, 0.41970021, 0.33653846, 0.2418136 , 0.09827357]), array([0.51978342, 0.78495298, 0.5166745 , 0.4645602 , 0.53431373,
       0.40118577, 0.45559039, 0.34345794, 0.23605707, 0.12061711]), array([0.50590087, 0.74951204, 0.49056604, 0.44622222, 0.53807107,
       0.44234801, 0.42961418, 0.3094959 , 0.21132075, 0.10596026])]

estim_algorithm = atc-model, mode = classification, metric = f1score, confidence_scores = entropy-conf, class_specific = False
test err: [0.2504755778242191, 0.23841741546992487, 0.2569366068729222, 0.23762876198152175, 0.24640973251444365]
estimated metric: [array([0.81886024, 0.83108108, 0.69605142, 0.68656717, 0.64140731,
       0.58123571, 0.66666668, 0.69902914, 0.65248229, 0.5000001 ]), array([0.82208181, 0.83888889, 0.69321267, 0.68846002, 0.67919464,
       0.55932205, 0.68766405, 0.70000001, 0.59459462, 0.43137266]), array([0.8285528 , 0.83095723, 0.70819973, 0.68551777, 0.70638298,
       0.55172415, 0.66265061, 0.62500002, 0.68387099, 0.5200001 ]), array([0.82237288, 0.85315615, 0.70009034, 0.70347003, 0.64611261,
       0.63861387, 0.68632709, 0.62727274, 0.55882356, 0.51724146]), array([0.8169285 , 0.81672474, 0.70311111, 0.69413234, 0.64849355,
       0.61097853, 0.71240106, 0.63054189, 0.5692308 , 0.49056613])]
real metric: [array([0.51454697, 0.74813896, 0.5053243 , 0.43245576, 0.51845638,
       0.44676806, 0.44970414, 0.31377246, 0.23067174, 0.10878661]), array([0.53166599, 0.77284595, 0.5097493 , 0.44103874, 0.54211843,
       0.37550201, 0.46551724, 0.32828871, 0.23057644, 0.11331445]), array([0.51045016, 0.75078468, 0.51127098, 0.4636622 , 0.50487157,
       0.39612487, 0.41970021, 0.33653846, 0.2418136 , 0.09827357]), array([0.51978342, 0.78495298, 0.5166745 , 0.4645602 , 0.53431373,
       0.40118577, 0.45559039, 0.34345794, 0.23605707, 0.12061711]), array([0.50590087, 0.74951204, 0.49056604, 0.44622222, 0.53807107,
       0.44234801, 0.42961418, 0.3094959 , 0.21132075, 0.10596026])]

estim_algorithm = atc-model, mode = classification, metric = f1score, confidence_scores = entropy-conf, class_specific = True
test err: [0.10889148383412847, 0.10950202556338691, 0.11776557042415467, 0.10985208004180598, 0.12044918200168406]
estimated metric: [array([0.52644943, 0.60371267, 0.62669246, 0.56690141, 0.62841531,
       0.31978322, 0.60000001, 0.5820106 , 0.24074081, 0.0975612 ]), array([0.53333334, 0.5984912 , 0.63257576, 0.58478538, 0.66666667,
       0.39116721, 0.61111112, 0.60487807, 0.2521009 , 0.18181837]), array([0.52220395, 0.61797753, 0.64357865, 0.57792476, 0.69153516,
       0.347541  , 0.57234728, 0.54822337, 0.19469034, 0.23809542]), array([0.53355847, 0.6012966 , 0.62494028, 0.59005146, 0.63513514,
       0.39181288, 0.64265929, 0.55502394, 0.20183494, 0.24489811]), array([0.52753392, 0.5920398 , 0.63835744, 0.57751587, 0.63872833,
       0.37430169, 0.66666668, 0.48087435, 0.15841592, 0.2222224 ])]
real metric: [array([0.51454697, 0.74813896, 0.5053243 , 0.43245576, 0.51845638,
       0.44676806, 0.44970414, 0.31377246, 0.23067174, 0.10878661]), array([0.53166599, 0.77284595, 0.5097493 , 0.44103874, 0.54211843,
       0.37550201, 0.46551724, 0.32828871, 0.23057644, 0.11331445]), array([0.51045016, 0.75078468, 0.51127098, 0.4636622 , 0.50487157,
       0.39612487, 0.41970021, 0.33653846, 0.2418136 , 0.09827357]), array([0.51978342, 0.78495298, 0.5166745 , 0.4645602 , 0.53431373,
       0.40118577, 0.45559039, 0.34345794, 0.23605707, 0.12061711]), array([0.50590087, 0.74951204, 0.49056604, 0.44622222, 0.53807107,
       0.44234801, 0.42961418, 0.3094959 , 0.21132075, 0.10596026])]

estim_algorithm = atc-model, mode = classification, metric = f1score, confidence_scores = doctor-conf, class_specific = False
test err: [0.24305175334045598, 0.23149263386182067, 0.2515107043408552, 0.23179387216962014, 0.24308309520804922]
estimated metric: [array([0.81725544, 0.82711865, 0.69485294, 0.68550666, 0.64324325,
       0.56812934, 0.66331659, 0.68627453, 0.64285717, 0.47058834]), array([0.8185457 , 0.83727399, 0.68906037, 0.68794326, 0.67919464,
       0.56338029, 0.68073879, 0.69406394, 0.57534249, 0.40000012]), array([0.8270235 , 0.83175034, 0.70879121, 0.67844795, 0.70638298,
       0.53488373, 0.66265061, 0.62500002, 0.68387099, 0.48979602]), array([0.81997283, 0.85163007, 0.69832655, 0.6988524 , 0.64429531,
       0.62842894, 0.68279571, 0.62727274, 0.52631583, 0.51724146]), array([0.81235919, 0.81672474, 0.70311111, 0.6903172 , 0.65620543,
       0.61097853, 0.71578948, 0.61691544, 0.54687504, 0.49056613])]
real metric: [array([0.51454697, 0.74813896, 0.5053243 , 0.43245576, 0.51845638,
       0.44676806, 0.44970414, 0.31377246, 0.23067174, 0.10878661]), array([0.53166599, 0.77284595, 0.5097493 , 0.44103874, 0.54211843,
       0.37550201, 0.46551724, 0.32828871, 0.23057644, 0.11331445]), array([0.51045016, 0.75078468, 0.51127098, 0.4636622 , 0.50487157,
       0.39612487, 0.41970021, 0.33653846, 0.2418136 , 0.09827357]), array([0.51978342, 0.78495298, 0.5166745 , 0.4645602 , 0.53431373,
       0.40118577, 0.45559039, 0.34345794, 0.23605707, 0.12061711]), array([0.50590087, 0.74951204, 0.49056604, 0.44622222, 0.53807107,
       0.44234801, 0.42961418, 0.3094959 , 0.21132075, 0.10596026])]

estim_algorithm = atc-model, mode = classification, metric = f1score, confidence_scores = doctor-conf, class_specific = True
test err: [0.1077970118612124, 0.10921159500830527, 0.1175295201870955, 0.10680845294182643, 0.1207378995377826]
estimated metric: [array([0.53080169, 0.60820596, 0.63330125, 0.57004831, 0.62653899,
       0.31978322, 0.58885943, 0.57446811, 0.24074081, 0.0975612 ]), array([0.53333334, 0.5984912 , 0.63966086, 0.58958069, 0.66666667,
       0.39116721, 0.59550563, 0.59113303, 0.26666673, 0.18181837]), array([0.52704918, 0.61686747, 0.64683302, 0.5785124 , 0.68398269,
       0.347541  , 0.56774195, 0.54822337, 0.19469034, 0.23809542]), array([0.5384939 , 0.60355987, 0.62625299, 0.59726963, 0.62210096,
       0.39181288, 0.6350975 , 0.53398061, 0.20183494, 0.24489811]), array([0.52929454, 0.5932063 , 0.64531105, 0.58265583, 0.63081396,
       0.36516856, 0.65564739, 0.48087435, 0.15841592, 0.2222224 ])]
real metric: [array([0.51454697, 0.74813896, 0.5053243 , 0.43245576, 0.51845638,
       0.44676806, 0.44970414, 0.31377246, 0.23067174, 0.10878661]), array([0.53166599, 0.77284595, 0.5097493 , 0.44103874, 0.54211843,
       0.37550201, 0.46551724, 0.32828871, 0.23057644, 0.11331445]), array([0.51045016, 0.75078468, 0.51127098, 0.4636622 , 0.50487157,
       0.39612487, 0.41970021, 0.33653846, 0.2418136 , 0.09827357]), array([0.51978342, 0.78495298, 0.5166745 , 0.4645602 , 0.53431373,
       0.40118577, 0.45559039, 0.34345794, 0.23605707, 0.12061711]), array([0.50590087, 0.74951204, 0.49056604, 0.44622222, 0.53807107,
       0.44234801, 0.42961418, 0.3094959 , 0.21132075, 0.10596026])]

estim_algorithm = ts-atc-model, mode = classification, metric = f1score, confidence_scores = max_class_probability-conf, class_specific = False
test err: [0.2488272953001799, 0.2563995926516959, 0.27587013656504594, 0.248989445154909, 0.2546089598821963]
estimated metric: [array([0.80997949, 0.81181319, 0.67413632, 0.66008231, 0.6395664 ,
       0.64035089, 0.6497462 , 0.65326635, 0.68965519, 0.52830198]), array([0.80901143, 0.8175389 , 0.67218391, 0.66959649, 0.67741936,
       0.64361703, 0.68421053, 0.68202766, 0.62251658, 0.5964913 ]), array([0.81581549, 0.82216142, 0.68531469, 0.67181467, 0.68965518,
       0.65240643, 0.64634147, 0.59803924, 0.75609758, 0.65454552]), array([0.80413081, 0.82425068, 0.67128347, 0.67312349, 0.64973263,
       0.67788462, 0.70026526, 0.65178573, 0.57971018, 0.63492069]), array([0.80582524, 0.79915135, 0.68499324, 0.67146486, 0.65620543,
       0.67727273, 0.71240106, 0.61691544, 0.63235297, 0.51851861])]
real metric: [array([0.51454697, 0.74813896, 0.5053243 , 0.43245576, 0.51845638,
       0.44676806, 0.44970414, 0.31377246, 0.23067174, 0.10878661]), array([0.53166599, 0.77284595, 0.5097493 , 0.44103874, 0.54211843,
       0.37550201, 0.46551724, 0.32828871, 0.23057644, 0.11331445]), array([0.51045016, 0.75078468, 0.51127098, 0.4636622 , 0.50487157,
       0.39612487, 0.41970021, 0.33653846, 0.2418136 , 0.09827357]), array([0.51978342, 0.78495298, 0.5166745 , 0.4645602 , 0.53431373,
       0.40118577, 0.45559039, 0.34345794, 0.23605707, 0.12061711]), array([0.50590087, 0.74951204, 0.49056604, 0.44622222, 0.53807107,
       0.44234801, 0.42961418, 0.3094959 , 0.21132075, 0.10596026])]

estim_algorithm = ts-atc-model, mode = classification, metric = f1score, confidence_scores = max_class_probability-conf, class_specific = True
test err: [0.10903649581429234, 0.1222908080930682, 0.1195697701314746, 0.12619152321033414, 0.12113203528250951]
estimated metric: [array([0.47347655, 0.56550581, 0.61934857, 0.57004831, 0.63586957,
       0.42639595, 0.60732985, 0.55913981, 0.19047627, 0.14285735]), array([0.48697138, 0.56603774, 0.6208214 , 0.58237548, 0.67385445,
       0.47761196, 0.62258954, 0.63157896, 0.2372882 , 0.09523831]), array([0.48098056, 0.56140351, 0.63504356, 0.58900738, 0.68965518,
       0.42990656, 0.57692309, 0.54822337, 0.24137938, 0.23809542]), array([0.48825065, 0.55322716, 0.62032598, 0.5845889 , 0.64429531,
       0.5054348 , 0.61971832, 0.60185187, 0.25000007, 0.24489811]), array([0.48770492, 0.54498715, 0.62358491, 0.5909295 , 0.6504298 ,
       0.4883117 , 0.63687152, 0.52127662, 0.2285715 , 0.2222224 ])]
real metric: [array([0.51454697, 0.74813896, 0.5053243 , 0.43245576, 0.51845638,
       0.44676806, 0.44970414, 0.31377246, 0.23067174, 0.10878661]), array([0.53166599, 0.77284595, 0.5097493 , 0.44103874, 0.54211843,
       0.37550201, 0.46551724, 0.32828871, 0.23057644, 0.11331445]), array([0.51045016, 0.75078468, 0.51127098, 0.4636622 , 0.50487157,
       0.39612487, 0.41970021, 0.33653846, 0.2418136 , 0.09827357]), array([0.51978342, 0.78495298, 0.5166745 , 0.4645602 , 0.53431373,
       0.40118577, 0.45559039, 0.34345794, 0.23605707, 0.12061711]), array([0.50590087, 0.74951204, 0.49056604, 0.44622222, 0.53807107,
       0.44234801, 0.42961418, 0.3094959 , 0.21132075, 0.10596026])]

estim_algorithm = ts-atc-model, mode = classification, metric = f1score, confidence_scores = energy-conf, class_specific = False
test err: [0.31782066169993717, 0.33334058539821126, 0.3310342334747731, 0.3045686415378289, 0.32585265401002067]
estimated metric: [array([0.66845124, 0.71183917, 0.66854196, 0.66721245, 0.73710692,
       0.83895131, 0.7393365 , 0.7927928 , 0.75000002, 0.80000003]), array([0.69491526, 0.70588236, 0.66481738, 0.672778  , 0.7591425 ,
       0.84875847, 0.7654321 , 0.85600001, 0.75449103, 0.78787882]), array([0.6777042 , 0.71011236, 0.6526517 , 0.67946257, 0.77088949,
       0.87750557, 0.73863637, 0.80833334, 0.74074076, 0.80645164]), array([0.67858501, 0.69932178, 0.64245283, 0.68690096, 0.7359199 ,
       0.86128365, 0.74358975, 0.82490273, 0.58992809, 0.78873242]), array([0.68449198, 0.69885058, 0.64215915, 0.68206636, 0.76701571,
       0.85207101, 0.74226805, 0.82203391, 0.72602742, 0.7692308 ])]
real metric: [array([0.51454697, 0.74813896, 0.5053243 , 0.43245576, 0.51845638,
       0.44676806, 0.44970414, 0.31377246, 0.23067174, 0.10878661]), array([0.53166599, 0.77284595, 0.5097493 , 0.44103874, 0.54211843,
       0.37550201, 0.46551724, 0.32828871, 0.23057644, 0.11331445]), array([0.51045016, 0.75078468, 0.51127098, 0.4636622 , 0.50487157,
       0.39612487, 0.41970021, 0.33653846, 0.2418136 , 0.09827357]), array([0.51978342, 0.78495298, 0.5166745 , 0.4645602 , 0.53431373,
       0.40118577, 0.45559039, 0.34345794, 0.23605707, 0.12061711]), array([0.50590087, 0.74951204, 0.49056604, 0.44622222, 0.53807107,
       0.44234801, 0.42961418, 0.3094959 , 0.21132075, 0.10596026])]

estim_algorithm = ts-atc-model, mode = classification, metric = f1score, confidence_scores = energy-conf, class_specific = True
test err: [0.17476779687776606, 0.19538791301535682, 0.18944643983134118, 0.18285125962283819, 0.1723221571498531]
estimated metric: [array([0.39834407, 0.50862069, 0.65657521, 0.5725559 , 0.72911393,
       0.58769933, 0.69607844, 0.72985783, 0.15533989, 0.0975612 ]), array([0.44033466, 0.48413418, 0.65611913, 0.56031129, 0.74168798,
       0.60655739, 0.73737374, 0.77777779, 0.14285722, 0.18181837]), array([0.41604231, 0.48281939, 0.6416185 , 0.58202803, 0.75918368,
       0.59610029, 0.6902655 , 0.75109171, 0.19469034, 0.19512215]), array([0.4244898 , 0.48330405, 0.63212928, 0.59547202, 0.71989861,
       0.59693879, 0.70712402, 0.75720166, 0.18518526, 0.2083335 ]), array([0.41630902, 0.48797863, 0.63517306, 0.58393502, 0.74900399,
       0.59420291, 0.69518717, 0.6948357 , 0.21153854, 0.18181837])]
real metric: [array([0.51454697, 0.74813896, 0.5053243 , 0.43245576, 0.51845638,
       0.44676806, 0.44970414, 0.31377246, 0.23067174, 0.10878661]), array([0.53166599, 0.77284595, 0.5097493 , 0.44103874, 0.54211843,
       0.37550201, 0.46551724, 0.32828871, 0.23057644, 0.11331445]), array([0.51045016, 0.75078468, 0.51127098, 0.4636622 , 0.50487157,
       0.39612487, 0.41970021, 0.33653846, 0.2418136 , 0.09827357]), array([0.51978342, 0.78495298, 0.5166745 , 0.4645602 , 0.53431373,
       0.40118577, 0.45559039, 0.34345794, 0.23605707, 0.12061711]), array([0.50590087, 0.74951204, 0.49056604, 0.44622222, 0.53807107,
       0.44234801, 0.42961418, 0.3094959 , 0.21132075, 0.10596026])]

estim_algorithm = ts-atc-model, mode = classification, metric = f1score, confidence_scores = entropy-conf, class_specific = False
test err: [0.25888455985992226, 0.2654630631139681, 0.28137815568369273, 0.24654304953733286, 0.26178978089722477]
estimated metric: [array([0.80137694, 0.79442509, 0.66478609, 0.63822668, 0.63215259,
       0.70020965, 0.65316457, 0.63265308, 0.73333335, 0.60714293]), array([0.80094787, 0.7971223 , 0.65799257, 0.65127582, 0.66122449,
       0.6989796 , 0.67374006, 0.68807341, 0.69182392, 0.64406786]), array([0.79759117, 0.80665281, 0.67853796, 0.66303926, 0.66079296,
       0.70769232, 0.63384617, 0.6116505 , 0.7857143 , 0.70175444]), array([0.79249218, 0.79972184, 0.65702287, 0.65135357, 0.63881402,
       0.7327189 , 0.68983958, 0.64573993, 0.60000003, 0.63492069]), array([0.78937008, 0.77489178, 0.66391942, 0.65437393, 0.65236052,
       0.70089286, 0.69168902, 0.56701033, 0.70833335, 0.64406786])]
real metric: [array([0.51454697, 0.74813896, 0.5053243 , 0.43245576, 0.51845638,
       0.44676806, 0.44970414, 0.31377246, 0.23067174, 0.10878661]), array([0.53166599, 0.77284595, 0.5097493 , 0.44103874, 0.54211843,
       0.37550201, 0.46551724, 0.32828871, 0.23057644, 0.11331445]), array([0.51045016, 0.75078468, 0.51127098, 0.4636622 , 0.50487157,
       0.39612487, 0.41970021, 0.33653846, 0.2418136 , 0.09827357]), array([0.51978342, 0.78495298, 0.5166745 , 0.4645602 , 0.53431373,
       0.40118577, 0.45559039, 0.34345794, 0.23605707, 0.12061711]), array([0.50590087, 0.74951204, 0.49056604, 0.44622222, 0.53807107,
       0.44234801, 0.42961418, 0.3094959 , 0.21132075, 0.10596026])]

estim_algorithm = ts-atc-model, mode = classification, metric = f1score, confidence_scores = entropy-conf, class_specific = True
test err: [0.11862101433998803, 0.14230899744905645, 0.13269082055412942, 0.1294652509006036, 0.13201756164689843]
estimated metric: [array([0.46404941, 0.56550581, 0.61867704, 0.56247241, 0.66666667,
       0.50241547, 0.63589745, 0.5820106 , 0.19047627, 0.0975612 ]), array([0.48178311, 0.55737705, 0.6208214 , 0.56712565, 0.70866142,
       0.52601157, 0.65591399, 0.67592594, 0.19130442, 0.13953508]), array([0.47388535, 0.54928391, 0.63239573, 0.587269  , 0.71004244,
       0.51764707, 0.57692309, 0.58415844, 0.22608702, 0.19512215]), array([0.48097945, 0.54099747, 0.6123433 , 0.55789474, 0.68146215,
       0.54497356, 0.6388889 , 0.60829495, 0.20183494, 0.17021294]), array([0.47897774, 0.53998281, 0.62098299, 0.57622505, 0.70247934,
       0.53400505, 0.64444445, 0.55208336, 0.24528309, 0.18181837])]
real metric: [array([0.51454697, 0.74813896, 0.5053243 , 0.43245576, 0.51845638,
       0.44676806, 0.44970414, 0.31377246, 0.23067174, 0.10878661]), array([0.53166599, 0.77284595, 0.5097493 , 0.44103874, 0.54211843,
       0.37550201, 0.46551724, 0.32828871, 0.23057644, 0.11331445]), array([0.51045016, 0.75078468, 0.51127098, 0.4636622 , 0.50487157,
       0.39612487, 0.41970021, 0.33653846, 0.2418136 , 0.09827357]), array([0.51978342, 0.78495298, 0.5166745 , 0.4645602 , 0.53431373,
       0.40118577, 0.45559039, 0.34345794, 0.23605707, 0.12061711]), array([0.50590087, 0.74951204, 0.49056604, 0.44622222, 0.53807107,
       0.44234801, 0.42961418, 0.3094959 , 0.21132075, 0.10596026])]

estim_algorithm = ts-atc-model, mode = classification, metric = f1score, confidence_scores = doctor-conf, class_specific = False
test err: [0.2585475583788862, 0.2630934154874186, 0.27954963252203713, 0.24438880159815896, 0.25710150526365705]
estimated metric: [array([0.80096419, 0.80193906, 0.66352941, 0.63879599, 0.63401361,
       0.69198313, 0.6497462 , 0.63265308, 0.73333335, 0.60714293]), array([0.80175913, 0.80229227, 0.66110339, 0.65563181, 0.65573771,
       0.6989796 , 0.67374006, 0.68807341, 0.68354432, 0.62068972]), array([0.80478883, 0.80912863, 0.67853796, 0.66095757, 0.67055394,
       0.70103094, 0.62538701, 0.59113303, 0.7857143 , 0.70175444]), array([0.79416869, 0.80222068, 0.65952492, 0.65135357, 0.64611261,
       0.71495328, 0.67208673, 0.64573993, 0.60000003, 0.63492069]), array([0.79569191, 0.77665706, 0.66575217, 0.65264062, 0.64655173,
       0.70089286, 0.69168902, 0.574359  , 0.69930072, 0.5964913 ])]
real metric: [array([0.51454697, 0.74813896, 0.5053243 , 0.43245576, 0.51845638,
       0.44676806, 0.44970414, 0.31377246, 0.23067174, 0.10878661]), array([0.53166599, 0.77284595, 0.5097493 , 0.44103874, 0.54211843,
       0.37550201, 0.46551724, 0.32828871, 0.23057644, 0.11331445]), array([0.51045016, 0.75078468, 0.51127098, 0.4636622 , 0.50487157,
       0.39612487, 0.41970021, 0.33653846, 0.2418136 , 0.09827357]), array([0.51978342, 0.78495298, 0.5166745 , 0.4645602 , 0.53431373,
       0.40118577, 0.45559039, 0.34345794, 0.23605707, 0.12061711]), array([0.50590087, 0.74951204, 0.49056604, 0.44622222, 0.53807107,
       0.44234801, 0.42961418, 0.3094959 , 0.21132075, 0.10596026])]

estim_algorithm = ts-atc-model, mode = classification, metric = f1score, confidence_scores = doctor-conf, class_specific = True
test err: [0.13011400301218667, 0.15880695033114295, 0.14111605876680172, 0.14119894478272088, 0.13595542752634796]
estimated metric: [array([0.45106762, 0.55472014, 0.62135923, 0.5675319 , 0.66133334,
       0.52731593, 0.62176167, 0.66000002, 0.19047627, 0.0975612 ]), array([0.47327586, 0.55363322, 0.62672373, 0.57081545, 0.68974701,
       0.55113638, 0.67021277, 0.70000001, 0.17543867, 0.2222224 ]), array([0.46147261, 0.54560811, 0.63305865, 0.59534504, 0.69340975,
       0.53913045, 0.5993691 , 0.63157896, 0.24137938, 0.19512215]), array([0.46960353, 0.53852668, 0.61301205, 0.57043478, 0.66225166,
       0.57512954, 0.64265929, 0.64573993, 0.20183494, 0.2083335 ]), array([0.46760798, 0.54123712, 0.62098299, 0.58201537, 0.69166667,
       0.56650247, 0.64066853, 0.574359  , 0.2285715 , 0.18181837])]
real metric: [array([0.51454697, 0.74813896, 0.5053243 , 0.43245576, 0.51845638,
       0.44676806, 0.44970414, 0.31377246, 0.23067174, 0.10878661]), array([0.53166599, 0.77284595, 0.5097493 , 0.44103874, 0.54211843,
       0.37550201, 0.46551724, 0.32828871, 0.23057644, 0.11331445]), array([0.51045016, 0.75078468, 0.51127098, 0.4636622 , 0.50487157,
       0.39612487, 0.41970021, 0.33653846, 0.2418136 , 0.09827357]), array([0.51978342, 0.78495298, 0.5166745 , 0.4645602 , 0.53431373,
       0.40118577, 0.45559039, 0.34345794, 0.23605707, 0.12061711]), array([0.50590087, 0.74951204, 0.49056604, 0.44622222, 0.53807107,
       0.44234801, 0.42961418, 0.3094959 , 0.21132075, 0.10596026])]

