estim_algorithm = ac-model, mode = classification, metric = sensitivity, confidence_scores = max_class_probability-conf, class_specific = False
test err: [0.2506440388574405, 0.24251174645606363, 0.24487580360595357, 0.25695793554959057, 0.24026859039195783]
estimated metric: [array([0.91985929, 0.94861193, 0.87929776, 0.87910201, 0.89133697,
       0.87791539, 0.90203822, 0.9141535 , 0.88451683, 0.91407741]), array([0.92548118, 0.9572718 , 0.89199306, 0.88257886, 0.90239364,
       0.87742265, 0.90323419, 0.90546839, 0.89746007, 0.90155817]), array([0.92405414, 0.95426043, 0.88468379, 0.87545417, 0.90267951,
       0.89784184, 0.91206936, 0.91203241, 0.91033391, 0.90691506]), array([0.92204675, 0.95058794, 0.88904266, 0.88020678, 0.90117448,
       0.88638957, 0.90358334, 0.91360103, 0.90091811, 0.92698076]), array([0.92354953, 0.94956232, 0.88559701, 0.86782758, 0.90354587,
       0.87731158, 0.9013445 , 0.91344806, 0.90482418, 0.90865356])]
real metric: [array([0.97802198, 0.9793956 , 0.81165919, 0.68296089, 0.71802326,
       0.5377095 , 0.6302521 , 0.58263305, 0.33333333, 0.42837274]), array([0.97536232, 0.96978022, 0.8470255 , 0.70494186, 0.71387283,
       0.53814714, 0.61657303, 0.60029499, 0.37209302, 0.40643275]), array([0.97783934, 0.96834532, 0.84820031, 0.71571429, 0.76402878,
       0.5483871 , 0.62030598, 0.59455782, 0.3462069 , 0.38372093]), array([0.97985612, 0.97664835, 0.8125    , 0.71512482, 0.73361227,
       0.54356846, 0.60116448, 0.56923077, 0.35066865, 0.3903177 ]), array([0.98091043, 0.97206704, 0.85306705, 0.74366197, 0.75282486,
       0.52765957, 0.59890859, 0.60175695, 0.34626866, 0.41558442])]

estim_algorithm = ac-model, mode = classification, metric = sensitivity, confidence_scores = energy-conf, class_specific = False
test err: [0.34141453912970243, 0.34511947029155976, 0.3537961464511762, 0.34294817791436943, 0.3505959050890081]
estimated metric: [array([0.30513845, 0.47051721, 0.27787139, 0.25061746, 0.29148067,
       0.29392368, 0.29580009, 0.3283663 , 0.33155115, 0.42294987]), array([0.31160603, 0.48231068, 0.29246309, 0.25523679, 0.29551004,
       0.30348392, 0.29234794, 0.32300824, 0.34384328, 0.41934656]), array([0.31091954, 0.48142285, 0.2925185 , 0.24383802, 0.29636297,
       0.29288933, 0.30065341, 0.33305061, 0.37060113, 0.41156447]), array([0.30912342, 0.47408529, 0.28573692, 0.25457526, 0.2933097 ,
       0.30451893, 0.2849233 , 0.32899311, 0.36675004, 0.40727876]), array([0.31261557, 0.46896876, 0.28456953, 0.25362704, 0.29973767,
       0.2985446 , 0.28964198, 0.33456806, 0.36247449, 0.41441445])]
real metric: [array([0.97802198, 0.9793956 , 0.81165919, 0.68296089, 0.71802326,
       0.5377095 , 0.6302521 , 0.58263305, 0.33333333, 0.42837274]), array([0.97536232, 0.96978022, 0.8470255 , 0.70494186, 0.71387283,
       0.53814714, 0.61657303, 0.60029499, 0.37209302, 0.40643275]), array([0.97783934, 0.96834532, 0.84820031, 0.71571429, 0.76402878,
       0.5483871 , 0.62030598, 0.59455782, 0.3462069 , 0.38372093]), array([0.97985612, 0.97664835, 0.8125    , 0.71512482, 0.73361227,
       0.54356846, 0.60116448, 0.56923077, 0.35066865, 0.3903177 ]), array([0.98091043, 0.97206704, 0.85306705, 0.74366197, 0.75282486,
       0.52765957, 0.59890859, 0.60175695, 0.34626866, 0.41558442])]

estim_algorithm = ac-model, mode = classification, metric = sensitivity, confidence_scores = entropy-conf, class_specific = False
test err: [0.24056003742566304, 0.23314823267948795, 0.23476949415839954, 0.2467560031397742, 0.23055093441076221]
estimated metric: [array([0.9090025 , 0.94137699, 0.86358255, 0.85915571, 0.87404975,
       0.86263361, 0.88695497, 0.89912559, 0.87371242, 0.90429175]), array([0.91462736, 0.95152946, 0.87749908, 0.86227086, 0.88619959,
       0.86407273, 0.88841355, 0.88987661, 0.88896869, 0.89457663]), array([0.91365115, 0.94883553, 0.87151224, 0.85729702, 0.88783855,
       0.87946807, 0.89471495, 0.89775533, 0.90030693, 0.89622597]), array([0.90970826, 0.94474322, 0.87339826, 0.86136243, 0.88558618,
       0.87362207, 0.88614375, 0.89983374, 0.8935984 , 0.90814937]), array([0.91346816, 0.94370154, 0.87243105, 0.85146607, 0.88751717,
       0.86407523, 0.88514785, 0.89739827, 0.89626935, 0.89512867])]
real metric: [array([0.97802198, 0.9793956 , 0.81165919, 0.68296089, 0.71802326,
       0.5377095 , 0.6302521 , 0.58263305, 0.33333333, 0.42837274]), array([0.97536232, 0.96978022, 0.8470255 , 0.70494186, 0.71387283,
       0.53814714, 0.61657303, 0.60029499, 0.37209302, 0.40643275]), array([0.97783934, 0.96834532, 0.84820031, 0.71571429, 0.76402878,
       0.5483871 , 0.62030598, 0.59455782, 0.3462069 , 0.38372093]), array([0.97985612, 0.97664835, 0.8125    , 0.71512482, 0.73361227,
       0.54356846, 0.60116448, 0.56923077, 0.35066865, 0.3903177 ]), array([0.98091043, 0.97206704, 0.85306705, 0.74366197, 0.75282486,
       0.52765957, 0.59890859, 0.60175695, 0.34626866, 0.41558442])]

estim_algorithm = ac-model, mode = classification, metric = sensitivity, confidence_scores = doctor-conf, class_specific = False
test err: [0.27240078395380163, 0.26536133381735344, 0.2672871502578866, 0.27817616385700367, 0.26258381485315974]
estimated metric: [array([0.94690107, 0.96443432, 0.9137149 , 0.9165954 , 0.92351719,
       0.91364152, 0.93023092, 0.94107782, 0.92367483, 0.94041714]), array([0.95106848, 0.9714068 , 0.92516896, 0.91985014, 0.93253536,
       0.91310654, 0.93100374, 0.93215656, 0.93537029, 0.93788244]), array([0.95056723, 0.96929859, 0.9193313 , 0.91477082, 0.93277599,
       0.93315743, 0.93750517, 0.94142901, 0.94480695, 0.94199157]), array([0.94710435, 0.9661963 , 0.92253119, 0.91687151, 0.93214676,
       0.92054932, 0.93374627, 0.93940144, 0.9341539 , 0.95534459]), array([0.95044828, 0.96524945, 0.92069653, 0.90862684, 0.93089967,
       0.91588365, 0.93029354, 0.93914625, 0.94069995, 0.94204406])]
real metric: [array([0.97802198, 0.9793956 , 0.81165919, 0.68296089, 0.71802326,
       0.5377095 , 0.6302521 , 0.58263305, 0.33333333, 0.42837274]), array([0.97536232, 0.96978022, 0.8470255 , 0.70494186, 0.71387283,
       0.53814714, 0.61657303, 0.60029499, 0.37209302, 0.40643275]), array([0.97783934, 0.96834532, 0.84820031, 0.71571429, 0.76402878,
       0.5483871 , 0.62030598, 0.59455782, 0.3462069 , 0.38372093]), array([0.97985612, 0.97664835, 0.8125    , 0.71512482, 0.73361227,
       0.54356846, 0.60116448, 0.56923077, 0.35066865, 0.3903177 ]), array([0.98091043, 0.97206704, 0.85306705, 0.74366197, 0.75282486,
       0.52765957, 0.59890859, 0.60175695, 0.34626866, 0.41558442])]

estim_algorithm = ts-model, mode = classification, metric = sensitivity, confidence_scores = max_class_probability-conf, class_specific = False
test err: [0.16079169037335425, 0.15690008303064545, 0.17432816043227628, 0.17184899140037702, 0.17438092324375337]
estimated metric: [array([0.71141189, 0.82857785, 0.6470259 , 0.61263222, 0.66373436,
       0.64287536, 0.67583413, 0.69260422, 0.67189668, 0.73032854]), array([0.72205027, 0.84115154, 0.67027669, 0.61413468, 0.67399194,
       0.65140405, 0.67426367, 0.68272086, 0.69311298, 0.7116626 ]), array([0.72001548, 0.84094172, 0.66198539, 0.60493055, 0.67173995,
       0.65135553, 0.6896195 , 0.69244223, 0.71701784, 0.71151028]), array([0.71891479, 0.83207489, 0.65915071, 0.61658758, 0.66625679,
       0.66145898, 0.66106919, 0.69721121, 0.71222144, 0.71672237]), array([0.72313285, 0.82932932, 0.65816392, 0.60898093, 0.6765977 ,
       0.64000098, 0.66715489, 0.70282261, 0.70871802, 0.70896431])]
real metric: [array([0.97802198, 0.9793956 , 0.81165919, 0.68296089, 0.71802326,
       0.5377095 , 0.6302521 , 0.58263305, 0.33333333, 0.42837274]), array([0.97536232, 0.96978022, 0.8470255 , 0.70494186, 0.71387283,
       0.53814714, 0.61657303, 0.60029499, 0.37209302, 0.40643275]), array([0.97783934, 0.96834532, 0.84820031, 0.71571429, 0.76402878,
       0.5483871 , 0.62030598, 0.59455782, 0.3462069 , 0.38372093]), array([0.97985612, 0.97664835, 0.8125    , 0.71512482, 0.73361227,
       0.54356846, 0.60116448, 0.56923077, 0.35066865, 0.3903177 ]), array([0.98091043, 0.97206704, 0.85306705, 0.74366197, 0.75282486,
       0.52765957, 0.59890859, 0.60175695, 0.34626866, 0.41558442])]

estim_algorithm = ts-model, mode = classification, metric = sensitivity, confidence_scores = max_class_probability-conf, class_specific = True
test err: [0.0354652045471349, 0.034948624810724596, 0.03712347339395961, 0.03923468476419423, 0.03320726665987015]
estimated metric: [array([0.94419876, 0.9749198 , 0.80463481, 0.77432964, 0.79548864,
       0.54722577, 0.66981104, 0.61979342, 0.37522889, 0.44073611]), array([0.94855764, 0.9784134 , 0.8221465 , 0.77634522, 0.80916921,
       0.55641059, 0.66815784, 0.61062232, 0.38939994, 0.4314199 ]), array([0.94730185, 0.97728444, 0.81411736, 0.76966463, 0.80880543,
       0.55072072, 0.68354871, 0.6209828 , 0.4087969 , 0.42807779]), array([0.94651075, 0.97496709, 0.81554844, 0.77706915, 0.8044083 ,
       0.56495296, 0.65484768, 0.62417778, 0.40641156, 0.4260915 ]), array([0.94702923, 0.97432298, 0.814575  , 0.76545224, 0.81104786,
       0.54537388, 0.66104469, 0.63166581, 0.39980164, 0.42972239])]
real metric: [array([0.97802198, 0.9793956 , 0.81165919, 0.68296089, 0.71802326,
       0.5377095 , 0.6302521 , 0.58263305, 0.33333333, 0.42837274]), array([0.97536232, 0.96978022, 0.8470255 , 0.70494186, 0.71387283,
       0.53814714, 0.61657303, 0.60029499, 0.37209302, 0.40643275]), array([0.97783934, 0.96834532, 0.84820031, 0.71571429, 0.76402878,
       0.5483871 , 0.62030598, 0.59455782, 0.3462069 , 0.38372093]), array([0.97985612, 0.97664835, 0.8125    , 0.71512482, 0.73361227,
       0.54356846, 0.60116448, 0.56923077, 0.35066865, 0.3903177 ]), array([0.98091043, 0.97206704, 0.85306705, 0.74366197, 0.75282486,
       0.52765957, 0.59890859, 0.60175695, 0.34626866, 0.41558442])]

estim_algorithm = ts-model, mode = classification, metric = sensitivity, confidence_scores = energy-conf, class_specific = False
test err: [0.17202090709471723, 0.17314558923112947, 0.18429781381576396, 0.1824468706650288, 0.1879132319502927]
estimated metric: [array([0.68585755, 0.75324491, 0.68283299, 0.67674911, 0.68911482,
       0.69374606, 0.68929949, 0.70597824, 0.70763674, 0.75358772]), array([0.68743438, 0.75794924, 0.68669925, 0.67888983, 0.68962491,
       0.69732397, 0.68775341, 0.7049506 , 0.71059485, 0.75398888]), array([0.68746585, 0.75733414, 0.68810248, 0.67437429, 0.69064044,
       0.69211081, 0.68954449, 0.70812473, 0.72084592, 0.74932007]), array([0.68654342, 0.7550078 , 0.68486764, 0.67786777, 0.68963324,
       0.69602648, 0.68633613, 0.70560815, 0.71920062, 0.74842569]), array([0.68748681, 0.75246785, 0.68468816, 0.67828847, 0.69151488,
       0.6966023 , 0.68718432, 0.70725244, 0.71765273, 0.75253355])]
real metric: [array([0.97802198, 0.9793956 , 0.81165919, 0.68296089, 0.71802326,
       0.5377095 , 0.6302521 , 0.58263305, 0.33333333, 0.42837274]), array([0.97536232, 0.96978022, 0.8470255 , 0.70494186, 0.71387283,
       0.53814714, 0.61657303, 0.60029499, 0.37209302, 0.40643275]), array([0.97783934, 0.96834532, 0.84820031, 0.71571429, 0.76402878,
       0.5483871 , 0.62030598, 0.59455782, 0.3462069 , 0.38372093]), array([0.97985612, 0.97664835, 0.8125    , 0.71512482, 0.73361227,
       0.54356846, 0.60116448, 0.56923077, 0.35066865, 0.3903177 ]), array([0.98091043, 0.97206704, 0.85306705, 0.74366197, 0.75282486,
       0.52765957, 0.59890859, 0.60175695, 0.34626866, 0.41558442])]

estim_algorithm = ts-model, mode = classification, metric = sensitivity, confidence_scores = energy-conf, class_specific = True
test err: [0.039780886190736275, 0.038433247573484555, 0.0371208260620257, 0.04206346859543648, 0.03681319849587113]
estimated metric: [array([0.94903646, 0.97759724, 0.82364522, 0.78123443, 0.81122512,
       0.57450864, 0.68592363, 0.59957231, 0.37821788, 0.43764182]), array([0.94947541, 0.97850594, 0.82621569, 0.78284471, 0.81154576,
       0.57828831, 0.68457748, 0.59851712, 0.38497327, 0.43696327]), array([0.94996393, 0.9781341 , 0.82723885, 0.77949853, 0.81229746,
       0.57272101, 0.68608681, 0.60185336, 0.40320368, 0.42984356]), array([0.94956688, 0.97831158, 0.82502095, 0.78212128, 0.81143198,
       0.57701394, 0.6834365 , 0.59900825, 0.40063792, 0.42619856]), array([0.95003135, 0.97753799, 0.82498276, 0.78243248, 0.81284834,
       0.57752359, 0.68408463, 0.60078113, 0.39706412, 0.43367676])]
real metric: [array([0.97802198, 0.9793956 , 0.81165919, 0.68296089, 0.71802326,
       0.5377095 , 0.6302521 , 0.58263305, 0.33333333, 0.42837274]), array([0.97536232, 0.96978022, 0.8470255 , 0.70494186, 0.71387283,
       0.53814714, 0.61657303, 0.60029499, 0.37209302, 0.40643275]), array([0.97783934, 0.96834532, 0.84820031, 0.71571429, 0.76402878,
       0.5483871 , 0.62030598, 0.59455782, 0.3462069 , 0.38372093]), array([0.97985612, 0.97664835, 0.8125    , 0.71512482, 0.73361227,
       0.54356846, 0.60116448, 0.56923077, 0.35066865, 0.3903177 ]), array([0.98091043, 0.97206704, 0.85306705, 0.74366197, 0.75282486,
       0.52765957, 0.59890859, 0.60175695, 0.34626866, 0.41558442])]

estim_algorithm = ts-model, mode = classification, metric = sensitivity, confidence_scores = entropy-conf, class_specific = False
test err: [0.16509327496466136, 0.16162770173538607, 0.17883435225534194, 0.1753134558039155, 0.1786286700711402]
estimated metric: [array([0.71249376, 0.83308349, 0.64500369, 0.60476163, 0.66067053,
       0.64600219, 0.67560212, 0.69147273, 0.68916373, 0.74694489]), array([0.72283704, 0.84577491, 0.6667625 , 0.60703179, 0.67221339,
       0.65689706, 0.67353889, 0.68027889, 0.70800352, 0.73473649]), array([0.72217101, 0.84692953, 0.65992152, 0.59694487, 0.66998283,
       0.65390014, 0.68910959, 0.69320673, 0.73459535, 0.73253215]), array([0.71864883, 0.83892992, 0.65727179, 0.61168492, 0.66424557,
       0.66495875, 0.66065611, 0.69526842, 0.73099616, 0.72924468]), array([0.72529245, 0.83516139, 0.65791073, 0.60607176, 0.67324576,
       0.64546913, 0.66793356, 0.70067331, 0.73041254, 0.7271271 ])]
real metric: [array([0.97802198, 0.9793956 , 0.81165919, 0.68296089, 0.71802326,
       0.5377095 , 0.6302521 , 0.58263305, 0.33333333, 0.42837274]), array([0.97536232, 0.96978022, 0.8470255 , 0.70494186, 0.71387283,
       0.53814714, 0.61657303, 0.60029499, 0.37209302, 0.40643275]), array([0.97783934, 0.96834532, 0.84820031, 0.71571429, 0.76402878,
       0.5483871 , 0.62030598, 0.59455782, 0.3462069 , 0.38372093]), array([0.97985612, 0.97664835, 0.8125    , 0.71512482, 0.73361227,
       0.54356846, 0.60116448, 0.56923077, 0.35066865, 0.3903177 ]), array([0.98091043, 0.97206704, 0.85306705, 0.74366197, 0.75282486,
       0.52765957, 0.59890859, 0.60175695, 0.34626866, 0.41558442])]

estim_algorithm = ts-model, mode = classification, metric = sensitivity, confidence_scores = entropy-conf, class_specific = True
test err: [0.0353997134890931, 0.035733326116339184, 0.03973116240091964, 0.041144341737103234, 0.034841869257190086]
estimated metric: [array([0.94615456, 0.97358778, 0.80687334, 0.77621598, 0.79750825,
       0.53971019, 0.67270591, 0.62745199, 0.37507946, 0.43614914]), array([0.95026436, 0.97807643, 0.82340684, 0.77881448, 0.8117602 ,
       0.55249058, 0.67060065, 0.61659104, 0.39090976, 0.43150935]), array([0.94955673, 0.97649432, 0.81715396, 0.77285383, 0.81222472,
       0.54357587, 0.68622811, 0.63052105, 0.42310181, 0.4246276 ]), array([0.94740512, 0.97389721, 0.81770161, 0.7803804 , 0.80780139,
       0.55898131, 0.65765477, 0.63147206, 0.41953284, 0.41890406]), array([0.94903037, 0.97338457, 0.8183553 , 0.77162238, 0.81241747,
       0.54036273, 0.66497742, 0.63922102, 0.41232889, 0.42624448])]
real metric: [array([0.97802198, 0.9793956 , 0.81165919, 0.68296089, 0.71802326,
       0.5377095 , 0.6302521 , 0.58263305, 0.33333333, 0.42837274]), array([0.97536232, 0.96978022, 0.8470255 , 0.70494186, 0.71387283,
       0.53814714, 0.61657303, 0.60029499, 0.37209302, 0.40643275]), array([0.97783934, 0.96834532, 0.84820031, 0.71571429, 0.76402878,
       0.5483871 , 0.62030598, 0.59455782, 0.3462069 , 0.38372093]), array([0.97985612, 0.97664835, 0.8125    , 0.71512482, 0.73361227,
       0.54356846, 0.60116448, 0.56923077, 0.35066865, 0.3903177 ]), array([0.98091043, 0.97206704, 0.85306705, 0.74366197, 0.75282486,
       0.52765957, 0.59890859, 0.60175695, 0.34626866, 0.41558442])]

estim_algorithm = ts-model, mode = classification, metric = sensitivity, confidence_scores = doctor-conf, class_specific = False
test err: [0.17120628062936977, 0.16611918741972456, 0.18515157005944166, 0.1803628845925062, 0.18346342273151212]
estimated metric: [array([0.71900675, 0.83751611, 0.63096637, 0.58817616, 0.64898548,
       0.63893382, 0.67713913, 0.69495343, 0.69927911, 0.768648  ]), array([0.72904365, 0.85312865, 0.65325984, 0.59313558, 0.6667642 ,
       0.6514584 , 0.67497035, 0.67747173, 0.71794604, 0.75723547]), array([0.73094344, 0.85505261, 0.64608689, 0.58032718, 0.66829765,
       0.65611363, 0.6911603 , 0.69291142, 0.75398779, 0.75710103]), array([0.72344331, 0.846216  , 0.64492235, 0.60193368, 0.66166581,
       0.66004317, 0.66428627, 0.69537178, 0.74747722, 0.75184006]), array([0.73259861, 0.84276158, 0.64930076, 0.58972195, 0.67079099,
       0.63889088, 0.66918635, 0.69638109, 0.75433735, 0.74865929])]
real metric: [array([0.97802198, 0.9793956 , 0.81165919, 0.68296089, 0.71802326,
       0.5377095 , 0.6302521 , 0.58263305, 0.33333333, 0.42837274]), array([0.97536232, 0.96978022, 0.8470255 , 0.70494186, 0.71387283,
       0.53814714, 0.61657303, 0.60029499, 0.37209302, 0.40643275]), array([0.97783934, 0.96834532, 0.84820031, 0.71571429, 0.76402878,
       0.5483871 , 0.62030598, 0.59455782, 0.3462069 , 0.38372093]), array([0.97985612, 0.97664835, 0.8125    , 0.71512482, 0.73361227,
       0.54356846, 0.60116448, 0.56923077, 0.35066865, 0.3903177 ]), array([0.98091043, 0.97206704, 0.85306705, 0.74366197, 0.75282486,
       0.52765957, 0.59890859, 0.60175695, 0.34626866, 0.41558442])]

estim_algorithm = ts-model, mode = classification, metric = sensitivity, confidence_scores = doctor-conf, class_specific = True
test err: [0.03590780939984776, 0.03638866816221857, 0.04123537457179562, 0.04382037825416622, 0.03639352772984082]
estimated metric: [array([0.94949481, 0.97314273, 0.81274926, 0.77640324, 0.800681  ,
       0.5345134 , 0.67484975, 0.63278901, 0.37748401, 0.43338025]), array([0.95306738, 0.97841253, 0.82657713, 0.78045819, 0.81525824,
       0.55148446, 0.67262891, 0.61989395, 0.39306751, 0.43207542]), array([0.95248536, 0.976938  , 0.82242956, 0.77237766, 0.81677921,
       0.54394812, 0.68757287, 0.636764  , 0.43787037, 0.42136795]), array([0.94883412, 0.97490708, 0.82409335, 0.78249972, 0.81226838,
       0.55495477, 0.66359768, 0.6352173 , 0.43260978, 0.4163867 ]), array([0.95255618, 0.97423737, 0.82459701, 0.77662565, 0.81380374,
       0.53907592, 0.6705353 , 0.64083471, 0.42715425, 0.42357612])]
real metric: [array([0.97802198, 0.9793956 , 0.81165919, 0.68296089, 0.71802326,
       0.5377095 , 0.6302521 , 0.58263305, 0.33333333, 0.42837274]), array([0.97536232, 0.96978022, 0.8470255 , 0.70494186, 0.71387283,
       0.53814714, 0.61657303, 0.60029499, 0.37209302, 0.40643275]), array([0.97783934, 0.96834532, 0.84820031, 0.71571429, 0.76402878,
       0.5483871 , 0.62030598, 0.59455782, 0.3462069 , 0.38372093]), array([0.97985612, 0.97664835, 0.8125    , 0.71512482, 0.73361227,
       0.54356846, 0.60116448, 0.56923077, 0.35066865, 0.3903177 ]), array([0.98091043, 0.97206704, 0.85306705, 0.74366197, 0.75282486,
       0.52765957, 0.59890859, 0.60175695, 0.34626866, 0.41558442])]

estim_algorithm = doc-model, mode = classification, metric = sensitivity, confidence_scores = max_class_probability-conf, class_specific = False
test err: [0.1632253618700817, 0.16028720184835057, 0.17790098606219304, 0.1751205713127813, 0.17878527484312037]
estimated metric: [array([0.70998505, 0.73873768, 0.66942351, 0.66922777, 0.68146272,
       0.66804114, 0.69216398, 0.70427926, 0.67464259, 0.70420317]), array([0.71560693, 0.74739755, 0.68211882, 0.67270461, 0.6925194 ,
       0.66754841, 0.69335994, 0.69559943, 0.68758583, 0.69168393]), array([0.71417989, 0.74438619, 0.67480955, 0.66557992, 0.69280527,
       0.6879676 , 0.70219511, 0.70215816, 0.70045966, 0.69704082]), array([0.7121725 , 0.74071369, 0.67916841, 0.67033253, 0.69130024,
       0.67651533, 0.6937091 , 0.70372679, 0.69104387, 0.71710652]), array([0.71367528, 0.73968807, 0.67572276, 0.65795334, 0.69367163,
       0.66743734, 0.69147026, 0.70357382, 0.69494994, 0.69877932])]
real metric: [array([0.97802198, 0.9793956 , 0.81165919, 0.68296089, 0.71802326,
       0.5377095 , 0.6302521 , 0.58263305, 0.33333333, 0.42837274]), array([0.97536232, 0.96978022, 0.8470255 , 0.70494186, 0.71387283,
       0.53814714, 0.61657303, 0.60029499, 0.37209302, 0.40643275]), array([0.97783934, 0.96834532, 0.84820031, 0.71571429, 0.76402878,
       0.5483871 , 0.62030598, 0.59455782, 0.3462069 , 0.38372093]), array([0.97985612, 0.97664835, 0.8125    , 0.71512482, 0.73361227,
       0.54356846, 0.60116448, 0.56923077, 0.35066865, 0.3903177 ]), array([0.98091043, 0.97206704, 0.85306705, 0.74366197, 0.75282486,
       0.52765957, 0.59890859, 0.60175695, 0.34626866, 0.41558442])]

estim_algorithm = doc-model, mode = classification, metric = sensitivity, confidence_scores = max_class_probability-conf, class_specific = True
test err: [0.03684629763847377, 0.03788626578458268, 0.03913673714804041, 0.0429158005634767, 0.035065510857441494]
estimated metric: [array([0.9459385 , 0.97373452, 0.80937092, 0.77422168, 0.79626336,
       0.57770549, 0.67320512, 0.59651957, 0.37332368, 0.4504761 ]), array([0.95017318, 0.97872888, 0.82206623, 0.77769853, 0.80732004,
       0.57725211, 0.67440109, 0.58808623, 0.3851058 , 0.43783991]), array([0.94901088, 0.97710648, 0.81475696, 0.77057383, 0.80760591,
       0.59763195, 0.68323626, 0.59426565, 0.39703654, 0.44232171]), array([0.94731151, 0.97449399, 0.81911582, 0.77532645, 0.80610088,
       0.58620494, 0.67475024, 0.59606221, 0.39077487, 0.46231078]), array([0.94860655, 0.97436738, 0.81567018, 0.76294725, 0.80847227,
       0.57722244, 0.6725114 , 0.59568131, 0.39205796, 0.44427513])]
real metric: [array([0.97802198, 0.9793956 , 0.81165919, 0.68296089, 0.71802326,
       0.5377095 , 0.6302521 , 0.58263305, 0.33333333, 0.42837274]), array([0.97536232, 0.96978022, 0.8470255 , 0.70494186, 0.71387283,
       0.53814714, 0.61657303, 0.60029499, 0.37209302, 0.40643275]), array([0.97783934, 0.96834532, 0.84820031, 0.71571429, 0.76402878,
       0.5483871 , 0.62030598, 0.59455782, 0.3462069 , 0.38372093]), array([0.97985612, 0.97664835, 0.8125    , 0.71512482, 0.73361227,
       0.54356846, 0.60116448, 0.56923077, 0.35066865, 0.3903177 ]), array([0.98091043, 0.97206704, 0.85306705, 0.74366197, 0.75282486,
       0.52765957, 0.59890859, 0.60175695, 0.34626866, 0.41558442])]

estim_algorithm = doc-model, mode = classification, metric = sensitivity, confidence_scores = energy-conf, class_specific = False
test err: [0.17350522570985033, 0.17296323300786667, 0.18763452837370517, 0.18494955249352715, 0.18957866882077834]
estimated metric: [array([0.68509305, 0.81886903, 0.65584017, 0.63043821, 0.6710697 ,
       0.67112759, 0.67676259, 0.70191689, 0.70786896, 0.7809262 ]), array([0.69067105, 0.82643998, 0.6706984 , 0.63429489, 0.67513861,
       0.68198352, 0.67317801, 0.6956678 , 0.71810021, 0.78050392]), array([0.69072791, 0.82506947, 0.66903607, 0.62430129, 0.67498067,
       0.67322073, 0.68116065, 0.70654172, 0.7468186 , 0.77176968]), array([0.68950367, 0.82074185, 0.66398326, 0.63516342, 0.67185764,
       0.68261209, 0.66624372, 0.70402869, 0.74232467, 0.7727447 ]), array([0.6927406 , 0.81785649, 0.66231453, 0.6337456 , 0.67805124,
       0.67567153, 0.67084472, 0.70853764, 0.73873621, 0.7743519 ])]
real metric: [array([0.97802198, 0.9793956 , 0.81165919, 0.68296089, 0.71802326,
       0.5377095 , 0.6302521 , 0.58263305, 0.33333333, 0.42837274]), array([0.97536232, 0.96978022, 0.8470255 , 0.70494186, 0.71387283,
       0.53814714, 0.61657303, 0.60029499, 0.37209302, 0.40643275]), array([0.97783934, 0.96834532, 0.84820031, 0.71571429, 0.76402878,
       0.5483871 , 0.62030598, 0.59455782, 0.3462069 , 0.38372093]), array([0.97985612, 0.97664835, 0.8125    , 0.71512482, 0.73361227,
       0.54356846, 0.60116448, 0.56923077, 0.35066865, 0.3903177 ]), array([0.98091043, 0.97206704, 0.85306705, 0.74366197, 0.75282486,
       0.52765957, 0.59890859, 0.60175695, 0.34626866, 0.41558442])]

estim_algorithm = doc-model, mode = classification, metric = sensitivity, confidence_scores = energy-conf, class_specific = True
test err: [0.037449180125262806, 0.036711432386680884, 0.03715611957583484, 0.04196817165482596, 0.036528587214672774]
estimated metric: [array([0.9469459 , 0.97633886, 0.81611631, 0.77545109, 0.81254727,
       0.5560542 , 0.67751626, 0.61432644, 0.37548235, 0.43780913]), array([0.94908839, 0.97989666, 0.82848684, 0.77787841, 0.81677001,
       0.56563502, 0.67393604, 0.60846117, 0.38777448, 0.43408579]), array([0.95052681, 0.98009718, 0.82565465, 0.77049725, 0.81515577,
       0.55569048, 0.68191553, 0.61871056, 0.41453232, 0.42637102]), array([0.94714185, 0.98011646, 0.82283875, 0.78102878, 0.81307311,
       0.56683139, 0.66700643, 0.61603187, 0.41068124, 0.42219493]), array([0.9497887 , 0.97811019, 0.82308604, 0.77869888, 0.81768692,
       0.56048512, 0.67160116, 0.62074299, 0.40640568, 0.42918427])]
real metric: [array([0.97802198, 0.9793956 , 0.81165919, 0.68296089, 0.71802326,
       0.5377095 , 0.6302521 , 0.58263305, 0.33333333, 0.42837274]), array([0.97536232, 0.96978022, 0.8470255 , 0.70494186, 0.71387283,
       0.53814714, 0.61657303, 0.60029499, 0.37209302, 0.40643275]), array([0.97783934, 0.96834532, 0.84820031, 0.71571429, 0.76402878,
       0.5483871 , 0.62030598, 0.59455782, 0.3462069 , 0.38372093]), array([0.97985612, 0.97664835, 0.8125    , 0.71512482, 0.73361227,
       0.54356846, 0.60116448, 0.56923077, 0.35066865, 0.3903177 ]), array([0.98091043, 0.97206704, 0.85306705, 0.74366197, 0.75282486,
       0.52765957, 0.59890859, 0.60175695, 0.34626866, 0.41558442])]

estim_algorithm = doc-model, mode = classification, metric = sensitivity, confidence_scores = entropy-conf, class_specific = False
test err: [0.16373658255319254, 0.16112969520193404, 0.17702860822439342, 0.17493264609110806, 0.17818112372921424]
estimated metric: [array([0.71323834, 0.74561283, 0.66781839, 0.66339155, 0.6782856 ,
       0.66692422, 0.69119081, 0.70336143, 0.67794827, 0.7085276 ]), array([0.7188632 , 0.7557759 , 0.68173492, 0.6665067 , 0.69043543,
       0.66830895, 0.69264939, 0.69419596, 0.69320453, 0.69881247]), array([0.71788699, 0.75307138, 0.67574809, 0.66153287, 0.69207439,
       0.68370391, 0.6989508 , 0.70199118, 0.70454278, 0.70046182]), array([0.7139441 , 0.74897907, 0.67763411, 0.66559827, 0.68983603,
       0.67785792, 0.69037959, 0.70406958, 0.69783425, 0.71238522]), array([0.717704  , 0.74793738, 0.67666689, 0.65570191, 0.69175301,
       0.66831108, 0.68940638, 0.70163411, 0.70050519, 0.69936451])]
real metric: [array([0.97802198, 0.9793956 , 0.81165919, 0.68296089, 0.71802326,
       0.5377095 , 0.6302521 , 0.58263305, 0.33333333, 0.42837274]), array([0.97536232, 0.96978022, 0.8470255 , 0.70494186, 0.71387283,
       0.53814714, 0.61657303, 0.60029499, 0.37209302, 0.40643275]), array([0.97783934, 0.96834532, 0.84820031, 0.71571429, 0.76402878,
       0.5483871 , 0.62030598, 0.59455782, 0.3462069 , 0.38372093]), array([0.97985612, 0.97664835, 0.8125    , 0.71512482, 0.73361227,
       0.54356846, 0.60116448, 0.56923077, 0.35066865, 0.3903177 ]), array([0.98091043, 0.97206704, 0.85306705, 0.74366197, 0.75282486,
       0.52765957, 0.59890859, 0.60175695, 0.34626866, 0.41558442])]

estim_algorithm = doc-model, mode = classification, metric = sensitivity, confidence_scores = entropy-conf, class_specific = True
test err: [0.03583916377807477, 0.03610164104417807, 0.03776597924309766, 0.0416137339953591, 0.03286956206217916]
estimated metric: [array([0.95018248, 0.97286465, 0.80879921, 0.77725521, 0.79664373,
       0.57075826, 0.674649  , 0.6043092 , 0.37071666, 0.44011402]), array([0.95376159, 0.97952161, 0.82271574, 0.78037036, 0.80879357,
       0.57215786, 0.67611232, 0.59545144, 0.38589791, 0.4292496 ]), array([0.95310992, 0.97720386, 0.8167289 , 0.77539652, 0.81043252,
       0.5873376 , 0.682385  , 0.60293894, 0.3964221 , 0.43060954]), array([0.94934274, 0.97545099, 0.81861492, 0.77946193, 0.80818016,
       0.5816029 , 0.67381379, 0.6052081 , 0.39131476, 0.44241719]), array([0.95285224, 0.97490987, 0.81764771, 0.76956557, 0.81011115,
       0.57194477, 0.6728759 , 0.60258188, 0.39214199, 0.42981904])]
real metric: [array([0.97802198, 0.9793956 , 0.81165919, 0.68296089, 0.71802326,
       0.5377095 , 0.6302521 , 0.58263305, 0.33333333, 0.42837274]), array([0.97536232, 0.96978022, 0.8470255 , 0.70494186, 0.71387283,
       0.53814714, 0.61657303, 0.60029499, 0.37209302, 0.40643275]), array([0.97783934, 0.96834532, 0.84820031, 0.71571429, 0.76402878,
       0.5483871 , 0.62030598, 0.59455782, 0.3462069 , 0.38372093]), array([0.97985612, 0.97664835, 0.8125    , 0.71512482, 0.73361227,
       0.54356846, 0.60116448, 0.56923077, 0.35066865, 0.3903177 ]), array([0.98091043, 0.97206704, 0.85306705, 0.74366197, 0.75282486,
       0.52765957, 0.59890859, 0.60175695, 0.34626866, 0.41558442])]

estim_algorithm = doc-model, mode = classification, metric = sensitivity, confidence_scores = doctor-conf, class_specific = False
test err: [0.16434933494257561, 0.16288321656515992, 0.17917932790763064, 0.17619807526075365, 0.1804505485518624]
estimated metric: [array([0.70885561, 0.72643556, 0.67645659, 0.67852844, 0.68551206,
       0.67617636, 0.69311077, 0.70334177, 0.68611727, 0.70277525]), array([0.71300152, 0.73359018, 0.68718599, 0.68203239, 0.69457735,
       0.67592775, 0.69344657, 0.69528466, 0.69730334, 0.69981549]), array([0.71250027, 0.73155194, 0.68219998, 0.67700085, 0.69474106,
       0.69509047, 0.69965981, 0.70342318, 0.70674   , 0.70392462]), array([0.70918141, 0.72813582, 0.68511439, 0.67910753, 0.69440152,
       0.68348107, 0.6961055 , 0.70217877, 0.69608695, 0.71727764]), array([0.7123891 , 0.72747161, 0.68305962, 0.67066282, 0.69306373,
       0.67831466, 0.69273419, 0.70114027, 0.702633  , 0.70397711])]
real metric: [array([0.97802198, 0.9793956 , 0.81165919, 0.68296089, 0.71802326,
       0.5377095 , 0.6302521 , 0.58263305, 0.33333333, 0.42837274]), array([0.97536232, 0.96978022, 0.8470255 , 0.70494186, 0.71387283,
       0.53814714, 0.61657303, 0.60029499, 0.37209302, 0.40643275]), array([0.97783934, 0.96834532, 0.84820031, 0.71571429, 0.76402878,
       0.5483871 , 0.62030598, 0.59455782, 0.3462069 , 0.38372093]), array([0.97985612, 0.97664835, 0.8125    , 0.71512482, 0.73361227,
       0.54356846, 0.60116448, 0.56923077, 0.35066865, 0.3903177 ]), array([0.98091043, 0.97206704, 0.85306705, 0.74366197, 0.75282486,
       0.52765957, 0.59890859, 0.60175695, 0.34626866, 0.41558442])]

estim_algorithm = doc-model, mode = classification, metric = sensitivity, confidence_scores = doctor-conf, class_specific = True
test err: [0.037225762151773215, 0.038321926642306534, 0.03892511516398349, 0.04291126450460516, 0.03518601416479701]
estimated metric: [array([0.9467276 , 0.97268501, 0.81268438, 0.77715515, 0.79990288,
       0.58051589, 0.67856849, 0.59736981, 0.37507597, 0.43792414]), array([0.95089501, 0.97876761, 0.82392213, 0.78054988, 0.80892105,
       0.58020982, 0.67884529, 0.58969772, 0.38579151, 0.43380702]), array([0.95039375, 0.97678179, 0.81833102, 0.77548431, 0.80916168,
       0.59855269, 0.6850582 , 0.59724899, 0.3938284 , 0.43708732]), array([0.94693088, 0.97432813, 0.82142161, 0.77758008, 0.8086995 ,
       0.58778641, 0.68150585, 0.59639317, 0.38622739, 0.45044034]), array([0.95027481, 0.97342202, 0.81958708, 0.76918775, 0.80734654,
       0.58245723, 0.6781505 , 0.59519581, 0.3899468 , 0.4376477 ])]
real metric: [array([0.97802198, 0.9793956 , 0.81165919, 0.68296089, 0.71802326,
       0.5377095 , 0.6302521 , 0.58263305, 0.33333333, 0.42837274]), array([0.97536232, 0.96978022, 0.8470255 , 0.70494186, 0.71387283,
       0.53814714, 0.61657303, 0.60029499, 0.37209302, 0.40643275]), array([0.97783934, 0.96834532, 0.84820031, 0.71571429, 0.76402878,
       0.5483871 , 0.62030598, 0.59455782, 0.3462069 , 0.38372093]), array([0.97985612, 0.97664835, 0.8125    , 0.71512482, 0.73361227,
       0.54356846, 0.60116448, 0.56923077, 0.35066865, 0.3903177 ]), array([0.98091043, 0.97206704, 0.85306705, 0.74366197, 0.75282486,
       0.52765957, 0.59890859, 0.60175695, 0.34626866, 0.41558442])]

estim_algorithm = atc-model, mode = classification, metric = sensitivity, confidence_scores = max_class_probability-conf, class_specific = False
test err: [0.1512295009336139, 0.1450478976947178, 0.16523484122685259, 0.16907117277262215, 0.1641250012734195]
estimated metric: [array([0.72808701, 0.82425488, 0.6213705 , 0.60324325, 0.63496504,
       0.5904366 , 0.6872428 , 0.69406393, 0.59183675, 0.70287541]), array([0.74411203, 0.85383807, 0.64308343, 0.58693245, 0.6685633 ,
       0.61146498, 0.69807281, 0.67720091, 0.63846155, 0.64436621]), array([0.74014337, 0.83961249, 0.62108923, 0.58213892, 0.67929635,
       0.63364056, 0.70762712, 0.66884532, 0.66929135, 0.65427511]), array([0.72929936, 0.83367347, 0.62260128, 0.59978656, 0.65675676,
       0.64192141, 0.67342343, 0.71860466, 0.6694215 , 0.66666668]), array([0.73515982, 0.83073728, 0.62887701, 0.57688339, 0.66854725,
       0.60000001, 0.66098082, 0.70251717, 0.65254239, 0.65306124])]
real metric: [array([0.97802198, 0.9793956 , 0.81165919, 0.68296089, 0.71802326,
       0.5377095 , 0.6302521 , 0.58263305, 0.33333333, 0.42837274]), array([0.97536232, 0.96978022, 0.8470255 , 0.70494186, 0.71387283,
       0.53814714, 0.61657303, 0.60029499, 0.37209302, 0.40643275]), array([0.97783934, 0.96834532, 0.84820031, 0.71571429, 0.76402878,
       0.5483871 , 0.62030598, 0.59455782, 0.3462069 , 0.38372093]), array([0.97985612, 0.97664835, 0.8125    , 0.71512482, 0.73361227,
       0.54356846, 0.60116448, 0.56923077, 0.35066865, 0.3903177 ]), array([0.98091043, 0.97206704, 0.85306705, 0.74366197, 0.75282486,
       0.52765957, 0.59890859, 0.60175695, 0.34626866, 0.41558442])]

estim_algorithm = atc-model, mode = classification, metric = sensitivity, confidence_scores = max_class_probability-conf, class_specific = True
test err: [0.03634690039212716, 0.033292890111260784, 0.03390359793388362, 0.03569836065301123, 0.026304113603224433]
estimated metric: [array([0.93538068, 0.96711203, 0.78629501, 0.75783784, 0.76503497,
       0.52182953, 0.63168725, 0.64155252, 0.33877554, 0.50798724]), array([0.93889243, 0.97896951, 0.81731785, 0.76522702, 0.78947369,
       0.56050956, 0.64668095, 0.59367947, 0.41153848, 0.42957748]), array([0.9390681 , 0.97739505, 0.8041715 , 0.7508269 , 0.80243573,
       0.5529954 , 0.65042374, 0.59912855, 0.43307089, 0.43122679]), array([0.94267516, 0.97244898, 0.81663113, 0.76734259, 0.79864865,
       0.55895197, 0.60360361, 0.63720931, 0.4049587 , 0.44444447]), array([0.93868232, 0.97196262, 0.79572193, 0.71929825, 0.80253879,
       0.52307693, 0.62473348, 0.6270023 , 0.37711867, 0.41836737])]
real metric: [array([0.97802198, 0.9793956 , 0.81165919, 0.68296089, 0.71802326,
       0.5377095 , 0.6302521 , 0.58263305, 0.33333333, 0.42837274]), array([0.97536232, 0.96978022, 0.8470255 , 0.70494186, 0.71387283,
       0.53814714, 0.61657303, 0.60029499, 0.37209302, 0.40643275]), array([0.97783934, 0.96834532, 0.84820031, 0.71571429, 0.76402878,
       0.5483871 , 0.62030598, 0.59455782, 0.3462069 , 0.38372093]), array([0.97985612, 0.97664835, 0.8125    , 0.71512482, 0.73361227,
       0.54356846, 0.60116448, 0.56923077, 0.35066865, 0.3903177 ]), array([0.98091043, 0.97206704, 0.85306705, 0.74366197, 0.75282486,
       0.52765957, 0.59890859, 0.60175695, 0.34626866, 0.41558442])]

estim_algorithm = atc-model, mode = classification, metric = sensitivity, confidence_scores = energy-conf, class_specific = False
test err: [0.2009108181821194, 0.19584772200736827, 0.21124571922819957, 0.20689541675415687, 0.20976814291797835]
estimated metric: [array([0.69353807, 0.84686537, 0.59349594, 0.54594595, 0.64475525,
       0.65696466, 0.67489713, 0.69406393, 0.77142858, 0.87859425]), array([0.70782941, 0.86855941, 0.59873284, 0.53599115, 0.65860598,
       0.67728238, 0.6659529 , 0.67945825, 0.76538462, 0.86267606]), array([0.72640382, 0.87621098, 0.59907301, 0.53472988, 0.64276049,
       0.67972351, 0.69279662, 0.66884532, 0.80314961, 0.86617101]), array([0.70318472, 0.87551021, 0.58955224, 0.57950908, 0.62972973,
       0.66593887, 0.67117118, 0.68604652, 0.80991736, 0.85057472]), array([0.71624266, 0.85669782, 0.61604278, 0.57275542, 0.65585332,
       0.66373627, 0.65671643, 0.69565218, 0.82627119, 0.86054422])]
real metric: [array([0.97802198, 0.9793956 , 0.81165919, 0.68296089, 0.71802326,
       0.5377095 , 0.6302521 , 0.58263305, 0.33333333, 0.42837274]), array([0.97536232, 0.96978022, 0.8470255 , 0.70494186, 0.71387283,
       0.53814714, 0.61657303, 0.60029499, 0.37209302, 0.40643275]), array([0.97783934, 0.96834532, 0.84820031, 0.71571429, 0.76402878,
       0.5483871 , 0.62030598, 0.59455782, 0.3462069 , 0.38372093]), array([0.97985612, 0.97664835, 0.8125    , 0.71512482, 0.73361227,
       0.54356846, 0.60116448, 0.56923077, 0.35066865, 0.3903177 ]), array([0.98091043, 0.97206704, 0.85306705, 0.74366197, 0.75282486,
       0.52765957, 0.59890859, 0.60175695, 0.34626866, 0.41558442])]

estim_algorithm = atc-model, mode = classification, metric = sensitivity, confidence_scores = energy-conf, class_specific = True
test err: [0.045245826154787554, 0.040033401711968286, 0.0509001740718098, 0.057985731005207694, 0.04645610489369285]
estimated metric: [array([0.95777351, 0.97122302, 0.79907085, 0.78162162, 0.78181818,
       0.47193348, 0.66872429, 0.66894978, 0.36326533, 0.45686903]), array([0.95735201, 0.98002103, 0.82154171, 0.79401994, 0.79089616,
       0.52866243, 0.66167024, 0.66139956, 0.39615387, 0.44718312]), array([0.95997611, 0.97847147, 0.81923523, 0.77618523, 0.80649527,
       0.50230416, 0.68855933, 0.64705883, 0.492126  , 0.42007437]), array([0.95095541, 0.9744898 , 0.81769723, 0.80896478, 0.79594595,
       0.51310045, 0.65765767, 0.66744187, 0.4834711 , 0.45977014]), array([0.96477495, 0.97403946, 0.83208556, 0.7874097 , 0.81664316,
       0.4879121 , 0.64818764, 0.68421053, 0.46610172, 0.44217689])]
real metric: [array([0.97802198, 0.9793956 , 0.81165919, 0.68296089, 0.71802326,
       0.5377095 , 0.6302521 , 0.58263305, 0.33333333, 0.42837274]), array([0.97536232, 0.96978022, 0.8470255 , 0.70494186, 0.71387283,
       0.53814714, 0.61657303, 0.60029499, 0.37209302, 0.40643275]), array([0.97783934, 0.96834532, 0.84820031, 0.71571429, 0.76402878,
       0.5483871 , 0.62030598, 0.59455782, 0.3462069 , 0.38372093]), array([0.97985612, 0.97664835, 0.8125    , 0.71512482, 0.73361227,
       0.54356846, 0.60116448, 0.56923077, 0.35066865, 0.3903177 ]), array([0.98091043, 0.97206704, 0.85306705, 0.74366197, 0.75282486,
       0.52765957, 0.59890859, 0.60175695, 0.34626866, 0.41558442])]

estim_algorithm = atc-model, mode = classification, metric = sensitivity, confidence_scores = entropy-conf, class_specific = False
test err: [0.15604074230482992, 0.1466239097815143, 0.16716758634033568, 0.17215169312488607, 0.16407797012105343]
estimated metric: [array([0.73192579, 0.82528263, 0.62369338, 0.59891892, 0.63356644,
       0.60083161, 0.69135803, 0.70091325, 0.60408165, 0.71884985]), array([0.74665818, 0.86119874, 0.64413939, 0.58361019, 0.66429588,
       0.61146498, 0.70021414, 0.67945825, 0.64615386, 0.65140846]), array([0.74551971, 0.84930032, 0.62572422, 0.58324146, 0.67794317,
       0.64285715, 0.70550848, 0.67755992, 0.68110237, 0.66542752]), array([0.73439491, 0.8377551 , 0.62686568, 0.59978656, 0.65405406,
       0.64192141, 0.66666667, 0.72325582, 0.69008266, 0.68965518]), array([0.7384214 , 0.82969886, 0.62887701, 0.57894737, 0.674189  ,
       0.60000001, 0.66737741, 0.69794051, 0.65677968, 0.6564626 ])]
real metric: [array([0.97802198, 0.9793956 , 0.81165919, 0.68296089, 0.71802326,
       0.5377095 , 0.6302521 , 0.58263305, 0.33333333, 0.42837274]), array([0.97536232, 0.96978022, 0.8470255 , 0.70494186, 0.71387283,
       0.53814714, 0.61657303, 0.60029499, 0.37209302, 0.40643275]), array([0.97783934, 0.96834532, 0.84820031, 0.71571429, 0.76402878,
       0.5483871 , 0.62030598, 0.59455782, 0.3462069 , 0.38372093]), array([0.97985612, 0.97664835, 0.8125    , 0.71512482, 0.73361227,
       0.54356846, 0.60116448, 0.56923077, 0.35066865, 0.3903177 ]), array([0.98091043, 0.97206704, 0.85306705, 0.74366197, 0.75282486,
       0.52765957, 0.59890859, 0.60175695, 0.34626866, 0.41558442])]

estim_algorithm = atc-model, mode = classification, metric = sensitivity, confidence_scores = entropy-conf, class_specific = True
test err: [0.03261340520929327, 0.03349365496497812, 0.03838256519620768, 0.04040298729403764, 0.025380128430034482]
estimated metric: [array([0.95585413, 0.97122302, 0.81068525, 0.75027027, 0.77202798,
       0.51351352, 0.64197532, 0.64155252, 0.33877554, 0.50159746]), array([0.95353278, 0.98212408, 0.82154171, 0.77962348, 0.79516359,
       0.55414014, 0.6509636 , 0.61399549, 0.40769233, 0.42605636]), array([0.95698925, 0.98277718, 0.801854  , 0.75633958, 0.80920163,
       0.52764978, 0.65677967, 0.62309369, 0.43307089, 0.42750931]), array([0.95095541, 0.97653061, 0.83795309, 0.77588047, 0.81351352,
       0.55458516, 0.60585586, 0.65813954, 0.40082647, 0.44444447]), array([0.95564253, 0.97403946, 0.82566845, 0.73581012, 0.81241185,
       0.50769232, 0.63113007, 0.6430206 , 0.37711867, 0.40816329])]
real metric: [array([0.97802198, 0.9793956 , 0.81165919, 0.68296089, 0.71802326,
       0.5377095 , 0.6302521 , 0.58263305, 0.33333333, 0.42837274]), array([0.97536232, 0.96978022, 0.8470255 , 0.70494186, 0.71387283,
       0.53814714, 0.61657303, 0.60029499, 0.37209302, 0.40643275]), array([0.97783934, 0.96834532, 0.84820031, 0.71571429, 0.76402878,
       0.5483871 , 0.62030598, 0.59455782, 0.3462069 , 0.38372093]), array([0.97985612, 0.97664835, 0.8125    , 0.71512482, 0.73361227,
       0.54356846, 0.60116448, 0.56923077, 0.35066865, 0.3903177 ]), array([0.98091043, 0.97206704, 0.85306705, 0.74366197, 0.75282486,
       0.52765957, 0.59890859, 0.60175695, 0.34626866, 0.41558442])]

estim_algorithm = atc-model, mode = classification, metric = sensitivity, confidence_scores = doctor-conf, class_specific = False
test err: [0.15152565829878625, 0.1450893964413575, 0.1658184388825506, 0.16928857943799897, 0.1648508985101905]
estimated metric: [array([0.7293666 , 0.82425488, 0.6213705 , 0.60108109, 0.63496504,
       0.5925156 , 0.6872428 , 0.69406393, 0.59183675, 0.70287541]), array([0.74474857, 0.85278654, 0.64308343, 0.58693245, 0.6685633 ,
       0.61146498, 0.69807281, 0.67720091, 0.63846155, 0.64436621]), array([0.74014337, 0.83961249, 0.62108923, 0.58213892, 0.67794317,
       0.63594471, 0.70762712, 0.67102397, 0.66929135, 0.65427511]), array([0.72993631, 0.83469388, 0.62260128, 0.59978656, 0.65675676,
       0.64192141, 0.67342343, 0.71860466, 0.6694215 , 0.6704981 ]), array([0.7345075 , 0.83073728, 0.62887701, 0.57791538, 0.66854725,
       0.60000001, 0.66098082, 0.70251717, 0.65677968, 0.6564626 ])]
real metric: [array([0.97802198, 0.9793956 , 0.81165919, 0.68296089, 0.71802326,
       0.5377095 , 0.6302521 , 0.58263305, 0.33333333, 0.42837274]), array([0.97536232, 0.96978022, 0.8470255 , 0.70494186, 0.71387283,
       0.53814714, 0.61657303, 0.60029499, 0.37209302, 0.40643275]), array([0.97783934, 0.96834532, 0.84820031, 0.71571429, 0.76402878,
       0.5483871 , 0.62030598, 0.59455782, 0.3462069 , 0.38372093]), array([0.97985612, 0.97664835, 0.8125    , 0.71512482, 0.73361227,
       0.54356846, 0.60116448, 0.56923077, 0.35066865, 0.3903177 ]), array([0.98091043, 0.97206704, 0.85306705, 0.74366197, 0.75282486,
       0.52765957, 0.59890859, 0.60175695, 0.34626866, 0.41558442])]

estim_algorithm = atc-model, mode = classification, metric = sensitivity, confidence_scores = doctor-conf, class_specific = True
test err: [0.03592514589654546, 0.035268718501654764, 0.03515303139519082, 0.03680727722953893, 0.026407149440488185]
estimated metric: [array([0.94433781, 0.96094553, 0.79210221, 0.75135135, 0.76503497,
       0.52806654, 0.63786009, 0.64840183, 0.34285717, 0.50798724]), array([0.94271165, 0.98527865, 0.81309398, 0.76633444, 0.79231864,
       0.56263271, 0.64882228, 0.61173816, 0.41153848, 0.42957748]), array([0.94802867, 0.97739505, 0.8041715 , 0.74972437, 0.80108255,
       0.55529955, 0.65677967, 0.61437909, 0.43307089, 0.43122679]), array([0.9388535 , 0.9744898 , 0.81556503, 0.76307364, 0.7972973 ,
       0.56331879, 0.60360361, 0.64883722, 0.4049587 , 0.44444447]), array([0.94651011, 0.9709242 , 0.8       , 0.71929825, 0.80112835,
       0.52527474, 0.62899788, 0.63844394, 0.37711867, 0.41836737])]
real metric: [array([0.97802198, 0.9793956 , 0.81165919, 0.68296089, 0.71802326,
       0.5377095 , 0.6302521 , 0.58263305, 0.33333333, 0.42837274]), array([0.97536232, 0.96978022, 0.8470255 , 0.70494186, 0.71387283,
       0.53814714, 0.61657303, 0.60029499, 0.37209302, 0.40643275]), array([0.97783934, 0.96834532, 0.84820031, 0.71571429, 0.76402878,
       0.5483871 , 0.62030598, 0.59455782, 0.3462069 , 0.38372093]), array([0.97985612, 0.97664835, 0.8125    , 0.71512482, 0.73361227,
       0.54356846, 0.60116448, 0.56923077, 0.35066865, 0.3903177 ]), array([0.98091043, 0.97206704, 0.85306705, 0.74366197, 0.75282486,
       0.52765957, 0.59890859, 0.60175695, 0.34626866, 0.41558442])]

estim_algorithm = ts-atc-model, mode = classification, metric = sensitivity, confidence_scores = max_class_probability-conf, class_specific = False
test err: [0.1744108704595691, 0.16368733553042397, 0.18030947376650514, 0.18681934732591848, 0.18027873517510118]
estimated metric: [array([0.72168906, 0.83967112, 0.61091754, 0.5772973 , 0.62797203,
       0.61746363, 0.69341564, 0.68721462, 0.6734694 , 0.79233228]), array([0.7332909 , 0.86225026, 0.63041183, 0.55149502, 0.66002845,
       0.61358812, 0.6895075 , 0.66591423, 0.68846155, 0.73943663]), array([0.74074074, 0.86759957, 0.61297799, 0.56890849, 0.65358593,
       0.63133641, 0.69067797, 0.67538127, 0.73622048, 0.73234202]), array([0.72547771, 0.85612245, 0.60234542, 0.5741729 , 0.6472973 ,
       0.65065503, 0.65765767, 0.69534884, 0.75619836, 0.75095786]), array([0.73124592, 0.84735203, 0.61283423, 0.55624355, 0.66995769,
       0.589011  , 0.6695096 , 0.67505722, 0.75000001, 0.72448981])]
real metric: [array([0.97802198, 0.9793956 , 0.81165919, 0.68296089, 0.71802326,
       0.5377095 , 0.6302521 , 0.58263305, 0.33333333, 0.42837274]), array([0.97536232, 0.96978022, 0.8470255 , 0.70494186, 0.71387283,
       0.53814714, 0.61657303, 0.60029499, 0.37209302, 0.40643275]), array([0.97783934, 0.96834532, 0.84820031, 0.71571429, 0.76402878,
       0.5483871 , 0.62030598, 0.59455782, 0.3462069 , 0.38372093]), array([0.97985612, 0.97664835, 0.8125    , 0.71512482, 0.73361227,
       0.54356846, 0.60116448, 0.56923077, 0.35066865, 0.3903177 ]), array([0.98091043, 0.97206704, 0.85306705, 0.74366197, 0.75282486,
       0.52765957, 0.59890859, 0.60175695, 0.34626866, 0.41558442])]

estim_algorithm = ts-atc-model, mode = classification, metric = sensitivity, confidence_scores = max_class_probability-conf, class_specific = True
test err: [0.04088105002227212, 0.03654749695837824, 0.04873401498734207, 0.0517245800664039, 0.04323160707223888]
estimated metric: [array([0.93730006, 0.97738952, 0.80255517, 0.7545946 , 0.77202798,
       0.47817049, 0.65637861, 0.64840183, 0.3591837 , 0.48242813]), array([0.94207511, 0.98212408, 0.82787751, 0.77408638, 0.79089616,
       0.53503186, 0.65310493, 0.63882619, 0.40769233, 0.44718312]), array([0.93667861, 0.98493003, 0.7995365 , 0.75413451, 0.80784845,
       0.52304149, 0.66737289, 0.63834423, 0.49606301, 0.4163569 ]), array([0.94458599, 0.98265306, 0.83049041, 0.76947706, 0.81351352,
       0.52401748, 0.62162163, 0.66279071, 0.47520663, 0.45593872]), array([0.94129159, 0.97507788, 0.80962567, 0.73581012, 0.81241185,
       0.49450551, 0.65245203, 0.65675058, 0.45338985, 0.44557825])]
real metric: [array([0.97802198, 0.9793956 , 0.81165919, 0.68296089, 0.71802326,
       0.5377095 , 0.6302521 , 0.58263305, 0.33333333, 0.42837274]), array([0.97536232, 0.96978022, 0.8470255 , 0.70494186, 0.71387283,
       0.53814714, 0.61657303, 0.60029499, 0.37209302, 0.40643275]), array([0.97783934, 0.96834532, 0.84820031, 0.71571429, 0.76402878,
       0.5483871 , 0.62030598, 0.59455782, 0.3462069 , 0.38372093]), array([0.97985612, 0.97664835, 0.8125    , 0.71512482, 0.73361227,
       0.54356846, 0.60116448, 0.56923077, 0.35066865, 0.3903177 ]), array([0.98091043, 0.97206704, 0.85306705, 0.74366197, 0.75282486,
       0.52765957, 0.59890859, 0.60175695, 0.34626866, 0.41558442])]

estim_algorithm = ts-atc-model, mode = classification, metric = sensitivity, confidence_scores = energy-conf, class_specific = False
test err: [0.2124453971550478, 0.20619421048995798, 0.23065105681613157, 0.21740611284433164, 0.22582100109662492]
estimated metric: [array([0.65706974, 0.84069887, 0.61091754, 0.5772973 , 0.66993007,
       0.70478171, 0.70987655, 0.73059361, 0.77959185, 0.89776358]), array([0.6734564 , 0.85909569, 0.6156283 , 0.56810632, 0.6685633 ,
       0.7282378 , 0.7130621 , 0.68623026, 0.76153847, 0.88028169]), array([0.67323776, 0.85898816, 0.61066049, 0.55457553, 0.65358593,
       0.70967743, 0.7161017 , 0.71677561, 0.83070867, 0.90334573]), array([0.66178344, 0.86632653, 0.6151386 , 0.60298826, 0.64864865,
       0.70524018, 0.70495496, 0.69534884, 0.83471075, 0.86590039]), array([0.67579909, 0.84735203, 0.6224599 , 0.60371517, 0.66290551,
       0.72527473, 0.6716418 , 0.72768879, 0.85593221, 0.87755102])]
real metric: [array([0.97802198, 0.9793956 , 0.81165919, 0.68296089, 0.71802326,
       0.5377095 , 0.6302521 , 0.58263305, 0.33333333, 0.42837274]), array([0.97536232, 0.96978022, 0.8470255 , 0.70494186, 0.71387283,
       0.53814714, 0.61657303, 0.60029499, 0.37209302, 0.40643275]), array([0.97783934, 0.96834532, 0.84820031, 0.71571429, 0.76402878,
       0.5483871 , 0.62030598, 0.59455782, 0.3462069 , 0.38372093]), array([0.97985612, 0.97664835, 0.8125    , 0.71512482, 0.73361227,
       0.54356846, 0.60116448, 0.56923077, 0.35066865, 0.3903177 ]), array([0.98091043, 0.97206704, 0.85306705, 0.74366197, 0.75282486,
       0.52765957, 0.59890859, 0.60175695, 0.34626866, 0.41558442])]

estim_algorithm = ts-atc-model, mode = classification, metric = sensitivity, confidence_scores = energy-conf, class_specific = True
test err: [0.04846198522608506, 0.04774565898165112, 0.049981692970669324, 0.06576304828073921, 0.046788916397721106]
estimated metric: [array([0.95713372, 0.96813977, 0.82694541, 0.80108108, 0.82097902,
       0.50311851, 0.7016461 , 0.65296804, 0.35102043, 0.45047925]), array([0.95671547, 0.97686646, 0.84477297, 0.80841639, 0.83926032,
       0.53927814, 0.70235547, 0.62979685, 0.40384618, 0.47887326]), array([0.96296296, 0.96770721, 0.86906142, 0.77618523, 0.82949933,
       0.51843319, 0.71186441, 0.64052288, 0.47244097, 0.42750931]), array([0.95350319, 0.97040816, 0.84968017, 0.81856991, 0.81891892,
       0.5305677 , 0.6936937 , 0.6511628 , 0.45454548, 0.49808431]), array([0.95890411, 0.97403946, 0.85775401, 0.81424149, 0.83779972,
       0.50989012, 0.66098082, 0.6659039 , 0.44915257, 0.45238097])]
real metric: [array([0.97802198, 0.9793956 , 0.81165919, 0.68296089, 0.71802326,
       0.5377095 , 0.6302521 , 0.58263305, 0.33333333, 0.42837274]), array([0.97536232, 0.96978022, 0.8470255 , 0.70494186, 0.71387283,
       0.53814714, 0.61657303, 0.60029499, 0.37209302, 0.40643275]), array([0.97783934, 0.96834532, 0.84820031, 0.71571429, 0.76402878,
       0.5483871 , 0.62030598, 0.59455782, 0.3462069 , 0.38372093]), array([0.97985612, 0.97664835, 0.8125    , 0.71512482, 0.73361227,
       0.54356846, 0.60116448, 0.56923077, 0.35066865, 0.3903177 ]), array([0.98091043, 0.97206704, 0.85306705, 0.74366197, 0.75282486,
       0.52765957, 0.59890859, 0.60175695, 0.34626866, 0.41558442])]

estim_algorithm = ts-atc-model, mode = classification, metric = sensitivity, confidence_scores = entropy-conf, class_specific = False
test err: [0.1865571852770079, 0.17936161904180342, 0.19517276843899123, 0.19393896492495316, 0.19712637457781632]
estimated metric: [array([0.7159309 , 0.84275437, 0.59930314, 0.55567568, 0.61678322,
       0.63201664, 0.67283951, 0.67123288, 0.73469389, 0.82747604]), array([0.73583705, 0.86330179, 0.61774024, 0.5448505 , 0.65576103,
       0.64755839, 0.66167024, 0.65688488, 0.75769232, 0.80985916]), array([0.74313023, 0.8729817 , 0.60834299, 0.53693496, 0.63328823,
       0.63594471, 0.67161018, 0.67102397, 0.79133859, 0.79553904]), array([0.73503185, 0.86734694, 0.60447762, 0.56456777, 0.63918919,
       0.66375547, 0.63288289, 0.68372094, 0.80991736, 0.79693487]), array([0.73646445, 0.85358256, 0.60855615, 0.55521156, 0.65585332,
       0.62197803, 0.65458423, 0.68421053, 0.80508475, 0.8027211 ])]
real metric: [array([0.97802198, 0.9793956 , 0.81165919, 0.68296089, 0.71802326,
       0.5377095 , 0.6302521 , 0.58263305, 0.33333333, 0.42837274]), array([0.97536232, 0.96978022, 0.8470255 , 0.70494186, 0.71387283,
       0.53814714, 0.61657303, 0.60029499, 0.37209302, 0.40643275]), array([0.97783934, 0.96834532, 0.84820031, 0.71571429, 0.76402878,
       0.5483871 , 0.62030598, 0.59455782, 0.3462069 , 0.38372093]), array([0.97985612, 0.97664835, 0.8125    , 0.71512482, 0.73361227,
       0.54356846, 0.60116448, 0.56923077, 0.35066865, 0.3903177 ]), array([0.98091043, 0.97206704, 0.85306705, 0.74366197, 0.75282486,
       0.52765957, 0.59890859, 0.60175695, 0.34626866, 0.41558442])]

estim_algorithm = ts-atc-model, mode = classification, metric = sensitivity, confidence_scores = entropy-conf, class_specific = True
test err: [0.04421600927759251, 0.04347946842477956, 0.05283213511155159, 0.05809386337454847, 0.045128739783770494]
estimated metric: [array([0.93346129, 0.97225077, 0.80023229, 0.76216216, 0.77902098,
       0.44074845, 0.65020577, 0.64611873, 0.36326533, 0.45686903]), array([0.93634628, 0.98212408, 0.80464625, 0.78405316, 0.80227596,
       0.49893844, 0.64239829, 0.64334087, 0.40384618, 0.44014086]), array([0.93787336, 0.98170075, 0.81923523, 0.76626241, 0.82543979,
       0.47926268, 0.64830509, 0.64923748, 0.492126  , 0.42007437]), array([0.9388535 , 0.9744898 , 0.81769723, 0.78975454, 0.82837838,
       0.48471617, 0.61936938, 0.66046512, 0.48760333, 0.44827588]), array([0.93998695, 0.97403946, 0.82245989, 0.7626419 , 0.83215797,
       0.46593408, 0.62899788, 0.6659039 , 0.45338985, 0.43197281])]
real metric: [array([0.97802198, 0.9793956 , 0.81165919, 0.68296089, 0.71802326,
       0.5377095 , 0.6302521 , 0.58263305, 0.33333333, 0.42837274]), array([0.97536232, 0.96978022, 0.8470255 , 0.70494186, 0.71387283,
       0.53814714, 0.61657303, 0.60029499, 0.37209302, 0.40643275]), array([0.97783934, 0.96834532, 0.84820031, 0.71571429, 0.76402878,
       0.5483871 , 0.62030598, 0.59455782, 0.3462069 , 0.38372093]), array([0.97985612, 0.97664835, 0.8125    , 0.71512482, 0.73361227,
       0.54356846, 0.60116448, 0.56923077, 0.35066865, 0.3903177 ]), array([0.98091043, 0.97206704, 0.85306705, 0.74366197, 0.75282486,
       0.52765957, 0.59890859, 0.60175695, 0.34626866, 0.41558442])]

estim_algorithm = ts-atc-model, mode = classification, metric = sensitivity, confidence_scores = doctor-conf, class_specific = False
test err: [0.18467324492328768, 0.17707293380152272, 0.19315492373954102, 0.19242965206333051, 0.1951786663926153]
estimated metric: [array([0.72040947, 0.84378212, 0.6039489 , 0.55567568, 0.61818182,
       0.63409564, 0.66666667, 0.67123288, 0.73469389, 0.82428116]), array([0.73074475, 0.86119874, 0.6219641 , 0.5448505 , 0.65291608,
       0.64118897, 0.6659529 , 0.65237021, 0.74615386, 0.79929578]), array([0.7479092 , 0.87728741, 0.60486675, 0.54024256, 0.63599459,
       0.64285715, 0.66949153, 0.67320262, 0.77952757, 0.79182157]), array([0.73248408, 0.86734694, 0.60660981, 0.56670225, 0.63918919,
       0.66375547, 0.63513514, 0.68372094, 0.80578513, 0.78544062]), array([0.7345075 , 0.85150571, 0.60641712, 0.5510836 , 0.65021157,
       0.61098902, 0.65458423, 0.67505722, 0.79661018, 0.79591837])]
real metric: [array([0.97802198, 0.9793956 , 0.81165919, 0.68296089, 0.71802326,
       0.5377095 , 0.6302521 , 0.58263305, 0.33333333, 0.42837274]), array([0.97536232, 0.96978022, 0.8470255 , 0.70494186, 0.71387283,
       0.53814714, 0.61657303, 0.60029499, 0.37209302, 0.40643275]), array([0.97783934, 0.96834532, 0.84820031, 0.71571429, 0.76402878,
       0.5483871 , 0.62030598, 0.59455782, 0.3462069 , 0.38372093]), array([0.97985612, 0.97664835, 0.8125    , 0.71512482, 0.73361227,
       0.54356846, 0.60116448, 0.56923077, 0.35066865, 0.3903177 ]), array([0.98091043, 0.97206704, 0.85306705, 0.74366197, 0.75282486,
       0.52765957, 0.59890859, 0.60175695, 0.34626866, 0.41558442])]

estim_algorithm = ts-atc-model, mode = classification, metric = sensitivity, confidence_scores = doctor-conf, class_specific = True
test err: [0.050509041181591066, 0.04861326556759256, 0.05772958326199511, 0.062266842737786744, 0.052722806074035046]
estimated metric: [array([0.94817658, 0.96916752, 0.78629501, 0.76864865, 0.79160839,
       0.46153847, 0.66460906, 0.6780822 , 0.36326533, 0.47284347]), array([0.94971356, 0.9831756 , 0.79303063, 0.79291252, 0.81081081,
       0.51804672, 0.65952892, 0.66365689, 0.38846156, 0.471831  ]), array([0.9516129 , 0.97847147, 0.7995365 , 0.76736494, 0.82814615,
       0.48617513, 0.67796611, 0.64705883, 0.48425199, 0.44981415]), array([0.94585987, 0.97346939, 0.79850746, 0.79935966, 0.82972973,
       0.50436682, 0.62612613, 0.66744187, 0.47933886, 0.49042148]), array([0.94716243, 0.97300104, 0.80213904, 0.78018576, 0.83356841,
       0.47252748, 0.64605544, 0.67734555, 0.44915257, 0.45918369])]
real metric: [array([0.97802198, 0.9793956 , 0.81165919, 0.68296089, 0.71802326,
       0.5377095 , 0.6302521 , 0.58263305, 0.33333333, 0.42837274]), array([0.97536232, 0.96978022, 0.8470255 , 0.70494186, 0.71387283,
       0.53814714, 0.61657303, 0.60029499, 0.37209302, 0.40643275]), array([0.97783934, 0.96834532, 0.84820031, 0.71571429, 0.76402878,
       0.5483871 , 0.62030598, 0.59455782, 0.3462069 , 0.38372093]), array([0.97985612, 0.97664835, 0.8125    , 0.71512482, 0.73361227,
       0.54356846, 0.60116448, 0.56923077, 0.35066865, 0.3903177 ]), array([0.98091043, 0.97206704, 0.85306705, 0.74366197, 0.75282486,
       0.52765957, 0.59890859, 0.60175695, 0.34626866, 0.41558442])]

