estim_algorithm = ac-model, mode = classification, metric = precision, confidence_scores = max_class_probability-conf, class_specific = False
test err: [0.36692929756915, 0.3630713875537218, 0.3638381011693446, 0.37298800748520466, 0.35658598504082584]
estimated metric: [array([0.9330128 , 0.88100744, 0.92016348, 0.93950224, 0.81960963,
       0.82846923, 0.43681575, 0.64784465, 0.57169662, 0.58406277]), array([0.93085506, 0.87167136, 0.91440759, 0.94070292, 0.82654982,
       0.83748297, 0.43762332, 0.64594273, 0.56817739, 0.57764509]), array([0.93062952, 0.8841528 , 0.91510793, 0.93999298, 0.84154134,
       0.83341692, 0.45567837, 0.64204628, 0.56223832, 0.57400753]), array([0.92746202, 0.88971265, 0.91422445, 0.94083788, 0.83794967,
       0.82457869, 0.429457  , 0.65442412, 0.60591684, 0.54278316]), array([0.93127407, 0.87662085, 0.91614775, 0.94519522, 0.84275513,
       0.82508462, 0.44064386, 0.6490683 , 0.62334422, 0.58855313])]
real metric: [array([0.45956873, 0.75531915, 0.44871795, 0.33161623, 0.71119134,
       0.62374582, 0.99074074, 0.9437751 , 0.99411765, 0.98947368]), array([0.44870041, 0.76758794, 0.48411371, 0.37164272, 0.67863248,
       0.61956522, 1.        , 0.94262295, 0.97142857, 0.99462366]), array([0.46111111, 0.76004592, 0.47033898, 0.3551702 , 0.72598425,
       0.62987013, 0.99122807, 0.95041322, 0.9939759 , 0.99441341]), array([0.45493872, 0.77464789, 0.45369584, 0.34070796, 0.70512821,
       0.60409556, 1.        , 0.97222222, 0.99509804, 0.99358974]), array([0.43587947, 0.77278402, 0.4953271 , 0.37279903, 0.71587302,
       0.62434783, 1.        , 0.98319328, 0.98571429, 0.97849462])]

estim_algorithm = ac-model, mode = classification, metric = precision, confidence_scores = energy-conf, class_specific = False
test err: [0.5120909456613552, 0.5068258266496078, 0.5114034538910338, 0.5122433681296528, 0.5185896432795801]
estimated metric: [array([0.48140848, 0.37379951, 0.37413375, 0.40596827, 0.19979361,
       0.2149494 , 0.03092579, 0.09065083, 0.07639033, 0.07172053]), array([0.46393452, 0.35905755, 0.36544959, 0.41377949, 0.22369914,
       0.22695807, 0.03296939, 0.09476425, 0.07200902, 0.07278012]), array([0.46319656, 0.38019058, 0.35569991, 0.40188143, 0.23836255,
       0.21642441, 0.03632462, 0.08518389, 0.06924048, 0.06960558]), array([0.44722784, 0.38851852, 0.35398255, 0.40585327, 0.23394871,
       0.20925544, 0.0302187 , 0.09315153, 0.07780911, 0.06201544]), array([0.45437264, 0.36068722, 0.36095838, 0.42399931, 0.23623397,
       0.2063089 , 0.03125213, 0.08890914, 0.08089205, 0.07428937])]
real metric: [array([0.45956873, 0.75531915, 0.44871795, 0.33161623, 0.71119134,
       0.62374582, 0.99074074, 0.9437751 , 0.99411765, 0.98947368]), array([0.44870041, 0.76758794, 0.48411371, 0.37164272, 0.67863248,
       0.61956522, 1.        , 0.94262295, 0.97142857, 0.99462366]), array([0.46111111, 0.76004592, 0.47033898, 0.3551702 , 0.72598425,
       0.62987013, 0.99122807, 0.95041322, 0.9939759 , 0.99441341]), array([0.45493872, 0.77464789, 0.45369584, 0.34070796, 0.70512821,
       0.60409556, 1.        , 0.97222222, 0.99509804, 0.99358974]), array([0.43587947, 0.77278402, 0.4953271 , 0.37279903, 0.71587302,
       0.62434783, 1.        , 0.98319328, 0.98571429, 0.97849462])]

estim_algorithm = ac-model, mode = classification, metric = precision, confidence_scores = entropy-conf, class_specific = False
test err: [0.3732270136346747, 0.3688948369138671, 0.3705084256702935, 0.37938176033215515, 0.363179957200237]
estimated metric: [array([0.92267794, 0.86457103, 0.90719248, 0.92928811, 0.79397517,
       0.80390729, 0.39338101, 0.60723125, 0.53381444, 0.54286313]), array([0.92042456, 0.85448173, 0.90107937, 0.93077801, 0.8028588 ,
       0.81482947, 0.3965449 , 0.60701813, 0.53195039, 0.53842284]), array([0.91973429, 0.86753996, 0.90080088, 0.92932549, 0.81833603,
       0.8085125 , 0.4117993 , 0.59883947, 0.52353398, 0.53250215]), array([0.91625558, 0.87404612, 0.9002984 , 0.93055488, 0.81448434,
       0.7998467 , 0.38591796, 0.61339825, 0.56951557, 0.50053247]), array([0.92041275, 0.85920231, 0.9022516 , 0.93544334, 0.81934489,
       0.7994881 , 0.39684917, 0.60686598, 0.58468965, 0.54633034])]
real metric: [array([0.45956873, 0.75531915, 0.44871795, 0.33161623, 0.71119134,
       0.62374582, 0.99074074, 0.9437751 , 0.99411765, 0.98947368]), array([0.44870041, 0.76758794, 0.48411371, 0.37164272, 0.67863248,
       0.61956522, 1.        , 0.94262295, 0.97142857, 0.99462366]), array([0.46111111, 0.76004592, 0.47033898, 0.3551702 , 0.72598425,
       0.62987013, 0.99122807, 0.95041322, 0.9939759 , 0.99441341]), array([0.45493872, 0.77464789, 0.45369584, 0.34070796, 0.70512821,
       0.60409556, 1.        , 0.97222222, 0.99509804, 0.99358974]), array([0.43587947, 0.77278402, 0.4953271 , 0.37279903, 0.71587302,
       0.62434783, 1.        , 0.98319328, 0.98571429, 0.97849462])]

estim_algorithm = ac-model, mode = classification, metric = precision, confidence_scores = doctor-conf, class_specific = False
test err: [0.34412590642263274, 0.33957764300820076, 0.3395461411150723, 0.3492958291018124, 0.33380552339029557]
estimated metric: [array([0.95760494, 0.92168074, 0.95015029, 0.96289231, 0.88221579,
       0.89036261, 0.5655702 , 0.755871  , 0.68762088, 0.70253348]), array([0.95680097, 0.91573117, 0.94658661, 0.96390563, 0.88676794,
       0.896568  , 0.57083317, 0.75304378, 0.68776599, 0.69737365]), array([0.95636121, 0.9247486 , 0.94766118, 0.96367597, 0.89789261,
       0.89464359, 0.58576653, 0.75287562, 0.68301102, 0.69537859]), array([0.95427442, 0.9285917 , 0.94667388, 0.96406826, 0.89536342,
       0.88842717, 0.56303501, 0.76161762, 0.72257692, 0.66490683]), array([0.95693685, 0.9194385 , 0.94797463, 0.9667647 , 0.89867061,
       0.88890269, 0.57367906, 0.75584214, 0.7351682 , 0.70633506])]
real metric: [array([0.45956873, 0.75531915, 0.44871795, 0.33161623, 0.71119134,
       0.62374582, 0.99074074, 0.9437751 , 0.99411765, 0.98947368]), array([0.44870041, 0.76758794, 0.48411371, 0.37164272, 0.67863248,
       0.61956522, 1.        , 0.94262295, 0.97142857, 0.99462366]), array([0.46111111, 0.76004592, 0.47033898, 0.3551702 , 0.72598425,
       0.62987013, 0.99122807, 0.95041322, 0.9939759 , 0.99441341]), array([0.45493872, 0.77464789, 0.45369584, 0.34070796, 0.70512821,
       0.60409556, 1.        , 0.97222222, 0.99509804, 0.99358974]), array([0.43587947, 0.77278402, 0.4953271 , 0.37279903, 0.71587302,
       0.62434783, 1.        , 0.98319328, 0.98571429, 0.97849462])]

estim_algorithm = ts-model, mode = classification, metric = precision, confidence_scores = max_class_probability-conf, class_specific = False
test err: [0.4052193688808269, 0.3957228607173837, 0.3990976574192776, 0.40355588427055666, 0.39736431467874117]
estimated metric: [array([0.8362315 , 0.74432083, 0.79899776, 0.83342392, 0.61003111,
       0.61908803, 0.19665694, 0.37401944, 0.32255373, 0.31824997]), array([0.82930214, 0.72753562, 0.78845027, 0.83625222, 0.62867258,
       0.63619217, 0.19760822, 0.37769493, 0.31731734, 0.31501305]), array([0.82892943, 0.74808999, 0.78496034, 0.83146932, 0.64980584,
       0.62284958, 0.21198139, 0.36279169, 0.3087585 , 0.30941613]), array([0.821592  , 0.75847992, 0.78433146, 0.83422031, 0.64367363,
       0.61139494, 0.19189821, 0.37977017, 0.34568791, 0.28371805]), array([0.82860235, 0.73358157, 0.78854767, 0.84468444, 0.64993589,
       0.60830136, 0.1960936 , 0.37563467, 0.35974613, 0.32129955])]
real metric: [array([0.45956873, 0.75531915, 0.44871795, 0.33161623, 0.71119134,
       0.62374582, 0.99074074, 0.9437751 , 0.99411765, 0.98947368]), array([0.44870041, 0.76758794, 0.48411371, 0.37164272, 0.67863248,
       0.61956522, 1.        , 0.94262295, 0.97142857, 0.99462366]), array([0.46111111, 0.76004592, 0.47033898, 0.3551702 , 0.72598425,
       0.62987013, 0.99122807, 0.95041322, 0.9939759 , 0.99441341]), array([0.45493872, 0.77464789, 0.45369584, 0.34070796, 0.70512821,
       0.60409556, 1.        , 0.97222222, 0.99509804, 0.99358974]), array([0.43587947, 0.77278402, 0.4953271 , 0.37279903, 0.71587302,
       0.62434783, 1.        , 0.98319328, 0.98571429, 0.97849462])]

estim_algorithm = ts-model, mode = classification, metric = precision, confidence_scores = max_class_probability-conf, class_specific = True
test err: [0.3595955120031822, 0.34943172419774365, 0.3546605606842104, 0.35950534711469107, 0.35081944831975004]
estimated metric: [array([0.29686683, 0.62080593, 0.72136904, 0.59753935, 0.59834693,
       0.61656842, 0.22505426, 0.40104091, 0.31372011, 0.33814791]), array([0.28471399, 0.61098769, 0.71408341, 0.61091785, 0.61311583,
       0.63564589, 0.23118125, 0.39794975, 0.32160679, 0.33504896]), array([0.28428577, 0.63091195, 0.70870141, 0.59971563, 0.63269479,
       0.62560715, 0.23619918, 0.39630323, 0.31048726, 0.32685496]), array([0.27074742, 0.64295351, 0.70872572, 0.60558554, 0.62864596,
       0.61386352, 0.22821987, 0.40605237, 0.35626367, 0.29736398]), array([0.28478354, 0.60977933, 0.71167098, 0.6229826 , 0.63104105,
       0.60952969, 0.22834384, 0.39251238, 0.36310174, 0.33552791])]
real metric: [array([0.45956873, 0.75531915, 0.44871795, 0.33161623, 0.71119134,
       0.62374582, 0.99074074, 0.9437751 , 0.99411765, 0.98947368]), array([0.44870041, 0.76758794, 0.48411371, 0.37164272, 0.67863248,
       0.61956522, 1.        , 0.94262295, 0.97142857, 0.99462366]), array([0.46111111, 0.76004592, 0.47033898, 0.3551702 , 0.72598425,
       0.62987013, 0.99122807, 0.95041322, 0.9939759 , 0.99441341]), array([0.45493872, 0.77464789, 0.45369584, 0.34070796, 0.70512821,
       0.60409556, 1.        , 0.97222222, 0.99509804, 0.99358974]), array([0.43587947, 0.77278402, 0.4953271 , 0.37279903, 0.71587302,
       0.62434783, 1.        , 0.98319328, 0.98571429, 0.97849462])]

estim_algorithm = ts-model, mode = classification, metric = precision, confidence_scores = energy-conf, class_specific = False
test err: [0.38520647732899643, 0.37606561751946804, 0.38055242901582165, 0.384629166193766, 0.373734560455513]
estimated metric: [array([0.86589142, 0.77111964, 0.8392868 , 0.87284355, 0.6757208 ,
       0.69414055, 0.27058305, 0.47326434, 0.37788586, 0.40409377]), array([0.86360306, 0.75889138, 0.83235923, 0.8772022 , 0.68980547,
       0.71095178, 0.27686478, 0.46924953, 0.38281475, 0.39905371]), array([0.86116284, 0.77657137, 0.82984095, 0.87308727, 0.70838231,
       0.70055843, 0.28220303, 0.46518174, 0.37024642, 0.38916158]), array([0.85492171, 0.78695637, 0.82887892, 0.87498742, 0.70378948,
       0.68845288, 0.27199513, 0.47545588, 0.41852681, 0.3560906 ]), array([0.859585  , 0.75957407, 0.82922865, 0.88084933, 0.70617301,
       0.68446447, 0.27211603, 0.46119106, 0.42621714, 0.39921633])]
real metric: [array([0.45956873, 0.75531915, 0.44871795, 0.33161623, 0.71119134,
       0.62374582, 0.99074074, 0.9437751 , 0.99411765, 0.98947368]), array([0.44870041, 0.76758794, 0.48411371, 0.37164272, 0.67863248,
       0.61956522, 1.        , 0.94262295, 0.97142857, 0.99462366]), array([0.46111111, 0.76004592, 0.47033898, 0.3551702 , 0.72598425,
       0.62987013, 0.99122807, 0.95041322, 0.9939759 , 0.99441341]), array([0.45493872, 0.77464789, 0.45369584, 0.34070796, 0.70512821,
       0.60409556, 1.        , 0.97222222, 0.99509804, 0.99358974]), array([0.43587947, 0.77278402, 0.4953271 , 0.37279903, 0.71587302,
       0.62434783, 1.        , 0.98319328, 0.98571429, 0.97849462])]

estim_algorithm = ts-model, mode = classification, metric = precision, confidence_scores = energy-conf, class_specific = True
test err: [0.3613395905139845, 0.35683348549929483, 0.3588501901674658, 0.36598857265082174, 0.3514255919403385]
estimated metric: [array([0.85438358, 0.81458221, 0.86400725, 0.88273123, 0.74206115,
       0.75641702, 0.35931827, 0.56389803, 0.46887602, 0.49664218]), array([0.84726328, 0.80436301, 0.85802841, 0.88678424, 0.75134574,
       0.76886072, 0.36440884, 0.5575831 , 0.47476562, 0.48998568]), array([0.84886679, 0.82106212, 0.85880157, 0.88545479, 0.76986394,
       0.7644377 , 0.37522087, 0.56041731, 0.46652663, 0.4853302 ]), array([0.84084005, 0.83122904, 0.86006727, 0.8900485 , 0.76903743,
       0.75768945, 0.36774142, 0.5735042 , 0.52120069, 0.45427553]), array([0.84070242, 0.8058375 , 0.85635433, 0.89177797, 0.76549496,
       0.74870091, 0.36093084, 0.55220811, 0.52109579, 0.49076915])]
real metric: [array([0.45956873, 0.75531915, 0.44871795, 0.33161623, 0.71119134,
       0.62374582, 0.99074074, 0.9437751 , 0.99411765, 0.98947368]), array([0.44870041, 0.76758794, 0.48411371, 0.37164272, 0.67863248,
       0.61956522, 1.        , 0.94262295, 0.97142857, 0.99462366]), array([0.46111111, 0.76004592, 0.47033898, 0.3551702 , 0.72598425,
       0.62987013, 0.99122807, 0.95041322, 0.9939759 , 0.99441341]), array([0.45493872, 0.77464789, 0.45369584, 0.34070796, 0.70512821,
       0.60409556, 1.        , 0.97222222, 0.99509804, 0.99358974]), array([0.43587947, 0.77278402, 0.4953271 , 0.37279903, 0.71587302,
       0.62434783, 1.        , 0.98319328, 0.98571429, 0.97849462])]

estim_algorithm = ts-model, mode = classification, metric = precision, confidence_scores = entropy-conf, class_specific = False
test err: [0.40448903627049243, 0.3954012848063865, 0.3982473398980919, 0.4036638192382174, 0.39661897809269975]
estimated metric: [array([0.83539474, 0.7433494 , 0.79875425, 0.83277387, 0.60902016,
       0.62318443, 0.19404495, 0.37416223, 0.32650978, 0.32022211]), array([0.82866683, 0.72682006, 0.7884933 , 0.83638162, 0.62854893,
       0.64075505, 0.19629379, 0.3781596 , 0.3231355 , 0.31819961]), array([0.82767264, 0.74721644, 0.784859  , 0.8310087 , 0.64941512,
       0.62680461, 0.21008436, 0.36219195, 0.31310611, 0.31155897]), array([0.8199895 , 0.75735591, 0.78363546, 0.83342485, 0.64257555,
       0.61523412, 0.18886792, 0.37854973, 0.35104472, 0.28449993]), array([0.82758141, 0.73280522, 0.78869233, 0.84440565, 0.64966859,
       0.61238098, 0.19419893, 0.37376733, 0.36360082, 0.32446918])]
real metric: [array([0.45956873, 0.75531915, 0.44871795, 0.33161623, 0.71119134,
       0.62374582, 0.99074074, 0.9437751 , 0.99411765, 0.98947368]), array([0.44870041, 0.76758794, 0.48411371, 0.37164272, 0.67863248,
       0.61956522, 1.        , 0.94262295, 0.97142857, 0.99462366]), array([0.46111111, 0.76004592, 0.47033898, 0.3551702 , 0.72598425,
       0.62987013, 0.99122807, 0.95041322, 0.9939759 , 0.99441341]), array([0.45493872, 0.77464789, 0.45369584, 0.34070796, 0.70512821,
       0.60409556, 1.        , 0.97222222, 0.99509804, 0.99358974]), array([0.43587947, 0.77278402, 0.4953271 , 0.37279903, 0.71587302,
       0.62434783, 1.        , 0.98319328, 0.98571429, 0.97849462])]

estim_algorithm = ts-model, mode = classification, metric = precision, confidence_scores = entropy-conf, class_specific = True
test err: [0.3578390124411729, 0.3469785280057458, 0.35401337427086976, 0.35823139123063197, 0.3509794945923545]
estimated metric: [array([0.33031189, 0.62196165, 0.72431001, 0.59214095, 0.5948169 ,
       0.61309498, 0.22250653, 0.39752288, 0.3105709 , 0.33487314]), array([0.31553938, 0.61414524, 0.71651342, 0.60446733, 0.60940007,
       0.63201664, 0.22841363, 0.39420932, 0.31820467, 0.33157415]), array([0.30938791, 0.63195934, 0.71101527, 0.59208974, 0.62827967,
       0.62115785, 0.23279732, 0.39177824, 0.30644473, 0.32269906]), array([0.29804341, 0.63763437, 0.70988478, 0.59381048, 0.6231683 ,
       0.60830368, 0.22412553, 0.40042291, 0.35091666, 0.2924993 ]), array([0.29639725, 0.61618064, 0.71482867, 0.61900736, 0.62747936,
       0.60589003, 0.2256649 , 0.38887803, 0.35957852, 0.33213273])]
real metric: [array([0.45956873, 0.75531915, 0.44871795, 0.33161623, 0.71119134,
       0.62374582, 0.99074074, 0.9437751 , 0.99411765, 0.98947368]), array([0.44870041, 0.76758794, 0.48411371, 0.37164272, 0.67863248,
       0.61956522, 1.        , 0.94262295, 0.97142857, 0.99462366]), array([0.46111111, 0.76004592, 0.47033898, 0.3551702 , 0.72598425,
       0.62987013, 0.99122807, 0.95041322, 0.9939759 , 0.99441341]), array([0.45493872, 0.77464789, 0.45369584, 0.34070796, 0.70512821,
       0.60409556, 1.        , 0.97222222, 0.99509804, 0.99358974]), array([0.43587947, 0.77278402, 0.4953271 , 0.37279903, 0.71587302,
       0.62434783, 1.        , 0.98319328, 0.98571429, 0.97849462])]

estim_algorithm = ts-model, mode = classification, metric = precision, confidence_scores = doctor-conf, class_specific = False
test err: [0.41126666952932583, 0.39840744172348463, 0.4034650346060097, 0.4079891241768238, 0.40214078163949]
estimated metric: [array([0.85200315, 0.74430619, 0.78912632, 0.82211228, 0.59704961,
       0.61397594, 0.17865905, 0.35608971, 0.32313074, 0.30582437]), array([0.84397754, 0.72957804, 0.77812565, 0.82672034, 0.61977109,
       0.63273998, 0.18148695, 0.36736161, 0.32011535, 0.31004959]), array([0.84185805, 0.75003728, 0.77330729, 0.8201881 , 0.64028084,
       0.61771495, 0.1966768 , 0.34339221, 0.30903167, 0.30287997]), array([0.83473706, 0.7576897 , 0.77404509, 0.82281063, 0.6314077 ,
       0.60606739, 0.16876567, 0.36372165, 0.34554767, 0.27788457]), array([0.84262989, 0.73474487, 0.78017573, 0.8357753 , 0.64044527,
       0.60458754, 0.17888326, 0.35867829, 0.35876689, 0.31746843])]
real metric: [array([0.45956873, 0.75531915, 0.44871795, 0.33161623, 0.71119134,
       0.62374582, 0.99074074, 0.9437751 , 0.99411765, 0.98947368]), array([0.44870041, 0.76758794, 0.48411371, 0.37164272, 0.67863248,
       0.61956522, 1.        , 0.94262295, 0.97142857, 0.99462366]), array([0.46111111, 0.76004592, 0.47033898, 0.3551702 , 0.72598425,
       0.62987013, 0.99122807, 0.95041322, 0.9939759 , 0.99441341]), array([0.45493872, 0.77464789, 0.45369584, 0.34070796, 0.70512821,
       0.60409556, 1.        , 0.97222222, 0.99509804, 0.99358974]), array([0.43587947, 0.77278402, 0.4953271 , 0.37279903, 0.71587302,
       0.62434783, 1.        , 0.98319328, 0.98571429, 0.97849462])]

estim_algorithm = ts-model, mode = classification, metric = precision, confidence_scores = doctor-conf, class_specific = True
test err: [0.3708321171105763, 0.3555284249433629, 0.3663795714966536, 0.3725590042900809, 0.36583739736355597]
estimated metric: [array([0.62347994, 0.57018441, 0.71593236, 0.51913954, 0.57178129,
       0.59038292, 0.20653969, 0.37505539, 0.29064702, 0.3141005 ]), array([0.60684802, 0.56419407, 0.70785918, 0.52453288, 0.58672419,
       0.60981307, 0.21221221, 0.37191645, 0.29809492, 0.31100489]), array([0.62628898, 0.56112425, 0.70196193, 0.51221512, 0.6050779 ,
       0.59779612, 0.21572457, 0.36864863, 0.2859842 , 0.30162525]), array([0.63372956, 0.54997708, 0.70157962, 0.51321169, 0.59943513,
       0.58425889, 0.20723221, 0.37669286, 0.32851298, 0.2722608 ]), array([0.61484678, 0.54871376, 0.70690678, 0.54389118, 0.60528725,
       0.58326597, 0.2096847 , 0.36681517, 0.33825787, 0.31164751])]
real metric: [array([0.45956873, 0.75531915, 0.44871795, 0.33161623, 0.71119134,
       0.62374582, 0.99074074, 0.9437751 , 0.99411765, 0.98947368]), array([0.44870041, 0.76758794, 0.48411371, 0.37164272, 0.67863248,
       0.61956522, 1.        , 0.94262295, 0.97142857, 0.99462366]), array([0.46111111, 0.76004592, 0.47033898, 0.3551702 , 0.72598425,
       0.62987013, 0.99122807, 0.95041322, 0.9939759 , 0.99441341]), array([0.45493872, 0.77464789, 0.45369584, 0.34070796, 0.70512821,
       0.60409556, 1.        , 0.97222222, 0.99509804, 0.99358974]), array([0.43587947, 0.77278402, 0.4953271 , 0.37279903, 0.71587302,
       0.62434783, 1.        , 0.98319328, 0.98571429, 0.97849462])]

estim_algorithm = doc-model, mode = classification, metric = precision, confidence_scores = max_class_probability-conf, class_specific = False
test err: [0.3950957909776359, 0.3861775115353142, 0.38893634949137973, 0.39416995554234846, 0.38406746861880225]
estimated metric: [array([0.85291131, 0.75792248, 0.82019392, 0.8557508 , 0.64447292,
       0.65275033, 0.23296458, 0.41745846, 0.34884582, 0.35515979]), array([0.84843363, 0.74228443, 0.81079315, 0.85887864, 0.65984013,
       0.67010744, 0.23505045, 0.42138686, 0.3459624 , 0.35278701]), array([0.84833005, 0.76343559, 0.80893504, 0.85586531, 0.68119155,
       0.66108929, 0.24808177, 0.41187832, 0.33907935, 0.34753931]), array([0.84180443, 0.77324364, 0.80916236, 0.85810882, 0.67534882,
       0.64761192, 0.22621027, 0.42744516, 0.37871443, 0.32127366]), array([0.84797701, 0.74817473, 0.81122449, 0.86645302, 0.68132542,
       0.64603097, 0.23367297, 0.42048581, 0.39552205, 0.35953562])]
real metric: [array([0.45956873, 0.75531915, 0.44871795, 0.33161623, 0.71119134,
       0.62374582, 0.99074074, 0.9437751 , 0.99411765, 0.98947368]), array([0.44870041, 0.76758794, 0.48411371, 0.37164272, 0.67863248,
       0.61956522, 1.        , 0.94262295, 0.97142857, 0.99462366]), array([0.46111111, 0.76004592, 0.47033898, 0.3551702 , 0.72598425,
       0.62987013, 0.99122807, 0.95041322, 0.9939759 , 0.99441341]), array([0.45493872, 0.77464789, 0.45369584, 0.34070796, 0.70512821,
       0.60409556, 1.        , 0.97222222, 0.99509804, 0.99358974]), array([0.43587947, 0.77278402, 0.4953271 , 0.37279903, 0.71587302,
       0.62434783, 1.        , 0.98319328, 0.98571429, 0.97849462])]

estim_algorithm = doc-model, mode = classification, metric = precision, confidence_scores = max_class_probability-conf, class_specific = True
test err: [0.3406178789308075, 0.3294805205037708, 0.33607251427274737, 0.33995263852054414, 0.3317814233460892]
estimated metric: [array([0.44577077, 0.65884485, 0.73283713, 0.59066273, 0.59971793,
       0.61791694, 0.22605134, 0.40241279, 0.31477791, 0.33942658]), array([0.43547411, 0.65568981, 0.72372619, 0.59552436, 0.61275173,
       0.63529038, 0.23090862, 0.39758214, 0.32089649, 0.33470716]), array([0.42750633, 0.67046369, 0.72025435, 0.58898849, 0.63341806,
       0.62633613, 0.23676138, 0.39704841, 0.31097612, 0.32754041]), array([0.43002491, 0.67805322, 0.72212012, 0.59524384, 0.62989557,
       0.61513243, 0.22916473, 0.40734489, 0.35715252, 0.29845962]), array([0.43215675, 0.65151398, 0.72217981, 0.6146655 , 0.63170659,
       0.61021007, 0.22884812, 0.39319447, 0.36339569, 0.33616578])]
real metric: [array([0.45956873, 0.75531915, 0.44871795, 0.33161623, 0.71119134,
       0.62374582, 0.99074074, 0.9437751 , 0.99411765, 0.98947368]), array([0.44870041, 0.76758794, 0.48411371, 0.37164272, 0.67863248,
       0.61956522, 1.        , 0.94262295, 0.97142857, 0.99462366]), array([0.46111111, 0.76004592, 0.47033898, 0.3551702 , 0.72598425,
       0.62987013, 0.99122807, 0.95041322, 0.9939759 , 0.99441341]), array([0.45493872, 0.77464789, 0.45369584, 0.34070796, 0.70512821,
       0.60409556, 1.        , 0.97222222, 0.99509804, 0.99358974]), array([0.43587947, 0.77278402, 0.4953271 , 0.37279903, 0.71587302,
       0.62434783, 1.        , 0.98319328, 0.98571429, 0.97849462])]

estim_algorithm = doc-model, mode = classification, metric = precision, confidence_scores = energy-conf, class_specific = False
test err: [0.39313246161573606, 0.3847498234123731, 0.3877659551545084, 0.393263604308002, 0.3847158242897386]
estimated metric: [array([0.84670073, 0.75410664, 0.81691671, 0.85273934, 0.64077175,
       0.66007039, 0.22823084, 0.42863243, 0.35003385, 0.36429597]), array([0.8427408 , 0.74041541, 0.8089587 , 0.85712163, 0.65829496,
       0.67661481, 0.23412828, 0.42729021, 0.3491679 , 0.35951448]), array([0.84036688, 0.75894291, 0.80580045, 0.85232232, 0.67765086,
       0.66513276, 0.24160694, 0.41837966, 0.33816654, 0.35078631]), array([0.83250025, 0.76838057, 0.80366302, 0.85387047, 0.67160642,
       0.65195798, 0.2280283 , 0.43004562, 0.37891981, 0.31962298]), array([0.83865814, 0.74207451, 0.80580422, 0.86174984, 0.67535611,
       0.6487277 , 0.22880723, 0.41830098, 0.38834675, 0.36260186])]
real metric: [array([0.45956873, 0.75531915, 0.44871795, 0.33161623, 0.71119134,
       0.62374582, 0.99074074, 0.9437751 , 0.99411765, 0.98947368]), array([0.44870041, 0.76758794, 0.48411371, 0.37164272, 0.67863248,
       0.61956522, 1.        , 0.94262295, 0.97142857, 0.99462366]), array([0.46111111, 0.76004592, 0.47033898, 0.3551702 , 0.72598425,
       0.62987013, 0.99122807, 0.95041322, 0.9939759 , 0.99441341]), array([0.45493872, 0.77464789, 0.45369584, 0.34070796, 0.70512821,
       0.60409556, 1.        , 0.97222222, 0.99509804, 0.99358974]), array([0.43587947, 0.77278402, 0.4953271 , 0.37279903, 0.71587302,
       0.62434783, 1.        , 0.98319328, 0.98571429, 0.97849462])]

estim_algorithm = doc-model, mode = classification, metric = precision, confidence_scores = energy-conf, class_specific = True
test err: [0.36060390493188355, 0.3559040819530615, 0.35801120738749204, 0.3650342484104948, 0.3505690495953927]
estimated metric: [array([0.84257683, 0.81213639, 0.860662  , 0.87843846, 0.73737052,
       0.75190017, 0.35372917, 0.55789775, 0.46281381, 0.49055255]), array([0.8332514 , 0.80041704, 0.85383358, 0.88176861, 0.74582587,
       0.76360734, 0.35764299, 0.55033615, 0.46745775, 0.48265882]), array([0.8352422 , 0.8174568 , 0.85457301, 0.88032536, 0.76461009,
       0.75909873, 0.36834956, 0.55315722, 0.45921222, 0.47798513]), array([0.82559059, 0.82780343, 0.85574906, 0.88488102, 0.76357021,
       0.75204022, 0.36067201, 0.56602039, 0.51357753, 0.44671795]), array([0.8274768 , 0.80306235, 0.85288094, 0.88770835, 0.7610361 ,
       0.7440295 , 0.35525854, 0.5460985 , 0.51493456, 0.48460366])]
real metric: [array([0.45956873, 0.75531915, 0.44871795, 0.33161623, 0.71119134,
       0.62374582, 0.99074074, 0.9437751 , 0.99411765, 0.98947368]), array([0.44870041, 0.76758794, 0.48411371, 0.37164272, 0.67863248,
       0.61956522, 1.        , 0.94262295, 0.97142857, 0.99462366]), array([0.46111111, 0.76004592, 0.47033898, 0.3551702 , 0.72598425,
       0.62987013, 0.99122807, 0.95041322, 0.9939759 , 0.99441341]), array([0.45493872, 0.77464789, 0.45369584, 0.34070796, 0.70512821,
       0.60409556, 1.        , 0.97222222, 0.99509804, 0.99358974]), array([0.43587947, 0.77278402, 0.4953271 , 0.37279903, 0.71587302,
       0.62434783, 1.        , 0.98319328, 0.98571429, 0.97849462])]

estim_algorithm = doc-model, mode = classification, metric = precision, confidence_scores = entropy-conf, class_specific = False
test err: [0.3966403714543386, 0.3877717213122647, 0.3901462956230783, 0.3960425938886189, 0.38636011036786444]
estimated metric: [array([0.85015433, 0.75499282, 0.81691036, 0.85197037, 0.63811684,
       0.64847461, 0.2254441 , 0.40892491, 0.34582924, 0.34876696]), array([0.84542355, 0.73938602, 0.80740348, 0.85554357, 0.65433955,
       0.66689966, 0.22903587, 0.41357925, 0.3443387 , 0.34774719]), array([0.84477814, 0.76009193, 0.80499767, 0.85167375, 0.67585727,
       0.65584289, 0.24072472, 0.40101645, 0.33623029, 0.34157121]), array([0.83822102, 0.77045397, 0.80516035, 0.85425499, 0.66960886,
       0.64416259, 0.21890749, 0.41768888, 0.37737096, 0.31459086]), array([0.84459424, 0.74527282, 0.8077622 , 0.86293993, 0.67517509,
       0.64132516, 0.22669461, 0.41011589, 0.39106744, 0.35240037])]
real metric: [array([0.45956873, 0.75531915, 0.44871795, 0.33161623, 0.71119134,
       0.62374582, 0.99074074, 0.9437751 , 0.99411765, 0.98947368]), array([0.44870041, 0.76758794, 0.48411371, 0.37164272, 0.67863248,
       0.61956522, 1.        , 0.94262295, 0.97142857, 0.99462366]), array([0.46111111, 0.76004592, 0.47033898, 0.3551702 , 0.72598425,
       0.62987013, 0.99122807, 0.95041322, 0.9939759 , 0.99441341]), array([0.45493872, 0.77464789, 0.45369584, 0.34070796, 0.70512821,
       0.60409556, 1.        , 0.97222222, 0.99509804, 0.99358974]), array([0.43587947, 0.77278402, 0.4953271 , 0.37279903, 0.71587302,
       0.62434783, 1.        , 0.98319328, 0.98571429, 0.97849462])]

estim_algorithm = doc-model, mode = classification, metric = precision, confidence_scores = entropy-conf, class_specific = True
test err: [0.33936479029578515, 0.32955155097775385, 0.33458608108855914, 0.3399042214373275, 0.33122434777180876]
estimated metric: [array([0.44910764, 0.66657458, 0.7351734 , 0.59431179, 0.60105608,
       0.61923288, 0.22702861, 0.40375476, 0.31600253, 0.34067825]), array([0.43084362, 0.66294924, 0.72578193, 0.60137684, 0.61399955,
       0.63651353, 0.23184814, 0.39884813, 0.3220579 , 0.33588457]), array([0.43210275, 0.67723266, 0.72244352, 0.58961777, 0.6345044 ,
       0.62743112, 0.23760838, 0.39816969, 0.31211195, 0.32857236]), array([0.42212951, 0.6865398 , 0.72367987, 0.5975059 , 0.63092171,
       0.61617455, 0.22994365, 0.40840855, 0.35809294, 0.29940741]), array([0.43013867, 0.65917709, 0.72483422, 0.6205359 , 0.63316447,
       0.61170074, 0.22995678, 0.39469181, 0.3648907 , 0.33756676])]
real metric: [array([0.45956873, 0.75531915, 0.44871795, 0.33161623, 0.71119134,
       0.62374582, 0.99074074, 0.9437751 , 0.99411765, 0.98947368]), array([0.44870041, 0.76758794, 0.48411371, 0.37164272, 0.67863248,
       0.61956522, 1.        , 0.94262295, 0.97142857, 0.99462366]), array([0.46111111, 0.76004592, 0.47033898, 0.3551702 , 0.72598425,
       0.62987013, 0.99122807, 0.95041322, 0.9939759 , 0.99441341]), array([0.45493872, 0.77464789, 0.45369584, 0.34070796, 0.70512821,
       0.60409556, 1.        , 0.97222222, 0.99509804, 0.99358974]), array([0.43587947, 0.77278402, 0.4953271 , 0.37279903, 0.71587302,
       0.62434783, 1.        , 0.98319328, 0.98571429, 0.97849462])]

estim_algorithm = doc-model, mode = classification, metric = precision, confidence_scores = doctor-conf, class_specific = False
test err: [0.3917734945166095, 0.3811475955338504, 0.3856971808188997, 0.39044063601549456, 0.3797599423831155]
estimated metric: [array([0.86033835, 0.76458555, 0.82942658, 0.86426878, 0.65868947,
       0.67116702, 0.24766125, 0.43702696, 0.36437929, 0.374625  ]), array([0.85805497, 0.75020491, 0.82141504, 0.8679157 , 0.67318591,
       0.68866372, 0.25437496, 0.43972556, 0.3651632 , 0.37279249]), array([0.85644087, 0.77065322, 0.81971115, 0.86495654, 0.6943565 ,
       0.68045575, 0.26357643, 0.43209583, 0.35699778, 0.36769769]), array([0.85002234, 0.78080676, 0.81964617, 0.86697745, 0.68869874,
       0.66736737, 0.24350065, 0.4473016 , 0.40067631, 0.33818869]), array([0.85578274, 0.75525591, 0.82114612, 0.87433076, 0.69342631,
       0.66482494, 0.25033499, 0.43669473, 0.41369407, 0.37678491])]
real metric: [array([0.45956873, 0.75531915, 0.44871795, 0.33161623, 0.71119134,
       0.62374582, 0.99074074, 0.9437751 , 0.99411765, 0.98947368]), array([0.44870041, 0.76758794, 0.48411371, 0.37164272, 0.67863248,
       0.61956522, 1.        , 0.94262295, 0.97142857, 0.99462366]), array([0.46111111, 0.76004592, 0.47033898, 0.3551702 , 0.72598425,
       0.62987013, 0.99122807, 0.95041322, 0.9939759 , 0.99441341]), array([0.45493872, 0.77464789, 0.45369584, 0.34070796, 0.70512821,
       0.60409556, 1.        , 0.97222222, 0.99509804, 0.99358974]), array([0.43587947, 0.77278402, 0.4953271 , 0.37279903, 0.71587302,
       0.62434783, 1.        , 0.98319328, 0.98571429, 0.97849462])]

estim_algorithm = doc-model, mode = classification, metric = precision, confidence_scores = doctor-conf, class_specific = True
test err: [0.3526759796741571, 0.34007099610172864, 0.34707157378007636, 0.35110912327980004, 0.3436192927422977]
estimated metric: [array([0.33721108, 0.6467739 , 0.72905226, 0.56461583, 0.5944044 ,
       0.61270035, 0.22221891, 0.39712459, 0.30957033, 0.33450277]), array([0.32920325, 0.64347808, 0.72048854, 0.56850539, 0.60797975,
       0.63074904, 0.22745517, 0.39290941, 0.31591355, 0.33036815]), array([0.32659808, 0.65843655, 0.7174855 , 0.56239634, 0.62881095,
       0.62173492, 0.23323571, 0.39236291, 0.30628439, 0.32323543]), array([0.32137678, 0.66547307, 0.718594  , 0.56986301, 0.62491417,
       0.61010797, 0.22537872, 0.40224381, 0.35131514, 0.29389752]), array([0.32753552, 0.63776976, 0.71842994, 0.58839935, 0.62666394,
       0.6050571 , 0.22505619, 0.38804969, 0.35744379, 0.33122076])]
real metric: [array([0.45956873, 0.75531915, 0.44871795, 0.33161623, 0.71119134,
       0.62374582, 0.99074074, 0.9437751 , 0.99411765, 0.98947368]), array([0.44870041, 0.76758794, 0.48411371, 0.37164272, 0.67863248,
       0.61956522, 1.        , 0.94262295, 0.97142857, 0.99462366]), array([0.46111111, 0.76004592, 0.47033898, 0.3551702 , 0.72598425,
       0.62987013, 0.99122807, 0.95041322, 0.9939759 , 0.99441341]), array([0.45493872, 0.77464789, 0.45369584, 0.34070796, 0.70512821,
       0.60409556, 1.        , 0.97222222, 0.99509804, 0.99358974]), array([0.43587947, 0.77278402, 0.4953271 , 0.37279903, 0.71587302,
       0.62434783, 1.        , 0.98319328, 0.98571429, 0.97849462])]

