estim_algorithm = moval-ensemble-cls-auc, mode = classification, metric = auc
test err: [0.015792149237441332, 0.019229164226154637, 0.021723748394353405, 0.020607621064225656, 0.018634716429715904]
estimated metric: [array([0.9480082 , 0.95809178, 0.94865555, 0.92549162, 0.94227576,
       0.94209423, 0.95373331, 0.95608847, 0.94789569, 0.96414475]), array([0.93382713, 0.95822934, 0.95140038, 0.91136425, 0.93771442,
       0.94296643, 0.93305082, 0.96006897, 0.95479614, 0.959472  ]), array([0.93924239, 0.95850814, 0.94542137, 0.94084393, 0.93905142,
       0.94701008, 0.91284104, 0.95123918, 0.9572384 , 0.9641463 ]), array([0.94278131, 0.95833075, 0.94324565, 0.94171286, 0.95648146,
       0.95052674, 0.91623796, 0.95491746, 0.94866701, 0.96465675]), array([0.93393144, 0.95785588, 0.9504899 , 0.92727737, 0.93898866,
       0.95515884, 0.93886164, 0.95379989, 0.95774924, 0.96498871])]
real metric: [array([0.98146895, 0.99451452, 0.96475404, 0.93299993, 0.96144595,
       0.94833601, 0.96856181, 0.96361188, 0.941504  , 0.95386911]), array([0.98060043, 0.99464609, 0.96687848, 0.9313882 , 0.95537533,
       0.94749605, 0.96845892, 0.96068687, 0.94017587, 0.96023475]), array([0.97878837, 0.99398728, 0.9621786 , 0.93282177, 0.95852207,
       0.94401814, 0.96936428, 0.96309065, 0.93617352, 0.9586155 ]), array([0.97594596, 0.99391495, 0.96519139, 0.93448292, 0.95345774,
       0.94210159, 0.97440579, 0.9629911 , 0.92986379, 0.95299865]), array([0.97459146, 0.99519434, 0.96555646, 0.93299635, 0.9620895 ,
       0.94737242, 0.97214795, 0.95992177, 0.94578428, 0.95968597])]

