estim_algorithm = ac-model, mode = classification, metric = f1score, confidence_scores = max_class_probability-conf, class_specific = False
test err: [0.38467600606775554, 0.3797515121387486, 0.37390814054205823, 0.3784580190318555, 0.3821148126692623]
estimated metric: [array([0.95337311, 0.96422306, 0.92702972, 0.9358325 , 0.92563027,
       0.91583046, 0.93089787, 0.94225635, 0.92992419, 0.93196185]), array([0.95207886, 0.96580913, 0.93352022, 0.93462128, 0.93222537,
       0.92170853, 0.93840542, 0.93780614, 0.9406955 , 0.92573173]), array([0.95519195, 0.96493379, 0.92652002, 0.93470503, 0.92548853,
       0.91714799, 0.93995563, 0.9411863 , 0.92316204, 0.93195344]), array([0.95123411, 0.96290983, 0.93003562, 0.93621056, 0.93661383,
       0.91874797, 0.9368143 , 0.94422204, 0.93693526, 0.93821623]), array([0.94921707, 0.96799304, 0.92739027, 0.9396482 , 0.92948144,
       0.91921946, 0.93629903, 0.93595497, 0.93342849, 0.92168496])]
real metric: [array([0.6084425 , 0.81201044, 0.60993789, 0.47085714, 0.59937402,
       0.57093723, 0.48746239, 0.51731602, 0.43524416, 0.39861751]), array([0.62270372, 0.81217617, 0.63985807, 0.46282306, 0.63013699,
       0.58782609, 0.47958115, 0.50758342, 0.41801386, 0.42438453]), array([0.60869565, 0.81373844, 0.63727219, 0.45571596, 0.62874251,
       0.51423641, 0.48053393, 0.54736842, 0.45283019, 0.4820296 ]), array([0.61393969, 0.80555556, 0.63647643, 0.46495327, 0.63531114,
       0.53472222, 0.50825083, 0.55435847, 0.45063879, 0.40315315]), array([0.62547893, 0.81621975, 0.62971429, 0.45718837, 0.58395368,
       0.54377104, 0.46442688, 0.54233871, 0.44191344, 0.4341637 ])]

estim_algorithm = ac-model, mode = classification, metric = f1score, confidence_scores = energy-conf, class_specific = False
test err: [0.1272140237830449, 0.1341408122200911, 0.12213620284793252, 0.12892434694769503, 0.11757043481141607]
estimated metric: [array([0.4094253 , 0.51670588, 0.40298384, 0.3881704 , 0.41703909,
       0.45107206, 0.44614065, 0.46540639, 0.43516812, 0.49128767]), array([0.41738996, 0.5273666 , 0.40641856, 0.3931527 , 0.41310356,
       0.45926604, 0.43358284, 0.45194756, 0.44904939, 0.49429627]), array([0.42145174, 0.51916907, 0.40216453, 0.38720074, 0.41964235,
       0.45773786, 0.42287049, 0.45218122, 0.44073659, 0.47664668]), array([0.41073185, 0.52233533, 0.40052312, 0.39760583, 0.43580259,
       0.46065815, 0.43761974, 0.47637656, 0.45433583, 0.47678513]), array([0.4129163 , 0.52149446, 0.40291913, 0.39253258, 0.42809169,
       0.47281565, 0.43855793, 0.46170777, 0.44258632, 0.47713904])]
real metric: [array([0.6084425 , 0.81201044, 0.60993789, 0.47085714, 0.59937402,
       0.57093723, 0.48746239, 0.51731602, 0.43524416, 0.39861751]), array([0.62270372, 0.81217617, 0.63985807, 0.46282306, 0.63013699,
       0.58782609, 0.47958115, 0.50758342, 0.41801386, 0.42438453]), array([0.60869565, 0.81373844, 0.63727219, 0.45571596, 0.62874251,
       0.51423641, 0.48053393, 0.54736842, 0.45283019, 0.4820296 ]), array([0.61393969, 0.80555556, 0.63647643, 0.46495327, 0.63531114,
       0.53472222, 0.50825083, 0.55435847, 0.45063879, 0.40315315]), array([0.62547893, 0.81621975, 0.62971429, 0.45718837, 0.58395368,
       0.54377104, 0.46442688, 0.54233871, 0.44191344, 0.4341637 ])]

estim_algorithm = ac-model, mode = classification, metric = f1score, confidence_scores = entropy-conf, class_specific = False
test err: [0.375846288515831, 0.3707108087666308, 0.36475822658667334, 0.3697385969713792, 0.37350001946887984]
estimated metric: [array([0.94334945, 0.95615146, 0.91653219, 0.92390194, 0.91743815,
       0.90850774, 0.923557  , 0.93142961, 0.92238996, 0.92540469]), array([0.94459463, 0.95964605, 0.9241405 , 0.92332603, 0.91931051,
       0.91555361, 0.92925482, 0.92671804, 0.93037774, 0.91927319]), array([0.94675944, 0.95861934, 0.91696811, 0.92237105, 0.91784147,
       0.9093326 , 0.92779431, 0.92633344, 0.91957931, 0.92314652]), array([0.94211747, 0.95543888, 0.92068075, 0.92421578, 0.92642873,
       0.91428707, 0.92655425, 0.93531546, 0.92995727, 0.92974988]), array([0.94212529, 0.96055854, 0.91784392, 0.92652871, 0.9194401 ,
       0.91366077, 0.92697432, 0.92577817, 0.92735264, 0.91390652])]
real metric: [array([0.6084425 , 0.81201044, 0.60993789, 0.47085714, 0.59937402,
       0.57093723, 0.48746239, 0.51731602, 0.43524416, 0.39861751]), array([0.62270372, 0.81217617, 0.63985807, 0.46282306, 0.63013699,
       0.58782609, 0.47958115, 0.50758342, 0.41801386, 0.42438453]), array([0.60869565, 0.81373844, 0.63727219, 0.45571596, 0.62874251,
       0.51423641, 0.48053393, 0.54736842, 0.45283019, 0.4820296 ]), array([0.61393969, 0.80555556, 0.63647643, 0.46495327, 0.63531114,
       0.53472222, 0.50825083, 0.55435847, 0.45063879, 0.40315315]), array([0.62547893, 0.81621975, 0.62971429, 0.45718837, 0.58395368,
       0.54377104, 0.46442688, 0.54233871, 0.44191344, 0.4341637 ])]

estim_algorithm = ac-model, mode = classification, metric = f1score, confidence_scores = doctor-conf, class_specific = False
test err: [0.40560762433357544, 0.40042975814192755, 0.3946418934120791, 0.3985212049318165, 0.40328898348543946]
estimated metric: [array([0.96890887, 0.97465458, 0.95047906, 0.95724579, 0.94910402,
       0.94572366, 0.95242471, 0.96019625, 0.95316595, 0.95437265]), array([0.96759849, 0.97696369, 0.95615475, 0.95688955, 0.95364499,
       0.94944335, 0.95962117, 0.95868429, 0.96006491, 0.95031945]), array([0.97005871, 0.97624142, 0.95004717, 0.95676137, 0.94949324,
       0.94514037, 0.96002654, 0.95954686, 0.94792238, 0.95234419]), array([0.96741352, 0.97387109, 0.95347962, 0.9577658 , 0.95657931,
       0.94690569, 0.95734582, 0.96209963, 0.95822462, 0.95888649]), array([0.96669981, 0.9774613 , 0.95040421, 0.96025822, 0.95382133,
       0.94562816, 0.95585416, 0.95584491, 0.95847085, 0.94761567])]
real metric: [array([0.6084425 , 0.81201044, 0.60993789, 0.47085714, 0.59937402,
       0.57093723, 0.48746239, 0.51731602, 0.43524416, 0.39861751]), array([0.62270372, 0.81217617, 0.63985807, 0.46282306, 0.63013699,
       0.58782609, 0.47958115, 0.50758342, 0.41801386, 0.42438453]), array([0.60869565, 0.81373844, 0.63727219, 0.45571596, 0.62874251,
       0.51423641, 0.48053393, 0.54736842, 0.45283019, 0.4820296 ]), array([0.61393969, 0.80555556, 0.63647643, 0.46495327, 0.63531114,
       0.53472222, 0.50825083, 0.55435847, 0.45063879, 0.40315315]), array([0.62547893, 0.81621975, 0.62971429, 0.45718837, 0.58395368,
       0.54377104, 0.46442688, 0.54233871, 0.44191344, 0.4341637 ])]

estim_algorithm = ts-model, mode = classification, metric = f1score, confidence_scores = max_class_probability-conf, class_specific = False
test err: [0.22712761658799932, 0.22283878239420812, 0.21636631186058483, 0.224388598851, 0.22620189934531937]
estimated metric: [array([0.79801481, 0.85373235, 0.75804616, 0.74837353, 0.75936071,
       0.75253505, 0.77839772, 0.7781208 , 0.77233958, 0.78255478]), array([0.80472256, 0.85921787, 0.76689092, 0.74925341, 0.75410781,
       0.76739708, 0.77853956, 0.76834353, 0.78734451, 0.77765763]), array([0.8085774 , 0.85793433, 0.75850437, 0.74463837, 0.75829343,
       0.75939576, 0.77274869, 0.77024756, 0.7770304 , 0.77745613]), array([0.79870134, 0.85367985, 0.76222962, 0.75297155, 0.77777345,
       0.7651707 , 0.77422394, 0.79162693, 0.79251171, 0.78235644]), array([0.79934236, 0.8598351 , 0.76065094, 0.75214985, 0.76206149,
       0.77229485, 0.77788914, 0.77612411, 0.77593633, 0.76490362])]
real metric: [array([0.6084425 , 0.81201044, 0.60993789, 0.47085714, 0.59937402,
       0.57093723, 0.48746239, 0.51731602, 0.43524416, 0.39861751]), array([0.62270372, 0.81217617, 0.63985807, 0.46282306, 0.63013699,
       0.58782609, 0.47958115, 0.50758342, 0.41801386, 0.42438453]), array([0.60869565, 0.81373844, 0.63727219, 0.45571596, 0.62874251,
       0.51423641, 0.48053393, 0.54736842, 0.45283019, 0.4820296 ]), array([0.61393969, 0.80555556, 0.63647643, 0.46495327, 0.63531114,
       0.53472222, 0.50825083, 0.55435847, 0.45063879, 0.40315315]), array([0.62547893, 0.81621975, 0.62971429, 0.45718837, 0.58395368,
       0.54377104, 0.46442688, 0.54233871, 0.44191344, 0.4341637 ])]

estim_algorithm = ts-model, mode = classification, metric = f1score, confidence_scores = max_class_probability-conf, class_specific = True
test err: [0.12211587707645646, 0.11872683197722862, 0.1084564469178059, 0.11775516992569472, 0.12505369266232097]
estimated metric: [array([0.57780143, 0.71982692, 0.69333484, 0.6353493 , 0.75835269,
       0.61779632, 0.75385346, 0.70179037, 0.49596745, 0.53163611]), array([0.58382883, 0.72584055, 0.70134266, 0.6372948 , 0.75308423,
       0.63113171, 0.75270145, 0.69140869, 0.50937517, 0.53592626]), array([0.58783476, 0.72260216, 0.69394627, 0.63196834, 0.75729417,
       0.62437434, 0.74652088, 0.6943674 , 0.49867245, 0.52415265]), array([0.57868351, 0.72155022, 0.69591053, 0.64179696, 0.77679885,
       0.62974018, 0.74883458, 0.71666607, 0.51315546, 0.52325186]), array([0.57908883, 0.72435435, 0.69573118, 0.63908794, 0.76108958,
       0.64043358, 0.7523841 , 0.70119318, 0.49904559, 0.52078638])]
real metric: [array([0.6084425 , 0.81201044, 0.60993789, 0.47085714, 0.59937402,
       0.57093723, 0.48746239, 0.51731602, 0.43524416, 0.39861751]), array([0.62270372, 0.81217617, 0.63985807, 0.46282306, 0.63013699,
       0.58782609, 0.47958115, 0.50758342, 0.41801386, 0.42438453]), array([0.60869565, 0.81373844, 0.63727219, 0.45571596, 0.62874251,
       0.51423641, 0.48053393, 0.54736842, 0.45283019, 0.4820296 ]), array([0.61393969, 0.80555556, 0.63647643, 0.46495327, 0.63531114,
       0.53472222, 0.50825083, 0.55435847, 0.45063879, 0.40315315]), array([0.62547893, 0.81621975, 0.62971429, 0.45718837, 0.58395368,
       0.54377104, 0.46442688, 0.54233871, 0.44191344, 0.4341637 ])]

estim_algorithm = ts-model, mode = classification, metric = f1score, confidence_scores = energy-conf, class_specific = False
test err: [0.10742471430512698, 0.11409854975624359, 0.09859064229844683, 0.10937847924122798, 0.0991462896305797]
estimated metric: [array([0.4455192 , 0.54477115, 0.43689448, 0.42429788, 0.44951053,
       0.48001064, 0.47668732, 0.49556208, 0.46664876, 0.51837571]), array([0.45256716, 0.55472075, 0.44074017, 0.42875467, 0.44671515,
       0.48806136, 0.46606086, 0.48286481, 0.48054359, 0.52063655]), array([0.45665768, 0.54709748, 0.43605894, 0.42334577, 0.45192614,
       0.48625596, 0.4565323 , 0.48345508, 0.470968  , 0.50482404]), array([0.44646359, 0.54979766, 0.43500505, 0.43301256, 0.46790537,
       0.48902002, 0.4695317 , 0.50586639, 0.48493877, 0.5056727 ]), array([0.44825371, 0.5494992 , 0.43685098, 0.42875947, 0.46022366,
       0.50021462, 0.47030028, 0.49153929, 0.47388717, 0.50445563])]
real metric: [array([0.6084425 , 0.81201044, 0.60993789, 0.47085714, 0.59937402,
       0.57093723, 0.48746239, 0.51731602, 0.43524416, 0.39861751]), array([0.62270372, 0.81217617, 0.63985807, 0.46282306, 0.63013699,
       0.58782609, 0.47958115, 0.50758342, 0.41801386, 0.42438453]), array([0.60869565, 0.81373844, 0.63727219, 0.45571596, 0.62874251,
       0.51423641, 0.48053393, 0.54736842, 0.45283019, 0.4820296 ]), array([0.61393969, 0.80555556, 0.63647643, 0.46495327, 0.63531114,
       0.53472222, 0.50825083, 0.55435847, 0.45063879, 0.40315315]), array([0.62547893, 0.81621975, 0.62971429, 0.45718837, 0.58395368,
       0.54377104, 0.46442688, 0.54233871, 0.44191344, 0.4341637 ])]

estim_algorithm = ts-model, mode = classification, metric = f1score, confidence_scores = energy-conf, class_specific = True
test err: [0.08783947976356489, 0.09575827579111659, 0.07523070812290478, 0.08319951021728014, 0.08166435593752745]
estimated metric: [array([0.5242164 , 0.53988271, 0.47887038, 0.51148807, 0.57399356,
       0.53216091, 0.54575869, 0.59807817, 0.47505558, 0.50593336]), array([0.53189016, 0.54997218, 0.48293803, 0.51640467, 0.57031306,
       0.54070804, 0.53485732, 0.58426115, 0.48933547, 0.50823059]), array([0.53630934, 0.54225154, 0.47798169, 0.51037944, 0.57668653,
       0.53871759, 0.52459445, 0.58426327, 0.47949496, 0.49235217]), array([0.52515343, 0.54498007, 0.47686347, 0.52106823, 0.59410827,
       0.54166396, 0.53859124, 0.60961236, 0.49385018, 0.49310829]), array([0.52720098, 0.54468753, 0.47882366, 0.51632035, 0.58587279,
       0.55354752, 0.53941773, 0.59401293, 0.48249482, 0.49203245])]
real metric: [array([0.6084425 , 0.81201044, 0.60993789, 0.47085714, 0.59937402,
       0.57093723, 0.48746239, 0.51731602, 0.43524416, 0.39861751]), array([0.62270372, 0.81217617, 0.63985807, 0.46282306, 0.63013699,
       0.58782609, 0.47958115, 0.50758342, 0.41801386, 0.42438453]), array([0.60869565, 0.81373844, 0.63727219, 0.45571596, 0.62874251,
       0.51423641, 0.48053393, 0.54736842, 0.45283019, 0.4820296 ]), array([0.61393969, 0.80555556, 0.63647643, 0.46495327, 0.63531114,
       0.53472222, 0.50825083, 0.55435847, 0.45063879, 0.40315315]), array([0.62547893, 0.81621975, 0.62971429, 0.45718837, 0.58395368,
       0.54377104, 0.46442688, 0.54233871, 0.44191344, 0.4341637 ])]

estim_algorithm = ts-model, mode = classification, metric = f1score, confidence_scores = entropy-conf, class_specific = False
test err: [0.22842111468752294, 0.22393324083061278, 0.21736207364804644, 0.22563790216241797, 0.22826529074983887]
estimated metric: [array([0.79114747, 0.84835223, 0.75533534, 0.74213405, 0.76173544,
       0.76624007, 0.78139429, 0.77937587, 0.77727315, 0.79142254]), array([0.80017843, 0.85662028, 0.76418351, 0.74549272, 0.75361136,
       0.77953829, 0.78025676, 0.77021524, 0.78783722, 0.78648565]), array([0.80384287, 0.85456418, 0.75640477, 0.73878868, 0.76026227,
       0.77285524, 0.7730578 , 0.76837747, 0.78464688, 0.78198389]), array([0.79231516, 0.84925844, 0.76083841, 0.74859647, 0.77916411,
       0.77763849, 0.77434492, 0.79370627, 0.79827442, 0.78960188]), array([0.79555773, 0.85511886, 0.75797443, 0.74635558, 0.76350234,
       0.78603036, 0.78157719, 0.77831321, 0.78412055, 0.77327146])]
real metric: [array([0.6084425 , 0.81201044, 0.60993789, 0.47085714, 0.59937402,
       0.57093723, 0.48746239, 0.51731602, 0.43524416, 0.39861751]), array([0.62270372, 0.81217617, 0.63985807, 0.46282306, 0.63013699,
       0.58782609, 0.47958115, 0.50758342, 0.41801386, 0.42438453]), array([0.60869565, 0.81373844, 0.63727219, 0.45571596, 0.62874251,
       0.51423641, 0.48053393, 0.54736842, 0.45283019, 0.4820296 ]), array([0.61393969, 0.80555556, 0.63647643, 0.46495327, 0.63531114,
       0.53472222, 0.50825083, 0.55435847, 0.45063879, 0.40315315]), array([0.62547893, 0.81621975, 0.62971429, 0.45718837, 0.58395368,
       0.54377104, 0.46442688, 0.54233871, 0.44191344, 0.4341637 ])]

estim_algorithm = ts-model, mode = classification, metric = f1score, confidence_scores = entropy-conf, class_specific = True
test err: [0.12302643027495204, 0.11905204042473652, 0.10767544460197484, 0.1181544168879339, 0.12581214033395577]
estimated metric: [array([0.54837129, 0.70041323, 0.69223778, 0.63253404, 0.76446151,
       0.62216513, 0.75875393, 0.71040394, 0.46824793, 0.49953796]), array([0.55789498, 0.71008109, 0.70054985, 0.6373528 , 0.75639147,
       0.63520727, 0.75648765, 0.7001091 , 0.48384065, 0.50388495]), array([0.56313527, 0.70616299, 0.6934031 , 0.62918288, 0.76297438,
       0.62919656, 0.74873867, 0.69874675, 0.4761796 , 0.48392588]), array([0.55001098, 0.70400942, 0.69638212, 0.64181893, 0.78176548,
       0.63255048, 0.75088245, 0.72651043, 0.49068933, 0.48333441]), array([0.55298109, 0.7056892 , 0.69459618, 0.63740282, 0.76613092,
       0.64796379, 0.75829908, 0.71053297, 0.47482747, 0.48280987])]
real metric: [array([0.6084425 , 0.81201044, 0.60993789, 0.47085714, 0.59937402,
       0.57093723, 0.48746239, 0.51731602, 0.43524416, 0.39861751]), array([0.62270372, 0.81217617, 0.63985807, 0.46282306, 0.63013699,
       0.58782609, 0.47958115, 0.50758342, 0.41801386, 0.42438453]), array([0.60869565, 0.81373844, 0.63727219, 0.45571596, 0.62874251,
       0.51423641, 0.48053393, 0.54736842, 0.45283019, 0.4820296 ]), array([0.61393969, 0.80555556, 0.63647643, 0.46495327, 0.63531114,
       0.53472222, 0.50825083, 0.55435847, 0.45063879, 0.40315315]), array([0.62547893, 0.81621975, 0.62971429, 0.45718837, 0.58395368,
       0.54377104, 0.46442688, 0.54233871, 0.44191344, 0.4341637 ])]

estim_algorithm = ts-model, mode = classification, metric = f1score, confidence_scores = doctor-conf, class_specific = False
test err: [0.23618506465545117, 0.23150892945402674, 0.2245642576500057, 0.2320783388941873, 0.23625387850026125]
estimated metric: [array([0.7791441 , 0.83519943, 0.75860873, 0.7474216 , 0.77433241,
       0.79232203, 0.79226677, 0.79701055, 0.78445912, 0.81128521]), array([0.78855129, 0.84599032, 0.7660804 , 0.75315159, 0.76744033,
       0.80145149, 0.79018926, 0.78964685, 0.79162409, 0.80605073]), array([0.79190899, 0.84262306, 0.75948852, 0.7459689 , 0.77337316,
       0.79756173, 0.78300086, 0.78361448, 0.79164095, 0.79762523]), array([0.78011841, 0.83778342, 0.76334693, 0.75551974, 0.78886922,
       0.79896984, 0.78566883, 0.80701621, 0.80307319, 0.80777715]), array([0.78492083, 0.84210543, 0.7599435 , 0.75250354, 0.77706351,
       0.80885537, 0.79408169, 0.79509608, 0.79404683, 0.7930908 ])]
real metric: [array([0.6084425 , 0.81201044, 0.60993789, 0.47085714, 0.59937402,
       0.57093723, 0.48746239, 0.51731602, 0.43524416, 0.39861751]), array([0.62270372, 0.81217617, 0.63985807, 0.46282306, 0.63013699,
       0.58782609, 0.47958115, 0.50758342, 0.41801386, 0.42438453]), array([0.60869565, 0.81373844, 0.63727219, 0.45571596, 0.62874251,
       0.51423641, 0.48053393, 0.54736842, 0.45283019, 0.4820296 ]), array([0.61393969, 0.80555556, 0.63647643, 0.46495327, 0.63531114,
       0.53472222, 0.50825083, 0.55435847, 0.45063879, 0.40315315]), array([0.62547893, 0.81621975, 0.62971429, 0.45718837, 0.58395368,
       0.54377104, 0.46442688, 0.54233871, 0.44191344, 0.4341637 ])]

estim_algorithm = ts-model, mode = classification, metric = f1score, confidence_scores = doctor-conf, class_specific = True
test err: [0.1305759641781727, 0.1256881373905638, 0.11608947282510722, 0.12406230988991038, 0.13289597017746652]
estimated metric: [array([0.55181168, 0.70349102, 0.70463013, 0.64107406, 0.78199837,
       0.64277207, 0.7749367 , 0.73057893, 0.46102179, 0.4933437 ]), array([0.56202477, 0.71513667, 0.71089983, 0.64754019, 0.77545869,
       0.65180663, 0.77129135, 0.72193877, 0.47522562, 0.49520901]), array([0.56672497, 0.71038106, 0.70522851, 0.63963629, 0.78123239,
       0.64863564, 0.76368357, 0.71632364, 0.47031809, 0.47482146]), array([0.55348684, 0.70843662, 0.70755246, 0.65143272, 0.79568539,
       0.64948198, 0.7679667 , 0.74188844, 0.48148942, 0.4754185 ]), array([0.55768738, 0.70915212, 0.70539636, 0.64639912, 0.78492465,
       0.66472602, 0.77569039, 0.72926821, 0.46958325, 0.47558262])]
real metric: [array([0.6084425 , 0.81201044, 0.60993789, 0.47085714, 0.59937402,
       0.57093723, 0.48746239, 0.51731602, 0.43524416, 0.39861751]), array([0.62270372, 0.81217617, 0.63985807, 0.46282306, 0.63013699,
       0.58782609, 0.47958115, 0.50758342, 0.41801386, 0.42438453]), array([0.60869565, 0.81373844, 0.63727219, 0.45571596, 0.62874251,
       0.51423641, 0.48053393, 0.54736842, 0.45283019, 0.4820296 ]), array([0.61393969, 0.80555556, 0.63647643, 0.46495327, 0.63531114,
       0.53472222, 0.50825083, 0.55435847, 0.45063879, 0.40315315]), array([0.62547893, 0.81621975, 0.62971429, 0.45718837, 0.58395368,
       0.54377104, 0.46442688, 0.54233871, 0.44191344, 0.4341637 ])]

estim_algorithm = doc-model, mode = classification, metric = f1score, confidence_scores = max_class_probability-conf, class_specific = False
test err: [0.2508373838854031, 0.2466025159641026, 0.24015467752708014, 0.24556066963878992, 0.24836576327390847]
estimated metric: [array([0.82423929, 0.83791428, 0.79089078, 0.80205744, 0.78911337,
       0.77665043, 0.79580054, 0.8101917 , 0.79456508, 0.79715024]), array([0.82260572, 0.83991038, 0.79912647, 0.80052235, 0.79748447,
       0.78412936, 0.80531691, 0.8045579 , 0.80821639, 0.78924225]), array([0.82653415, 0.83880884, 0.79024348, 0.8006285 , 0.78893332,
       0.77832769, 0.80727982, 0.8088376 , 0.78597711, 0.79713957]), array([0.82153922, 0.83626097, 0.79470649, 0.80253651, 0.80304747,
       0.7803638 , 0.80330146, 0.81267831, 0.80345471, 0.8050773 ]), array([0.81899186, 0.84265768, 0.79134861, 0.80689059, 0.79400321,
       0.78096367, 0.8026486 , 0.80221264, 0.79901017, 0.78409939])]
real metric: [array([0.6084425 , 0.81201044, 0.60993789, 0.47085714, 0.59937402,
       0.57093723, 0.48746239, 0.51731602, 0.43524416, 0.39861751]), array([0.62270372, 0.81217617, 0.63985807, 0.46282306, 0.63013699,
       0.58782609, 0.47958115, 0.50758342, 0.41801386, 0.42438453]), array([0.60869565, 0.81373844, 0.63727219, 0.45571596, 0.62874251,
       0.51423641, 0.48053393, 0.54736842, 0.45283019, 0.4820296 ]), array([0.61393969, 0.80555556, 0.63647643, 0.46495327, 0.63531114,
       0.53472222, 0.50825083, 0.55435847, 0.45063879, 0.40315315]), array([0.62547893, 0.81621975, 0.62971429, 0.45718837, 0.58395368,
       0.54377104, 0.46442688, 0.54233871, 0.44191344, 0.4341637 ])]

estim_algorithm = doc-model, mode = classification, metric = f1score, confidence_scores = max_class_probability-conf, class_specific = True
test err: [0.13004635487672853, 0.12561253731276778, 0.11942993809904393, 0.12459095151882207, 0.1278211890718275]
estimated metric: [array([0.62831326, 0.78276236, 0.71468611, 0.6527094 , 0.76991544,
       0.63707698, 0.76100188, 0.70967349, 0.51968582, 0.57634197]), array([0.6259804 , 0.78495225, 0.72395596, 0.65073833, 0.77855313,
       0.64631595, 0.7710739 , 0.70307764, 0.5366587 , 0.56545832]), array([0.63125293, 0.78380272, 0.71395363, 0.65084614, 0.76972963,
       0.63918195, 0.77315084, 0.70810536, 0.50801744, 0.57755062]), array([0.62461599, 0.78094828, 0.71902297, 0.65321583, 0.78429225,
       0.64165948, 0.76894115, 0.71262806, 0.53108192, 0.5876486 ]), array([0.62091284, 0.78798482, 0.71519921, 0.65881444, 0.77496123,
       0.64235411, 0.76825026, 0.70033132, 0.52467025, 0.55830016])]
real metric: [array([0.6084425 , 0.81201044, 0.60993789, 0.47085714, 0.59937402,
       0.57093723, 0.48746239, 0.51731602, 0.43524416, 0.39861751]), array([0.62270372, 0.81217617, 0.63985807, 0.46282306, 0.63013699,
       0.58782609, 0.47958115, 0.50758342, 0.41801386, 0.42438453]), array([0.60869565, 0.81373844, 0.63727219, 0.45571596, 0.62874251,
       0.51423641, 0.48053393, 0.54736842, 0.45283019, 0.4820296 ]), array([0.61393969, 0.80555556, 0.63647643, 0.46495327, 0.63531114,
       0.53472222, 0.50825083, 0.55435847, 0.45063879, 0.40315315]), array([0.62547893, 0.81621975, 0.62971429, 0.45718837, 0.58395368,
       0.54377104, 0.46442688, 0.54233871, 0.44191344, 0.4341637 ])]

estim_algorithm = doc-model, mode = classification, metric = f1score, confidence_scores = energy-conf, class_specific = False
test err: [0.2458847800402269, 0.2394970975944633, 0.23367898505738602, 0.23924472194168636, 0.2444424795188121]
estimated metric: [array([0.77940357, 0.83538684, 0.77468342, 0.76677531, 0.78397246,
       0.80252673, 0.79945793, 0.80973013, 0.79335629, 0.82375444]), array([0.78409088, 0.841013  , 0.77686072, 0.76945003, 0.78081996,
       0.80804809, 0.79367946, 0.80252606, 0.8014505 , 0.82211931]), array([0.78615026, 0.83803449, 0.7745032 , 0.76595592, 0.7852064 ,
       0.80568539, 0.78756744, 0.80208196, 0.79750044, 0.81526765]), array([0.77984609, 0.83771792, 0.77397872, 0.7721019 , 0.7941509 ,
       0.8079203 , 0.79578965, 0.8176971 , 0.8041011 , 0.81650311]), array([0.78157699, 0.83855967, 0.77464055, 0.7690929 , 0.78944813,
       0.81445946, 0.79688322, 0.80809544, 0.79743799, 0.81339922])]
real metric: [array([0.6084425 , 0.81201044, 0.60993789, 0.47085714, 0.59937402,
       0.57093723, 0.48746239, 0.51731602, 0.43524416, 0.39861751]), array([0.62270372, 0.81217617, 0.63985807, 0.46282306, 0.63013699,
       0.58782609, 0.47958115, 0.50758342, 0.41801386, 0.42438453]), array([0.60869565, 0.81373844, 0.63727219, 0.45571596, 0.62874251,
       0.51423641, 0.48053393, 0.54736842, 0.45283019, 0.4820296 ]), array([0.61393969, 0.80555556, 0.63647643, 0.46495327, 0.63531114,
       0.53472222, 0.50825083, 0.55435847, 0.45063879, 0.40315315]), array([0.62547893, 0.81621975, 0.62971429, 0.45718837, 0.58395368,
       0.54377104, 0.46442688, 0.54233871, 0.44191344, 0.4341637 ])]

estim_algorithm = doc-model, mode = classification, metric = f1score, confidence_scores = energy-conf, class_specific = True
test err: [0.13016416628631805, 0.12520312363702238, 0.115704542234139, 0.1229213977789729, 0.13218549143030503]
estimated metric: [array([0.57894605, 0.71619411, 0.71304208, 0.64285696, 0.78399629,
       0.64489519, 0.77905258, 0.72422759, 0.4760587 , 0.50194584]), array([0.58530685, 0.72318986, 0.71524389, 0.64638431, 0.78084377,
       0.65117094, 0.77292123, 0.71520984, 0.48922704, 0.50485421]), array([0.58855332, 0.71833163, 0.7128045 , 0.64211416, 0.78522999,
       0.64977704, 0.76662823, 0.71481914, 0.48134045, 0.48751197]), array([0.57994414, 0.7194808 , 0.71184231, 0.64951743, 0.79417412,
       0.65207648, 0.77525003, 0.73225556, 0.49424358, 0.48764846]), array([0.58173323, 0.71968645, 0.7129657 , 0.64587573, 0.78947143,
       0.66135792, 0.77620046, 0.72214121, 0.48309515, 0.48793842])]
real metric: [array([0.6084425 , 0.81201044, 0.60993789, 0.47085714, 0.59937402,
       0.57093723, 0.48746239, 0.51731602, 0.43524416, 0.39861751]), array([0.62270372, 0.81217617, 0.63985807, 0.46282306, 0.63013699,
       0.58782609, 0.47958115, 0.50758342, 0.41801386, 0.42438453]), array([0.60869565, 0.81373844, 0.63727219, 0.45571596, 0.62874251,
       0.51423641, 0.48053393, 0.54736842, 0.45283019, 0.4820296 ]), array([0.61393969, 0.80555556, 0.63647643, 0.46495327, 0.63531114,
       0.53472222, 0.50825083, 0.55435847, 0.45063879, 0.40315315]), array([0.62547893, 0.81621975, 0.62971429, 0.45718837, 0.58395368,
       0.54377104, 0.46442688, 0.54233871, 0.44191344, 0.4341637 ])]

estim_algorithm = doc-model, mode = classification, metric = f1score, confidence_scores = entropy-conf, class_specific = False
test err: [0.24987004420175557, 0.24532016959229486, 0.23878265480981536, 0.24466430435734635, 0.24765895955950074]
estimated metric: [array([0.821456  , 0.83735978, 0.78799671, 0.79721136, 0.78913028,
       0.77794657, 0.79678039, 0.80660811, 0.79532209, 0.79908846]), array([0.82300482, 0.84169336, 0.79750939, 0.79649181, 0.79147228,
       0.78677205, 0.80389492, 0.80072848, 0.805296  , 0.79142562]), array([0.82569653, 0.84044107, 0.78854217, 0.79529845, 0.78963484,
       0.77898047, 0.80207211, 0.80024828, 0.79180843, 0.79626751]), array([0.81992318, 0.83647572, 0.79318562, 0.79760343, 0.80036726,
       0.78518662, 0.80052398, 0.81145274, 0.80477141, 0.80451265]), array([0.81993292, 0.84282438, 0.7896379 , 0.8004921 , 0.79163434,
       0.78440246, 0.80104846, 0.79955489, 0.80152077, 0.78471017])]
real metric: [array([0.6084425 , 0.81201044, 0.60993789, 0.47085714, 0.59937402,
       0.57093723, 0.48746239, 0.51731602, 0.43524416, 0.39861751]), array([0.62270372, 0.81217617, 0.63985807, 0.46282306, 0.63013699,
       0.58782609, 0.47958115, 0.50758342, 0.41801386, 0.42438453]), array([0.60869565, 0.81373844, 0.63727219, 0.45571596, 0.62874251,
       0.51423641, 0.48053393, 0.54736842, 0.45283019, 0.4820296 ]), array([0.61393969, 0.80555556, 0.63647643, 0.46495327, 0.63531114,
       0.53472222, 0.50825083, 0.55435847, 0.45063879, 0.40315315]), array([0.62547893, 0.81621975, 0.62971429, 0.45718837, 0.58395368,
       0.54377104, 0.46442688, 0.54233871, 0.44191344, 0.4341637 ])]

estim_algorithm = doc-model, mode = classification, metric = f1score, confidence_scores = entropy-conf, class_specific = True
test err: [0.12875915458921128, 0.12384213345114621, 0.1174460118504509, 0.12331887780528863, 0.1266415797377958]
estimated metric: [array([0.62410972, 0.77670018, 0.71226972, 0.65448076, 0.77261836,
       0.63317625, 0.76387025, 0.71282305, 0.51386498, 0.56325707]), array([0.62648019, 0.78149683, 0.72300299, 0.65345936, 0.77502461,
       0.64420071, 0.77137808, 0.70598033, 0.52840877, 0.55271785]), array([0.6297819 , 0.78018946, 0.71294539, 0.65188612, 0.77313677,
       0.63415958, 0.76945473, 0.70542123, 0.51029032, 0.56125995]), array([0.62203518, 0.77572142, 0.71817657, 0.65482049, 0.78416244,
       0.64216603, 0.76782109, 0.71845725, 0.52706274, 0.57045686]), array([0.62188615, 0.78280377, 0.71412441, 0.65852598, 0.77519111,
       0.64106634, 0.76837455, 0.70488489, 0.52185003, 0.54285983])]
real metric: [array([0.6084425 , 0.81201044, 0.60993789, 0.47085714, 0.59937402,
       0.57093723, 0.48746239, 0.51731602, 0.43524416, 0.39861751]), array([0.62270372, 0.81217617, 0.63985807, 0.46282306, 0.63013699,
       0.58782609, 0.47958115, 0.50758342, 0.41801386, 0.42438453]), array([0.60869565, 0.81373844, 0.63727219, 0.45571596, 0.62874251,
       0.51423641, 0.48053393, 0.54736842, 0.45283019, 0.4820296 ]), array([0.61393969, 0.80555556, 0.63647643, 0.46495327, 0.63531114,
       0.53472222, 0.50825083, 0.55435847, 0.45063879, 0.40315315]), array([0.62547893, 0.81621975, 0.62971429, 0.45718837, 0.58395368,
       0.54377104, 0.46442688, 0.54233871, 0.44191344, 0.4341637 ])]

estim_algorithm = doc-model, mode = classification, metric = f1score, confidence_scores = doctor-conf, class_specific = False
test err: [0.25773124017202875, 0.2532035649343734, 0.24701319114202613, 0.25140569604428725, 0.25564480357416663]
estimated metric: [array([0.82478694, 0.83213943, 0.80069499, 0.80960074, 0.79917219,
       0.79463304, 0.80318618, 0.81331902, 0.80415357, 0.80582561]), array([0.82315108, 0.83510834, 0.80805222, 0.80910676, 0.80477864,
       0.79934971, 0.81256994, 0.81134934, 0.81314795, 0.80050872]), array([0.82620558, 0.83437198, 0.80025719, 0.80885898, 0.79952699,
       0.79366911, 0.81336307, 0.81250794, 0.79780264, 0.80473172]), array([0.8228201 , 0.83116746, 0.80474171, 0.81018175, 0.80860577,
       0.79609718, 0.80964194, 0.81579746, 0.81075035, 0.8116128 ]), array([0.82178218, 0.8362131 , 0.80083273, 0.81348971, 0.80503684,
       0.794307  , 0.80766027, 0.80794546, 0.81107123, 0.79727829])]
real metric: [array([0.6084425 , 0.81201044, 0.60993789, 0.47085714, 0.59937402,
       0.57093723, 0.48746239, 0.51731602, 0.43524416, 0.39861751]), array([0.62270372, 0.81217617, 0.63985807, 0.46282306, 0.63013699,
       0.58782609, 0.47958115, 0.50758342, 0.41801386, 0.42438453]), array([0.60869565, 0.81373844, 0.63727219, 0.45571596, 0.62874251,
       0.51423641, 0.48053393, 0.54736842, 0.45283019, 0.4820296 ]), array([0.61393969, 0.80555556, 0.63647643, 0.46495327, 0.63531114,
       0.53472222, 0.50825083, 0.55435847, 0.45063879, 0.40315315]), array([0.62547893, 0.81621975, 0.62971429, 0.45718837, 0.58395368,
       0.54377104, 0.46442688, 0.54233871, 0.44191344, 0.4341637 ])]

estim_algorithm = doc-model, mode = classification, metric = f1score, confidence_scores = doctor-conf, class_specific = True
test err: [0.13619322985054885, 0.13141496903473437, 0.12541565035990238, 0.12923942420116058, 0.13384689213113246]
estimated metric: [array([0.63241783, 0.78546319, 0.72307067, 0.65614974, 0.78010092,
       0.65431276, 0.77208939, 0.71480763, 0.52422334, 0.57640165]), array([0.63032743, 0.78858176, 0.73114816, 0.65518502, 0.78583376,
       0.66010051, 0.78196511, 0.71238633, 0.53587813, 0.57064172]), array([0.63399027, 0.78786801, 0.72248841, 0.65484154, 0.78049869,
       0.65273202, 0.78293303, 0.71401436, 0.51619487, 0.57801773]), array([0.62953925, 0.78439976, 0.72752995, 0.6565669 , 0.78977089,
       0.65601268, 0.77901549, 0.71764912, 0.53166514, 0.58529302]), array([0.62810228, 0.79001433, 0.72340493, 0.66103786, 0.78612242,
       0.65357045, 0.77679855, 0.70900872, 0.53178715, 0.56538018])]
real metric: [array([0.6084425 , 0.81201044, 0.60993789, 0.47085714, 0.59937402,
       0.57093723, 0.48746239, 0.51731602, 0.43524416, 0.39861751]), array([0.62270372, 0.81217617, 0.63985807, 0.46282306, 0.63013699,
       0.58782609, 0.47958115, 0.50758342, 0.41801386, 0.42438453]), array([0.60869565, 0.81373844, 0.63727219, 0.45571596, 0.62874251,
       0.51423641, 0.48053393, 0.54736842, 0.45283019, 0.4820296 ]), array([0.61393969, 0.80555556, 0.63647643, 0.46495327, 0.63531114,
       0.53472222, 0.50825083, 0.55435847, 0.45063879, 0.40315315]), array([0.62547893, 0.81621975, 0.62971429, 0.45718837, 0.58395368,
       0.54377104, 0.46442688, 0.54233871, 0.44191344, 0.4341637 ])]

estim_algorithm = atc-model, mode = classification, metric = f1score, confidence_scores = max_class_probability-conf, class_specific = False
test err: [0.1899017734819995, 0.19612292811489018, 0.18282916292792006, 0.19575669951805486, 0.18592127759681742]
estimated metric: [array([0.80396381, 0.86713287, 0.70251872, 0.73781291, 0.70163935,
       0.62985075, 0.74168799, 0.77000001, 0.70909092, 0.74551972]), array([0.81715006, 0.87175989, 0.73663877, 0.73862069, 0.71101871,
       0.66951567, 0.75773197, 0.75184276, 0.76923078, 0.72280703]), array([0.82016957, 0.86437105, 0.70900843, 0.72957265, 0.72840791,
       0.65548781, 0.75331566, 0.73286053, 0.71309193, 0.74316941]), array([0.80828559, 0.86153846, 0.72520107, 0.73428962, 0.7408143 ,
       0.69161677, 0.7467363 , 0.80324544, 0.73291926, 0.72027973]), array([0.80554353, 0.87378641, 0.7117394 , 0.73984859, 0.71116226,
       0.69005848, 0.74358975, 0.75324676, 0.70031547, 0.66909092])]
real metric: [array([0.6084425 , 0.81201044, 0.60993789, 0.47085714, 0.59937402,
       0.57093723, 0.48746239, 0.51731602, 0.43524416, 0.39861751]), array([0.62270372, 0.81217617, 0.63985807, 0.46282306, 0.63013699,
       0.58782609, 0.47958115, 0.50758342, 0.41801386, 0.42438453]), array([0.60869565, 0.81373844, 0.63727219, 0.45571596, 0.62874251,
       0.51423641, 0.48053393, 0.54736842, 0.45283019, 0.4820296 ]), array([0.61393969, 0.80555556, 0.63647643, 0.46495327, 0.63531114,
       0.53472222, 0.50825083, 0.55435847, 0.45063879, 0.40315315]), array([0.62547893, 0.81621975, 0.62971429, 0.45718837, 0.58395368,
       0.54377104, 0.46442688, 0.54233871, 0.44191344, 0.4341637 ])]

estim_algorithm = atc-model, mode = classification, metric = f1score, confidence_scores = max_class_probability-conf, class_specific = True
test err: [0.1051107129810901, 0.10039198928370215, 0.08166468629974002, 0.10008104276570522, 0.09624924721103137]
estimated metric: [array([0.53121693, 0.71936759, 0.66245614, 0.64737028, 0.6945055 ,
       0.42538594, 0.69841271, 0.67741936, 0.45090911, 0.42342345]), array([0.54873646, 0.71183801, 0.67163169, 0.64267162, 0.69884575,
       0.49597424, 0.69376695, 0.6525199 , 0.47011954, 0.47058826]), array([0.54485416, 0.72856019, 0.65768194, 0.63332108, 0.72175733,
       0.48192772, 0.67231639, 0.64303798, 0.50485438, 0.48684212]), array([0.53758789, 0.70962851, 0.67456446, 0.64298792, 0.732     ,
       0.50598291, 0.6885246 , 0.7117904 , 0.52173915, 0.48132782]), array([0.53609342, 0.73224044, 0.66666667, 0.640683  , 0.70520232,
       0.50167225, 0.67208673, 0.64788733, 0.39062502, 0.47500002])]
real metric: [array([0.6084425 , 0.81201044, 0.60993789, 0.47085714, 0.59937402,
       0.57093723, 0.48746239, 0.51731602, 0.43524416, 0.39861751]), array([0.62270372, 0.81217617, 0.63985807, 0.46282306, 0.63013699,
       0.58782609, 0.47958115, 0.50758342, 0.41801386, 0.42438453]), array([0.60869565, 0.81373844, 0.63727219, 0.45571596, 0.62874251,
       0.51423641, 0.48053393, 0.54736842, 0.45283019, 0.4820296 ]), array([0.61393969, 0.80555556, 0.63647643, 0.46495327, 0.63531114,
       0.53472222, 0.50825083, 0.55435847, 0.45063879, 0.40315315]), array([0.62547893, 0.81621975, 0.62971429, 0.45718837, 0.58395368,
       0.54377104, 0.46442688, 0.54233871, 0.44191344, 0.4341637 ])]

estim_algorithm = atc-model, mode = classification, metric = f1score, confidence_scores = energy-conf, class_specific = False
test err: [0.2222001696974328, 0.21335056715461892, 0.21174440387302002, 0.22073375191490693, 0.22043505419852266]
estimated metric: [array([0.72777269, 0.81318681, 0.69272977, 0.70409199, 0.75602094,
       0.81548387, 0.80291971, 0.8173077 , 0.76162791, 0.84105961]), array([0.75210643, 0.82944091, 0.7049505 , 0.70878927, 0.7398374 ,
       0.8221942 , 0.76410257, 0.8018868 , 0.78095239, 0.81433225]), array([0.77080428, 0.83657308, 0.68861093, 0.69614035, 0.76690212,
       0.81927711, 0.7886598 , 0.77904329, 0.78740158, 0.80519481]), array([0.7364486 , 0.82782369, 0.72005384, 0.71720319, 0.78076923,
       0.81891892, 0.76606684, 0.82      , 0.78931751, 0.83809524]), array([0.74063927, 0.83750895, 0.68424357, 0.70646415, 0.75278397,
       0.83787289, 0.80778589, 0.80497926, 0.79532164, 0.77591974])]
real metric: [array([0.6084425 , 0.81201044, 0.60993789, 0.47085714, 0.59937402,
       0.57093723, 0.48746239, 0.51731602, 0.43524416, 0.39861751]), array([0.62270372, 0.81217617, 0.63985807, 0.46282306, 0.63013699,
       0.58782609, 0.47958115, 0.50758342, 0.41801386, 0.42438453]), array([0.60869565, 0.81373844, 0.63727219, 0.45571596, 0.62874251,
       0.51423641, 0.48053393, 0.54736842, 0.45283019, 0.4820296 ]), array([0.61393969, 0.80555556, 0.63647643, 0.46495327, 0.63531114,
       0.53472222, 0.50825083, 0.55435847, 0.45063879, 0.40315315]), array([0.62547893, 0.81621975, 0.62971429, 0.45718837, 0.58395368,
       0.54377104, 0.46442688, 0.54233871, 0.44191344, 0.4341637 ])]

estim_algorithm = atc-model, mode = classification, metric = f1score, confidence_scores = energy-conf, class_specific = True
test err: [0.12833335000260113, 0.11977433663500721, 0.120855517999198, 0.12293110815405932, 0.14238202470911826]
estimated metric: [array([0.46375208, 0.6589404 , 0.66992324, 0.63142857, 0.76507277,
       0.62162163, 0.75757576, 0.7669173 , 0.41044778, 0.39449544]), array([0.47891892, 0.6768    , 0.6805649 , 0.63303438, 0.76370888,
       0.6183432 , 0.74151437, 0.75490197, 0.44534415, 0.41739133]), array([0.47344111, 0.67323481, 0.66218939, 0.62012625, 0.78649454,
       0.61971832, 0.71232878, 0.72985783, 0.44966445, 0.41924401]), array([0.4697227 , 0.6703125 , 0.69547325, 0.64695144, 0.80264401,
       0.59485531, 0.74015749, 0.79345604, 0.44866922, 0.39473687]), array([0.46350975, 0.66006601, 0.67005076, 0.64219503, 0.77058178,
       0.64652569, 0.77192983, 0.75593953, 0.39062502, 0.41558444])]
real metric: [array([0.6084425 , 0.81201044, 0.60993789, 0.47085714, 0.59937402,
       0.57093723, 0.48746239, 0.51731602, 0.43524416, 0.39861751]), array([0.62270372, 0.81217617, 0.63985807, 0.46282306, 0.63013699,
       0.58782609, 0.47958115, 0.50758342, 0.41801386, 0.42438453]), array([0.60869565, 0.81373844, 0.63727219, 0.45571596, 0.62874251,
       0.51423641, 0.48053393, 0.54736842, 0.45283019, 0.4820296 ]), array([0.61393969, 0.80555556, 0.63647643, 0.46495327, 0.63531114,
       0.53472222, 0.50825083, 0.55435847, 0.45063879, 0.40315315]), array([0.62547893, 0.81621975, 0.62971429, 0.45718837, 0.58395368,
       0.54377104, 0.46442688, 0.54233871, 0.44191344, 0.4341637 ])]

estim_algorithm = atc-model, mode = classification, metric = f1score, confidence_scores = entropy-conf, class_specific = False
test err: [0.19403939236542894, 0.19709298996119812, 0.188241290239978, 0.19907938611687254, 0.18886492662974694]
estimated metric: [array([0.80653482, 0.8631579 , 0.70340136, 0.73822852, 0.70305677,
       0.65000001, 0.74489797, 0.77000001, 0.71686748, 0.75444841]), array([0.81814364, 0.87098976, 0.73582474, 0.73731446, 0.71369295,
       0.68079096, 0.75452197, 0.74876848, 0.77316295, 0.72280703]), array([0.82645362, 0.86913926, 0.7131783 , 0.72739726, 0.73104881,
       0.65957447, 0.75989447, 0.73286053, 0.72727273, 0.75675676]), array([0.80985916, 0.86305945, 0.72690763, 0.73342447, 0.74206349,
       0.69746647, 0.7434555 , 0.80324544, 0.74074075, 0.73793104]), array([0.80657724, 0.87300486, 0.71332106, 0.73593373, 0.71706759,
       0.69767442, 0.75000001, 0.74782609, 0.71250001, 0.67391306])]
real metric: [array([0.6084425 , 0.81201044, 0.60993789, 0.47085714, 0.59937402,
       0.57093723, 0.48746239, 0.51731602, 0.43524416, 0.39861751]), array([0.62270372, 0.81217617, 0.63985807, 0.46282306, 0.63013699,
       0.58782609, 0.47958115, 0.50758342, 0.41801386, 0.42438453]), array([0.60869565, 0.81373844, 0.63727219, 0.45571596, 0.62874251,
       0.51423641, 0.48053393, 0.54736842, 0.45283019, 0.4820296 ]), array([0.61393969, 0.80555556, 0.63647643, 0.46495327, 0.63531114,
       0.53472222, 0.50825083, 0.55435847, 0.45063879, 0.40315315]), array([0.62547893, 0.81621975, 0.62971429, 0.45718837, 0.58395368,
       0.54377104, 0.46442688, 0.54233871, 0.44191344, 0.4341637 ])]

estim_algorithm = atc-model, mode = classification, metric = f1score, confidence_scores = entropy-conf, class_specific = True
test err: [0.10733332108953064, 0.10158169235612273, 0.08291913815693674, 0.10247730508700326, 0.09849008206790258]
estimated metric: [array([0.52732096, 0.71936759, 0.65585332, 0.63823739, 0.69593853,
       0.42538594, 0.71204189, 0.68800001, 0.44525549, 0.43750003]), array([0.55023184, 0.71183801, 0.66621346, 0.63405527, 0.69884575,
       0.49597424, 0.71122995, 0.65608467, 0.47011954, 0.47698747]), array([0.54244763, 0.72955975, 0.64949153, 0.62421326, 0.71638656,
       0.48453609, 0.68715085, 0.64987406, 0.49511402, 0.51132688]), array([0.53282692, 0.70864947, 0.66526316, 0.63800074, 0.732     ,
       0.50853243, 0.70270271, 0.72017354, 0.52173915, 0.49382718]), array([0.53453773, 0.73125   , 0.6581306 , 0.63051608, 0.70370371,
       0.50417363, 0.68632709, 0.66357309, 0.38431375, 0.48132782])]
real metric: [array([0.6084425 , 0.81201044, 0.60993789, 0.47085714, 0.59937402,
       0.57093723, 0.48746239, 0.51731602, 0.43524416, 0.39861751]), array([0.62270372, 0.81217617, 0.63985807, 0.46282306, 0.63013699,
       0.58782609, 0.47958115, 0.50758342, 0.41801386, 0.42438453]), array([0.60869565, 0.81373844, 0.63727219, 0.45571596, 0.62874251,
       0.51423641, 0.48053393, 0.54736842, 0.45283019, 0.4820296 ]), array([0.61393969, 0.80555556, 0.63647643, 0.46495327, 0.63531114,
       0.53472222, 0.50825083, 0.55435847, 0.45063879, 0.40315315]), array([0.62547893, 0.81621975, 0.62971429, 0.45718837, 0.58395368,
       0.54377104, 0.46442688, 0.54233871, 0.44191344, 0.4341637 ])]

estim_algorithm = atc-model, mode = classification, metric = f1score, confidence_scores = doctor-conf, class_specific = False
test err: [0.190294387344784, 0.19617262769183177, 0.18268515486815867, 0.19551729753428745, 0.18636063637411]
estimated metric: [array([0.80396381, 0.86713287, 0.70340136, 0.73739704, 0.70305677,
       0.6318927 , 0.74168799, 0.77000001, 0.70909092, 0.74551972]), array([0.81764706, 0.87175989, 0.73663877, 0.73862069, 0.71101871,
       0.66951567, 0.75773197, 0.75184276, 0.76923078, 0.72280703]), array([0.82122158, 0.86437105, 0.70984456, 0.72913817, 0.72840791,
       0.65548781, 0.75000001, 0.72985783, 0.71309193, 0.74659401]), array([0.80828559, 0.86153846, 0.72520107, 0.73385719, 0.7408143 ,
       0.68965518, 0.7467363 , 0.80324544, 0.73291926, 0.72027973]), array([0.80606061, 0.87378641, 0.71253071, 0.73811165, 0.71116226,
       0.69005848, 0.74358975, 0.75324676, 0.70031547, 0.67391306])]
real metric: [array([0.6084425 , 0.81201044, 0.60993789, 0.47085714, 0.59937402,
       0.57093723, 0.48746239, 0.51731602, 0.43524416, 0.39861751]), array([0.62270372, 0.81217617, 0.63985807, 0.46282306, 0.63013699,
       0.58782609, 0.47958115, 0.50758342, 0.41801386, 0.42438453]), array([0.60869565, 0.81373844, 0.63727219, 0.45571596, 0.62874251,
       0.51423641, 0.48053393, 0.54736842, 0.45283019, 0.4820296 ]), array([0.61393969, 0.80555556, 0.63647643, 0.46495327, 0.63531114,
       0.53472222, 0.50825083, 0.55435847, 0.45063879, 0.40315315]), array([0.62547893, 0.81621975, 0.62971429, 0.45718837, 0.58395368,
       0.54377104, 0.46442688, 0.54233871, 0.44191344, 0.4341637 ])]

estim_algorithm = atc-model, mode = classification, metric = f1score, confidence_scores = doctor-conf, class_specific = True
test err: [0.10395030378664127, 0.09997017035541242, 0.0806963496324358, 0.0990660158908497, 0.09551739685826273]
estimated metric: [array([0.53199366, 0.72037915, 0.66339411, 0.64449947, 0.69018743,
       0.42538594, 0.69841271, 0.67385446, 0.45090911, 0.42342345]), array([0.54873646, 0.71183801, 0.67253045, 0.64166357, 0.69473685,
       0.49597424, 0.69376695, 0.6525199 , 0.47011954, 0.47058826]), array([0.54485416, 0.72955975, 0.65948856, 0.63029856, 0.71773348,
       0.48192772, 0.67231639, 0.63959392, 0.50485438, 0.48684212]), array([0.53837838, 0.70962851, 0.67456446, 0.64      , 0.72562814,
       0.50598291, 0.6885246 , 0.7117904 , 0.52173915, 0.48132782]), array([0.53687003, 0.73224044, 0.66666667, 0.6371418 , 0.70220163,
       0.50167225, 0.67208673, 0.64788733, 0.39062502, 0.47500002])]
real metric: [array([0.6084425 , 0.81201044, 0.60993789, 0.47085714, 0.59937402,
       0.57093723, 0.48746239, 0.51731602, 0.43524416, 0.39861751]), array([0.62270372, 0.81217617, 0.63985807, 0.46282306, 0.63013699,
       0.58782609, 0.47958115, 0.50758342, 0.41801386, 0.42438453]), array([0.60869565, 0.81373844, 0.63727219, 0.45571596, 0.62874251,
       0.51423641, 0.48053393, 0.54736842, 0.45283019, 0.4820296 ]), array([0.61393969, 0.80555556, 0.63647643, 0.46495327, 0.63531114,
       0.53472222, 0.50825083, 0.55435847, 0.45063879, 0.40315315]), array([0.62547893, 0.81621975, 0.62971429, 0.45718837, 0.58395368,
       0.54377104, 0.46442688, 0.54233871, 0.44191344, 0.4341637 ])]

estim_algorithm = ts-atc-model, mode = classification, metric = f1score, confidence_scores = max_class_probability-conf, class_specific = False
test err: [0.20474671987302545, 0.1963645238235994, 0.1878837879200132, 0.20645114954032442, 0.20187754802950691]
estimated metric: [array([0.78512035, 0.84368308, 0.69897611, 0.71452533, 0.71428572,
       0.71067416, 0.7638191 , 0.77000001, 0.74705883, 0.80952382]), array([0.80813215, 0.86634681, 0.71932115, 0.71106413, 0.70698645,
       0.72229823, 0.74151437, 0.74257426, 0.77707007, 0.75342467]), array([0.81488122, 0.85795053, 0.68774704, 0.69842382, 0.72840791,
       0.71615721, 0.77284596, 0.73584906, 0.74114442, 0.74659401]), array([0.79339581, 0.86077644, 0.71573262, 0.72294969, 0.74579624,
       0.71847508, 0.75647669, 0.78850103, 0.78571429, 0.78405316]), array([0.7972089 , 0.86194814, 0.69975186, 0.72315202, 0.71264368,
       0.73267327, 0.76262627, 0.76659529, 0.7810651 , 0.72027973])]
real metric: [array([0.6084425 , 0.81201044, 0.60993789, 0.47085714, 0.59937402,
       0.57093723, 0.48746239, 0.51731602, 0.43524416, 0.39861751]), array([0.62270372, 0.81217617, 0.63985807, 0.46282306, 0.63013699,
       0.58782609, 0.47958115, 0.50758342, 0.41801386, 0.42438453]), array([0.60869565, 0.81373844, 0.63727219, 0.45571596, 0.62874251,
       0.51423641, 0.48053393, 0.54736842, 0.45283019, 0.4820296 ]), array([0.61393969, 0.80555556, 0.63647643, 0.46495327, 0.63531114,
       0.53472222, 0.50825083, 0.55435847, 0.45063879, 0.40315315]), array([0.62547893, 0.81621975, 0.62971429, 0.45718837, 0.58395368,
       0.54377104, 0.46442688, 0.54233871, 0.44191344, 0.4341637 ])]

estim_algorithm = ts-atc-model, mode = classification, metric = f1score, confidence_scores = max_class_probability-conf, class_specific = True
test err: [0.1059281530711437, 0.1035679784493724, 0.09647958718995446, 0.10440818156316674, 0.10792109749557147]
estimated metric: [array([0.49539296, 0.68185517, 0.65680057, 0.64017033, 0.71149675,
       0.53120001, 0.70526317, 0.72868218, 0.45090911, 0.40182651]), array([0.49518717, 0.68730159, 0.67521945, 0.63150019, 0.70428422,
       0.57838661, 0.71122995, 0.68733851, 0.48221346, 0.44444447]), array([0.49258837, 0.6904376 , 0.63468129, 0.61807363, 0.72442589,
       0.54934211, 0.70523417, 0.67980296, 0.50485438, 0.46153848]), array([0.50276855, 0.68976136, 0.67271459, 0.64744526, 0.74455446,
       0.56250001, 0.70270271, 0.76826723, 0.47761196, 0.42918457]), array([0.48544756, 0.68288727, 0.66411727, 0.63866171, 0.70818916,
       0.60436138, 0.70712402, 0.69387756, 0.43939396, 0.44255322])]
real metric: [array([0.6084425 , 0.81201044, 0.60993789, 0.47085714, 0.59937402,
       0.57093723, 0.48746239, 0.51731602, 0.43524416, 0.39861751]), array([0.62270372, 0.81217617, 0.63985807, 0.46282306, 0.63013699,
       0.58782609, 0.47958115, 0.50758342, 0.41801386, 0.42438453]), array([0.60869565, 0.81373844, 0.63727219, 0.45571596, 0.62874251,
       0.51423641, 0.48053393, 0.54736842, 0.45283019, 0.4820296 ]), array([0.61393969, 0.80555556, 0.63647643, 0.46495327, 0.63531114,
       0.53472222, 0.50825083, 0.55435847, 0.45063879, 0.40315315]), array([0.62547893, 0.81621975, 0.62971429, 0.45718837, 0.58395368,
       0.54377104, 0.46442688, 0.54233871, 0.44191344, 0.4341637 ])]

estim_algorithm = ts-atc-model, mode = classification, metric = f1score, confidence_scores = energy-conf, class_specific = False
test err: [0.219450675595568, 0.21258706670965818, 0.21026215638624174, 0.22003393711715855, 0.21729259165630252]
estimated metric: [array([0.73588343, 0.81492319, 0.69808743, 0.70453009, 0.75471698,
       0.80156658, 0.78817735, 0.81159421, 0.7580175 , 0.83720931]), array([0.75210643, 0.83274524, 0.7049505 , 0.70833333, 0.74239351,
       0.81170484, 0.76726343, 0.79620854, 0.77707007, 0.81818182]), array([0.77535896, 0.83824587, 0.68428005, 0.69384886, 0.76565657,
       0.8097166 , 0.79177378, 0.78181819, 0.78100264, 0.80208334]), array([0.74291028, 0.8262069 , 0.71919192, 0.71586972, 0.77606178,
       0.80601093, 0.76923078, 0.8247012 , 0.78208956, 0.84542587]), array([0.74408015, 0.84      , 0.68753914, 0.7069209 , 0.74580067,
       0.82722513, 0.80487805, 0.79749479, 0.79883383, 0.75932204])]
real metric: [array([0.6084425 , 0.81201044, 0.60993789, 0.47085714, 0.59937402,
       0.57093723, 0.48746239, 0.51731602, 0.43524416, 0.39861751]), array([0.62270372, 0.81217617, 0.63985807, 0.46282306, 0.63013699,
       0.58782609, 0.47958115, 0.50758342, 0.41801386, 0.42438453]), array([0.60869565, 0.81373844, 0.63727219, 0.45571596, 0.62874251,
       0.51423641, 0.48053393, 0.54736842, 0.45283019, 0.4820296 ]), array([0.61393969, 0.80555556, 0.63647643, 0.46495327, 0.63531114,
       0.53472222, 0.50825083, 0.55435847, 0.45063879, 0.40315315]), array([0.62547893, 0.81621975, 0.62971429, 0.45718837, 0.58395368,
       0.54377104, 0.46442688, 0.54233871, 0.44191344, 0.4341637 ])]

estim_algorithm = ts-atc-model, mode = classification, metric = f1score, confidence_scores = energy-conf, class_specific = True
test err: [0.12534549499941772, 0.11622186134182895, 0.12040203049845037, 0.12233796089958841, 0.13896040972738682]
estimated metric: [array([0.46799117, 0.67104184, 0.67085077, 0.63629893, 0.7612096 ,
       0.61954888, 0.75443039, 0.75757576, 0.41044778, 0.40182651]), array([0.48138155, 0.68625894, 0.67700607, 0.63913691, 0.76      ,
       0.61218426, 0.7382199 , 0.74876848, 0.44534415, 0.42424245]), array([0.47520185, 0.67973856, 0.66218939, 0.62979351, 0.77432297,
       0.62402497, 0.71934606, 0.72076373, 0.46000002, 0.41924401]), array([0.47747748, 0.67651633, 0.69368132, 0.65529753, 0.79924243,
       0.59032259, 0.7434555 , 0.78600823, 0.46616543, 0.39473687]), array([0.46947836, 0.66666667, 0.66751431, 0.64621072, 0.76379691,
       0.63829788, 0.77192983, 0.74782609, 0.39062502, 0.41558444])]
real metric: [array([0.6084425 , 0.81201044, 0.60993789, 0.47085714, 0.59937402,
       0.57093723, 0.48746239, 0.51731602, 0.43524416, 0.39861751]), array([0.62270372, 0.81217617, 0.63985807, 0.46282306, 0.63013699,
       0.58782609, 0.47958115, 0.50758342, 0.41801386, 0.42438453]), array([0.60869565, 0.81373844, 0.63727219, 0.45571596, 0.62874251,
       0.51423641, 0.48053393, 0.54736842, 0.45283019, 0.4820296 ]), array([0.61393969, 0.80555556, 0.63647643, 0.46495327, 0.63531114,
       0.53472222, 0.50825083, 0.55435847, 0.45063879, 0.40315315]), array([0.62547893, 0.81621975, 0.62971429, 0.45718837, 0.58395368,
       0.54377104, 0.46442688, 0.54233871, 0.44191344, 0.4341637 ])]

estim_algorithm = ts-atc-model, mode = classification, metric = f1score, confidence_scores = entropy-conf, class_specific = False
test err: [0.20617532659658985, 0.19933335298740834, 0.19036804229463422, 0.20829493424202433, 0.20376860904735805]
estimated metric: [array([0.7754742 , 0.8362069 , 0.69183253, 0.6934879 , 0.70729054,
       0.74074074, 0.75757576, 0.7669173 , 0.7652174 , 0.83720931]), array([0.78915663, 0.85852312, 0.70665788, 0.69822064, 0.70157068,
       0.75797873, 0.74151437, 0.74567902, 0.79245284, 0.78666667]), array([0.80793508, 0.8530873 , 0.67376831, 0.67992895, 0.73236515,
       0.75247525, 0.75661376, 0.71770336, 0.78421053, 0.76675604]), array([0.77647059, 0.84688347, 0.7174646 , 0.69964912, 0.7408143 ,
       0.75498576, 0.73684211, 0.80324544, 0.81395349, 0.80000001]), array([0.78448656, 0.85310735, 0.69489415, 0.70600707, 0.70520232,
       0.77260274, 0.77805487, 0.72847683, 0.81609196, 0.73793104])]
real metric: [array([0.6084425 , 0.81201044, 0.60993789, 0.47085714, 0.59937402,
       0.57093723, 0.48746239, 0.51731602, 0.43524416, 0.39861751]), array([0.62270372, 0.81217617, 0.63985807, 0.46282306, 0.63013699,
       0.58782609, 0.47958115, 0.50758342, 0.41801386, 0.42438453]), array([0.60869565, 0.81373844, 0.63727219, 0.45571596, 0.62874251,
       0.51423641, 0.48053393, 0.54736842, 0.45283019, 0.4820296 ]), array([0.61393969, 0.80555556, 0.63647643, 0.46495327, 0.63531114,
       0.53472222, 0.50825083, 0.55435847, 0.45063879, 0.40315315]), array([0.62547893, 0.81621975, 0.62971429, 0.45718837, 0.58395368,
       0.54377104, 0.46442688, 0.54233871, 0.44191344, 0.4341637 ])]

estim_algorithm = ts-atc-model, mode = classification, metric = f1score, confidence_scores = entropy-conf, class_specific = True
test err: [0.1066476299700235, 0.10073502025705686, 0.10512468321772225, 0.10755649507469797, 0.12087584268127012]
estimated metric: [array([0.48306011, 0.67755102, 0.6539548 , 0.62207839, 0.74152543,
       0.59633028, 0.71204189, 0.73195877, 0.43382355, 0.40182651]), array([0.49196142, 0.69352291, 0.66983051, 0.61910155, 0.74111675,
       0.59970016, 0.70777481, 0.70076727, 0.44534415, 0.42424245]), array([0.48568156, 0.68510985, 0.64305177, 0.61136024, 0.76190476,
       0.60221871, 0.68715085, 0.68304669, 0.47019869, 0.42465755]), array([0.49610679, 0.68266254, 0.67456446, 0.63095678, 0.77369439,
       0.59032259, 0.70967743, 0.77338878, 0.44274811, 0.39473687]), array([0.47708449, 0.66994267, 0.65727098, 0.62795054, 0.7373168 ,
       0.63622527, 0.73056996, 0.70852019, 0.40926643, 0.42918457])]
real metric: [array([0.6084425 , 0.81201044, 0.60993789, 0.47085714, 0.59937402,
       0.57093723, 0.48746239, 0.51731602, 0.43524416, 0.39861751]), array([0.62270372, 0.81217617, 0.63985807, 0.46282306, 0.63013699,
       0.58782609, 0.47958115, 0.50758342, 0.41801386, 0.42438453]), array([0.60869565, 0.81373844, 0.63727219, 0.45571596, 0.62874251,
       0.51423641, 0.48053393, 0.54736842, 0.45283019, 0.4820296 ]), array([0.61393969, 0.80555556, 0.63647643, 0.46495327, 0.63531114,
       0.53472222, 0.50825083, 0.55435847, 0.45063879, 0.40315315]), array([0.62547893, 0.81621975, 0.62971429, 0.45718837, 0.58395368,
       0.54377104, 0.46442688, 0.54233871, 0.44191344, 0.4341637 ])]

estim_algorithm = ts-atc-model, mode = classification, metric = f1score, confidence_scores = doctor-conf, class_specific = False
test err: [0.2156818185750883, 0.2039164856681126, 0.2032611540614766, 0.21590452193229606, 0.2147405230687887]
estimated metric: [array([0.7540395 , 0.82352941, 0.69897611, 0.69969461, 0.73076923,
       0.78891821, 0.77306734, 0.78817735, 0.76878613, 0.84105961]), array([0.76687117, 0.83848315, 0.71005917, 0.69914652, 0.71502591,
       0.80102696, 0.75129534, 0.75490197, 0.78481013, 0.80263159]), array([0.78492647, 0.84653819, 0.68861093, 0.68831627, 0.74666667,
       0.80163044, 0.77922078, 0.75058276, 0.78100264, 0.78627969]), array([0.75678161, 0.83104396, 0.71659919, 0.70735961, 0.75808032,
       0.80273973, 0.75968993, 0.80808081, 0.81049563, 0.81553399]), array([0.76267385, 0.84412811, 0.68836045, 0.70371682, 0.72727273,
       0.81324504, 0.79310345, 0.77446809, 0.81609196, 0.76351352])]
real metric: [array([0.6084425 , 0.81201044, 0.60993789, 0.47085714, 0.59937402,
       0.57093723, 0.48746239, 0.51731602, 0.43524416, 0.39861751]), array([0.62270372, 0.81217617, 0.63985807, 0.46282306, 0.63013699,
       0.58782609, 0.47958115, 0.50758342, 0.41801386, 0.42438453]), array([0.60869565, 0.81373844, 0.63727219, 0.45571596, 0.62874251,
       0.51423641, 0.48053393, 0.54736842, 0.45283019, 0.4820296 ]), array([0.61393969, 0.80555556, 0.63647643, 0.46495327, 0.63531114,
       0.53472222, 0.50825083, 0.55435847, 0.45063879, 0.40315315]), array([0.62547893, 0.81621975, 0.62971429, 0.45718837, 0.58395368,
       0.54377104, 0.46442688, 0.54233871, 0.44191344, 0.4341637 ])]

estim_algorithm = ts-atc-model, mode = classification, metric = f1score, confidence_scores = doctor-conf, class_specific = True
test err: [0.1262559015272125, 0.1142985810251139, 0.12282058304299806, 0.12483731175888342, 0.14006405028695626]
estimated metric: [array([0.45777778, 0.66995074, 0.66526611, 0.6186013 , 0.74683545,
       0.62368816, 0.75126904, 0.7607053 , 0.38636366, 0.40909094]), array([0.47148289, 0.68102074, 0.68322148, 0.61334344, 0.74747475,
       0.62241888, 0.73490814, 0.75184276, 0.42622953, 0.41739133]), array([0.4716763 , 0.67865904, 0.66666667, 0.6040571 , 0.76690212,
       0.64098614, 0.715847  , 0.73286053, 0.43389832, 0.40830452]), array([0.45925926, 0.67342167, 0.68917988, 0.62943787, 0.79007634,
       0.60383387, 0.73684211, 0.79345604, 0.40625002, 0.39473687]), array([0.46947836, 0.66557108, 0.66326531, 0.63102804, 0.74860335,
       0.65060241, 0.77805487, 0.76129033, 0.37795278, 0.41558444])]
real metric: [array([0.6084425 , 0.81201044, 0.60993789, 0.47085714, 0.59937402,
       0.57093723, 0.48746239, 0.51731602, 0.43524416, 0.39861751]), array([0.62270372, 0.81217617, 0.63985807, 0.46282306, 0.63013699,
       0.58782609, 0.47958115, 0.50758342, 0.41801386, 0.42438453]), array([0.60869565, 0.81373844, 0.63727219, 0.45571596, 0.62874251,
       0.51423641, 0.48053393, 0.54736842, 0.45283019, 0.4820296 ]), array([0.61393969, 0.80555556, 0.63647643, 0.46495327, 0.63531114,
       0.53472222, 0.50825083, 0.55435847, 0.45063879, 0.40315315]), array([0.62547893, 0.81621975, 0.62971429, 0.45718837, 0.58395368,
       0.54377104, 0.46442688, 0.54233871, 0.44191344, 0.4341637 ])]

