estim_algorithm = ac-model, mode = classification, metric = precision, confidence_scores = max_class_probability-conf, class_specific = False
test err: [0.32315975272098335, 0.33233587039873347, 0.32689932143661066, 0.3254495944855094, 0.32406201455700356]
estimated metric: [array([0.92514429, 0.88405826, 0.91650453, 0.95076495, 0.81324458,
       0.81515419, 0.56873728, 0.66853423, 0.63662224, 0.65069669]), array([0.92989622, 0.88615517, 0.91474319, 0.95048505, 0.80196752,
       0.81398323, 0.57371868, 0.67473143, 0.62946498, 0.64341329]), array([0.9295915 , 0.88778061, 0.91843715, 0.94970779, 0.81506043,
       0.80659685, 0.59409968, 0.6553778 , 0.65611706, 0.65840281]), array([0.92835116, 0.88957961, 0.92092742, 0.9489952 , 0.80873679,
       0.81357052, 0.5584786 , 0.64753728, 0.64841812, 0.64962343]), array([0.93117042, 0.8903689 , 0.91758546, 0.95130426, 0.82581592,
       0.81877983, 0.58850609, 0.62902583, 0.62093906, 0.6385022 ])]
real metric: [array([0.48116833, 0.75118483, 0.46080965, 0.34870641, 0.75387597,
       0.6741573 , 0.9704142 , 0.96456693, 0.98623853, 1.        ]), array([0.4858798 , 0.75232558, 0.46929825, 0.3173516 , 0.68475992,
       0.66540643, 0.98214286, 0.97265625, 0.98113208, 0.98654709]), array([0.46454948, 0.73549884, 0.48890785, 0.34436702, 0.71650485,
       0.65      , 0.97765363, 0.96943231, 0.98706897, 0.99148936]), array([0.47832586, 0.79659091, 0.46287129, 0.33957845, 0.73694779,
       0.66034156, 0.99363057, 0.97787611, 0.96475771, 0.98678414]), array([0.48723559, 0.75028637, 0.49565217, 0.34562212, 0.76155268,
       0.70676692, 0.98255814, 0.97142857, 0.985     , 0.99069767])]

estim_algorithm = ac-model, mode = classification, metric = precision, confidence_scores = energy-conf, class_specific = False
test err: [0.5214505888195523, 0.5147855763577087, 0.510237936408938, 0.5199983039360634, 0.527264460497513]
estimated metric: [array([0.44058675, 0.38227497, 0.35270011, 0.45793786, 0.19502538,
       0.19944921, 0.05843366, 0.09844035, 0.09288206, 0.11734882]), array([0.45756469, 0.39542826, 0.34539536, 0.4369577 , 0.18290695,
       0.19784974, 0.0628535 , 0.10330961, 0.09422475, 0.11236571]), array([0.44635641, 0.39379941, 0.36265789, 0.43892438, 0.19776241,
       0.18673357, 0.06970464, 0.09916194, 0.10422326, 0.11288377]), array([0.44255324, 0.40519456, 0.36761217, 0.4356249 , 0.18880771,
       0.19059999, 0.05358297, 0.09529215, 0.09854853, 0.11199802]), array([0.45162433, 0.39618424, 0.35360201, 0.43956345, 0.21192   ,
       0.19613611, 0.06439579, 0.08730285, 0.08682698, 0.10448253])]
real metric: [array([0.48116833, 0.75118483, 0.46080965, 0.34870641, 0.75387597,
       0.6741573 , 0.9704142 , 0.96456693, 0.98623853, 1.        ]), array([0.4858798 , 0.75232558, 0.46929825, 0.3173516 , 0.68475992,
       0.66540643, 0.98214286, 0.97265625, 0.98113208, 0.98654709]), array([0.46454948, 0.73549884, 0.48890785, 0.34436702, 0.71650485,
       0.65      , 0.97765363, 0.96943231, 0.98706897, 0.99148936]), array([0.47832586, 0.79659091, 0.46287129, 0.33957845, 0.73694779,
       0.66034156, 0.99363057, 0.97787611, 0.96475771, 0.98678414]), array([0.48723559, 0.75028637, 0.49565217, 0.34562212, 0.76155268,
       0.70676692, 0.98255814, 0.97142857, 0.985     , 0.99069767])]

estim_algorithm = ac-model, mode = classification, metric = precision, confidence_scores = entropy-conf, class_specific = False
test err: [0.3281585084038728, 0.33735646003823405, 0.33178663179423984, 0.3309183386397126, 0.33007457684872377]
estimated metric: [array([0.91408206, 0.86829381, 0.90330056, 0.94287325, 0.78789881,
       0.79019041, 0.52771331, 0.6313514 , 0.60209851, 0.61520777]), array([0.91920776, 0.87053787, 0.90100848, 0.942152  , 0.77498425,
       0.7885981 , 0.53161897, 0.63689966, 0.5941582 , 0.60770372]), array([0.91896602, 0.87254373, 0.90561151, 0.94158946, 0.79011566,
       0.78087955, 0.55506334, 0.61715676, 0.6227523 , 0.62268345]), array([0.91752727, 0.87463759, 0.90846352, 0.94061321, 0.78293794,
       0.78856338, 0.51471443, 0.60889277, 0.61375028, 0.61459472]), array([0.92005803, 0.87436759, 0.90372225, 0.94260898, 0.80023125,
       0.79227852, 0.5445909 , 0.58755089, 0.58377187, 0.59917572])]
real metric: [array([0.48116833, 0.75118483, 0.46080965, 0.34870641, 0.75387597,
       0.6741573 , 0.9704142 , 0.96456693, 0.98623853, 1.        ]), array([0.4858798 , 0.75232558, 0.46929825, 0.3173516 , 0.68475992,
       0.66540643, 0.98214286, 0.97265625, 0.98113208, 0.98654709]), array([0.46454948, 0.73549884, 0.48890785, 0.34436702, 0.71650485,
       0.65      , 0.97765363, 0.96943231, 0.98706897, 0.99148936]), array([0.47832586, 0.79659091, 0.46287129, 0.33957845, 0.73694779,
       0.66034156, 0.99363057, 0.97787611, 0.96475771, 0.98678414]), array([0.48723559, 0.75028637, 0.49565217, 0.34562212, 0.76155268,
       0.70676692, 0.98255814, 0.97142857, 0.985     , 0.99069767])]

estim_algorithm = ac-model, mode = classification, metric = precision, confidence_scores = doctor-conf, class_specific = False
test err: [0.3049281791217852, 0.3142035796655026, 0.30897646503372456, 0.30639891721646584, 0.3031695011903656]
estimated metric: [array([0.95285026, 0.92488152, 0.94832336, 0.96993316, 0.87869891,
       0.88214108, 0.68749557, 0.77101025, 0.74587019, 0.75448765]), array([0.95603744, 0.92612039, 0.94749425, 0.9700781 , 0.87030205,
       0.88139061, 0.69028414, 0.77513008, 0.7408808 , 0.75054872]), array([0.95625102, 0.92796692, 0.95001185, 0.96975701, 0.88112401,
       0.87722944, 0.71044655, 0.75990864, 0.76325093, 0.76478572]), array([0.95569831, 0.92882237, 0.95147382, 0.96946277, 0.87680342,
       0.88285995, 0.67928058, 0.7552651 , 0.75731062, 0.75766783]), array([0.95733586, 0.92951843, 0.9493612 , 0.97100302, 0.88825134,
       0.88600306, 0.7050066 , 0.74251658, 0.73615047, 0.74867277])]
real metric: [array([0.48116833, 0.75118483, 0.46080965, 0.34870641, 0.75387597,
       0.6741573 , 0.9704142 , 0.96456693, 0.98623853, 1.        ]), array([0.4858798 , 0.75232558, 0.46929825, 0.3173516 , 0.68475992,
       0.66540643, 0.98214286, 0.97265625, 0.98113208, 0.98654709]), array([0.46454948, 0.73549884, 0.48890785, 0.34436702, 0.71650485,
       0.65      , 0.97765363, 0.96943231, 0.98706897, 0.99148936]), array([0.47832586, 0.79659091, 0.46287129, 0.33957845, 0.73694779,
       0.66034156, 0.99363057, 0.97787611, 0.96475771, 0.98678414]), array([0.48723559, 0.75028637, 0.49565217, 0.34562212, 0.76155268,
       0.70676692, 0.98255814, 0.97142857, 0.985     , 0.99069767])]

estim_algorithm = ts-model, mode = classification, metric = precision, confidence_scores = max_class_probability-conf, class_specific = False
test err: [0.38520072250218884, 0.38073391737169265, 0.3785227739948819, 0.39168053450048207, 0.3921348019711459]
estimated metric: [array([0.81625819, 0.74664599, 0.78744434, 0.86225716, 0.59920124,
       0.59419437, 0.30355638, 0.40275253, 0.37919046, 0.39816488]), array([0.82665994, 0.75275274, 0.78282068, 0.85873177, 0.5824865 ,
       0.59368357, 0.31240186, 0.41034069, 0.37309485, 0.38940788]), array([0.82375835, 0.75368679, 0.79203774, 0.85758029, 0.59982518,
       0.5800659 , 0.32943871, 0.39151646, 0.40089765, 0.39891747]), array([0.82053768, 0.75877307, 0.79843618, 0.85541466, 0.59052269,
       0.58835544, 0.29007918, 0.38180301, 0.39092106, 0.3932819 ]), array([0.82654191, 0.75700958, 0.78815384, 0.85887542, 0.6181021 ,
       0.59500214, 0.32035912, 0.35632359, 0.36068553, 0.37796797])]
real metric: [array([0.48116833, 0.75118483, 0.46080965, 0.34870641, 0.75387597,
       0.6741573 , 0.9704142 , 0.96456693, 0.98623853, 1.        ]), array([0.4858798 , 0.75232558, 0.46929825, 0.3173516 , 0.68475992,
       0.66540643, 0.98214286, 0.97265625, 0.98113208, 0.98654709]), array([0.46454948, 0.73549884, 0.48890785, 0.34436702, 0.71650485,
       0.65      , 0.97765363, 0.96943231, 0.98706897, 0.99148936]), array([0.47832586, 0.79659091, 0.46287129, 0.33957845, 0.73694779,
       0.66034156, 0.99363057, 0.97787611, 0.96475771, 0.98678414]), array([0.48723559, 0.75028637, 0.49565217, 0.34562212, 0.76155268,
       0.70676692, 0.98255814, 0.97142857, 0.985     , 0.99069767])]

estim_algorithm = ts-model, mode = classification, metric = precision, confidence_scores = max_class_probability-conf, class_specific = True
test err: [0.35998049157487044, 0.35596341197503767, 0.3461268365369988, 0.3634042418733826, 0.3660852873468647]
estimated metric: [array([0.26275279, 0.62153102, 0.70590507, 0.65477225, 0.58344148,
       0.59175042, 0.31447273, 0.40809278, 0.37175514, 0.37916609]), array([0.2766805 , 0.62663177, 0.69622588, 0.63850091, 0.56102073,
       0.58530591, 0.30950575, 0.40583328, 0.36128097, 0.37303389]), array([0.27191716, 0.63190233, 0.70966712, 0.63966083, 0.58266969,
       0.57546492, 0.32672419, 0.38303108, 0.38611149, 0.3891613 ]), array([0.2648637 , 0.64197475, 0.71917461, 0.63777715, 0.57548363,
       0.58924877, 0.29941312, 0.38088232, 0.38192398, 0.38192398]), array([0.27056489, 0.63209212, 0.70300688, 0.63952992, 0.59243222,
       0.5883754 , 0.31606918, 0.36071029, 0.34953751, 0.36615398])]
real metric: [array([0.48116833, 0.75118483, 0.46080965, 0.34870641, 0.75387597,
       0.6741573 , 0.9704142 , 0.96456693, 0.98623853, 1.        ]), array([0.4858798 , 0.75232558, 0.46929825, 0.3173516 , 0.68475992,
       0.66540643, 0.98214286, 0.97265625, 0.98113208, 0.98654709]), array([0.46454948, 0.73549884, 0.48890785, 0.34436702, 0.71650485,
       0.65      , 0.97765363, 0.96943231, 0.98706897, 0.99148936]), array([0.47832586, 0.79659091, 0.46287129, 0.33957845, 0.73694779,
       0.66034156, 0.99363057, 0.97787611, 0.96475771, 0.98678414]), array([0.48723559, 0.75028637, 0.49565217, 0.34562212, 0.76155268,
       0.70676692, 0.98255814, 0.97142857, 0.985     , 0.99069767])]

estim_algorithm = ts-model, mode = classification, metric = precision, confidence_scores = energy-conf, class_specific = False
test err: [0.3564756644756354, 0.35453766822742416, 0.35299170421813086, 0.3603009827687277, 0.36538408741195433]
estimated metric: [array([0.84655689, 0.77349241, 0.82831675, 0.89231843, 0.66101538,
       0.66954625, 0.37385776, 0.48027822, 0.44065579, 0.45795816]), array([0.85575306, 0.77701768, 0.82480374, 0.89012086, 0.64228163,
       0.66648143, 0.37286088, 0.48258067, 0.43427327, 0.45378017]), array([0.85304733, 0.77809505, 0.83024916, 0.88823253, 0.66109106,
       0.65355636, 0.38961639, 0.45629161, 0.45812714, 0.46696312]), array([0.85090415, 0.78192552, 0.83545463, 0.8869023 , 0.65232464,
       0.66536184, 0.3552669 , 0.45189366, 0.45136576, 0.45830669]), array([0.85471846, 0.77970009, 0.82653949, 0.8890215 , 0.67287239,
       0.66798594, 0.3784319 , 0.43306794, 0.41901889, 0.44396933])]
real metric: [array([0.48116833, 0.75118483, 0.46080965, 0.34870641, 0.75387597,
       0.6741573 , 0.9704142 , 0.96456693, 0.98623853, 1.        ]), array([0.4858798 , 0.75232558, 0.46929825, 0.3173516 , 0.68475992,
       0.66540643, 0.98214286, 0.97265625, 0.98113208, 0.98654709]), array([0.46454948, 0.73549884, 0.48890785, 0.34436702, 0.71650485,
       0.65      , 0.97765363, 0.96943231, 0.98706897, 0.99148936]), array([0.47832586, 0.79659091, 0.46287129, 0.33957845, 0.73694779,
       0.66034156, 0.99363057, 0.97787611, 0.96475771, 0.98678414]), array([0.48723559, 0.75028637, 0.49565217, 0.34562212, 0.76155268,
       0.70676692, 0.98255814, 0.97142857, 0.985     , 0.99069767])]

estim_algorithm = ts-model, mode = classification, metric = precision, confidence_scores = energy-conf, class_specific = True
test err: [0.32411182565073454, 0.32986855988193453, 0.32536837427541043, 0.32585093322270103, 0.32747433739619564]
estimated metric: [array([0.81948044, 0.81716192, 0.85733747, 0.90675596, 0.73207788,
       0.73874959, 0.47227411, 0.57356666, 0.53583318, 0.54368439]), array([0.82980671, 0.81590841, 0.85140522, 0.90049205, 0.71169631,
       0.73163323, 0.46403729, 0.56883848, 0.52211621, 0.53472105]), array([0.82797008, 0.81864594, 0.85716035, 0.90029897, 0.72950489,
       0.72363272, 0.48383838, 0.5452923 , 0.54851749, 0.55169726]), array([0.82675843, 0.82281339, 0.8623254 , 0.9002222 , 0.72436226,
       0.73551855, 0.45310075, 0.54392128, 0.5450163 , 0.5450163 ]), array([0.82993383, 0.81935633, 0.85364127, 0.90033082, 0.73758931,
       0.73432942, 0.47191749, 0.52177738, 0.50959245, 0.52764556])]
real metric: [array([0.48116833, 0.75118483, 0.46080965, 0.34870641, 0.75387597,
       0.6741573 , 0.9704142 , 0.96456693, 0.98623853, 1.        ]), array([0.4858798 , 0.75232558, 0.46929825, 0.3173516 , 0.68475992,
       0.66540643, 0.98214286, 0.97265625, 0.98113208, 0.98654709]), array([0.46454948, 0.73549884, 0.48890785, 0.34436702, 0.71650485,
       0.65      , 0.97765363, 0.96943231, 0.98706897, 0.99148936]), array([0.47832586, 0.79659091, 0.46287129, 0.33957845, 0.73694779,
       0.66034156, 0.99363057, 0.97787611, 0.96475771, 0.98678414]), array([0.48723559, 0.75028637, 0.49565217, 0.34562212, 0.76155268,
       0.70676692, 0.98255814, 0.97142857, 0.985     , 0.99069767])]

estim_algorithm = ts-model, mode = classification, metric = precision, confidence_scores = entropy-conf, class_specific = False
test err: [0.3837706301063962, 0.37922969548272695, 0.3767327227925299, 0.3904287203354766, 0.39067360333420564]
estimated metric: [array([0.8155832 , 0.74637968, 0.78800427, 0.8622542 , 0.59891414,
       0.60028847, 0.30192484, 0.4026777 , 0.38533276, 0.40237116]), array([0.8259916 , 0.75237415, 0.78294592, 0.85841523, 0.58183548,
       0.59941595, 0.31034638, 0.40919922, 0.37972688, 0.39469541]), array([0.8235155 , 0.75372325, 0.79249747, 0.85763422, 0.60091742,
       0.58619642, 0.32978086, 0.3908209 , 0.40790076, 0.4032528 ]), array([0.81977504, 0.75821211, 0.79839975, 0.85517139, 0.59042167,
       0.59497848, 0.28591641, 0.38144987, 0.39664   , 0.39759362]), array([0.82549404, 0.75619882, 0.78784376, 0.85830958, 0.61811506,
       0.60007424, 0.31770235, 0.35669515, 0.36657243, 0.38115867])]
real metric: [array([0.48116833, 0.75118483, 0.46080965, 0.34870641, 0.75387597,
       0.6741573 , 0.9704142 , 0.96456693, 0.98623853, 1.        ]), array([0.4858798 , 0.75232558, 0.46929825, 0.3173516 , 0.68475992,
       0.66540643, 0.98214286, 0.97265625, 0.98113208, 0.98654709]), array([0.46454948, 0.73549884, 0.48890785, 0.34436702, 0.71650485,
       0.65      , 0.97765363, 0.96943231, 0.98706897, 0.99148936]), array([0.47832586, 0.79659091, 0.46287129, 0.33957845, 0.73694779,
       0.66034156, 0.99363057, 0.97787611, 0.96475771, 0.98678414]), array([0.48723559, 0.75028637, 0.49565217, 0.34562212, 0.76155268,
       0.70676692, 0.98255814, 0.97142857, 0.985     , 0.99069767])]

estim_algorithm = ts-model, mode = classification, metric = precision, confidence_scores = entropy-conf, class_specific = True
test err: [0.358998150730718, 0.3540704303177091, 0.3459060288234549, 0.3619506063827863, 0.3643468122106607]
estimated metric: [array([0.29219992, 0.62010752, 0.71024698, 0.65164395, 0.5805101 ,
       0.58883631, 0.31188096, 0.40518547, 0.36894535, 0.37633384]), array([0.30762181, 0.62882328, 0.69957923, 0.62693789, 0.55709404,
       0.58143438, 0.3061119 , 0.40199811, 0.35761342, 0.36931602]), array([0.28811206, 0.63735179, 0.71241453, 0.63349531, 0.57874308,
       0.57152038, 0.3231867 , 0.37922733, 0.38229611, 0.38533469]), array([0.29612352, 0.64266798, 0.72159086, 0.62927884, 0.57138546,
       0.58518769, 0.29591055, 0.37693948, 0.37797693, 0.37797693]), array([0.3046838 , 0.63197559, 0.70584878, 0.63021499, 0.58841007,
       0.58434131, 0.31248478, 0.35688381, 0.34576544, 0.36230248])]
real metric: [array([0.48116833, 0.75118483, 0.46080965, 0.34870641, 0.75387597,
       0.6741573 , 0.9704142 , 0.96456693, 0.98623853, 1.        ]), array([0.4858798 , 0.75232558, 0.46929825, 0.3173516 , 0.68475992,
       0.66540643, 0.98214286, 0.97265625, 0.98113208, 0.98654709]), array([0.46454948, 0.73549884, 0.48890785, 0.34436702, 0.71650485,
       0.65      , 0.97765363, 0.96943231, 0.98706897, 0.99148936]), array([0.47832586, 0.79659091, 0.46287129, 0.33957845, 0.73694779,
       0.66034156, 0.99363057, 0.97787611, 0.96475771, 0.98678414]), array([0.48723559, 0.75028637, 0.49565217, 0.34562212, 0.76155268,
       0.70676692, 0.98255814, 0.97142857, 0.985     , 0.99069767])]

estim_algorithm = ts-model, mode = classification, metric = precision, confidence_scores = doctor-conf, class_specific = False
test err: [0.38845593332295747, 0.38311247814763066, 0.3795962007160699, 0.39409047388033025, 0.39461853157235266]
estimated metric: [array([0.83194599, 0.74821189, 0.78034477, 0.85572556, 0.58725679,
       0.59440265, 0.28823144, 0.38939879, 0.38336789, 0.40234092]), array([0.84059551, 0.7553859 , 0.77401597, 0.85086514, 0.57269043,
       0.5940573 , 0.29970284, 0.40045393, 0.37804517, 0.39257746]), array([0.83848349, 0.75656911, 0.78550621, 0.85103459, 0.59405136,
       0.5821401 , 0.32449995, 0.38511418, 0.40834943, 0.40030231]), array([0.83425156, 0.76228874, 0.79114121, 0.84789903, 0.58035133,
       0.58928602, 0.27520779, 0.37222936, 0.39477819, 0.39439883]), array([0.83948024, 0.75777399, 0.78107547, 0.85122662, 0.61063292,
       0.59500717, 0.30944247, 0.34742899, 0.36467336, 0.37539382])]
real metric: [array([0.48116833, 0.75118483, 0.46080965, 0.34870641, 0.75387597,
       0.6741573 , 0.9704142 , 0.96456693, 0.98623853, 1.        ]), array([0.4858798 , 0.75232558, 0.46929825, 0.3173516 , 0.68475992,
       0.66540643, 0.98214286, 0.97265625, 0.98113208, 0.98654709]), array([0.46454948, 0.73549884, 0.48890785, 0.34436702, 0.71650485,
       0.65      , 0.97765363, 0.96943231, 0.98706897, 0.99148936]), array([0.47832586, 0.79659091, 0.46287129, 0.33957845, 0.73694779,
       0.66034156, 0.99363057, 0.97787611, 0.96475771, 0.98678414]), array([0.48723559, 0.75028637, 0.49565217, 0.34562212, 0.76155268,
       0.70676692, 0.98255814, 0.97142857, 0.985     , 0.99069767])]

estim_algorithm = ts-model, mode = classification, metric = precision, confidence_scores = doctor-conf, class_specific = True
test err: [0.3645177535811238, 0.36240624817469536, 0.3551290097968967, 0.36875902150110085, 0.37370836548543085]
estimated metric: [array([0.60974164, 0.55581138, 0.70362191, 0.5818885 , 0.55816208,
       0.5666007 , 0.29265962, 0.38341784, 0.34798563, 0.35519063]), array([0.63014465, 0.56191404, 0.69093184, 0.54878081, 0.5327083 ,
       0.55732388, 0.28562745, 0.3785981 , 0.33534818, 0.34671542]), array([0.62044837, 0.57182094, 0.7042619 , 0.55495837, 0.55537633,
       0.54806584, 0.30272325, 0.35708764, 0.36008118, 0.36304698]), array([0.61245049, 0.57584821, 0.71383714, 0.55424756, 0.54799219,
       0.56197024, 0.27651941, 0.35491506, 0.35592653, 0.35592653]), array([0.64155822, 0.55863273, 0.69886081, 0.55446074, 0.56514083,
       0.56101365, 0.29237603, 0.3353114 , 0.32452596, 0.34057598])]
real metric: [array([0.48116833, 0.75118483, 0.46080965, 0.34870641, 0.75387597,
       0.6741573 , 0.9704142 , 0.96456693, 0.98623853, 1.        ]), array([0.4858798 , 0.75232558, 0.46929825, 0.3173516 , 0.68475992,
       0.66540643, 0.98214286, 0.97265625, 0.98113208, 0.98654709]), array([0.46454948, 0.73549884, 0.48890785, 0.34436702, 0.71650485,
       0.65      , 0.97765363, 0.96943231, 0.98706897, 0.99148936]), array([0.47832586, 0.79659091, 0.46287129, 0.33957845, 0.73694779,
       0.66034156, 0.99363057, 0.97787611, 0.96475771, 0.98678414]), array([0.48723559, 0.75028637, 0.49565217, 0.34562212, 0.76155268,
       0.70676692, 0.98255814, 0.97142857, 0.985     , 0.99069767])]

estim_algorithm = doc-model, mode = classification, metric = precision, confidence_scores = max_class_probability-conf, class_specific = False
test err: [0.37202248318843173, 0.36856090804182906, 0.3660781017263267, 0.37637816471842156, 0.37967353432353107]
estimated metric: [array([0.83461895, 0.75900332, 0.80931167, 0.87977788, 0.63060061,
       0.62787801, 0.3392806 , 0.43975181, 0.40732486, 0.42503482]), array([0.84396926, 0.764206  , 0.80536167, 0.87716684, 0.61537785,
       0.62714367, 0.34612965, 0.44906678, 0.39992504, 0.41524109]), array([0.84135271, 0.76516781, 0.81297689, 0.87585117, 0.6317175 ,
       0.61393649, 0.36403403, 0.42733397, 0.42710632, 0.42926521]), array([0.83896427, 0.77024062, 0.81919278, 0.87418821, 0.62271112,
       0.62338062, 0.33102141, 0.41793684, 0.41880447, 0.42062171]), array([0.84472463, 0.76996905, 0.81108219, 0.87767425, 0.64884574,
       0.63078415, 0.35786367, 0.39458033, 0.38789816, 0.40595046])]
real metric: [array([0.48116833, 0.75118483, 0.46080965, 0.34870641, 0.75387597,
       0.6741573 , 0.9704142 , 0.96456693, 0.98623853, 1.        ]), array([0.4858798 , 0.75232558, 0.46929825, 0.3173516 , 0.68475992,
       0.66540643, 0.98214286, 0.97265625, 0.98113208, 0.98654709]), array([0.46454948, 0.73549884, 0.48890785, 0.34436702, 0.71650485,
       0.65      , 0.97765363, 0.96943231, 0.98706897, 0.99148936]), array([0.47832586, 0.79659091, 0.46287129, 0.33957845, 0.73694779,
       0.66034156, 0.99363057, 0.97787611, 0.96475771, 0.98678414]), array([0.48723559, 0.75028637, 0.49565217, 0.34562212, 0.76155268,
       0.70676692, 0.98255814, 0.97142857, 0.985     , 0.99069767])]

estim_algorithm = doc-model, mode = classification, metric = precision, confidence_scores = max_class_probability-conf, class_specific = True
test err: [0.34355639069710275, 0.3384978370180733, 0.3292766659424523, 0.34665456801729294, 0.3476192217144359]
estimated metric: [array([0.40461254, 0.64885904, 0.71810464, 0.65446481, 0.58467711,
       0.59296537, 0.31557028, 0.40932197, 0.37272512, 0.38036415]), array([0.42669235, 0.65552953, 0.70868321, 0.63210731, 0.56135934,
       0.58563962, 0.3097997 , 0.4061649 , 0.36147132, 0.37335556]), array([0.41901459, 0.65879733, 0.72045182, 0.63644487, 0.58303622,
       0.57583317, 0.32705591, 0.38338741, 0.38640827, 0.38951974]), array([0.4091922 , 0.67167797, 0.7297506 , 0.63626176, 0.57596441,
       0.58972507, 0.29982617, 0.38134658, 0.38215045, 0.38238872]), array([0.42335382, 0.66428823, 0.71613211, 0.63374357, 0.59365802,
       0.58960496, 0.31716818, 0.36188238, 0.35064594, 0.36733359])]
real metric: [array([0.48116833, 0.75118483, 0.46080965, 0.34870641, 0.75387597,
       0.6741573 , 0.9704142 , 0.96456693, 0.98623853, 1.        ]), array([0.4858798 , 0.75232558, 0.46929825, 0.3173516 , 0.68475992,
       0.66540643, 0.98214286, 0.97265625, 0.98113208, 0.98654709]), array([0.46454948, 0.73549884, 0.48890785, 0.34436702, 0.71650485,
       0.65      , 0.97765363, 0.96943231, 0.98706897, 0.99148936]), array([0.47832586, 0.79659091, 0.46287129, 0.33957845, 0.73694779,
       0.66034156, 0.99363057, 0.97787611, 0.96475771, 0.98678414]), array([0.48723559, 0.75028637, 0.49565217, 0.34562212, 0.76155268,
       0.70676692, 0.98255814, 0.97142857, 0.985     , 0.99069767])]

estim_algorithm = doc-model, mode = classification, metric = precision, confidence_scores = energy-conf, class_specific = False
test err: [0.3688849409008634, 0.36627217604079226, 0.3639800744946976, 0.3748035200356932, 0.37730238958399137]
estimated metric: [array([0.82604442, 0.75788213, 0.8056771 , 0.87649811, 0.62865611,
       0.63645404, 0.33331982, 0.44209318, 0.40940284, 0.43471009]), array([0.83640327, 0.76293498, 0.80159328, 0.87374936, 0.60983004,
       0.63350274, 0.3365868 , 0.44573692, 0.40571235, 0.42837967]), array([0.83353561, 0.76403522, 0.80899217, 0.87210468, 0.62951259,
       0.62026883, 0.35435715, 0.42436243, 0.43048746, 0.43870441]), array([0.8305018 , 0.76749075, 0.81384898, 0.87004319, 0.61947219,
       0.63029178, 0.31438538, 0.41737594, 0.42159378, 0.43190215]), array([0.83534631, 0.7651573 , 0.80423333, 0.87272707, 0.64324463,
       0.63467207, 0.34180848, 0.39759657, 0.38914471, 0.41718138])]
real metric: [array([0.48116833, 0.75118483, 0.46080965, 0.34870641, 0.75387597,
       0.6741573 , 0.9704142 , 0.96456693, 0.98623853, 1.        ]), array([0.4858798 , 0.75232558, 0.46929825, 0.3173516 , 0.68475992,
       0.66540643, 0.98214286, 0.97265625, 0.98113208, 0.98654709]), array([0.46454948, 0.73549884, 0.48890785, 0.34436702, 0.71650485,
       0.65      , 0.97765363, 0.96943231, 0.98706897, 0.99148936]), array([0.47832586, 0.79659091, 0.46287129, 0.33957845, 0.73694779,
       0.66034156, 0.99363057, 0.97787611, 0.96475771, 0.98678414]), array([0.48723559, 0.75028637, 0.49565217, 0.34562212, 0.76155268,
       0.70676692, 0.98255814, 0.97142857, 0.985     , 0.99069767])]

estim_algorithm = doc-model, mode = classification, metric = precision, confidence_scores = energy-conf, class_specific = True
test err: [0.3242072167169205, 0.32891148627458355, 0.32444755721338714, 0.3259834176058117, 0.32771168461242156]
estimated metric: [array([0.80783873, 0.81432993, 0.85405561, 0.90350091, 0.72772335,
       0.73446416, 0.46677261, 0.56815556, 0.53033535, 0.53819941]), array([0.81573212, 0.81239893, 0.84696214, 0.89598809, 0.70574974,
       0.72593952, 0.45688074, 0.56175973, 0.5149245 , 0.52754739]), array([0.81409248, 0.81574659, 0.85343522, 0.89629393, 0.72439094,
       0.71845059, 0.47740708, 0.53889698, 0.54212944, 0.54531691]), array([0.81250719, 0.81976871, 0.85866253, 0.89610202, 0.71904561,
       0.73033698, 0.44654957, 0.53734716, 0.53844458, 0.53844458]), array([0.81803243, 0.8155503 , 0.84974486, 0.89626199, 0.73249899,
       0.72919908, 0.46540881, 0.51525199, 0.50305914, 0.52112676])]
real metric: [array([0.48116833, 0.75118483, 0.46080965, 0.34870641, 0.75387597,
       0.6741573 , 0.9704142 , 0.96456693, 0.98623853, 1.        ]), array([0.4858798 , 0.75232558, 0.46929825, 0.3173516 , 0.68475992,
       0.66540643, 0.98214286, 0.97265625, 0.98113208, 0.98654709]), array([0.46454948, 0.73549884, 0.48890785, 0.34436702, 0.71650485,
       0.65      , 0.97765363, 0.96943231, 0.98706897, 0.99148936]), array([0.47832586, 0.79659091, 0.46287129, 0.33957845, 0.73694779,
       0.66034156, 0.99363057, 0.97787611, 0.96475771, 0.98678414]), array([0.48723559, 0.75028637, 0.49565217, 0.34562212, 0.76155268,
       0.70676692, 0.98255814, 0.97142857, 0.985     , 0.99069767])]

estim_algorithm = doc-model, mode = classification, metric = precision, confidence_scores = entropy-conf, class_specific = False
test err: [0.3734684890274747, 0.370262821764611, 0.36740022535881794, 0.3783589059498073, 0.38159234632880495]
estimated metric: [array([0.83191757, 0.75716914, 0.80684765, 0.87744727, 0.62592752,
       0.62534175, 0.33309863, 0.43364007, 0.40646305, 0.42160942]), array([0.84131424, 0.76226976, 0.80228549, 0.87451417, 0.60963187,
       0.62418687, 0.33858863, 0.44157692, 0.39879856, 0.41276198]), array([0.83922224, 0.76365261, 0.81024884, 0.87348697, 0.62781361,
       0.61142863, 0.35922474, 0.42028903, 0.42693992, 0.42573842]), array([0.83648037, 0.76858296, 0.81664455, 0.87171572, 0.61831294,
       0.62164693, 0.32170399, 0.41116431, 0.41741834, 0.4185753 ]), array([0.84179379, 0.76720434, 0.80745666, 0.87462396, 0.64327383,
       0.62688033, 0.34925104, 0.38736353, 0.38661133, 0.40098296])]
real metric: [array([0.48116833, 0.75118483, 0.46080965, 0.34870641, 0.75387597,
       0.6741573 , 0.9704142 , 0.96456693, 0.98623853, 1.        ]), array([0.4858798 , 0.75232558, 0.46929825, 0.3173516 , 0.68475992,
       0.66540643, 0.98214286, 0.97265625, 0.98113208, 0.98654709]), array([0.46454948, 0.73549884, 0.48890785, 0.34436702, 0.71650485,
       0.65      , 0.97765363, 0.96943231, 0.98706897, 0.99148936]), array([0.47832586, 0.79659091, 0.46287129, 0.33957845, 0.73694779,
       0.66034156, 0.99363057, 0.97787611, 0.96475771, 0.98678414]), array([0.48723559, 0.75028637, 0.49565217, 0.34562212, 0.76155268,
       0.70676692, 0.98255814, 0.97142857, 0.985     , 0.99069767])]

estim_algorithm = doc-model, mode = classification, metric = precision, confidence_scores = entropy-conf, class_specific = True
test err: [0.342515175454572, 0.3372897303185207, 0.3291030446661517, 0.3453389638333145, 0.346821653862062]
estimated metric: [array([0.40489234, 0.65652893, 0.72136026, 0.65925399, 0.58647732,
       0.59476777, 0.31717469, 0.41111672, 0.37448069, 0.38211407]), array([0.42687554, 0.66326103, 0.71102271, 0.63398594, 0.5628216 ,
       0.58708047, 0.31107138, 0.40759855, 0.36285645, 0.37474648]), array([0.41150784, 0.6677991 , 0.72291583, 0.64290259, 0.58461545,
       0.57742406, 0.32849177, 0.38492912, 0.38787275, 0.39107047]), array([0.41064874, 0.6786662 , 0.73248842, 0.638845  , 0.57772503,
       0.59146909, 0.30129496, 0.38304971, 0.38380135, 0.38409361]), array([0.42112138, 0.67257112, 0.71816288, 0.63728744, 0.59497404,
       0.59092505, 0.31835147, 0.36312113, 0.35181826, 0.368603  ])]
real metric: [array([0.48116833, 0.75118483, 0.46080965, 0.34870641, 0.75387597,
       0.6741573 , 0.9704142 , 0.96456693, 0.98623853, 1.        ]), array([0.4858798 , 0.75232558, 0.46929825, 0.3173516 , 0.68475992,
       0.66540643, 0.98214286, 0.97265625, 0.98113208, 0.98654709]), array([0.46454948, 0.73549884, 0.48890785, 0.34436702, 0.71650485,
       0.65      , 0.97765363, 0.96943231, 0.98706897, 0.99148936]), array([0.47832586, 0.79659091, 0.46287129, 0.33957845, 0.73694779,
       0.66034156, 0.99363057, 0.97787611, 0.96475771, 0.98678414]), array([0.48723559, 0.75028637, 0.49565217, 0.34562212, 0.76155268,
       0.70676692, 0.98255814, 0.97142857, 0.985     , 0.99069767])]

estim_algorithm = doc-model, mode = classification, metric = precision, confidence_scores = doctor-conf, class_specific = False
test err: [0.36582900988827854, 0.362296720625492, 0.3596211368167782, 0.36827580631935414, 0.37308495612626225]
estimated metric: [array([0.84276491, 0.76565821, 0.81887919, 0.88612319, 0.64421736,
       0.64716782, 0.352936  , 0.45429851, 0.42508057, 0.43881887]), array([0.85122338, 0.77070717, 0.81538696, 0.88394606, 0.62835764,
       0.64667204, 0.35817541, 0.46315923, 0.4187294 , 0.43099203]), array([0.84919289, 0.7718058 , 0.82234608, 0.88271102, 0.64562737,
       0.63315012, 0.37819689, 0.43983384, 0.44534593, 0.44651621]), array([0.84733954, 0.776369  , 0.82832491, 0.8812151 , 0.63712987,
       0.64509193, 0.34447837, 0.43281157, 0.43677314, 0.4376208 ]), array([0.85190827, 0.77571526, 0.82039654, 0.88430175, 0.66131307,
       0.64998528, 0.36988783, 0.41208634, 0.40658163, 0.42082584])]
real metric: [array([0.48116833, 0.75118483, 0.46080965, 0.34870641, 0.75387597,
       0.6741573 , 0.9704142 , 0.96456693, 0.98623853, 1.        ]), array([0.4858798 , 0.75232558, 0.46929825, 0.3173516 , 0.68475992,
       0.66540643, 0.98214286, 0.97265625, 0.98113208, 0.98654709]), array([0.46454948, 0.73549884, 0.48890785, 0.34436702, 0.71650485,
       0.65      , 0.97765363, 0.96943231, 0.98706897, 0.99148936]), array([0.47832586, 0.79659091, 0.46287129, 0.33957845, 0.73694779,
       0.66034156, 0.99363057, 0.97787611, 0.96475771, 0.98678414]), array([0.48723559, 0.75028637, 0.49565217, 0.34562212, 0.76155268,
       0.70676692, 0.98255814, 0.97142857, 0.985     , 0.99069767])]

estim_algorithm = doc-model, mode = classification, metric = precision, confidence_scores = doctor-conf, class_specific = True
test err: [0.3554234549669287, 0.35031739968731596, 0.34139039893535805, 0.35821943280740626, 0.3600775533896895]
estimated metric: [array([0.30288476, 0.63436504, 0.71453023, 0.62737712, 0.57909978,
       0.58743409, 0.31051725, 0.40379109, 0.36669468, 0.37497616]), array([0.32216002, 0.6412826 , 0.70517655, 0.60342667, 0.55588859,
       0.58024526, 0.30507545, 0.40082454, 0.35597379, 0.36817912]), array([0.31315177, 0.64495962, 0.71627686, 0.60832456, 0.57729047,
       0.57010055, 0.32192029, 0.37786393, 0.38037046, 0.38396292]), array([0.3096267 , 0.65550224, 0.7251976 , 0.60499576, 0.56991796,
       0.58373303, 0.29445573, 0.37553383, 0.37546469, 0.37656976]), array([0.31688352, 0.64856463, 0.71190452, 0.60674029, 0.58789648,
       0.58382623, 0.31194397, 0.35639731, 0.34479604, 0.36181275])]
real metric: [array([0.48116833, 0.75118483, 0.46080965, 0.34870641, 0.75387597,
       0.6741573 , 0.9704142 , 0.96456693, 0.98623853, 1.        ]), array([0.4858798 , 0.75232558, 0.46929825, 0.3173516 , 0.68475992,
       0.66540643, 0.98214286, 0.97265625, 0.98113208, 0.98654709]), array([0.46454948, 0.73549884, 0.48890785, 0.34436702, 0.71650485,
       0.65      , 0.97765363, 0.96943231, 0.98706897, 0.99148936]), array([0.47832586, 0.79659091, 0.46287129, 0.33957845, 0.73694779,
       0.66034156, 0.99363057, 0.97787611, 0.96475771, 0.98678414]), array([0.48723559, 0.75028637, 0.49565217, 0.34562212, 0.76155268,
       0.70676692, 0.98255814, 0.97142857, 0.985     , 0.99069767])]

