estim_algorithm = ac-model, mode = classification, metric = auc, confidence_scores = max_class_probability-conf, class_specific = False
test err: [0.0607571181289915, 0.06272573460911672, 0.06240950542405736, 0.05933049584852925, 0.05990046564488867]
estimated metric: [array([0.98464776, 0.98723911, 0.9809206 , 0.98084425, 0.98252306,
       0.98242794, 0.98281046, 0.98463537, 0.98240255, 0.98236236]), array([0.98379142, 0.98721709, 0.98090364, 0.98060892, 0.98173969,
       0.98116628, 0.98331119, 0.98304505, 0.98154916, 0.98259829]), array([0.98467639, 0.98758399, 0.98193311, 0.9808288 , 0.98221293,
       0.98277986, 0.98450979, 0.9843542 , 0.9822156 , 0.98480912]), array([0.98380975, 0.98750211, 0.98188586, 0.98132033, 0.98158287,
       0.981588  , 0.98380132, 0.98475086, 0.98232187, 0.98345073]), array([0.98428172, 0.98772658, 0.9812956 , 0.98120791, 0.98219747,
       0.98225016, 0.98285393, 0.98485468, 0.98262326, 0.98119854])]
real metric: [array([0.94977067, 0.98029729, 0.9175457 , 0.88783916, 0.91533335,
       0.87503437, 0.93748813, 0.89587405, 0.91291427, 0.95114529]), array([0.94602146, 0.97831556, 0.91629583, 0.88063499, 0.91612005,
       0.86589471, 0.93869887, 0.89960485, 0.92222667, 0.93486038]), array([0.94523008, 0.98122802, 0.91525105, 0.8740503 , 0.92100513,
       0.87990688, 0.93953705, 0.89547021, 0.91895825, 0.94117173]), array([0.95035319, 0.9828435 , 0.91653673, 0.89290253, 0.91824059,
       0.86854111, 0.9424447 , 0.91390481, 0.91445712, 0.93848446]), array([0.94793269, 0.98016391, 0.91856382, 0.89236673, 0.92557403,
       0.86891903, 0.93913607, 0.89782102, 0.91519896, 0.94580893])]

estim_algorithm = ac-model, mode = classification, metric = auc, confidence_scores = energy-conf, class_specific = False
test err: [0.09277074623623552, 0.09546757042845419, 0.08781892142404944, 0.09235316502504456, 0.08809174995783572]
estimated metric: [array([0.81838677, 0.90583671, 0.86244814, 0.80051015, 0.84828845,
       0.77211963, 0.79670127, 0.79322089, 0.85422105, 0.84380174]), array([0.8158738 , 0.91436838, 0.82908531, 0.78908776, 0.84468775,
       0.7495031 , 0.76072328, 0.78913555, 0.83753164, 0.91400111]), array([0.8357103 , 0.90182766, 0.81183487, 0.83531528, 0.87588844,
       0.81776826, 0.81645991, 0.77316604, 0.8351704 , 0.83047834]), array([0.85804672, 0.90023297, 0.82255047, 0.84709053, 0.83920721,
       0.80137234, 0.77724495, 0.79126488, 0.83560437, 0.84256266]), array([0.86821941, 0.91405998, 0.84582361, 0.77065722, 0.80969938,
       0.84367118, 0.76206745, 0.8275528 , 0.81837585, 0.89044082])]
real metric: [array([0.94977067, 0.98029729, 0.9175457 , 0.88783916, 0.91533335,
       0.87503437, 0.93748813, 0.89587405, 0.91291427, 0.95114529]), array([0.94602146, 0.97831556, 0.91629583, 0.88063499, 0.91612005,
       0.86589471, 0.93869887, 0.89960485, 0.92222667, 0.93486038]), array([0.94523008, 0.98122802, 0.91525105, 0.8740503 , 0.92100513,
       0.87990688, 0.93953705, 0.89547021, 0.91895825, 0.94117173]), array([0.95035319, 0.9828435 , 0.91653673, 0.89290253, 0.91824059,
       0.86854111, 0.9424447 , 0.91390481, 0.91445712, 0.93848446]), array([0.94793269, 0.98016391, 0.91856382, 0.89236673, 0.92557403,
       0.86891903, 0.93913607, 0.89782102, 0.91519896, 0.94580893])]

estim_algorithm = ac-model, mode = classification, metric = auc, confidence_scores = entropy-conf, class_specific = False
test err: [0.05683340730330618, 0.059110766848087457, 0.05838755993897702, 0.05551867121180554, 0.05600126998620235]
estimated metric: [array([0.98010594, 0.98490094, 0.97652739, 0.97658103, 0.97790729,
       0.97918428, 0.97917857, 0.98137616, 0.97847578, 0.97733897]), array([0.98004774, 0.98437434, 0.97657102, 0.976537  , 0.97771957,
       0.9777674 , 0.9792979 , 0.98058026, 0.97701631, 0.9798695 ]), array([0.98012422, 0.98470987, 0.97776571, 0.97637171, 0.97703984,
       0.97940873, 0.97994164, 0.98056678, 0.97834508, 0.98141075]), array([0.9797706 , 0.98468178, 0.977607  , 0.97715122, 0.9772865 ,
       0.97993918, 0.97980733, 0.98049972, 0.97824558, 0.97890653]), array([0.98012187, 0.98483804, 0.97710225, 0.97687764, 0.97751184,
       0.97944542, 0.97891465, 0.98039702, 0.97838295, 0.97790621])]
real metric: [array([0.94977067, 0.98029729, 0.9175457 , 0.88783916, 0.91533335,
       0.87503437, 0.93748813, 0.89587405, 0.91291427, 0.95114529]), array([0.94602146, 0.97831556, 0.91629583, 0.88063499, 0.91612005,
       0.86589471, 0.93869887, 0.89960485, 0.92222667, 0.93486038]), array([0.94523008, 0.98122802, 0.91525105, 0.8740503 , 0.92100513,
       0.87990688, 0.93953705, 0.89547021, 0.91895825, 0.94117173]), array([0.95035319, 0.9828435 , 0.91653673, 0.89290253, 0.91824059,
       0.86854111, 0.9424447 , 0.91390481, 0.91445712, 0.93848446]), array([0.94793269, 0.98016391, 0.91856382, 0.89236673, 0.92557403,
       0.86891903, 0.93913607, 0.89782102, 0.91519896, 0.94580893])]

estim_algorithm = ac-model, mode = classification, metric = auc, confidence_scores = doctor-conf, class_specific = False
test err: [0.06500674444722959, 0.0670742226032209, 0.0664052130890809, 0.06353512814112046, 0.06398546491041818]
estimated metric: [array([0.98819859, 0.99086581, 0.9856171 , 0.9852064 , 0.98678501,
       0.98718919, 0.9871879 , 0.98804775, 0.98724624, 0.98696573]), array([0.98756252, 0.99076617, 0.98553893, 0.98514765, 0.98615658,
       0.98657686, 0.98723811, 0.98761295, 0.98639743, 0.9864184 ]), array([0.98840944, 0.99112364, 0.98635867, 0.98547818, 0.98624588,
       0.98708309, 0.98870453, 0.98799114, 0.98666587, 0.98780041]), array([0.98797969, 0.99126585, 0.9860764 , 0.98574275, 0.98656874,
       0.98571967, 0.98784891, 0.98817185, 0.98671971, 0.98796646]), array([0.98815067, 0.99120389, 0.98538614, 0.98537617, 0.9864621 ,
       0.98709794, 0.98745882, 0.98782249, 0.98669683, 0.98568478])]
real metric: [array([0.94977067, 0.98029729, 0.9175457 , 0.88783916, 0.91533335,
       0.87503437, 0.93748813, 0.89587405, 0.91291427, 0.95114529]), array([0.94602146, 0.97831556, 0.91629583, 0.88063499, 0.91612005,
       0.86589471, 0.93869887, 0.89960485, 0.92222667, 0.93486038]), array([0.94523008, 0.98122802, 0.91525105, 0.8740503 , 0.92100513,
       0.87990688, 0.93953705, 0.89547021, 0.91895825, 0.94117173]), array([0.95035319, 0.9828435 , 0.91653673, 0.89290253, 0.91824059,
       0.86854111, 0.9424447 , 0.91390481, 0.91445712, 0.93848446]), array([0.94793269, 0.98016391, 0.91856382, 0.89236673, 0.92557403,
       0.86891903, 0.93913607, 0.89782102, 0.91519896, 0.94580893])]

estim_algorithm = ts-model, mode = classification, metric = auc, confidence_scores = max_class_probability-conf, class_specific = False
test err: [0.028967343133333934, 0.02979042356662941, 0.028217521902988284, 0.02703103577391992, 0.026540189701460548]
estimated metric: [array([0.93619597, 0.95205071, 0.93797653, 0.93549433, 0.93640043,
       0.94334934, 0.94034917, 0.94611866, 0.94501962, 0.94597217]), array([0.93471283, 0.95163629, 0.93614293, 0.9336929 , 0.93934963,
       0.94464391, 0.93860622, 0.94534766, 0.94566667, 0.95061745]), array([0.9349096 , 0.95185745, 0.93739054, 0.93686869, 0.93725701,
       0.94825436, 0.94090685, 0.94119144, 0.94250376, 0.94346214]), array([0.935131  , 0.95150011, 0.93618654, 0.93651813, 0.9394033 ,
       0.94053918, 0.93993229, 0.9451887 , 0.9455381 , 0.94092577]), array([0.93655242, 0.95201988, 0.93658185, 0.93806589, 0.93719479,
       0.9474257 , 0.9393345 , 0.94067303, 0.94023006, 0.94976035])]
real metric: [array([0.94977067, 0.98029729, 0.9175457 , 0.88783916, 0.91533335,
       0.87503437, 0.93748813, 0.89587405, 0.91291427, 0.95114529]), array([0.94602146, 0.97831556, 0.91629583, 0.88063499, 0.91612005,
       0.86589471, 0.93869887, 0.89960485, 0.92222667, 0.93486038]), array([0.94523008, 0.98122802, 0.91525105, 0.8740503 , 0.92100513,
       0.87990688, 0.93953705, 0.89547021, 0.91895825, 0.94117173]), array([0.95035319, 0.9828435 , 0.91653673, 0.89290253, 0.91824059,
       0.86854111, 0.9424447 , 0.91390481, 0.91445712, 0.93848446]), array([0.94793269, 0.98016391, 0.91856382, 0.89236673, 0.92557403,
       0.86891903, 0.93913607, 0.89782102, 0.91519896, 0.94580893])]

estim_algorithm = ts-model, mode = classification, metric = auc, confidence_scores = max_class_probability-conf, class_specific = True
test err: [0.03127549807444017, 0.033833493134287185, 0.03477505923524018, 0.03060860974242351, 0.03167298811835888]
estimated metric: [array([0.95369309, 0.97605844, 0.948039  , 0.93082719, 0.96136977,
       0.91655352, 0.97112613, 0.97144238, 0.94236664, 0.95604341]), array([0.95164758, 0.975581  , 0.94572725, 0.93432703, 0.96133191,
       0.91809291, 0.97084148, 0.96944614, 0.94784872, 0.95669519]), array([0.95348715, 0.97633747, 0.94681758, 0.9469717 , 0.96238393,
       0.92831482, 0.97212914, 0.97087096, 0.94341221, 0.94905324]), array([0.95196372, 0.97586915, 0.94541441, 0.93864319, 0.96221913,
       0.91974977, 0.97166088, 0.97093774, 0.95005507, 0.94433308]), array([0.9529708 , 0.97613045, 0.94554693, 0.93193909, 0.96162473,
       0.94019499, 0.9715446 , 0.9714994 , 0.93252574, 0.95617142])]
real metric: [array([0.94977067, 0.98029729, 0.9175457 , 0.88783916, 0.91533335,
       0.87503437, 0.93748813, 0.89587405, 0.91291427, 0.95114529]), array([0.94602146, 0.97831556, 0.91629583, 0.88063499, 0.91612005,
       0.86589471, 0.93869887, 0.89960485, 0.92222667, 0.93486038]), array([0.94523008, 0.98122802, 0.91525105, 0.8740503 , 0.92100513,
       0.87990688, 0.93953705, 0.89547021, 0.91895825, 0.94117173]), array([0.95035319, 0.9828435 , 0.91653673, 0.89290253, 0.91824059,
       0.86854111, 0.9424447 , 0.91390481, 0.91445712, 0.93848446]), array([0.94793269, 0.98016391, 0.91856382, 0.89236673, 0.92557403,
       0.86891903, 0.93913607, 0.89782102, 0.91519896, 0.94580893])]

estim_algorithm = ts-model, mode = classification, metric = auc, confidence_scores = energy-conf, class_specific = False
test err: [0.022378476233992407, 0.02307938347234262, 0.025401674226149938, 0.02555725415869319, 0.028976072535090058]
estimated metric: [array([0.89266719, 0.94690887, 0.93065482, 0.893277  , 0.917153  ,
       0.88857667, 0.89754409, 0.90993212, 0.94646561, 0.93931477]), array([0.89412642, 0.95103203, 0.90873534, 0.89954365, 0.91629937,
       0.86513474, 0.86852496, 0.9089877 , 0.92945811, 0.972279  ]), array([0.90178727, 0.95431184, 0.89636057, 0.91264165, 0.94536374,
       0.90711337, 0.89942806, 0.88697136, 0.93495425, 0.93116474]), array([0.92355153, 0.95004396, 0.89686332, 0.92484905, 0.91430579,
       0.91226553, 0.87589891, 0.90998885, 0.92475861, 0.95441344]), array([0.93039749, 0.95653304, 0.90944705, 0.87589005, 0.89409516,
       0.93860176, 0.87417778, 0.93893651, 0.91505713, 0.96143293])]
real metric: [array([0.94977067, 0.98029729, 0.9175457 , 0.88783916, 0.91533335,
       0.87503437, 0.93748813, 0.89587405, 0.91291427, 0.95114529]), array([0.94602146, 0.97831556, 0.91629583, 0.88063499, 0.91612005,
       0.86589471, 0.93869887, 0.89960485, 0.92222667, 0.93486038]), array([0.94523008, 0.98122802, 0.91525105, 0.8740503 , 0.92100513,
       0.87990688, 0.93953705, 0.89547021, 0.91895825, 0.94117173]), array([0.95035319, 0.9828435 , 0.91653673, 0.89290253, 0.91824059,
       0.86854111, 0.9424447 , 0.91390481, 0.91445712, 0.93848446]), array([0.94793269, 0.98016391, 0.91856382, 0.89236673, 0.92557403,
       0.86891903, 0.93913607, 0.89782102, 0.91519896, 0.94580893])]

estim_algorithm = ts-model, mode = classification, metric = auc, confidence_scores = energy-conf, class_specific = True
test err: [0.05222330778558896, 0.05001867764143618, 0.05556618944953427, 0.05158547020714761, 0.051686169154815095]
estimated metric: [array([0.99359083, 0.99382367, 0.97371158, 0.95874254, 0.99374555,
       0.89569781, 0.99382197, 0.96465257, 0.97598062, 0.90058238]), array([0.99356758, 0.99385152, 0.97243494, 0.96801537, 0.99380503,
       0.87459196, 0.9938514 , 0.95719819, 0.97611305, 0.97543111]), array([0.99359558, 0.99392667, 0.97675253, 0.97614031, 0.9938816 ,
       0.91539595, 0.99393313, 0.9443946 , 0.98261099, 0.8855042 ]), array([0.99349902, 0.99374765, 0.97167333, 0.97469656, 0.99371189,
       0.92032673, 0.99374342, 0.96400349, 0.97161291, 0.89942047]), array([0.99374263, 0.99401171, 0.97835242, 0.94177217, 0.99395233,
       0.94874473, 0.99400744, 0.99045787, 0.96343191, 0.94987366])]
real metric: [array([0.94977067, 0.98029729, 0.9175457 , 0.88783916, 0.91533335,
       0.87503437, 0.93748813, 0.89587405, 0.91291427, 0.95114529]), array([0.94602146, 0.97831556, 0.91629583, 0.88063499, 0.91612005,
       0.86589471, 0.93869887, 0.89960485, 0.92222667, 0.93486038]), array([0.94523008, 0.98122802, 0.91525105, 0.8740503 , 0.92100513,
       0.87990688, 0.93953705, 0.89547021, 0.91895825, 0.94117173]), array([0.95035319, 0.9828435 , 0.91653673, 0.89290253, 0.91824059,
       0.86854111, 0.9424447 , 0.91390481, 0.91445712, 0.93848446]), array([0.94793269, 0.98016391, 0.91856382, 0.89236673, 0.92557403,
       0.86891903, 0.93913607, 0.89782102, 0.91519896, 0.94580893])]

estim_algorithm = ts-model, mode = classification, metric = auc, confidence_scores = entropy-conf, class_specific = False
test err: [0.029187507903270193, 0.029977119142491616, 0.029118691599684852, 0.02721590783191923, 0.02700848822319072]
estimated metric: [array([0.93832227, 0.95311132, 0.93910726, 0.9371362 , 0.93750029,
       0.94525661, 0.94088098, 0.94613625, 0.94641674, 0.94830987]), array([0.93740387, 0.95274131, 0.93727416, 0.93555579, 0.9398562 ,
       0.94576563, 0.9403718 , 0.94488657, 0.9458427 , 0.95036284]), array([0.9370908 , 0.95260923, 0.93839359, 0.93787242, 0.93863211,
       0.95025531, 0.94283168, 0.94315698, 0.94360774, 0.94502962]), array([0.93750859, 0.95254775, 0.93781273, 0.93676128, 0.94070357,
       0.9391716 , 0.94170723, 0.94692497, 0.94701206, 0.94296239]), array([0.93908834, 0.95328077, 0.93812641, 0.9383275 , 0.93798268,
       0.94747223, 0.94086229, 0.94281568, 0.94304777, 0.94911142])]
real metric: [array([0.94977067, 0.98029729, 0.9175457 , 0.88783916, 0.91533335,
       0.87503437, 0.93748813, 0.89587405, 0.91291427, 0.95114529]), array([0.94602146, 0.97831556, 0.91629583, 0.88063499, 0.91612005,
       0.86589471, 0.93869887, 0.89960485, 0.92222667, 0.93486038]), array([0.94523008, 0.98122802, 0.91525105, 0.8740503 , 0.92100513,
       0.87990688, 0.93953705, 0.89547021, 0.91895825, 0.94117173]), array([0.95035319, 0.9828435 , 0.91653673, 0.89290253, 0.91824059,
       0.86854111, 0.9424447 , 0.91390481, 0.91445712, 0.93848446]), array([0.94793269, 0.98016391, 0.91856382, 0.89236673, 0.92557403,
       0.86891903, 0.93913607, 0.89782102, 0.91519896, 0.94580893])]

estim_algorithm = ts-model, mode = classification, metric = auc, confidence_scores = entropy-conf, class_specific = True
test err: [0.03205388102404272, 0.03468559293196442, 0.03636924590837702, 0.03150305562436254, 0.03247702186365246]
estimated metric: [array([0.96799585, 0.97666532, 0.94826316, 0.93429905, 0.96018628,
       0.9173781 , 0.96846205, 0.96398981, 0.94297347, 0.95630406]), array([0.96806325, 0.97641668, 0.94576333, 0.93548172, 0.96075968,
       0.91401215, 0.96915843, 0.96472118, 0.94887216, 0.95848298]), array([0.96842702, 0.9773619 , 0.94839593, 0.94968287, 0.96199679,
       0.93110925, 0.97012338, 0.96535177, 0.94447182, 0.9508482 ]), array([0.96750502, 0.97670603, 0.94631125, 0.94030251, 0.96153776,
       0.91728915, 0.96933557, 0.96464646, 0.95134387, 0.94648672]), array([0.96808257, 0.97705775, 0.94804461, 0.93372672, 0.96111644,
       0.93948158, 0.9687486 , 0.96396205, 0.93326443, 0.95655833])]
real metric: [array([0.94977067, 0.98029729, 0.9175457 , 0.88783916, 0.91533335,
       0.87503437, 0.93748813, 0.89587405, 0.91291427, 0.95114529]), array([0.94602146, 0.97831556, 0.91629583, 0.88063499, 0.91612005,
       0.86589471, 0.93869887, 0.89960485, 0.92222667, 0.93486038]), array([0.94523008, 0.98122802, 0.91525105, 0.8740503 , 0.92100513,
       0.87990688, 0.93953705, 0.89547021, 0.91895825, 0.94117173]), array([0.95035319, 0.9828435 , 0.91653673, 0.89290253, 0.91824059,
       0.86854111, 0.9424447 , 0.91390481, 0.91445712, 0.93848446]), array([0.94793269, 0.98016391, 0.91856382, 0.89236673, 0.92557403,
       0.86891903, 0.93913607, 0.89782102, 0.91519896, 0.94580893])]

estim_algorithm = ts-model, mode = classification, metric = auc, confidence_scores = doctor-conf, class_specific = False
test err: [0.03141431708077831, 0.032808791754609254, 0.03183142572762506, 0.029538441168578455, 0.0296763103717404]
estimated metric: [array([0.9455942 , 0.9561358 , 0.94627359, 0.94346182, 0.94600328,
       0.9477344 , 0.94673372, 0.94896863, 0.9485835 , 0.95106998]), array([0.94507233, 0.95591512, 0.94600328, 0.94438376, 0.94664638,
       0.94750433, 0.94556857, 0.94843878, 0.94924995, 0.95127965]), array([0.94650188, 0.95591958, 0.94613493, 0.94511479, 0.94488192,
       0.94956439, 0.94679799, 0.94730301, 0.94765822, 0.94962937]), array([0.9459253 , 0.95633807, 0.94518506, 0.94358468, 0.9441549 ,
       0.94397907, 0.94631782, 0.95001374, 0.94921663, 0.94751123]), array([0.94672869, 0.95646919, 0.9466232 , 0.94399066, 0.94514062,
       0.94924576, 0.9450553 , 0.94838019, 0.94878085, 0.94803638])]
real metric: [array([0.94977067, 0.98029729, 0.9175457 , 0.88783916, 0.91533335,
       0.87503437, 0.93748813, 0.89587405, 0.91291427, 0.95114529]), array([0.94602146, 0.97831556, 0.91629583, 0.88063499, 0.91612005,
       0.86589471, 0.93869887, 0.89960485, 0.92222667, 0.93486038]), array([0.94523008, 0.98122802, 0.91525105, 0.8740503 , 0.92100513,
       0.87990688, 0.93953705, 0.89547021, 0.91895825, 0.94117173]), array([0.95035319, 0.9828435 , 0.91653673, 0.89290253, 0.91824059,
       0.86854111, 0.9424447 , 0.91390481, 0.91445712, 0.93848446]), array([0.94793269, 0.98016391, 0.91856382, 0.89236673, 0.92557403,
       0.86891903, 0.93913607, 0.89782102, 0.91519896, 0.94580893])]

estim_algorithm = ts-model, mode = classification, metric = auc, confidence_scores = doctor-conf, class_specific = True
test err: [0.03177054412624741, 0.03330875567697783, 0.03497215332600027, 0.031298806186221065, 0.03159511123837215]
estimated metric: [array([0.95103073, 0.97314813, 0.95281606, 0.93515431, 0.96141273,
       0.9169198 , 0.96598343, 0.96737763, 0.94825595, 0.95455063]), array([0.95001683, 0.97254166, 0.9500561 , 0.9345958 , 0.96091979,
       0.9168647 , 0.96576946, 0.96689005, 0.94699976, 0.95555901]), array([0.9514484 , 0.97348243, 0.95028157, 0.94933876, 0.96038059,
       0.92850013, 0.96771815, 0.96777841, 0.94577448, 0.95133614]), array([0.95087142, 0.97284202, 0.94928353, 0.94291767, 0.96042061,
       0.92314708, 0.96637399, 0.96800463, 0.94833961, 0.94949328]), array([0.95199435, 0.97325497, 0.95056313, 0.92673754, 0.9609893 ,
       0.93924157, 0.96636792, 0.96767457, 0.94339065, 0.9534044 ])]
real metric: [array([0.94977067, 0.98029729, 0.9175457 , 0.88783916, 0.91533335,
       0.87503437, 0.93748813, 0.89587405, 0.91291427, 0.95114529]), array([0.94602146, 0.97831556, 0.91629583, 0.88063499, 0.91612005,
       0.86589471, 0.93869887, 0.89960485, 0.92222667, 0.93486038]), array([0.94523008, 0.98122802, 0.91525105, 0.8740503 , 0.92100513,
       0.87990688, 0.93953705, 0.89547021, 0.91895825, 0.94117173]), array([0.95035319, 0.9828435 , 0.91653673, 0.89290253, 0.91824059,
       0.86854111, 0.9424447 , 0.91390481, 0.91445712, 0.93848446]), array([0.94793269, 0.98016391, 0.91856382, 0.89236673, 0.92557403,
       0.86891903, 0.93913607, 0.89782102, 0.91519896, 0.94580893])]

estim_algorithm = doc-model, mode = classification, metric = auc, confidence_scores = max_class_probability-conf, class_specific = False
test err: [0.062342779176247344, 0.060338988659702074, 0.06049420884380469, 0.06362271518314001, 0.0631408259576846]
estimated metric: [array([0.86098358, 0.86530523, 0.8567716 , 0.8575873 , 0.85833121,
       0.85967056, 0.85999052, 0.86187287, 0.85978029, 0.85952131]), array([0.85995425, 0.8651846 , 0.85676188, 0.85731848, 0.85853563,
       0.85832853, 0.86043746, 0.86029372, 0.85876948, 0.85969947]), array([0.86118548, 0.86591051, 0.85861408, 0.85739908, 0.85889663,
       0.86002405, 0.86179767, 0.86165274, 0.85947094, 0.86191545]), array([0.86013729, 0.86579602, 0.85855676, 0.85731432, 0.85855013,
       0.85868303, 0.86108957, 0.86208823, 0.85964477, 0.86062144]), array([0.86066068, 0.86617222, 0.8577744 , 0.85812587, 0.85811116,
       0.85940024, 0.86007482, 0.86197353, 0.85949603, 0.85828798])]
real metric: [array([0.94977067, 0.98029729, 0.9175457 , 0.88783916, 0.91533335,
       0.87503437, 0.93748813, 0.89587405, 0.91291427, 0.95114529]), array([0.94602146, 0.97831556, 0.91629583, 0.88063499, 0.91612005,
       0.86589471, 0.93869887, 0.89960485, 0.92222667, 0.93486038]), array([0.94523008, 0.98122802, 0.91525105, 0.8740503 , 0.92100513,
       0.87990688, 0.93953705, 0.89547021, 0.91895825, 0.94117173]), array([0.95035319, 0.9828435 , 0.91653673, 0.89290253, 0.91824059,
       0.86854111, 0.9424447 , 0.91390481, 0.91445712, 0.93848446]), array([0.94793269, 0.98016391, 0.91856382, 0.89236673, 0.92557403,
       0.86891903, 0.93913607, 0.89782102, 0.91519896, 0.94580893])]

estim_algorithm = doc-model, mode = classification, metric = auc, confidence_scores = max_class_probability-conf, class_specific = True
test err: [0.038306951325863994, 0.040232462513267744, 0.03998669766378882, 0.03686070333618048, 0.0374891540047456]
estimated metric: [array([0.96899538, 0.98571442, 0.95632508, 0.93862002, 0.9686987 ,
       0.94159861, 0.97329205, 0.96623955, 0.94881215, 0.95801582]), array([0.96810994, 0.98538385, 0.956261  , 0.93837251, 0.96789916,
       0.94034316, 0.97375346, 0.96466413, 0.94795043, 0.95826037]), array([0.96907037, 0.9861437 , 0.95735403, 0.93864938, 0.96842355,
       0.94198744, 0.97501524, 0.96600529, 0.94855113, 0.96047557]), array([0.9681385 , 0.98594572, 0.9572541 , 0.93908185, 0.96776862,
       0.94070157, 0.97425131, 0.96637752, 0.94869967, 0.95909691]), array([0.96870036, 0.98605372, 0.95669128, 0.93912113, 0.96841644,
       0.94149475, 0.97338806, 0.96654263, 0.94905464, 0.95691372])]
real metric: [array([0.94977067, 0.98029729, 0.9175457 , 0.88783916, 0.91533335,
       0.87503437, 0.93748813, 0.89587405, 0.91291427, 0.95114529]), array([0.94602146, 0.97831556, 0.91629583, 0.88063499, 0.91612005,
       0.86589471, 0.93869887, 0.89960485, 0.92222667, 0.93486038]), array([0.94523008, 0.98122802, 0.91525105, 0.8740503 , 0.92100513,
       0.87990688, 0.93953705, 0.89547021, 0.91895825, 0.94117173]), array([0.95035319, 0.9828435 , 0.91653673, 0.89290253, 0.91824059,
       0.86854111, 0.9424447 , 0.91390481, 0.91445712, 0.93848446]), array([0.94793269, 0.98016391, 0.91856382, 0.89236673, 0.92557403,
       0.86891903, 0.93913607, 0.89782102, 0.91519896, 0.94580893])]

estim_algorithm = doc-model, mode = classification, metric = auc, confidence_scores = energy-conf, class_specific = False
test err: [0.03296880233875327, 0.0329061539161851, 0.03358104506942269, 0.03333880482626498, 0.03280605543551255]
estimated metric: [array([0.93131694, 0.95284375, 0.9417081 , 0.94408584, 0.93769221,
       0.95353463, 0.94355864, 0.95289334, 0.9482745 , 0.95520784]), array([0.93125795, 0.95315374, 0.93601271, 0.93684673, 0.93953921,
       0.94905422, 0.94196666, 0.95140406, 0.95116284, 0.95748613]), array([0.92929777, 0.95155704, 0.9389369 , 0.94014117, 0.94104414,
       0.95475884, 0.94709993, 0.94746984, 0.9485412 , 0.95756575]), array([0.93271643, 0.95107118, 0.93894424, 0.94359216, 0.93987652,
       0.95787746, 0.94685877, 0.95569319, 0.95101897, 0.9556297 ]), array([0.93154748, 0.95184651, 0.93916346, 0.94261121, 0.9382784 ,
       0.95690436, 0.9490045 , 0.95181073, 0.95069054, 0.95828333])]
real metric: [array([0.94977067, 0.98029729, 0.9175457 , 0.88783916, 0.91533335,
       0.87503437, 0.93748813, 0.89587405, 0.91291427, 0.95114529]), array([0.94602146, 0.97831556, 0.91629583, 0.88063499, 0.91612005,
       0.86589471, 0.93869887, 0.89960485, 0.92222667, 0.93486038]), array([0.94523008, 0.98122802, 0.91525105, 0.8740503 , 0.92100513,
       0.87990688, 0.93953705, 0.89547021, 0.91895825, 0.94117173]), array([0.95035319, 0.9828435 , 0.91653673, 0.89290253, 0.91824059,
       0.86854111, 0.9424447 , 0.91390481, 0.91445712, 0.93848446]), array([0.94793269, 0.98016391, 0.91856382, 0.89236673, 0.92557403,
       0.86891903, 0.93913607, 0.89782102, 0.91519896, 0.94580893])]

estim_algorithm = doc-model, mode = classification, metric = auc, confidence_scores = energy-conf, class_specific = True
test err: [0.04618648405917294, 0.046613976179831165, 0.05017277422941683, 0.04350078294701787, 0.0459144684824838]
estimated metric: [array([0.98511596, 0.98509048, 0.96652825, 0.9601946 , 0.97619561,
       0.86204213, 0.97752832, 0.97597457, 0.96349543, 0.8953333 ]), array([0.98517595, 0.98518733, 0.96777813, 0.96113804, 0.97738426,
       0.83790794, 0.97769733, 0.9737764 , 0.97336767, 0.96942655]), array([0.98542687, 0.98548519, 0.96888783, 0.96550813, 0.97659891,
       0.91034722, 0.97922745, 0.9756796 , 0.9645885 , 0.8805567 ]), array([0.98525066, 0.98526126, 0.96677438, 0.96261526, 0.97624454,
       0.89316028, 0.97876833, 0.97248411, 0.97030227, 0.89411342]), array([0.98560039, 0.98562725, 0.96770755, 0.96580773, 0.97653267,
       0.93750107, 0.97825374, 0.97658003, 0.96995585, 0.94455427])]
real metric: [array([0.94977067, 0.98029729, 0.9175457 , 0.88783916, 0.91533335,
       0.87503437, 0.93748813, 0.89587405, 0.91291427, 0.95114529]), array([0.94602146, 0.97831556, 0.91629583, 0.88063499, 0.91612005,
       0.86589471, 0.93869887, 0.89960485, 0.92222667, 0.93486038]), array([0.94523008, 0.98122802, 0.91525105, 0.8740503 , 0.92100513,
       0.87990688, 0.93953705, 0.89547021, 0.91895825, 0.94117173]), array([0.95035319, 0.9828435 , 0.91653673, 0.89290253, 0.91824059,
       0.86854111, 0.9424447 , 0.91390481, 0.91445712, 0.93848446]), array([0.94793269, 0.98016391, 0.91856382, 0.89236673, 0.92557403,
       0.86891903, 0.93913607, 0.89782102, 0.91519896, 0.94580893])]

estim_algorithm = doc-model, mode = classification, metric = auc, confidence_scores = entropy-conf, class_specific = False
test err: [0.058226480732082565, 0.05597750884685574, 0.05679799761114218, 0.05942788749824923, 0.05895746038192805]
estimated metric: [array([0.86440901, 0.8699351 , 0.86036698, 0.86148937, 0.86171786,
       0.86468816, 0.86447227, 0.86696346, 0.86341123, 0.86352401]), array([0.86395261, 0.86968111, 0.86048205, 0.86134665, 0.86181834,
       0.86324541, 0.86466645, 0.86605954, 0.86241395, 0.86523218]), array([0.86343779, 0.86983395, 0.86204554, 0.86038032, 0.86185337,
       0.8648843 , 0.86461613, 0.86614131, 0.86377318, 0.86686284]), array([0.86396002, 0.86983353, 0.86252202, 0.86107861, 0.86223121,
       0.86527063, 0.86520732, 0.86616733, 0.86372463, 0.86443457]), array([0.86350303, 0.87131203, 0.86190937, 0.86199995, 0.86133032,
       0.86484178, 0.86418059, 0.86591526, 0.86360705, 0.8633112 ])]
real metric: [array([0.94977067, 0.98029729, 0.9175457 , 0.88783916, 0.91533335,
       0.87503437, 0.93748813, 0.89587405, 0.91291427, 0.95114529]), array([0.94602146, 0.97831556, 0.91629583, 0.88063499, 0.91612005,
       0.86589471, 0.93869887, 0.89960485, 0.92222667, 0.93486038]), array([0.94523008, 0.98122802, 0.91525105, 0.8740503 , 0.92100513,
       0.87990688, 0.93953705, 0.89547021, 0.91895825, 0.94117173]), array([0.95035319, 0.9828435 , 0.91653673, 0.89290253, 0.91824059,
       0.86854111, 0.9424447 , 0.91390481, 0.91445712, 0.93848446]), array([0.94793269, 0.98016391, 0.91856382, 0.89236673, 0.92557403,
       0.86891903, 0.93913607, 0.89782102, 0.91519896, 0.94580893])]

estim_algorithm = doc-model, mode = classification, metric = auc, confidence_scores = entropy-conf, class_specific = True
test err: [0.03689601597271712, 0.039173893828853515, 0.03850326310921638, 0.035575989378093, 0.036069643732533664]
estimated metric: [array([0.96760074, 0.9844471 , 0.95413215, 0.93798115, 0.96729875,
       0.94099412, 0.97167618, 0.96522602, 0.94734555, 0.95550067]), array([0.96746315, 0.98414881, 0.95416619, 0.93788699, 0.9671016 ,
       0.93958966, 0.97176958, 0.96442098, 0.94586395, 0.9580014 ]), array([0.96758468, 0.98493112, 0.95535213, 0.93776546, 0.96643346,
       0.94121655, 0.97245486, 0.96442133, 0.9471487 , 0.95953306]), array([0.96720386, 0.98456187, 0.95519709, 0.93847551, 0.9666493 ,
       0.9416916 , 0.97227086, 0.96434246, 0.94706504, 0.95701105]), array([0.96754578, 0.98475717, 0.95464985, 0.93833769, 0.96686571,
       0.94121957, 0.97137738, 0.96424021, 0.94720643, 0.95598184])]
real metric: [array([0.94977067, 0.98029729, 0.9175457 , 0.88783916, 0.91533335,
       0.87503437, 0.93748813, 0.89587405, 0.91291427, 0.95114529]), array([0.94602146, 0.97831556, 0.91629583, 0.88063499, 0.91612005,
       0.86589471, 0.93869887, 0.89960485, 0.92222667, 0.93486038]), array([0.94523008, 0.98122802, 0.91525105, 0.8740503 , 0.92100513,
       0.87990688, 0.93953705, 0.89547021, 0.91895825, 0.94117173]), array([0.95035319, 0.9828435 , 0.91653673, 0.89290253, 0.91824059,
       0.86854111, 0.9424447 , 0.91390481, 0.91445712, 0.93848446]), array([0.94793269, 0.98016391, 0.91856382, 0.89236673, 0.92557403,
       0.86891903, 0.93913607, 0.89782102, 0.91519896, 0.94580893])]

estim_algorithm = doc-model, mode = classification, metric = auc, confidence_scores = doctor-conf, class_specific = False
test err: [0.07500720764955597, 0.0727665901027513, 0.07342425036080177, 0.07625685718361212, 0.07586601782399094]
estimated metric: [array([0.84790871, 0.85174292, 0.84491261, 0.84469303, 0.84616334,
       0.84762377, 0.84710023, 0.84838766, 0.84724579, 0.84739214]), array([0.84718295, 0.85153626, 0.84479014, 0.84457399, 0.84562258,
       0.84703484, 0.84714639, 0.84971642, 0.846402  , 0.84700191]), array([0.84829733, 0.85215182, 0.84567201, 0.84500814, 0.8457637 ,
       0.84906183, 0.84864047, 0.84836941, 0.84644912, 0.84815238]), array([0.84742342, 0.85216239, 0.84529516, 0.84526948, 0.8459857 ,
       0.84609567, 0.84786805, 0.84859204, 0.84913997, 0.84830829]), array([0.84792772, 0.85257176, 0.84463184, 0.84504651, 0.84597165,
       0.84763612, 0.84744269, 0.84866623, 0.84680635, 0.84612415])]
real metric: [array([0.94977067, 0.98029729, 0.9175457 , 0.88783916, 0.91533335,
       0.87503437, 0.93748813, 0.89587405, 0.91291427, 0.95114529]), array([0.94602146, 0.97831556, 0.91629583, 0.88063499, 0.91612005,
       0.86589471, 0.93869887, 0.89960485, 0.92222667, 0.93486038]), array([0.94523008, 0.98122802, 0.91525105, 0.8740503 , 0.92100513,
       0.87990688, 0.93953705, 0.89547021, 0.91895825, 0.94117173]), array([0.95035319, 0.9828435 , 0.91653673, 0.89290253, 0.91824059,
       0.86854111, 0.9424447 , 0.91390481, 0.91445712, 0.93848446]), array([0.94793269, 0.98016391, 0.91856382, 0.89236673, 0.92557403,
       0.86891903, 0.93913607, 0.89782102, 0.91519896, 0.94580893])]

estim_algorithm = doc-model, mode = classification, metric = auc, confidence_scores = doctor-conf, class_specific = True
test err: [0.0396321029682799, 0.041646885055307434, 0.04104135307144678, 0.03812116397855109, 0.038645900793064715]
estimated metric: [array([0.97001868, 0.9867166 , 0.95837258, 0.94003342, 0.97000644,
       0.94290044, 0.97472309, 0.96740077, 0.95028524, 0.95910605]), array([0.96933344, 0.98658439, 0.9582504 , 0.93990642, 0.96932386,
       0.94221941, 0.97472012, 0.96689743, 0.9493848 , 0.95852197]), array([0.97025102, 0.98700792, 0.95913014, 0.94030073, 0.96951368,
       0.94281353, 0.97626685, 0.96736878, 0.94964239, 0.95992721]), array([0.96972667, 0.98708691, 0.9587911 , 0.94054898, 0.96977045,
       0.94132527, 0.97538226, 0.96750642, 0.94973413, 0.96004819]), array([0.9699815 , 0.98707659, 0.95815053, 0.9403302 , 0.96972449,
       0.94283902, 0.97503128, 0.96717453, 0.94978084, 0.95785522])]
real metric: [array([0.94977067, 0.98029729, 0.9175457 , 0.88783916, 0.91533335,
       0.87503437, 0.93748813, 0.89587405, 0.91291427, 0.95114529]), array([0.94602146, 0.97831556, 0.91629583, 0.88063499, 0.91612005,
       0.86589471, 0.93869887, 0.89960485, 0.92222667, 0.93486038]), array([0.94523008, 0.98122802, 0.91525105, 0.8740503 , 0.92100513,
       0.87990688, 0.93953705, 0.89547021, 0.91895825, 0.94117173]), array([0.95035319, 0.9828435 , 0.91653673, 0.89290253, 0.91824059,
       0.86854111, 0.9424447 , 0.91390481, 0.91445712, 0.93848446]), array([0.94793269, 0.98016391, 0.91856382, 0.89236673, 0.92557403,
       0.86891903, 0.93913607, 0.89782102, 0.91519896, 0.94580893])]

