estim_algorithm = ac-model, mode = classification, metric = sensitivity, confidence_scores = max_class_probability-conf, class_specific = False
test err: [0.31765074683269096, 0.3131329220119563, 0.3236424794622851, 0.29997231254745066, 0.3183753470756925]
estimated metric: [array([0.82207502, 0.92042252, 0.79309544, 0.79524306, 0.81453124,
       0.8274865 , 0.84672343, 0.88650622, 0.81426294, 0.86471125]), array([0.82000371, 0.92439089, 0.79200859, 0.81548726, 0.81066106,
       0.82957981, 0.85212951, 0.85777576, 0.79868621, 0.85947484]), array([0.82512101, 0.91293984, 0.79003688, 0.80108833, 0.80936553,
       0.82570543, 0.85736674, 0.85669042, 0.81643135, 0.86773125]), array([0.83253194, 0.92037943, 0.79875338, 0.81297969, 0.81969337,
       0.78368837, 0.84604517, 0.86446608, 0.79553768, 0.85621474]), array([0.81902266, 0.91767089, 0.80120275, 0.8006406 , 0.81910319,
       0.81523583, 0.85160327, 0.85021907, 0.8368826 , 0.85659456])]
real metric: [array([0.57313433, 0.92372881, 0.68405797, 0.50343879, 0.66051136,
       0.1488764 , 0.82535211, 0.26676602, 0.30212766, 0.32716927]), array([0.59517045, 0.91172414, 0.66480447, 0.5056338 , 0.64245014,
       0.16363636, 0.8057554 , 0.30823864, 0.31683168, 0.31462334]), array([0.59253731, 0.92672999, 0.64619883, 0.51988636, 0.629683  ,
       0.1292517 , 0.83586207, 0.28309859, 0.28744327, 0.30294118]), array([0.62      , 0.91919192, 0.68831169, 0.52986217, 0.69333333,
       0.14557823, 0.84487535, 0.30536451, 0.30510949, 0.27894003]), array([0.60646109, 0.91393443, 0.67944785, 0.4935806 , 0.63034483,
       0.13788301, 0.82748948, 0.30014025, 0.29124821, 0.30389222])]

estim_algorithm = ac-model, mode = classification, metric = sensitivity, confidence_scores = energy-conf, class_specific = False
test err: [0.3199299496447873, 0.3205538654221015, 0.31374337028381927, 0.32842116539096744, 0.31717018356142124]
estimated metric: [array([0.15059916, 0.32184941, 0.17496232, 0.18396844, 0.19405499,
       0.22074742, 0.21312389, 0.24546211, 0.18120978, 0.27362775]), array([0.14581412, 0.32116475, 0.17513735, 0.19250931, 0.19522755,
       0.22160961, 0.21975575, 0.23301876, 0.17026758, 0.26477147]), array([0.15258206, 0.3182631 , 0.16909578, 0.18448932, 0.19788166,
       0.19317082, 0.21952368, 0.24617013, 0.18416549, 0.27869479]), array([0.15925045, 0.32055002, 0.17205972, 0.18731835, 0.19626071,
       0.19211005, 0.21733973, 0.25105776, 0.17201663, 0.27145527]), array([0.14607236, 0.32407472, 0.17237769, 0.18267014, 0.20209717,
       0.20326891, 0.21780562, 0.2451311 , 0.1775401 , 0.27245413])]
real metric: [array([0.57313433, 0.92372881, 0.68405797, 0.50343879, 0.66051136,
       0.1488764 , 0.82535211, 0.26676602, 0.30212766, 0.32716927]), array([0.59517045, 0.91172414, 0.66480447, 0.5056338 , 0.64245014,
       0.16363636, 0.8057554 , 0.30823864, 0.31683168, 0.31462334]), array([0.59253731, 0.92672999, 0.64619883, 0.51988636, 0.629683  ,
       0.1292517 , 0.83586207, 0.28309859, 0.28744327, 0.30294118]), array([0.62      , 0.91919192, 0.68831169, 0.52986217, 0.69333333,
       0.14557823, 0.84487535, 0.30536451, 0.30510949, 0.27894003]), array([0.60646109, 0.91393443, 0.67944785, 0.4935806 , 0.63034483,
       0.13788301, 0.82748948, 0.30014025, 0.29124821, 0.30389222])]

estim_algorithm = ac-model, mode = classification, metric = sensitivity, confidence_scores = entropy-conf, class_specific = False
test err: [0.29465137024775256, 0.28658951876399535, 0.30016310505407184, 0.2826400071676781, 0.2945363592451383]
estimated metric: [array([0.77975295, 0.90165363, 0.76349307, 0.76355364, 0.78613891,
       0.80184728, 0.81663488, 0.86198625, 0.78088264, 0.84414836]), array([0.78122078, 0.9069612 , 0.76070835, 0.78723926, 0.78353642,
       0.81082185, 0.82329899, 0.82895614, 0.76498241, 0.83751233]), array([0.78547193, 0.89611978, 0.76151501, 0.7722633 , 0.7832436 ,
       0.78820644, 0.82779446, 0.82968304, 0.78953584, 0.84407432]), array([0.79587249, 0.90301628, 0.77090318, 0.78367055, 0.79159177,
       0.76419212, 0.81969557, 0.84332925, 0.76643048, 0.83555426]), array([0.77567467, 0.90005399, 0.77023304, 0.77013894, 0.79331332,
       0.79376104, 0.82566504, 0.83314925, 0.79985283, 0.83653366])]
real metric: [array([0.57313433, 0.92372881, 0.68405797, 0.50343879, 0.66051136,
       0.1488764 , 0.82535211, 0.26676602, 0.30212766, 0.32716927]), array([0.59517045, 0.91172414, 0.66480447, 0.5056338 , 0.64245014,
       0.16363636, 0.8057554 , 0.30823864, 0.31683168, 0.31462334]), array([0.59253731, 0.92672999, 0.64619883, 0.51988636, 0.629683  ,
       0.1292517 , 0.83586207, 0.28309859, 0.28744327, 0.30294118]), array([0.62      , 0.91919192, 0.68831169, 0.52986217, 0.69333333,
       0.14557823, 0.84487535, 0.30536451, 0.30510949, 0.27894003]), array([0.60646109, 0.91393443, 0.67944785, 0.4935806 , 0.63034483,
       0.13788301, 0.82748948, 0.30014025, 0.29124821, 0.30389222])]

estim_algorithm = ac-model, mode = classification, metric = sensitivity, confidence_scores = doctor-conf, class_specific = False
test err: [0.35508185486868205, 0.35229974881349696, 0.3604474521484316, 0.3401987002745945, 0.3596940268949925]
estimated metric: [array([0.8559894 , 0.93716951, 0.83813575, 0.84292086, 0.85793778,
       0.86942617, 0.88523983, 0.91824319, 0.85393212, 0.90698668]), array([0.85310291, 0.94277419, 0.83852871, 0.8621449 , 0.8530315 ,
       0.87950853, 0.89048741, 0.89344698, 0.84263447, 0.89620629]), array([0.86096996, 0.93303759, 0.83852975, 0.85012916, 0.8563283 ,
       0.86865284, 0.8910549 , 0.88911728, 0.86083242, 0.90945462]), array([0.86853961, 0.93744504, 0.8465393 , 0.86113097, 0.86146585,
       0.84126891, 0.88343291, 0.89759509, 0.83898412, 0.89615194]), array([0.85249418, 0.93757354, 0.85265092, 0.85190308, 0.86247819,
       0.86417345, 0.88931219, 0.89210103, 0.88055294, 0.8981227 ])]
real metric: [array([0.57313433, 0.92372881, 0.68405797, 0.50343879, 0.66051136,
       0.1488764 , 0.82535211, 0.26676602, 0.30212766, 0.32716927]), array([0.59517045, 0.91172414, 0.66480447, 0.5056338 , 0.64245014,
       0.16363636, 0.8057554 , 0.30823864, 0.31683168, 0.31462334]), array([0.59253731, 0.92672999, 0.64619883, 0.51988636, 0.629683  ,
       0.1292517 , 0.83586207, 0.28309859, 0.28744327, 0.30294118]), array([0.62      , 0.91919192, 0.68831169, 0.52986217, 0.69333333,
       0.14557823, 0.84487535, 0.30536451, 0.30510949, 0.27894003]), array([0.60646109, 0.91393443, 0.67944785, 0.4935806 , 0.63034483,
       0.13788301, 0.82748948, 0.30014025, 0.29124821, 0.30389222])]

estim_algorithm = ts-model, mode = classification, metric = sensitivity, confidence_scores = max_class_probability-conf, class_specific = False
test err: [0.2106329327156103, 0.19393270349551836, 0.20857471581565762, 0.2129319032757031, 0.20600576842001886]
estimated metric: [array([0.49889108, 0.71883559, 0.49793067, 0.49484614, 0.52425041,
       0.54420096, 0.56021134, 0.60498203, 0.52062173, 0.60620581]), array([0.49101096, 0.72135923, 0.494925  , 0.51578611, 0.52403161,
       0.54422067, 0.57093839, 0.57460854, 0.49688883, 0.59914731]), array([0.50163054, 0.71260427, 0.49056245, 0.49797791, 0.52350887,
       0.51159694, 0.57488245, 0.58953114, 0.52546028, 0.61216246]), array([0.51332748, 0.7223738 , 0.49688018, 0.50618996, 0.52931916,
       0.49629524, 0.56541793, 0.60088333, 0.50179094, 0.60327583]), array([0.48949394, 0.71809087, 0.49223806, 0.49638396, 0.53337046,
       0.52569024, 0.5683569 , 0.58596994, 0.51887481, 0.60375557])]
real metric: [array([0.57313433, 0.92372881, 0.68405797, 0.50343879, 0.66051136,
       0.1488764 , 0.82535211, 0.26676602, 0.30212766, 0.32716927]), array([0.59517045, 0.91172414, 0.66480447, 0.5056338 , 0.64245014,
       0.16363636, 0.8057554 , 0.30823864, 0.31683168, 0.31462334]), array([0.59253731, 0.92672999, 0.64619883, 0.51988636, 0.629683  ,
       0.1292517 , 0.83586207, 0.28309859, 0.28744327, 0.30294118]), array([0.62      , 0.91919192, 0.68831169, 0.52986217, 0.69333333,
       0.14557823, 0.84487535, 0.30536451, 0.30510949, 0.27894003]), array([0.60646109, 0.91393443, 0.67944785, 0.4935806 , 0.63034483,
       0.13788301, 0.82748948, 0.30014025, 0.29124821, 0.30389222])]

estim_algorithm = ts-model, mode = classification, metric = sensitivity, confidence_scores = max_class_probability-conf, class_specific = True
test err: [0.13971902609290968, 0.13496688462792797, 0.13831948980362524, 0.13377061337080082, 0.13782762634810877]
estimated metric: [array([0.87796012, 0.96296473, 0.6828165 , 0.65874505, 0.67704982,
       0.45058815, 0.55418923, 0.52791643, 0.2682009 , 0.33925982]), array([0.8733207 , 0.96532392, 0.67926785, 0.68407305, 0.67499104,
       0.4488307 , 0.56489582, 0.50050748, 0.25960614, 0.33155034]), array([0.87962465, 0.95650057, 0.67821387, 0.66515616, 0.67328541,
       0.41930549, 0.56871685, 0.51777979, 0.27105494, 0.34012238]), array([0.88367283, 0.96135697, 0.68781152, 0.67738603, 0.68323063,
       0.40907176, 0.5593641 , 0.52567972, 0.26130262, 0.3395547 ]), array([0.87574313, 0.96091605, 0.68517158, 0.66375559, 0.68571229,
       0.43043326, 0.5621951 , 0.51344784, 0.26543146, 0.33766968])]
real metric: [array([0.57313433, 0.92372881, 0.68405797, 0.50343879, 0.66051136,
       0.1488764 , 0.82535211, 0.26676602, 0.30212766, 0.32716927]), array([0.59517045, 0.91172414, 0.66480447, 0.5056338 , 0.64245014,
       0.16363636, 0.8057554 , 0.30823864, 0.31683168, 0.31462334]), array([0.59253731, 0.92672999, 0.64619883, 0.51988636, 0.629683  ,
       0.1292517 , 0.83586207, 0.28309859, 0.28744327, 0.30294118]), array([0.62      , 0.91919192, 0.68831169, 0.52986217, 0.69333333,
       0.14557823, 0.84487535, 0.30536451, 0.30510949, 0.27894003]), array([0.60646109, 0.91393443, 0.67944785, 0.4935806 , 0.63034483,
       0.13788301, 0.82748948, 0.30014025, 0.29124821, 0.30389222])]

estim_algorithm = ts-model, mode = classification, metric = sensitivity, confidence_scores = energy-conf, class_specific = False
test err: [0.29930555871314696, 0.29855883693700813, 0.29236812923770367, 0.3100831843846636, 0.2951165412636332]
estimated metric: [array([0.17998016, 0.34837212, 0.2019019 , 0.21068007, 0.2212423 ,
       0.24735061, 0.24109414, 0.27395889, 0.20893076, 0.29993034]), array([0.17522743, 0.34798677, 0.20205388, 0.21990207, 0.22206616,
       0.24844986, 0.2477489 , 0.26061882, 0.19777194, 0.29108121]), array([0.18209176, 0.34460595, 0.19613564, 0.21148739, 0.22467053,
       0.22108623, 0.24770339, 0.2731108 , 0.21186363, 0.30501761]), array([0.18880012, 0.34707529, 0.1994255 , 0.21486262, 0.22357157,
       0.21797074, 0.24503763, 0.27805268, 0.19914005, 0.29729635]), array([0.17551412, 0.35042854, 0.19999985, 0.20986436, 0.22910706,
       0.23016288, 0.2457791 , 0.2717865 , 0.2068448 , 0.29832908])]
real metric: [array([0.57313433, 0.92372881, 0.68405797, 0.50343879, 0.66051136,
       0.1488764 , 0.82535211, 0.26676602, 0.30212766, 0.32716927]), array([0.59517045, 0.91172414, 0.66480447, 0.5056338 , 0.64245014,
       0.16363636, 0.8057554 , 0.30823864, 0.31683168, 0.31462334]), array([0.59253731, 0.92672999, 0.64619883, 0.51988636, 0.629683  ,
       0.1292517 , 0.83586207, 0.28309859, 0.28744327, 0.30294118]), array([0.62      , 0.91919192, 0.68831169, 0.52986217, 0.69333333,
       0.14557823, 0.84487535, 0.30536451, 0.30510949, 0.27894003]), array([0.60646109, 0.91393443, 0.67944785, 0.4935806 , 0.63034483,
       0.13788301, 0.82748948, 0.30014025, 0.29124821, 0.30389222])]

estim_algorithm = ts-model, mode = classification, metric = sensitivity, confidence_scores = energy-conf, class_specific = True
test err: [0.254322127433182, 0.2511849207524182, 0.24331988010468483, 0.2524675889428343, 0.2506054165477411]
estimated metric: [array([0.94783773, 0.96939256, 0.34304291, 0.77642327, 0.30191424,
       0.19779744, 0.24751738, 0.20646318, 0.06950082, 0.09659727]), array([0.9477473 , 0.9693359 , 0.34317066, 0.77655999, 0.30210998,
       0.19761496, 0.24816818, 0.20557911, 0.06577382, 0.0911461 ]), array([0.94788281, 0.96935666, 0.34252591, 0.77637949, 0.3024861 ,
       0.1932737 , 0.24801708, 0.20777849, 0.07040131, 0.09930653]), array([0.94801592, 0.96925385, 0.34271242, 0.77643298, 0.30201416,
       0.19330168, 0.24802294, 0.20809476, 0.06630098, 0.09648536]), array([0.9477851 , 0.9695072 , 0.34298397, 0.77629908, 0.30284012,
       0.19468614, 0.24801412, 0.20742545, 0.06767937, 0.09398403])]
real metric: [array([0.57313433, 0.92372881, 0.68405797, 0.50343879, 0.66051136,
       0.1488764 , 0.82535211, 0.26676602, 0.30212766, 0.32716927]), array([0.59517045, 0.91172414, 0.66480447, 0.5056338 , 0.64245014,
       0.16363636, 0.8057554 , 0.30823864, 0.31683168, 0.31462334]), array([0.59253731, 0.92672999, 0.64619883, 0.51988636, 0.629683  ,
       0.1292517 , 0.83586207, 0.28309859, 0.28744327, 0.30294118]), array([0.62      , 0.91919192, 0.68831169, 0.52986217, 0.69333333,
       0.14557823, 0.84487535, 0.30536451, 0.30510949, 0.27894003]), array([0.60646109, 0.91393443, 0.67944785, 0.4935806 , 0.63034483,
       0.13788301, 0.82748948, 0.30014025, 0.29124821, 0.30389222])]

estim_algorithm = ts-model, mode = classification, metric = sensitivity, confidence_scores = entropy-conf, class_specific = False
test err: [0.21852959306075476, 0.19965142714335762, 0.21587829192651675, 0.22013669226759616, 0.21353954973838815]
estimated metric: [array([0.45337158, 0.70353701, 0.47669155, 0.47693632, 0.50681113,
       0.53624127, 0.54111012, 0.58889475, 0.49229224, 0.60104135]), array([0.4458534 , 0.70659886, 0.47425005, 0.50069862, 0.50595931,
       0.54274056, 0.55421364, 0.56045245, 0.4648177 , 0.59386905]), array([0.45829961, 0.69731824, 0.46758895, 0.48094338, 0.50847944,
       0.49158975, 0.55630636, 0.57633516, 0.49755479, 0.61407638]), array([0.47172738, 0.7080073 , 0.4745588 , 0.49019884, 0.51026067,
       0.48958905, 0.5495944 , 0.59151397, 0.47147833, 0.59255076]), array([0.44252864, 0.70300641, 0.47024721, 0.47926829, 0.51751113,
       0.51466693, 0.55150195, 0.57820144, 0.48752947, 0.60096669])]
real metric: [array([0.57313433, 0.92372881, 0.68405797, 0.50343879, 0.66051136,
       0.1488764 , 0.82535211, 0.26676602, 0.30212766, 0.32716927]), array([0.59517045, 0.91172414, 0.66480447, 0.5056338 , 0.64245014,
       0.16363636, 0.8057554 , 0.30823864, 0.31683168, 0.31462334]), array([0.59253731, 0.92672999, 0.64619883, 0.51988636, 0.629683  ,
       0.1292517 , 0.83586207, 0.28309859, 0.28744327, 0.30294118]), array([0.62      , 0.91919192, 0.68831169, 0.52986217, 0.69333333,
       0.14557823, 0.84487535, 0.30536451, 0.30510949, 0.27894003]), array([0.60646109, 0.91393443, 0.67944785, 0.4935806 , 0.63034483,
       0.13788301, 0.82748948, 0.30014025, 0.29124821, 0.30389222])]

estim_algorithm = ts-model, mode = classification, metric = sensitivity, confidence_scores = entropy-conf, class_specific = True
test err: [0.1468930801577484, 0.14140121156463276, 0.13857469095318145, 0.13368126564846053, 0.14031876608481536]
estimated metric: [array([0.87293537, 0.95854979, 0.67806522, 0.65751796, 0.67538867,
       0.42719802, 0.53800178, 0.51718743, 0.20149419, 0.28453654]), array([0.87038904, 0.96105573, 0.67443795, 0.68467953, 0.67294841,
       0.42974251, 0.55110873, 0.4913093 , 0.18779162, 0.27720242]), array([0.87578663, 0.95353836, 0.67370663, 0.66557757, 0.67398692,
       0.38250497, 0.55315584, 0.51013083, 0.20445833, 0.29073156]), array([0.88172719, 0.95816829, 0.68360188, 0.67796859, 0.68027154,
       0.3823401 , 0.54647673, 0.52242143, 0.19118987, 0.28303408]), array([0.87048578, 0.95735333, 0.68012294, 0.66412797, 0.68529837,
       0.40067575, 0.54832037, 0.51063276, 0.19383989, 0.28418682])]
real metric: [array([0.57313433, 0.92372881, 0.68405797, 0.50343879, 0.66051136,
       0.1488764 , 0.82535211, 0.26676602, 0.30212766, 0.32716927]), array([0.59517045, 0.91172414, 0.66480447, 0.5056338 , 0.64245014,
       0.16363636, 0.8057554 , 0.30823864, 0.31683168, 0.31462334]), array([0.59253731, 0.92672999, 0.64619883, 0.51988636, 0.629683  ,
       0.1292517 , 0.83586207, 0.28309859, 0.28744327, 0.30294118]), array([0.62      , 0.91919192, 0.68831169, 0.52986217, 0.69333333,
       0.14557823, 0.84487535, 0.30536451, 0.30510949, 0.27894003]), array([0.60646109, 0.91393443, 0.67944785, 0.4935806 , 0.63034483,
       0.13788301, 0.82748948, 0.30014025, 0.29124821, 0.30389222])]

estim_algorithm = ts-model, mode = classification, metric = sensitivity, confidence_scores = doctor-conf, class_specific = False
test err: [0.2238186455312586, 0.20662758570176437, 0.22165756072756992, 0.2253173477386261, 0.21902470522239867]
estimated metric: [array([0.42345965, 0.67852598, 0.47518233, 0.48588712, 0.50870284,
       0.55143468, 0.53901521, 0.58790394, 0.47781694, 0.60651999]), array([0.41764135, 0.68221   , 0.47431283, 0.50998488, 0.50726168,
       0.5641027 , 0.55254507, 0.56551186, 0.44977525, 0.59993132]), array([0.42970073, 0.67242095, 0.46525793, 0.49028004, 0.51268547,
       0.50287927, 0.55322938, 0.57989524, 0.48264602, 0.62656675]), array([0.44379149, 0.68237691, 0.47241979, 0.50084782, 0.51051991,
       0.50641181, 0.5498472 , 0.59679251, 0.45691823, 0.59227184]), array([0.41318146, 0.67844333, 0.47117528, 0.48834538, 0.52021402,
       0.5278923 , 0.5503019 , 0.58518568, 0.47434587, 0.60638999])]
real metric: [array([0.57313433, 0.92372881, 0.68405797, 0.50343879, 0.66051136,
       0.1488764 , 0.82535211, 0.26676602, 0.30212766, 0.32716927]), array([0.59517045, 0.91172414, 0.66480447, 0.5056338 , 0.64245014,
       0.16363636, 0.8057554 , 0.30823864, 0.31683168, 0.31462334]), array([0.59253731, 0.92672999, 0.64619883, 0.51988636, 0.629683  ,
       0.1292517 , 0.83586207, 0.28309859, 0.28744327, 0.30294118]), array([0.62      , 0.91919192, 0.68831169, 0.52986217, 0.69333333,
       0.14557823, 0.84487535, 0.30536451, 0.30510949, 0.27894003]), array([0.60646109, 0.91393443, 0.67944785, 0.4935806 , 0.63034483,
       0.13788301, 0.82748948, 0.30014025, 0.29124821, 0.30389222])]

estim_algorithm = ts-model, mode = classification, metric = sensitivity, confidence_scores = doctor-conf, class_specific = True
test err: [0.15241940435547327, 0.14964180709457367, 0.14568136201413362, 0.13791252892845676, 0.14768604782977088]
estimated metric: [array([0.85680185, 0.95046168, 0.68749646, 0.67055627, 0.68438835,
       0.4302368 , 0.53815497, 0.51262733, 0.17152231, 0.25283276]), array([0.85824082, 0.95429333, 0.68609678, 0.69539396, 0.68160106,
       0.43713981, 0.55132818, 0.49266095, 0.15479711, 0.24843575]), array([0.86252962, 0.94778622, 0.68208126, 0.67760338, 0.68589863,
       0.38147064, 0.55192308, 0.50975599, 0.17329692, 0.26395284]), array([0.86954754, 0.95110765, 0.69039024, 0.68953397, 0.68627606,
       0.38464677, 0.54867967, 0.52431642, 0.15855739, 0.25085384]), array([0.85447201, 0.95039998, 0.68974377, 0.67678368, 0.69387808,
       0.40240835, 0.54897821, 0.51361109, 0.1617646 , 0.25453152])]
real metric: [array([0.57313433, 0.92372881, 0.68405797, 0.50343879, 0.66051136,
       0.1488764 , 0.82535211, 0.26676602, 0.30212766, 0.32716927]), array([0.59517045, 0.91172414, 0.66480447, 0.5056338 , 0.64245014,
       0.16363636, 0.8057554 , 0.30823864, 0.31683168, 0.31462334]), array([0.59253731, 0.92672999, 0.64619883, 0.51988636, 0.629683  ,
       0.1292517 , 0.83586207, 0.28309859, 0.28744327, 0.30294118]), array([0.62      , 0.91919192, 0.68831169, 0.52986217, 0.69333333,
       0.14557823, 0.84487535, 0.30536451, 0.30510949, 0.27894003]), array([0.60646109, 0.91393443, 0.67944785, 0.4935806 , 0.63034483,
       0.13788301, 0.82748948, 0.30014025, 0.29124821, 0.30389222])]

estim_algorithm = doc-model, mode = classification, metric = sensitivity, confidence_scores = max_class_probability-conf, class_specific = False
test err: [0.21879016954539346, 0.20026689555752575, 0.21266248297534956, 0.21016599880224077, 0.20872592476551222]
estimated metric: [array([0.61220077, 0.71054827, 0.58322119, 0.58536882, 0.60465699,
       0.61761227, 0.63684919, 0.67663199, 0.6043887 , 0.65483701]), array([0.61012947, 0.71451664, 0.58213434, 0.60561302, 0.60078682,
       0.61970558, 0.64225526, 0.64790152, 0.58881197, 0.6496006 ]), array([0.61524677, 0.7030666 , 0.58016263, 0.59121409, 0.59949128,
       0.6158312 , 0.64749249, 0.64681618, 0.60655711, 0.65785702]), array([0.62266113, 0.71050519, 0.58887913, 0.60310544, 0.60981912,
       0.57381414, 0.63617092, 0.65459184, 0.58566344, 0.64634051]), array([0.60914842, 0.70781539, 0.5913285 , 0.59076635, 0.60922894,
       0.6053616 , 0.64172903, 0.64034483, 0.62700836, 0.64672032])]
real metric: [array([0.57313433, 0.92372881, 0.68405797, 0.50343879, 0.66051136,
       0.1488764 , 0.82535211, 0.26676602, 0.30212766, 0.32716927]), array([0.59517045, 0.91172414, 0.66480447, 0.5056338 , 0.64245014,
       0.16363636, 0.8057554 , 0.30823864, 0.31683168, 0.31462334]), array([0.59253731, 0.92672999, 0.64619883, 0.51988636, 0.629683  ,
       0.1292517 , 0.83586207, 0.28309859, 0.28744327, 0.30294118]), array([0.62      , 0.91919192, 0.68831169, 0.52986217, 0.69333333,
       0.14557823, 0.84487535, 0.30536451, 0.30510949, 0.27894003]), array([0.60646109, 0.91393443, 0.67944785, 0.4935806 , 0.63034483,
       0.13788301, 0.82748948, 0.30014025, 0.29124821, 0.30389222])]

estim_algorithm = doc-model, mode = classification, metric = sensitivity, confidence_scores = max_class_probability-conf, class_specific = True
test err: [0.15851891706582014, 0.15442632018505198, 0.16256681541060597, 0.14793655813280232, 0.1593194257790372]
estimated metric: [array([0.86971067, 0.95719186, 0.7231686 , 0.69036273, 0.71945763,
       0.52774454, 0.61789033, 0.56873948, 0.3097606 , 0.40140189]), array([0.8678581 , 0.96010144, 0.72208176, 0.71060693, 0.71558746,
       0.52952199, 0.62329641, 0.54013615, 0.29326522, 0.39862527]), array([0.87213974, 0.95138764, 0.72011004, 0.696208  , 0.71429193,
       0.52549556, 0.62853364, 0.53902309, 0.31289027, 0.40456368]), array([0.87789293, 0.95669484, 0.72882654, 0.70809936, 0.72461976,
       0.48347849, 0.61722006, 0.54686947, 0.29320645, 0.39390774]), array([0.86770093, 0.95570851, 0.73127591, 0.69576027, 0.72402958,
       0.51502595, 0.62277017, 0.53250796, 0.32835185, 0.39504645])]
real metric: [array([0.57313433, 0.92372881, 0.68405797, 0.50343879, 0.66051136,
       0.1488764 , 0.82535211, 0.26676602, 0.30212766, 0.32716927]), array([0.59517045, 0.91172414, 0.66480447, 0.5056338 , 0.64245014,
       0.16363636, 0.8057554 , 0.30823864, 0.31683168, 0.31462334]), array([0.59253731, 0.92672999, 0.64619883, 0.51988636, 0.629683  ,
       0.1292517 , 0.83586207, 0.28309859, 0.28744327, 0.30294118]), array([0.62      , 0.91919192, 0.68831169, 0.52986217, 0.69333333,
       0.14557823, 0.84487535, 0.30536451, 0.30510949, 0.27894003]), array([0.60646109, 0.91393443, 0.67944785, 0.4935806 , 0.63034483,
       0.13788301, 0.82748948, 0.30014025, 0.29124821, 0.30389222])]

estim_algorithm = doc-model, mode = classification, metric = sensitivity, confidence_scores = energy-conf, class_specific = False
test err: [0.2169897771617582, 0.20385955647815823, 0.21396039453545415, 0.2207068702821627, 0.215519937843686]
estimated metric: [array([0.53208442, 0.69266311, 0.55631704, 0.56525482, 0.57545175,
       0.6023089 , 0.59428907, 0.62465185, 0.56286813, 0.64721303]), array([0.52747248, 0.69389713, 0.55649964, 0.57400014, 0.57608465,
       0.60308412, 0.60096073, 0.61255676, 0.55076349, 0.64216491]), array([0.53368369, 0.6901896 , 0.55075409, 0.56596084, 0.578724  ,
       0.57428643, 0.60077709, 0.62621473, 0.56576149, 0.65311883]), array([0.540702  , 0.69380176, 0.55355732, 0.56882062, 0.57738863,
       0.57376838, 0.59859835, 0.63187369, 0.55355461, 0.64224161]), array([0.52757385, 0.69415437, 0.55365949, 0.56396899, 0.58247728,
       0.58492724, 0.59864625, 0.62678945, 0.5586182 , 0.64647334])]
real metric: [array([0.57313433, 0.92372881, 0.68405797, 0.50343879, 0.66051136,
       0.1488764 , 0.82535211, 0.26676602, 0.30212766, 0.32716927]), array([0.59517045, 0.91172414, 0.66480447, 0.5056338 , 0.64245014,
       0.16363636, 0.8057554 , 0.30823864, 0.31683168, 0.31462334]), array([0.59253731, 0.92672999, 0.64619883, 0.51988636, 0.629683  ,
       0.1292517 , 0.83586207, 0.28309859, 0.28744327, 0.30294118]), array([0.62      , 0.91919192, 0.68831169, 0.52986217, 0.69333333,
       0.14557823, 0.84487535, 0.30536451, 0.30510949, 0.27894003]), array([0.60646109, 0.91393443, 0.67944785, 0.4935806 , 0.63034483,
       0.13788301, 0.82748948, 0.30014025, 0.29124821, 0.30389222])]

estim_algorithm = doc-model, mode = classification, metric = sensitivity, confidence_scores = energy-conf, class_specific = True
test err: [0.15660964410718478, 0.15281085878523956, 0.15286275388294096, 0.14097167264376503, 0.15145556993028234]
estimated metric: [array([0.85196225, 0.93788895, 0.73180376, 0.7147066 , 0.72706603,
       0.4836549 , 0.59504992, 0.53360734, 0.22514097, 0.28853784]), array([0.84978102, 0.93955674, 0.7316087 , 0.72426377, 0.72705548,
       0.48451709, 0.60172228, 0.52143944, 0.21419877, 0.27974502]), array([0.85383755, 0.93604723, 0.72646725, 0.71631173, 0.72929067,
       0.4560783 , 0.6015384 , 0.5349672 , 0.22809668, 0.29359803]), array([0.85863642, 0.93938243, 0.72893441, 0.71918743, 0.72807344,
       0.45501754, 0.59936168, 0.54003514, 0.21594782, 0.28635648]), array([0.84860867, 0.93715822, 0.72856869, 0.71439853, 0.73289398,
       0.46617639, 0.59940673, 0.53421905, 0.22147129, 0.28742767])]
real metric: [array([0.57313433, 0.92372881, 0.68405797, 0.50343879, 0.66051136,
       0.1488764 , 0.82535211, 0.26676602, 0.30212766, 0.32716927]), array([0.59517045, 0.91172414, 0.66480447, 0.5056338 , 0.64245014,
       0.16363636, 0.8057554 , 0.30823864, 0.31683168, 0.31462334]), array([0.59253731, 0.92672999, 0.64619883, 0.51988636, 0.629683  ,
       0.1292517 , 0.83586207, 0.28309859, 0.28744327, 0.30294118]), array([0.62      , 0.91919192, 0.68831169, 0.52986217, 0.69333333,
       0.14557823, 0.84487535, 0.30536451, 0.30510949, 0.27894003]), array([0.60646109, 0.91393443, 0.67944785, 0.4935806 , 0.63034483,
       0.13788301, 0.82748948, 0.30014025, 0.29124821, 0.30389222])]

estim_algorithm = doc-model, mode = classification, metric = sensitivity, confidence_scores = entropy-conf, class_specific = False
test err: [0.2144914207314607, 0.19844553024246095, 0.207790129342515, 0.2112947772412747, 0.20992982529855903]
estimated metric: [array([0.58405548, 0.70588947, 0.56776017, 0.56780811, 0.59037475,
       0.60608314, 0.62087072, 0.6662221 , 0.58511849, 0.64838421]), array([0.58554554, 0.71121849, 0.56509016, 0.59147511, 0.58778769,
       0.6150577 , 0.62753483, 0.63319199, 0.56921826, 0.64174818]), array([0.58970777, 0.7004203 , 0.56575257, 0.57650255, 0.58747944,
       0.5924423 , 0.63207431, 0.63391888, 0.59377169, 0.64831017]), array([0.60020037, 0.70725212, 0.57514131, 0.58790796, 0.59582761,
       0.56842797, 0.62395073, 0.64766969, 0.57066633, 0.6397901 ]), array([0.57994168, 0.70438577, 0.57447275, 0.57442548, 0.59759972,
       0.59799689, 0.62990088, 0.6373851 , 0.60408868, 0.64076951])]
real metric: [array([0.57313433, 0.92372881, 0.68405797, 0.50343879, 0.66051136,
       0.1488764 , 0.82535211, 0.26676602, 0.30212766, 0.32716927]), array([0.59517045, 0.91172414, 0.66480447, 0.5056338 , 0.64245014,
       0.16363636, 0.8057554 , 0.30823864, 0.31683168, 0.31462334]), array([0.59253731, 0.92672999, 0.64619883, 0.51988636, 0.629683  ,
       0.1292517 , 0.83586207, 0.28309859, 0.28744327, 0.30294118]), array([0.62      , 0.91919192, 0.68831169, 0.52986217, 0.69333333,
       0.14557823, 0.84487535, 0.30536451, 0.30510949, 0.27894003]), array([0.60646109, 0.91393443, 0.67944785, 0.4935806 , 0.63034483,
       0.13788301, 0.82748948, 0.30014025, 0.29124821, 0.30389222])]

estim_algorithm = doc-model, mode = classification, metric = sensitivity, confidence_scores = entropy-conf, class_specific = True
test err: [0.15061785729939128, 0.14887244877367878, 0.15148615684928457, 0.14295547324547836, 0.14923359159123809]
estimated metric: [array([0.85240234, 0.94921857, 0.70870972, 0.68165314, 0.70873288,
       0.50971683, 0.60430492, 0.56727045, 0.28785282, 0.38083557]), array([0.85522686, 0.9533615 , 0.70592501, 0.70533876, 0.7061304 ,
       0.5186914 , 0.61096903, 0.53473143, 0.27442233, 0.37840475]), array([0.85730661, 0.94460415, 0.70673166, 0.6903628 , 0.70583758,
       0.496076  , 0.61551945, 0.53486665, 0.29554665, 0.38095706]), array([0.86599723, 0.94961933, 0.71611984, 0.70177005, 0.71418575,
       0.47206167, 0.60739588, 0.54943846, 0.27629829, 0.37465363]), array([0.849907  , 0.94787916, 0.71544969, 0.68823844, 0.7159073 ,
       0.50163059, 0.61333508, 0.53833287, 0.30192002, 0.37584891])]
real metric: [array([0.57313433, 0.92372881, 0.68405797, 0.50343879, 0.66051136,
       0.1488764 , 0.82535211, 0.26676602, 0.30212766, 0.32716927]), array([0.59517045, 0.91172414, 0.66480447, 0.5056338 , 0.64245014,
       0.16363636, 0.8057554 , 0.30823864, 0.31683168, 0.31462334]), array([0.59253731, 0.92672999, 0.64619883, 0.51988636, 0.629683  ,
       0.1292517 , 0.83586207, 0.28309859, 0.28744327, 0.30294118]), array([0.62      , 0.91919192, 0.68831169, 0.52986217, 0.69333333,
       0.14557823, 0.84487535, 0.30536451, 0.30510949, 0.27894003]), array([0.60646109, 0.91393443, 0.67944785, 0.4935806 , 0.63034483,
       0.13788301, 0.82748948, 0.30014025, 0.29124821, 0.30389222])]

estim_algorithm = doc-model, mode = classification, metric = sensitivity, confidence_scores = doctor-conf, class_specific = False
test err: [0.22264836277964822, 0.20492063206635153, 0.21677775291548146, 0.2161477663128685, 0.21403168768938988]
estimated metric: [array([0.62058563, 0.70036597, 0.60253226, 0.60638766, 0.62070205,
       0.63289385, 0.64777881, 0.68017624, 0.61676183, 0.66891973]), array([0.61694196, 0.70568438, 0.60216856, 0.62514348, 0.61587443,
       0.64187929, 0.65276822, 0.65629999, 0.60500663, 0.6598307 ]), array([0.62473826, 0.69611426, 0.60159755, 0.61337729, 0.6195914 ,
       0.6305859 , 0.65392823, 0.65142006, 0.62418432, 0.67138767]), array([0.63149826, 0.70027373, 0.61014639, 0.62403967, 0.62467631,
       0.60320197, 0.64595299, 0.66111119, 0.60348836, 0.65832976]), array([0.61694432, 0.70078002, 0.61530685, 0.61432546, 0.62599424,
       0.62610651, 0.65186312, 0.654263  , 0.64391954, 0.66069104])]
real metric: [array([0.57313433, 0.92372881, 0.68405797, 0.50343879, 0.66051136,
       0.1488764 , 0.82535211, 0.26676602, 0.30212766, 0.32716927]), array([0.59517045, 0.91172414, 0.66480447, 0.5056338 , 0.64245014,
       0.16363636, 0.8057554 , 0.30823864, 0.31683168, 0.31462334]), array([0.59253731, 0.92672999, 0.64619883, 0.51988636, 0.629683  ,
       0.1292517 , 0.83586207, 0.28309859, 0.28744327, 0.30294118]), array([0.62      , 0.91919192, 0.68831169, 0.52986217, 0.69333333,
       0.14557823, 0.84487535, 0.30536451, 0.30510949, 0.27894003]), array([0.60646109, 0.91393443, 0.67944785, 0.4935806 , 0.63034483,
       0.13788301, 0.82748948, 0.30014025, 0.29124821, 0.30389222])]

estim_algorithm = doc-model, mode = classification, metric = sensitivity, confidence_scores = doctor-conf, class_specific = True
test err: [0.16144283885501598, 0.15709899185421144, 0.16767046062793325, 0.15196713431077113, 0.16537898581169097]
estimated metric: [array([0.85581669, 0.94947271, 0.73750826, 0.70409297, 0.73438556,
       0.53778802, 0.63321337, 0.5743106 , 0.31548845, 0.40323703]), array([0.85293017, 0.95468308, 0.73775208, 0.72317896, 0.7296124 ,
       0.54612005, 0.63821298, 0.5516757 , 0.30431268, 0.40125742]), array([0.86079699, 0.94559992, 0.73756582, 0.71125037, 0.73310465,
       0.53558207, 0.63943916, 0.54599234, 0.32140409, 0.40675568]), array([0.86836637, 0.94950692, 0.74568184, 0.72217362, 0.738246  ,
       0.50745721, 0.63141716, 0.55687966, 0.30573703, 0.39785587]), array([0.85232118, 0.94992976, 0.75154047, 0.71264231, 0.73945928,
       0.52956874, 0.63734109, 0.54886917, 0.33660742, 0.39963561])]
real metric: [array([0.57313433, 0.92372881, 0.68405797, 0.50343879, 0.66051136,
       0.1488764 , 0.82535211, 0.26676602, 0.30212766, 0.32716927]), array([0.59517045, 0.91172414, 0.66480447, 0.5056338 , 0.64245014,
       0.16363636, 0.8057554 , 0.30823864, 0.31683168, 0.31462334]), array([0.59253731, 0.92672999, 0.64619883, 0.51988636, 0.629683  ,
       0.1292517 , 0.83586207, 0.28309859, 0.28744327, 0.30294118]), array([0.62      , 0.91919192, 0.68831169, 0.52986217, 0.69333333,
       0.14557823, 0.84487535, 0.30536451, 0.30510949, 0.27894003]), array([0.60646109, 0.91393443, 0.67944785, 0.4935806 , 0.63034483,
       0.13788301, 0.82748948, 0.30014025, 0.29124821, 0.30389222])]

estim_algorithm = atc-model, mode = classification, metric = sensitivity, confidence_scores = max_class_probability-conf, class_specific = False
test err: [0.2273358262871492, 0.19950186496565792, 0.2151519891286695, 0.21473694207355082, 0.21143430865389218]
estimated metric: [array([0.45642541, 0.73818898, 0.37641922, 0.35862914, 0.43677043,
       0.45736438, 0.50360656, 0.61538464, 0.43265308, 0.51271189]), array([0.46769664, 0.76292683, 0.36010831, 0.41656367, 0.44011977,
       0.46774198, 0.516193  , 0.5304348 , 0.40154442, 0.53669727]), array([0.46298985, 0.73802817, 0.38674034, 0.38581732, 0.42476191,
       0.41228075, 0.54257426, 0.55140189, 0.45945948, 0.52112678]), array([0.4965035 , 0.7446184 , 0.39744759, 0.40846825, 0.4439118 ,
       0.32824433, 0.52579365, 0.59656654, 0.41350213, 0.56521741]), array([0.44198896, 0.73992323, 0.37267659, 0.37659034, 0.44810864,
       0.43697484, 0.55054733, 0.54222224, 0.42307695, 0.52380955])]
real metric: [array([0.57313433, 0.92372881, 0.68405797, 0.50343879, 0.66051136,
       0.1488764 , 0.82535211, 0.26676602, 0.30212766, 0.32716927]), array([0.59517045, 0.91172414, 0.66480447, 0.5056338 , 0.64245014,
       0.16363636, 0.8057554 , 0.30823864, 0.31683168, 0.31462334]), array([0.59253731, 0.92672999, 0.64619883, 0.51988636, 0.629683  ,
       0.1292517 , 0.83586207, 0.28309859, 0.28744327, 0.30294118]), array([0.62      , 0.91919192, 0.68831169, 0.52986217, 0.69333333,
       0.14557823, 0.84487535, 0.30536451, 0.30510949, 0.27894003]), array([0.60646109, 0.91393443, 0.67944785, 0.4935806 , 0.63034483,
       0.13788301, 0.82748948, 0.30014025, 0.29124821, 0.30389222])]

estim_algorithm = atc-model, mode = classification, metric = sensitivity, confidence_scores = max_class_probability-conf, class_specific = True
test err: [0.13847551805428543, 0.13681715654070942, 0.12001548008464971, 0.13281361338356668, 0.12357381088544202]
estimated metric: [array([0.83161005, 0.94783465, 0.64104804, 0.57160343, 0.59533074,
       0.34883726, 0.45442623, 0.48901102, 0.20000003, 0.2966102 ]), array([0.81882023, 0.95414634, 0.63447654, 0.62669963, 0.59680639,
       0.38709682, 0.46794448, 0.44347829, 0.1660232 , 0.25688077]), array([0.8287373 , 0.94084507, 0.63627993, 0.59134616, 0.57142858,
       0.28947375, 0.48580858, 0.47196264, 0.21171175, 0.26760567]), array([0.82517483, 0.94129159, 0.63992708, 0.61892902, 0.6164909 ,
       0.27480922, 0.4675926 , 0.52789702, 0.17299582, 0.30434786]), array([0.8121547 , 0.94241843, 0.63940521, 0.57506362, 0.6100873 ,
       0.39495803, 0.49001932, 0.4577778 , 0.19230773, 0.29523813])]
real metric: [array([0.57313433, 0.92372881, 0.68405797, 0.50343879, 0.66051136,
       0.1488764 , 0.82535211, 0.26676602, 0.30212766, 0.32716927]), array([0.59517045, 0.91172414, 0.66480447, 0.5056338 , 0.64245014,
       0.16363636, 0.8057554 , 0.30823864, 0.31683168, 0.31462334]), array([0.59253731, 0.92672999, 0.64619883, 0.51988636, 0.629683  ,
       0.1292517 , 0.83586207, 0.28309859, 0.28744327, 0.30294118]), array([0.62      , 0.91919192, 0.68831169, 0.52986217, 0.69333333,
       0.14557823, 0.84487535, 0.30536451, 0.30510949, 0.27894003]), array([0.60646109, 0.91393443, 0.67944785, 0.4935806 , 0.63034483,
       0.13788301, 0.82748948, 0.30014025, 0.29124821, 0.30389222])]

estim_algorithm = atc-model, mode = classification, metric = sensitivity, confidence_scores = energy-conf, class_specific = False
test err: [0.2674645469813418, 0.2567103422234453, 0.26574479385479444, 0.26243282246504884, 0.25607118414298274]
estimated metric: [array([0.27474152, 0.62696851, 0.29956332, 0.33782131, 0.37937744,
       0.4806202 , 0.4347541 , 0.53296706, 0.35510207, 0.53389832]), array([0.22331462, 0.63902439, 0.3032491 , 0.368356  , 0.36227546,
       0.45161295, 0.43886319, 0.52173915, 0.30501933, 0.57798167]), array([0.26269958, 0.62723005, 0.27900553, 0.33413462, 0.37238096,
       0.36842111, 0.45940594, 0.50934582, 0.35135138, 0.61502349]), array([0.2867133 , 0.64970646, 0.29352781, 0.35367373, 0.38638543,
       0.37404585, 0.44510582, 0.55793993, 0.29957809, 0.53623191]), array([0.25000001, 0.63051824, 0.28159852, 0.34223919, 0.3986421 ,
       0.40336139, 0.44043787, 0.52888891, 0.29059832, 0.56190478])]
real metric: [array([0.57313433, 0.92372881, 0.68405797, 0.50343879, 0.66051136,
       0.1488764 , 0.82535211, 0.26676602, 0.30212766, 0.32716927]), array([0.59517045, 0.91172414, 0.66480447, 0.5056338 , 0.64245014,
       0.16363636, 0.8057554 , 0.30823864, 0.31683168, 0.31462334]), array([0.59253731, 0.92672999, 0.64619883, 0.51988636, 0.629683  ,
       0.1292517 , 0.83586207, 0.28309859, 0.28744327, 0.30294118]), array([0.62      , 0.91919192, 0.68831169, 0.52986217, 0.69333333,
       0.14557823, 0.84487535, 0.30536451, 0.30510949, 0.27894003]), array([0.60646109, 0.91393443, 0.67944785, 0.4935806 , 0.63034483,
       0.13788301, 0.82748948, 0.30014025, 0.29124821, 0.30389222])]

estim_algorithm = atc-model, mode = classification, metric = sensitivity, confidence_scores = energy-conf, class_specific = True
test err: [0.1578024142923619, 0.14809898894348958, 0.135902831194617, 0.14929032040063867, 0.13615838382764936]
estimated metric: [array([0.67503693, 0.89370079, 0.56768559, 0.62056304, 0.557393  ,
       0.33333339, 0.42163935, 0.4725275 , 0.10612249, 0.20762715]), array([0.70365169, 0.90243903, 0.5631769 , 0.66625464, 0.56586827,
       0.25000006, 0.42300066, 0.50434785, 0.08880312, 0.18348628]), array([0.712627  , 0.87981221, 0.54143647, 0.6141827 , 0.57428572,
       0.21929831, 0.44950495, 0.48130844, 0.13963968, 0.18779347]), array([0.72307693, 0.9001957 , 0.55241568, 0.63760897, 0.55896453,
       0.23664128, 0.42989418, 0.53218886, 0.09704645, 0.22705318]), array([0.67679558, 0.88483685, 0.57620818, 0.61832062, 0.58098933,
       0.2521009 , 0.42820348, 0.48888891, 0.09829064, 0.21428575])]
real metric: [array([0.57313433, 0.92372881, 0.68405797, 0.50343879, 0.66051136,
       0.1488764 , 0.82535211, 0.26676602, 0.30212766, 0.32716927]), array([0.59517045, 0.91172414, 0.66480447, 0.5056338 , 0.64245014,
       0.16363636, 0.8057554 , 0.30823864, 0.31683168, 0.31462334]), array([0.59253731, 0.92672999, 0.64619883, 0.51988636, 0.629683  ,
       0.1292517 , 0.83586207, 0.28309859, 0.28744327, 0.30294118]), array([0.62      , 0.91919192, 0.68831169, 0.52986217, 0.69333333,
       0.14557823, 0.84487535, 0.30536451, 0.30510949, 0.27894003]), array([0.60646109, 0.91393443, 0.67944785, 0.4935806 , 0.63034483,
       0.13788301, 0.82748948, 0.30014025, 0.29124821, 0.30389222])]

estim_algorithm = atc-model, mode = classification, metric = sensitivity, confidence_scores = entropy-conf, class_specific = False
test err: [0.2301827479775295, 0.20068168203296916, 0.21650319813412952, 0.2144835171938276, 0.21529041972541868]
estimated metric: [array([0.4519941 , 0.73622048, 0.37816594, 0.3635251 , 0.43093386,
       0.46511632, 0.50229509, 0.60439563, 0.44897961, 0.52118646]), array([0.44522473, 0.75707317, 0.36371842, 0.41285538, 0.43912176,
       0.44354843, 0.51421018, 0.5304348 , 0.40154442, 0.54128442]), array([0.45573295, 0.7370892 , 0.37937385, 0.38701924, 0.42000001,
       0.3947369 , 0.53531353, 0.55607479, 0.45945948, 0.52112678]), array([0.48391609, 0.74657534, 0.39197813, 0.4022416 , 0.44966443,
       0.32824433, 0.5218254 , 0.58798285, 0.41350213, 0.55072466]), array([0.43093923, 0.73704415, 0.37081785, 0.36895675, 0.4500485 ,
       0.43697484, 0.54282035, 0.5377778 , 0.42735045, 0.53333336])]
real metric: [array([0.57313433, 0.92372881, 0.68405797, 0.50343879, 0.66051136,
       0.1488764 , 0.82535211, 0.26676602, 0.30212766, 0.32716927]), array([0.59517045, 0.91172414, 0.66480447, 0.5056338 , 0.64245014,
       0.16363636, 0.8057554 , 0.30823864, 0.31683168, 0.31462334]), array([0.59253731, 0.92672999, 0.64619883, 0.51988636, 0.629683  ,
       0.1292517 , 0.83586207, 0.28309859, 0.28744327, 0.30294118]), array([0.62      , 0.91919192, 0.68831169, 0.52986217, 0.69333333,
       0.14557823, 0.84487535, 0.30536451, 0.30510949, 0.27894003]), array([0.60646109, 0.91393443, 0.67944785, 0.4935806 , 0.63034483,
       0.13788301, 0.82748948, 0.30014025, 0.29124821, 0.30389222])]

estim_algorithm = atc-model, mode = classification, metric = sensitivity, confidence_scores = entropy-conf, class_specific = True
test err: [0.13144587420847484, 0.1328856171569234, 0.12052371648793207, 0.1286339544537571, 0.12156885349074915]
estimated metric: [array([0.76366322, 0.9242126 , 0.62445415, 0.56915545, 0.60214008,
       0.33333339, 0.45245902, 0.51648354, 0.20000003, 0.2966102 ]), array([0.78230337, 0.93853659, 0.6064982 , 0.61681088, 0.60678643,
       0.37096779, 0.46860542, 0.45652176, 0.16216219, 0.25229361]), array([0.78519594, 0.91737089, 0.59944752, 0.58894231, 0.58952381,
       0.28947375, 0.48580858, 0.50000002, 0.20270274, 0.26760567]), array([0.78461539, 0.9295499 , 0.62898815, 0.61519303, 0.62895494,
       0.27480922, 0.46362434, 0.54935624, 0.17299582, 0.29468602]), array([0.77348067, 0.92994242, 0.62453532, 0.57379135, 0.61881669,
       0.39495803, 0.48615583, 0.47111113, 0.18803422, 0.29047622])]
real metric: [array([0.57313433, 0.92372881, 0.68405797, 0.50343879, 0.66051136,
       0.1488764 , 0.82535211, 0.26676602, 0.30212766, 0.32716927]), array([0.59517045, 0.91172414, 0.66480447, 0.5056338 , 0.64245014,
       0.16363636, 0.8057554 , 0.30823864, 0.31683168, 0.31462334]), array([0.59253731, 0.92672999, 0.64619883, 0.51988636, 0.629683  ,
       0.1292517 , 0.83586207, 0.28309859, 0.28744327, 0.30294118]), array([0.62      , 0.91919192, 0.68831169, 0.52986217, 0.69333333,
       0.14557823, 0.84487535, 0.30536451, 0.30510949, 0.27894003]), array([0.60646109, 0.91393443, 0.67944785, 0.4935806 , 0.63034483,
       0.13788301, 0.82748948, 0.30014025, 0.29124821, 0.30389222])]

estim_algorithm = atc-model, mode = classification, metric = sensitivity, confidence_scores = doctor-conf, class_specific = False
test err: [0.22794011699383657, 0.19992227035427507, 0.21549514680822307, 0.21532823032721438, 0.2119901449861074]
estimated metric: [array([0.45494831, 0.73720473, 0.37641922, 0.35862914, 0.43677043,
       0.45736438, 0.5042623 , 0.61538464, 0.43265308, 0.51694917]), array([0.46629214, 0.76292683, 0.35920578, 0.41532757, 0.44011977,
       0.46774198, 0.51553206, 0.5304348 , 0.40154442, 0.53669727]), array([0.46153847, 0.73802817, 0.38674034, 0.38581732, 0.42476191,
       0.41228075, 0.54059406, 0.55140189, 0.45945948, 0.52112678]), array([0.4937063 , 0.7446184 , 0.39653601, 0.40722292, 0.44295303,
       0.32824433, 0.52579365, 0.59656654, 0.41350213, 0.56521741]), array([0.44060774, 0.73800384, 0.37267659, 0.37659034, 0.44713871,
       0.43697484, 0.5492595 , 0.54222224, 0.42307695, 0.52380955])]
real metric: [array([0.57313433, 0.92372881, 0.68405797, 0.50343879, 0.66051136,
       0.1488764 , 0.82535211, 0.26676602, 0.30212766, 0.32716927]), array([0.59517045, 0.91172414, 0.66480447, 0.5056338 , 0.64245014,
       0.16363636, 0.8057554 , 0.30823864, 0.31683168, 0.31462334]), array([0.59253731, 0.92672999, 0.64619883, 0.51988636, 0.629683  ,
       0.1292517 , 0.83586207, 0.28309859, 0.28744327, 0.30294118]), array([0.62      , 0.91919192, 0.68831169, 0.52986217, 0.69333333,
       0.14557823, 0.84487535, 0.30536451, 0.30510949, 0.27894003]), array([0.60646109, 0.91393443, 0.67944785, 0.4935806 , 0.63034483,
       0.13788301, 0.82748948, 0.30014025, 0.29124821, 0.30389222])]

estim_algorithm = atc-model, mode = classification, metric = sensitivity, confidence_scores = doctor-conf, class_specific = True
test err: [0.1356928205289277, 0.1348085770020244, 0.11727282651458992, 0.12898269057205897, 0.11964223654641341]
estimated metric: [array([0.78138848, 0.92913386, 0.6349345 , 0.56425949, 0.59241246,
       0.3565892 , 0.45573771, 0.52197805, 0.20000003, 0.2966102 ]), array([0.79213483, 0.94439024, 0.62274369, 0.62422745, 0.59680639,
       0.38709682, 0.47389293, 0.45652176, 0.1660232 , 0.25688077]), array([0.7880987 , 0.92394366, 0.62891345, 0.59014424, 0.57047619,
       0.28947375, 0.49174918, 0.49532713, 0.21171175, 0.26760567]), array([0.7958042 , 0.9334638 , 0.63810392, 0.61270237, 0.6164909 ,
       0.27480922, 0.4728836 , 0.53648071, 0.17299582, 0.30434786]), array([0.7762431 , 0.93474088, 0.63475837, 0.56997456, 0.6071775 ,
       0.39495803, 0.49710239, 0.46666669, 0.19230773, 0.29523813])]
real metric: [array([0.57313433, 0.92372881, 0.68405797, 0.50343879, 0.66051136,
       0.1488764 , 0.82535211, 0.26676602, 0.30212766, 0.32716927]), array([0.59517045, 0.91172414, 0.66480447, 0.5056338 , 0.64245014,
       0.16363636, 0.8057554 , 0.30823864, 0.31683168, 0.31462334]), array([0.59253731, 0.92672999, 0.64619883, 0.51988636, 0.629683  ,
       0.1292517 , 0.83586207, 0.28309859, 0.28744327, 0.30294118]), array([0.62      , 0.91919192, 0.68831169, 0.52986217, 0.69333333,
       0.14557823, 0.84487535, 0.30536451, 0.30510949, 0.27894003]), array([0.60646109, 0.91393443, 0.67944785, 0.4935806 , 0.63034483,
       0.13788301, 0.82748948, 0.30014025, 0.29124821, 0.30389222])]

estim_algorithm = ts-atc-model, mode = classification, metric = sensitivity, confidence_scores = max_class_probability-conf, class_specific = False
test err: [0.23593663466421555, 0.22378394143301478, 0.23740058972198522, 0.23649020181689157, 0.2360186560498428]
estimated metric: [array([0.36927623, 0.71358268, 0.35109171, 0.34026929, 0.39299611,
       0.41085276, 0.46229509, 0.52747255, 0.40408166, 0.52118646]), array([0.34691012, 0.72195122, 0.33032492, 0.36464772, 0.41117765,
       0.45161295, 0.47389293, 0.52173915, 0.35907338, 0.53211011]), array([0.37880988, 0.70892019, 0.33149172, 0.35456732, 0.38380953,
       0.35087725, 0.49570957, 0.50467292, 0.44144147, 0.58215964]), array([0.3916084 , 0.71917808, 0.35460347, 0.34993774, 0.40556089,
       0.30534356, 0.47420635, 0.57081547, 0.36286923, 0.56038649]), array([0.34668509, 0.70825336, 0.31784387, 0.35114505, 0.42192047,
       0.42857148, 0.49452673, 0.5377778 , 0.35897439, 0.55714288])]
real metric: [array([0.57313433, 0.92372881, 0.68405797, 0.50343879, 0.66051136,
       0.1488764 , 0.82535211, 0.26676602, 0.30212766, 0.32716927]), array([0.59517045, 0.91172414, 0.66480447, 0.5056338 , 0.64245014,
       0.16363636, 0.8057554 , 0.30823864, 0.31683168, 0.31462334]), array([0.59253731, 0.92672999, 0.64619883, 0.51988636, 0.629683  ,
       0.1292517 , 0.83586207, 0.28309859, 0.28744327, 0.30294118]), array([0.62      , 0.91919192, 0.68831169, 0.52986217, 0.69333333,
       0.14557823, 0.84487535, 0.30536451, 0.30510949, 0.27894003]), array([0.60646109, 0.91393443, 0.67944785, 0.4935806 , 0.63034483,
       0.13788301, 0.82748948, 0.30014025, 0.29124821, 0.30389222])]

estim_algorithm = ts-atc-model, mode = classification, metric = sensitivity, confidence_scores = max_class_probability-conf, class_specific = True
test err: [0.15180258409082956, 0.1456670977305335, 0.1298263825905272, 0.13555964174489438, 0.13608046070024413]
estimated metric: [array([0.85967504, 0.96850394, 0.63318778, 0.56670747, 0.60408561,
       0.30232564, 0.43672132, 0.48351651, 0.13469391, 0.23728817]), array([0.83426967, 0.97073171, 0.61552347, 0.61433869, 0.59381238,
       0.29838715, 0.45208196, 0.46086959, 0.10038614, 0.22018352]), array([0.84760523, 0.95492958, 0.606814  , 0.58173077, 0.59238096,
       0.23684217, 0.4679868 , 0.45794395, 0.1576577 , 0.20657281]), array([0.84895105, 0.95596869, 0.63536919, 0.61519303, 0.63183126,
       0.22137411, 0.4484127 , 0.52360517, 0.11392409, 0.27053144]), array([0.84668508, 0.96353167, 0.63289963, 0.57124682, 0.61590689,
       0.26890762, 0.46233098, 0.48888891, 0.12393166, 0.22380956])]
real metric: [array([0.57313433, 0.92372881, 0.68405797, 0.50343879, 0.66051136,
       0.1488764 , 0.82535211, 0.26676602, 0.30212766, 0.32716927]), array([0.59517045, 0.91172414, 0.66480447, 0.5056338 , 0.64245014,
       0.16363636, 0.8057554 , 0.30823864, 0.31683168, 0.31462334]), array([0.59253731, 0.92672999, 0.64619883, 0.51988636, 0.629683  ,
       0.1292517 , 0.83586207, 0.28309859, 0.28744327, 0.30294118]), array([0.62      , 0.91919192, 0.68831169, 0.52986217, 0.69333333,
       0.14557823, 0.84487535, 0.30536451, 0.30510949, 0.27894003]), array([0.60646109, 0.91393443, 0.67944785, 0.4935806 , 0.63034483,
       0.13788301, 0.82748948, 0.30014025, 0.29124821, 0.30389222])]

estim_algorithm = ts-atc-model, mode = classification, metric = sensitivity, confidence_scores = energy-conf, class_specific = False
test err: [0.2615575316071256, 0.2533565403026753, 0.2628270158776878, 0.26074131812522106, 0.25505320871120246]
estimated metric: [array([0.27917283, 0.63287402, 0.30218341, 0.32925337, 0.3803502 ,
       0.45736438, 0.4347541 , 0.51098904, 0.35510207, 0.52542375]), array([0.23314608, 0.64390244, 0.30595668, 0.36588382, 0.36926148,
       0.43548392, 0.43820225, 0.52173915, 0.30115833, 0.57798167]), array([0.26560233, 0.63568075, 0.28821363, 0.34495193, 0.36571429,
       0.36842111, 0.46336634, 0.49532713, 0.36486489, 0.61502349]), array([0.2909091 , 0.65655578, 0.29808569, 0.3524284 , 0.38830298,
       0.36641226, 0.44708995, 0.55364809, 0.29113927, 0.54106282]), array([0.25552487, 0.63723609, 0.27509294, 0.3384224 , 0.39379244,
       0.39495803, 0.44301353, 0.52000002, 0.30341883, 0.55714288])]
real metric: [array([0.57313433, 0.92372881, 0.68405797, 0.50343879, 0.66051136,
       0.1488764 , 0.82535211, 0.26676602, 0.30212766, 0.32716927]), array([0.59517045, 0.91172414, 0.66480447, 0.5056338 , 0.64245014,
       0.16363636, 0.8057554 , 0.30823864, 0.31683168, 0.31462334]), array([0.59253731, 0.92672999, 0.64619883, 0.51988636, 0.629683  ,
       0.1292517 , 0.83586207, 0.28309859, 0.28744327, 0.30294118]), array([0.62      , 0.91919192, 0.68831169, 0.52986217, 0.69333333,
       0.14557823, 0.84487535, 0.30536451, 0.30510949, 0.27894003]), array([0.60646109, 0.91393443, 0.67944785, 0.4935806 , 0.63034483,
       0.13788301, 0.82748948, 0.30014025, 0.29124821, 0.30389222])]

estim_algorithm = ts-atc-model, mode = classification, metric = sensitivity, confidence_scores = energy-conf, class_specific = True
test err: [0.19673906146859446, 0.17850908799791934, 0.16375806229992912, 0.1777901919166864, 0.17378795277641848]
estimated metric: [array([1.        , 1.        , 0.60524018, 0.65483477, 0.58268483,
       0.38759695, 0.44      , 0.467033  , 0.08979596, 0.20762715]), array([1.        , 1.        , 0.61462094, 0.70828183, 0.59181637,
       0.26612909, 0.44745539, 0.46521741, 0.07722011, 0.18348628]), array([1.        , 1.        , 0.59116022, 0.66706731, 0.60285715,
       0.22807024, 0.46336634, 0.47663554, 0.13963968, 0.18779347]), array([1.        , 1.        , 0.61440292, 0.69987547, 0.60306808,
       0.27480922, 0.45965609, 0.51931333, 0.09282704, 0.23671501]), array([1.        , 1.        , 0.63011153, 0.65267176, 0.62075655,
       0.29411771, 0.43206697, 0.50666669, 0.09401713, 0.21904766])]
real metric: [array([0.57313433, 0.92372881, 0.68405797, 0.50343879, 0.66051136,
       0.1488764 , 0.82535211, 0.26676602, 0.30212766, 0.32716927]), array([0.59517045, 0.91172414, 0.66480447, 0.5056338 , 0.64245014,
       0.16363636, 0.8057554 , 0.30823864, 0.31683168, 0.31462334]), array([0.59253731, 0.92672999, 0.64619883, 0.51988636, 0.629683  ,
       0.1292517 , 0.83586207, 0.28309859, 0.28744327, 0.30294118]), array([0.62      , 0.91919192, 0.68831169, 0.52986217, 0.69333333,
       0.14557823, 0.84487535, 0.30536451, 0.30510949, 0.27894003]), array([0.60646109, 0.91393443, 0.67944785, 0.4935806 , 0.63034483,
       0.13788301, 0.82748948, 0.30014025, 0.29124821, 0.30389222])]

estim_algorithm = ts-atc-model, mode = classification, metric = sensitivity, confidence_scores = entropy-conf, class_specific = False
test err: [0.25148693322498483, 0.24042429557990438, 0.25075987655423154, 0.25549549120758996, 0.2520290409129776]
estimated metric: [array([0.34121124, 0.68503937, 0.3187773 , 0.31578948, 0.37451362,
       0.42635663, 0.42622951, 0.49450552, 0.38367349, 0.54661019]), array([0.3019663 , 0.68878049, 0.3131769 , 0.34363412, 0.38223554,
       0.41935489, 0.45208196, 0.5130435 , 0.33976837, 0.59174314]), array([0.33381714, 0.67323944, 0.30755065, 0.32451924, 0.36666667,
       0.31578953, 0.46204621, 0.48598133, 0.39639642, 0.629108  ]), array([0.34965036, 0.69080235, 0.31267093, 0.3275218 , 0.3806328 ,
       0.3435115 , 0.43783069, 0.56652362, 0.33755277, 0.54589374]), array([0.30662984, 0.67754319, 0.28531599, 0.31806617, 0.39379244,
       0.41176476, 0.45396008, 0.52000002, 0.32478635, 0.5809524 ])]
real metric: [array([0.57313433, 0.92372881, 0.68405797, 0.50343879, 0.66051136,
       0.1488764 , 0.82535211, 0.26676602, 0.30212766, 0.32716927]), array([0.59517045, 0.91172414, 0.66480447, 0.5056338 , 0.64245014,
       0.16363636, 0.8057554 , 0.30823864, 0.31683168, 0.31462334]), array([0.59253731, 0.92672999, 0.64619883, 0.51988636, 0.629683  ,
       0.1292517 , 0.83586207, 0.28309859, 0.28744327, 0.30294118]), array([0.62      , 0.91919192, 0.68831169, 0.52986217, 0.69333333,
       0.14557823, 0.84487535, 0.30536451, 0.30510949, 0.27894003]), array([0.60646109, 0.91393443, 0.67944785, 0.4935806 , 0.63034483,
       0.13788301, 0.82748948, 0.30014025, 0.29124821, 0.30389222])]

estim_algorithm = ts-atc-model, mode = classification, metric = sensitivity, confidence_scores = entropy-conf, class_specific = True
test err: [0.1520764470371002, 0.14841816348715456, 0.13434544500104137, 0.14117894776895962, 0.13305519890126397]
estimated metric: [array([0.8183161 , 0.9507874 , 0.57554586, 0.56548348, 0.60214008,
       0.27131789, 0.41245902, 0.45604399, 0.12244902, 0.21186444]), array([0.81039326, 0.96097561, 0.56498195, 0.61433869, 0.59381238,
       0.22580651, 0.42564442, 0.48695654, 0.09266413, 0.19724774]), array([0.81712627, 0.94741784, 0.553407  , 0.5829327 , 0.60190477,
       0.20175446, 0.4409241 , 0.47196264, 0.13963968, 0.1924883 ]), array([0.81258742, 0.94716243, 0.57976299, 0.60024907, 0.62607862,
       0.18320617, 0.42261905, 0.5450644 , 0.09704645, 0.24154593]), array([0.79281768, 0.95201536, 0.58828997, 0.56615777, 0.62075655,
       0.20168074, 0.42949131, 0.49333336, 0.09829064, 0.21904766])]
real metric: [array([0.57313433, 0.92372881, 0.68405797, 0.50343879, 0.66051136,
       0.1488764 , 0.82535211, 0.26676602, 0.30212766, 0.32716927]), array([0.59517045, 0.91172414, 0.66480447, 0.5056338 , 0.64245014,
       0.16363636, 0.8057554 , 0.30823864, 0.31683168, 0.31462334]), array([0.59253731, 0.92672999, 0.64619883, 0.51988636, 0.629683  ,
       0.1292517 , 0.83586207, 0.28309859, 0.28744327, 0.30294118]), array([0.62      , 0.91919192, 0.68831169, 0.52986217, 0.69333333,
       0.14557823, 0.84487535, 0.30536451, 0.30510949, 0.27894003]), array([0.60646109, 0.91393443, 0.67944785, 0.4935806 , 0.63034483,
       0.13788301, 0.82748948, 0.30014025, 0.29124821, 0.30389222])]

estim_algorithm = ts-atc-model, mode = classification, metric = sensitivity, confidence_scores = doctor-conf, class_specific = False
test err: [0.2590806197346927, 0.2519570668866956, 0.26160118765095086, 0.25674479930899047, 0.25633655713681275]
estimated metric: [array([0.30280651, 0.65255906, 0.30567686, 0.3133415 , 0.3725681 ,
       0.42635663, 0.43081968, 0.49450552, 0.36734696, 0.55508476]), array([0.25842698, 0.65463415, 0.30866427, 0.33992584, 0.36127745,
       0.4274194 , 0.43621944, 0.52173915, 0.30888034, 0.58256883]), array([0.29172715, 0.64600939, 0.28913444, 0.32331732, 0.36190477,
       0.34210532, 0.45148515, 0.49065423, 0.36486489, 0.63380283]), array([0.31328672, 0.66731899, 0.30355516, 0.33623911, 0.38255034,
       0.35114509, 0.43915344, 0.54935624, 0.31223632, 0.53623191]), array([0.2762431 , 0.6497121 , 0.27602231, 0.31297711, 0.39088264,
       0.36974795, 0.44108178, 0.52000002, 0.31196584, 0.59047621])]
real metric: [array([0.57313433, 0.92372881, 0.68405797, 0.50343879, 0.66051136,
       0.1488764 , 0.82535211, 0.26676602, 0.30212766, 0.32716927]), array([0.59517045, 0.91172414, 0.66480447, 0.5056338 , 0.64245014,
       0.16363636, 0.8057554 , 0.30823864, 0.31683168, 0.31462334]), array([0.59253731, 0.92672999, 0.64619883, 0.51988636, 0.629683  ,
       0.1292517 , 0.83586207, 0.28309859, 0.28744327, 0.30294118]), array([0.62      , 0.91919192, 0.68831169, 0.52986217, 0.69333333,
       0.14557823, 0.84487535, 0.30536451, 0.30510949, 0.27894003]), array([0.60646109, 0.91393443, 0.67944785, 0.4935806 , 0.63034483,
       0.13788301, 0.82748948, 0.30014025, 0.29124821, 0.30389222])]

estim_algorithm = ts-atc-model, mode = classification, metric = sensitivity, confidence_scores = doctor-conf, class_specific = True
test err: [0.15887265889148378, 0.15774704460344022, 0.1361772001815585, 0.14790590682641028, 0.14006155907508996]
estimated metric: [array([0.74741507, 0.9222441 , 0.54148472, 0.5875153 , 0.60894942,
       0.32558145, 0.40918033, 0.4725275 , 0.08979596, 0.20338986]), array([0.77106742, 0.93560976, 0.53339351, 0.64771323, 0.58083833,
       0.25000006, 0.41639128, 0.50434785, 0.07722011, 0.18348628]), array([0.76487664, 0.91361502, 0.51565378, 0.59134616, 0.61619048,
       0.20175446, 0.43630363, 0.48130844, 0.12612617, 0.17370896]), array([0.76363637, 0.92465753, 0.54147676, 0.626401  , 0.61936721,
       0.22900769, 0.42063492, 0.53648071, 0.09282704, 0.21739134]), array([0.75552487, 0.92322457, 0.54275093, 0.58396947, 0.62463628,
       0.23529418, 0.42176433, 0.4977778 , 0.07692312, 0.20952385])]
real metric: [array([0.57313433, 0.92372881, 0.68405797, 0.50343879, 0.66051136,
       0.1488764 , 0.82535211, 0.26676602, 0.30212766, 0.32716927]), array([0.59517045, 0.91172414, 0.66480447, 0.5056338 , 0.64245014,
       0.16363636, 0.8057554 , 0.30823864, 0.31683168, 0.31462334]), array([0.59253731, 0.92672999, 0.64619883, 0.51988636, 0.629683  ,
       0.1292517 , 0.83586207, 0.28309859, 0.28744327, 0.30294118]), array([0.62      , 0.91919192, 0.68831169, 0.52986217, 0.69333333,
       0.14557823, 0.84487535, 0.30536451, 0.30510949, 0.27894003]), array([0.60646109, 0.91393443, 0.67944785, 0.4935806 , 0.63034483,
       0.13788301, 0.82748948, 0.30014025, 0.29124821, 0.30389222])]

