estim_algorithm = ac-model, mode = classification, metric = f1score, confidence_scores = max_class_probability-conf, class_specific = False
test err: [0.3998825223693279, 0.41024197858986416, 0.400799263678441, 0.40320899101968477, 0.4084494664553036]
estimated metric: [array([0.27288928, 0.33242634, 0.27522449, 0.264316  , 0.28795023,
       0.2841588 , 0.30551857, 0.30246387, 0.30484806, 0.30747239]), array([0.27357878, 0.33272572, 0.27556034, 0.26450491, 0.28805658,
       0.28455829, 0.30424792, 0.3022178 , 0.3052692 , 0.30894075]), array([0.27318253, 0.33240004, 0.27514048, 0.26532663, 0.28549238,
       0.2850884 , 0.30484079, 0.29856384, 0.31044345, 0.31040851]), array([0.27352119, 0.32968626, 0.27316106, 0.26526299, 0.28824046,
       0.28309729, 0.30416671, 0.30274054, 0.30473711, 0.30705588]), array([0.27299298, 0.33315799, 0.27534574, 0.26488562, 0.2882553 ,
       0.28377148, 0.30387266, 0.30233689, 0.30849348, 0.30589091])]
real metric: [array([0.62009132, 0.84423306, 0.72990777, 0.62394196, 0.77355837,
       0.64454148, 0.77382876, 0.72605364, 0.5647517 , 0.63518519]), array([0.62822316, 0.85321101, 0.74314214, 0.63170585, 0.7613941 ,
       0.66552901, 0.80064568, 0.70989761, 0.58751279, 0.66081871]), array([0.61187648, 0.84939759, 0.732     , 0.62863933, 0.73895582,
       0.65892116, 0.76444444, 0.69641295, 0.6221374 , 0.6460945 ]), array([0.63904236, 0.84684685, 0.69937802, 0.6277713 , 0.74784911,
       0.63333333, 0.78008915, 0.72329689, 0.61755802, 0.64859438]), array([0.61826698, 0.86915888, 0.73141326, 0.63164179, 0.75463623,
       0.67222686, 0.77284158, 0.71794872, 0.58610272, 0.6692607 ])]

estim_algorithm = ac-model, mode = classification, metric = f1score, confidence_scores = energy-conf, class_specific = False
test err: [0.1292399655449406, 0.13315672606154957, 0.12799746684890106, 0.13505036276054538, 0.13155891410903003]
estimated metric: [array([0.78131949, 0.47292093, 0.77589196, 0.75485267, 0.73115666,
       0.68933561, 0.674943  , 0.57148402, 0.52973802, 0.42788562]), array([0.78282481, 0.47322265, 0.77364291, 0.75962581, 0.72943301,
       0.70234453, 0.67864863, 0.56240714, 0.53090058, 0.41713854]), array([0.78303639, 0.47093542, 0.77475122, 0.75638116, 0.73641195,
       0.69133248, 0.67724715, 0.59438801, 0.51460335, 0.41794644]), array([0.78063304, 0.48054943, 0.78658594, 0.75230682, 0.73115872,
       0.69446294, 0.68203323, 0.56352049, 0.52969848, 0.44123413]), array([0.78195449, 0.46794632, 0.7752512 , 0.75561618, 0.72191404,
       0.68776815, 0.68468629, 0.56497093, 0.51994845, 0.44193479])]
real metric: [array([0.62009132, 0.84423306, 0.72990777, 0.62394196, 0.77355837,
       0.64454148, 0.77382876, 0.72605364, 0.5647517 , 0.63518519]), array([0.62822316, 0.85321101, 0.74314214, 0.63170585, 0.7613941 ,
       0.66552901, 0.80064568, 0.70989761, 0.58751279, 0.66081871]), array([0.61187648, 0.84939759, 0.732     , 0.62863933, 0.73895582,
       0.65892116, 0.76444444, 0.69641295, 0.6221374 , 0.6460945 ]), array([0.63904236, 0.84684685, 0.69937802, 0.6277713 , 0.74784911,
       0.63333333, 0.78008915, 0.72329689, 0.61755802, 0.64859438]), array([0.61826698, 0.86915888, 0.73141326, 0.63164179, 0.75463623,
       0.67222686, 0.77284158, 0.71794872, 0.58610272, 0.6692607 ])]

estim_algorithm = ac-model, mode = classification, metric = f1score, confidence_scores = entropy-conf, class_specific = False
test err: [0.6661973549073942, 0.6767183437072937, 0.6673740509135, 0.6691187311603373, 0.6749356330931049]
estimated metric: [array([0.01826296, 0.04280439, 0.02006849, 0.01910868, 0.02571367,
       0.02316367, 0.03187621, 0.02927716, 0.03138824, 0.03245625]), array([0.0184635 , 0.04284867, 0.02010232, 0.01919431, 0.02578909,
       0.0234777 , 0.03174788, 0.02890694, 0.03135677, 0.03300945]), array([0.01846867, 0.04291721, 0.0200176 , 0.01921913, 0.02501058,
       0.02338654, 0.03192073, 0.02823143, 0.03289657, 0.03307073]), array([0.0185079 , 0.04197757, 0.01988836, 0.01913883, 0.02583223,
       0.02298942, 0.03143958, 0.02912369, 0.03134465, 0.03232985]), array([0.01825547, 0.04307288, 0.0200049 , 0.01915999, 0.02546795,
       0.0232614 , 0.03161629, 0.02900519, 0.03226469, 0.03203263])]
real metric: [array([0.62009132, 0.84423306, 0.72990777, 0.62394196, 0.77355837,
       0.64454148, 0.77382876, 0.72605364, 0.5647517 , 0.63518519]), array([0.62822316, 0.85321101, 0.74314214, 0.63170585, 0.7613941 ,
       0.66552901, 0.80064568, 0.70989761, 0.58751279, 0.66081871]), array([0.61187648, 0.84939759, 0.732     , 0.62863933, 0.73895582,
       0.65892116, 0.76444444, 0.69641295, 0.6221374 , 0.6460945 ]), array([0.63904236, 0.84684685, 0.69937802, 0.6277713 , 0.74784911,
       0.63333333, 0.78008915, 0.72329689, 0.61755802, 0.64859438]), array([0.61826698, 0.86915888, 0.73141326, 0.63164179, 0.75463623,
       0.67222686, 0.77284158, 0.71794872, 0.58610272, 0.6692607 ])]

estim_algorithm = ac-model, mode = classification, metric = f1score, confidence_scores = doctor-conf, class_specific = False
test err: [0.14732946716775802, 0.14872001596800935, 0.14078238548673305, 0.13874001973215574, 0.14732185773067935]
estimated metric: [array([0.40102365, 0.82335494, 0.43648207, 0.39933167, 0.5459605 ,
       0.50301087, 0.66146162, 0.62433897, 0.65805629, 0.67398319]), array([0.40542869, 0.82410805, 0.43705612, 0.40081213, 0.547358  ,
       0.50764261, 0.65762935, 0.61858848, 0.65723483, 0.68317171]), array([0.40526566, 0.82489218, 0.43533602, 0.40202613, 0.53231292,
       0.50738194, 0.66132559, 0.60440253, 0.68354328, 0.68480767]), array([0.40650238, 0.81211298, 0.43078455, 0.4005148 , 0.54819026,
       0.49845986, 0.65370085, 0.62240723, 0.65708548, 0.67153304]), array([0.40087366, 0.82693889, 0.43515374, 0.40037306, 0.54285479,
       0.5039232 , 0.65582982, 0.61991369, 0.67371318, 0.66592603])]
real metric: [array([0.62009132, 0.84423306, 0.72990777, 0.62394196, 0.77355837,
       0.64454148, 0.77382876, 0.72605364, 0.5647517 , 0.63518519]), array([0.62822316, 0.85321101, 0.74314214, 0.63170585, 0.7613941 ,
       0.66552901, 0.80064568, 0.70989761, 0.58751279, 0.66081871]), array([0.61187648, 0.84939759, 0.732     , 0.62863933, 0.73895582,
       0.65892116, 0.76444444, 0.69641295, 0.6221374 , 0.6460945 ]), array([0.63904236, 0.84684685, 0.69937802, 0.6277713 , 0.74784911,
       0.63333333, 0.78008915, 0.72329689, 0.61755802, 0.64859438]), array([0.61826698, 0.86915888, 0.73141326, 0.63164179, 0.75463623,
       0.67222686, 0.77284158, 0.71794872, 0.58610272, 0.6692607 ])]

estim_algorithm = ts-model, mode = classification, metric = f1score, confidence_scores = max_class_probability-conf, class_specific = False
test err: [0.15235988937261447, 0.14339262909080763, 0.15269180023674003, 0.1479109349533192, 0.14509504970857862]
estimated metric: [array([0.79747333, 0.92921491, 0.80139526, 0.74266469, 0.84160788,
       0.83232575, 0.88278994, 0.87913794, 0.87119002, 0.88189242]), array([0.80078541, 0.93033155, 0.80438402, 0.7439507 , 0.84136741,
       0.83453838, 0.87778645, 0.88087553, 0.87663795, 0.88534896]), array([0.79778381, 0.92696925, 0.80152252, 0.74993465, 0.83055476,
       0.83701329, 0.8784585 , 0.86579465, 0.89329812, 0.89446814]), array([0.79996408, 0.92073806, 0.7888094 , 0.75027339, 0.8422193 ,
       0.8269672 , 0.87859865, 0.88219136, 0.87173653, 0.88137078]), array([0.79849433, 0.93061115, 0.80353223, 0.74706962, 0.84408445,
       0.82952777, 0.87581356, 0.88125632, 0.88579015, 0.87826862])]
real metric: [array([0.62009132, 0.84423306, 0.72990777, 0.62394196, 0.77355837,
       0.64454148, 0.77382876, 0.72605364, 0.5647517 , 0.63518519]), array([0.62822316, 0.85321101, 0.74314214, 0.63170585, 0.7613941 ,
       0.66552901, 0.80064568, 0.70989761, 0.58751279, 0.66081871]), array([0.61187648, 0.84939759, 0.732     , 0.62863933, 0.73895582,
       0.65892116, 0.76444444, 0.69641295, 0.6221374 , 0.6460945 ]), array([0.63904236, 0.84684685, 0.69937802, 0.6277713 , 0.74784911,
       0.63333333, 0.78008915, 0.72329689, 0.61755802, 0.64859438]), array([0.61826698, 0.86915888, 0.73141326, 0.63164179, 0.75463623,
       0.67222686, 0.77284158, 0.71794872, 0.58610272, 0.6692607 ])]

estim_algorithm = ts-model, mode = classification, metric = f1score, confidence_scores = max_class_probability-conf, class_specific = True
test err: [0.0305454349966507, 0.024291108247205186, 0.03136299239230254, 0.028837397624414084, 0.03235169118932122]
estimated metric: [array([0.66894933, 0.82529525, 0.76079787, 0.64359325, 0.79882057,
       0.69645354, 0.80403494, 0.7423955 , 0.61444353, 0.6488882 ]), array([0.6719218 , 0.82657278, 0.76348983, 0.64459113, 0.7986799 ,
       0.69729325, 0.79831227, 0.74232877, 0.6159955 , 0.65377478]), array([0.66960937, 0.82445003, 0.76085661, 0.64982651, 0.78754426,
       0.70039533, 0.80021214, 0.72691185, 0.63314681, 0.6596616 ]), array([0.67160456, 0.81602901, 0.74843027, 0.6500683 , 0.79952015,
       0.69080154, 0.79896317, 0.74423423, 0.61398868, 0.64746965]), array([0.66962552, 0.82747385, 0.76266679, 0.64722698, 0.8012208 ,
       0.69377129, 0.7966208 , 0.74245348, 0.62721774, 0.64315408])]
real metric: [array([0.62009132, 0.84423306, 0.72990777, 0.62394196, 0.77355837,
       0.64454148, 0.77382876, 0.72605364, 0.5647517 , 0.63518519]), array([0.62822316, 0.85321101, 0.74314214, 0.63170585, 0.7613941 ,
       0.66552901, 0.80064568, 0.70989761, 0.58751279, 0.66081871]), array([0.61187648, 0.84939759, 0.732     , 0.62863933, 0.73895582,
       0.65892116, 0.76444444, 0.69641295, 0.6221374 , 0.6460945 ]), array([0.63904236, 0.84684685, 0.69937802, 0.6277713 , 0.74784911,
       0.63333333, 0.78008915, 0.72329689, 0.61755802, 0.64859438]), array([0.61826698, 0.86915888, 0.73141326, 0.63164179, 0.75463623,
       0.67222686, 0.77284158, 0.71794872, 0.58610272, 0.6692607 ])]

estim_algorithm = ts-model, mode = classification, metric = f1score, confidence_scores = energy-conf, class_specific = False
test err: [0.15488517611187086, 0.14715489019813413, 0.15535296903739773, 0.1538688306785652, 0.1514840814892245]
estimated metric: [array([0.92627907, 0.69588143, 0.91620443, 0.89870991, 0.88528848,
       0.85236164, 0.84434364, 0.76633782, 0.73859264, 0.66424268]), array([0.92765814, 0.69609682, 0.91408352, 0.90168159, 0.88357175,
       0.86285708, 0.84823031, 0.76056757, 0.73945125, 0.65643486]), array([0.92785431, 0.69442256, 0.91386082, 0.89889572, 0.88927679,
       0.85504519, 0.84646982, 0.78229474, 0.72732863, 0.65701075]), array([0.92579072, 0.70152973, 0.92180813, 0.89592445, 0.88588942,
       0.85760776, 0.84950845, 0.76128322, 0.73856746, 0.67390415]), array([0.92692284, 0.69222854, 0.91506985, 0.89805327, 0.87969533,
       0.85280543, 0.85154373, 0.7624327 , 0.73131289, 0.67441327])]
real metric: [array([0.62009132, 0.84423306, 0.72990777, 0.62394196, 0.77355837,
       0.64454148, 0.77382876, 0.72605364, 0.5647517 , 0.63518519]), array([0.62822316, 0.85321101, 0.74314214, 0.63170585, 0.7613941 ,
       0.66552901, 0.80064568, 0.70989761, 0.58751279, 0.66081871]), array([0.61187648, 0.84939759, 0.732     , 0.62863933, 0.73895582,
       0.65892116, 0.76444444, 0.69641295, 0.6221374 , 0.6460945 ]), array([0.63904236, 0.84684685, 0.69937802, 0.6277713 , 0.74784911,
       0.63333333, 0.78008915, 0.72329689, 0.61755802, 0.64859438]), array([0.61826698, 0.86915888, 0.73141326, 0.63164179, 0.75463623,
       0.67222686, 0.77284158, 0.71794872, 0.58610272, 0.6692607 ])]

estim_algorithm = ts-model, mode = classification, metric = f1score, confidence_scores = energy-conf, class_specific = True
test err: [0.04977492411372321, 0.04168586964816162, 0.0530133067476824, 0.04926848172857334, 0.046054360352099234]
estimated metric: [array([0.67567669, 0.81698599, 0.78602757, 0.65545641, 0.84069174,
       0.72066719, 0.82196135, 0.76091457, 0.62221457, 0.67875228]), array([0.67746611, 0.81715637, 0.78379843, 0.66103572, 0.83923713,
       0.73299972, 0.82572635, 0.75506306, 0.62323692, 0.67110969]), array([0.67771619, 0.81600446, 0.78492339, 0.65732062, 0.8451966 ,
       0.722609  , 0.82420315, 0.77716907, 0.60886343, 0.67167264]), array([0.67488075, 0.8214041 , 0.79650283, 0.65251179, 0.84088374,
       0.72563214, 0.82755047, 0.75580451, 0.62218179, 0.68820661]), array([0.67642607, 0.81413173, 0.78540072, 0.65635025, 0.83364803,
       0.71920697, 0.82961462, 0.75692024, 0.61358153, 0.68870686])]
real metric: [array([0.62009132, 0.84423306, 0.72990777, 0.62394196, 0.77355837,
       0.64454148, 0.77382876, 0.72605364, 0.5647517 , 0.63518519]), array([0.62822316, 0.85321101, 0.74314214, 0.63170585, 0.7613941 ,
       0.66552901, 0.80064568, 0.70989761, 0.58751279, 0.66081871]), array([0.61187648, 0.84939759, 0.732     , 0.62863933, 0.73895582,
       0.65892116, 0.76444444, 0.69641295, 0.6221374 , 0.6460945 ]), array([0.63904236, 0.84684685, 0.69937802, 0.6277713 , 0.74784911,
       0.63333333, 0.78008915, 0.72329689, 0.61755802, 0.64859438]), array([0.61826698, 0.86915888, 0.73141326, 0.63164179, 0.75463623,
       0.67222686, 0.77284158, 0.71794872, 0.58610272, 0.6692607 ])]

estim_algorithm = ts-model, mode = classification, metric = f1score, confidence_scores = entropy-conf, class_specific = False
test err: [0.15286424359639805, 0.14408254706437668, 0.15310369963737747, 0.14835410441328897, 0.14536425225776664]
estimated metric: [array([0.79088282, 0.93652823, 0.79805782, 0.72565095, 0.84234276,
       0.83426595, 0.88725185, 0.8815082 , 0.8789893 , 0.8892578 ]), array([0.79435986, 0.93765124, 0.80021997, 0.72570464, 0.84298242,
       0.83775978, 0.88244426, 0.88349592, 0.88401991, 0.89426754]), array([0.7916943 , 0.93446779, 0.79760102, 0.7320943 , 0.83000264,
       0.83969502, 0.88423257, 0.86840899, 0.90064621, 0.90107387]), array([0.79494783, 0.92759422, 0.78363214, 0.73211287, 0.84431241,
       0.82851143, 0.88215985, 0.88615317, 0.87868327, 0.88919325]), array([0.79157448, 0.9380712 , 0.79892848, 0.72801614, 0.84513058,
       0.83224389, 0.88036393, 0.88402141, 0.89266304, 0.8861271 ])]
real metric: [array([0.62009132, 0.84423306, 0.72990777, 0.62394196, 0.77355837,
       0.64454148, 0.77382876, 0.72605364, 0.5647517 , 0.63518519]), array([0.62822316, 0.85321101, 0.74314214, 0.63170585, 0.7613941 ,
       0.66552901, 0.80064568, 0.70989761, 0.58751279, 0.66081871]), array([0.61187648, 0.84939759, 0.732     , 0.62863933, 0.73895582,
       0.65892116, 0.76444444, 0.69641295, 0.6221374 , 0.6460945 ]), array([0.63904236, 0.84684685, 0.69937802, 0.6277713 , 0.74784911,
       0.63333333, 0.78008915, 0.72329689, 0.61755802, 0.64859438]), array([0.61826698, 0.86915888, 0.73141326, 0.63164179, 0.75463623,
       0.67222686, 0.77284158, 0.71794872, 0.58610272, 0.6692607 ])]

estim_algorithm = ts-model, mode = classification, metric = f1score, confidence_scores = entropy-conf, class_specific = True
test err: [0.028153202367248043, 0.02248199584612589, 0.02932244417782883, 0.027300119344793282, 0.030753612725936554]
estimated metric: [array([0.66481944, 0.82738338, 0.76168999, 0.64116745, 0.79485149,
       0.69264092, 0.80245251, 0.73912365, 0.6142391 , 0.645558  ]), array([0.66835502, 0.8287488 , 0.76360739, 0.64114933, 0.79562746,
       0.69405945, 0.79628245, 0.7383874 , 0.61478232, 0.65338788]), array([0.66622289, 0.82692049, 0.76114129, 0.64713923, 0.78163458,
       0.69743061, 0.7996487 , 0.72040991, 0.63854825, 0.65805398]), array([0.66950569, 0.81636883, 0.74715172, 0.64708007, 0.79687313,
       0.68541145, 0.79579463, 0.74205336, 0.61298475, 0.64375436]), array([0.66512332, 0.83012071, 0.76234657, 0.64320499, 0.79748132,
       0.69017732, 0.79434258, 0.73841494, 0.63066443, 0.63744008])]
real metric: [array([0.62009132, 0.84423306, 0.72990777, 0.62394196, 0.77355837,
       0.64454148, 0.77382876, 0.72605364, 0.5647517 , 0.63518519]), array([0.62822316, 0.85321101, 0.74314214, 0.63170585, 0.7613941 ,
       0.66552901, 0.80064568, 0.70989761, 0.58751279, 0.66081871]), array([0.61187648, 0.84939759, 0.732     , 0.62863933, 0.73895582,
       0.65892116, 0.76444444, 0.69641295, 0.6221374 , 0.6460945 ]), array([0.63904236, 0.84684685, 0.69937802, 0.6277713 , 0.74784911,
       0.63333333, 0.78008915, 0.72329689, 0.61755802, 0.64859438]), array([0.61826698, 0.86915888, 0.73141326, 0.63164179, 0.75463623,
       0.67222686, 0.77284158, 0.71794872, 0.58610272, 0.6692607 ])]

estim_algorithm = ts-model, mode = classification, metric = f1score, confidence_scores = doctor-conf, class_specific = False
test err: [0.1588063810376979, 0.15044946728110403, 0.15838313437295523, 0.154752043126864, 0.1506342415229345]
estimated metric: [array([0.71587761, 0.96818097, 0.75579666, 0.69083831, 0.88082419,
       0.83839486, 0.92844123, 0.90663964, 0.91027521, 0.92888838]), array([0.72132173, 0.96758938, 0.75641278, 0.69230592, 0.88260677,
       0.84231332, 0.92788105, 0.90520863, 0.91566144, 0.93527373]), array([0.72076991, 0.96486045, 0.75434622, 0.69476046, 0.86478993,
       0.84351092, 0.92905987, 0.89184015, 0.93158941, 0.93718372]), array([0.7227809 , 0.95940337, 0.74663824, 0.69304721, 0.88326366,
       0.83189572, 0.92380169, 0.91044869, 0.90963326, 0.9303671 ]), array([0.71569319, 0.96907391, 0.75425607, 0.69217341, 0.87898301,
       0.83841328, 0.92446981, 0.90619449, 0.92366315, 0.92691981])]
real metric: [array([0.62009132, 0.84423306, 0.72990777, 0.62394196, 0.77355837,
       0.64454148, 0.77382876, 0.72605364, 0.5647517 , 0.63518519]), array([0.62822316, 0.85321101, 0.74314214, 0.63170585, 0.7613941 ,
       0.66552901, 0.80064568, 0.70989761, 0.58751279, 0.66081871]), array([0.61187648, 0.84939759, 0.732     , 0.62863933, 0.73895582,
       0.65892116, 0.76444444, 0.69641295, 0.6221374 , 0.6460945 ]), array([0.63904236, 0.84684685, 0.69937802, 0.6277713 , 0.74784911,
       0.63333333, 0.78008915, 0.72329689, 0.61755802, 0.64859438]), array([0.61826698, 0.86915888, 0.73141326, 0.63164179, 0.75463623,
       0.67222686, 0.77284158, 0.71794872, 0.58610272, 0.6692607 ])]

estim_algorithm = ts-model, mode = classification, metric = f1score, confidence_scores = doctor-conf, class_specific = True
test err: [0.026376077311059044, 0.021214825041194173, 0.026921711342201272, 0.026015297993958332, 0.027944488401705225]
estimated metric: [array([0.65547462, 0.82634956, 0.76499524, 0.63215431, 0.79998105,
       0.68854948, 0.79839894, 0.74111747, 0.61142914, 0.64563723]), array([0.66080897, 0.82710507, 0.76561184, 0.63365748, 0.80156673,
       0.69293903, 0.79383105, 0.7352394 , 0.61065699, 0.65466682]), array([0.66033623, 0.82788051, 0.76354061, 0.63586643, 0.78406978,
       0.69347001, 0.79800789, 0.71953136, 0.63612891, 0.65623092]), array([0.6622129 , 0.81510158, 0.75575265, 0.63415372, 0.80252711,
       0.68279405, 0.79004175, 0.73930231, 0.61052052, 0.64324851]), array([0.65529105, 0.82993661, 0.76345499, 0.63344612, 0.79753702,
       0.68901361, 0.792026  , 0.7365311 , 0.62652085, 0.63778068])]
real metric: [array([0.62009132, 0.84423306, 0.72990777, 0.62394196, 0.77355837,
       0.64454148, 0.77382876, 0.72605364, 0.5647517 , 0.63518519]), array([0.62822316, 0.85321101, 0.74314214, 0.63170585, 0.7613941 ,
       0.66552901, 0.80064568, 0.70989761, 0.58751279, 0.66081871]), array([0.61187648, 0.84939759, 0.732     , 0.62863933, 0.73895582,
       0.65892116, 0.76444444, 0.69641295, 0.6221374 , 0.6460945 ]), array([0.63904236, 0.84684685, 0.69937802, 0.6277713 , 0.74784911,
       0.63333333, 0.78008915, 0.72329689, 0.61755802, 0.64859438]), array([0.61826698, 0.86915888, 0.73141326, 0.63164179, 0.75463623,
       0.67222686, 0.77284158, 0.71794872, 0.58610272, 0.6692607 ])]

estim_algorithm = doc-model, mode = classification, metric = f1score, confidence_scores = max_class_probability-conf, class_specific = False
test err: [0.14946312085742705, 0.13897428069522824, 0.14835196149567786, 0.1464371276320067, 0.14237359878912892]
estimated metric: [array([0.83349658, 0.86096324, 0.83456231, 0.82959196, 0.84038651,
       0.83864836, 0.84847309, 0.84706318, 0.84816347, 0.84937574]), array([0.83381116, 0.86110293, 0.83471566, 0.82967785, 0.8404353 ,
       0.83883139, 0.84788642, 0.84694967, 0.84835793, 0.85005455]), array([0.83363036, 0.86095098, 0.83452396, 0.83005158, 0.83925945,
       0.8390743 , 0.84816012, 0.84526546, 0.85074963, 0.85073346]), array([0.83378488, 0.85968551, 0.83362056, 0.83002264, 0.84051967,
       0.83816217, 0.84784893, 0.84719081, 0.84811225, 0.84918326]), array([0.83354389, 0.86130465, 0.83461768, 0.82985099, 0.84052648,
       0.83847094, 0.84771321, 0.84700461, 0.84984774, 0.84864506])]
real metric: [array([0.62009132, 0.84423306, 0.72990777, 0.62394196, 0.77355837,
       0.64454148, 0.77382876, 0.72605364, 0.5647517 , 0.63518519]), array([0.62822316, 0.85321101, 0.74314214, 0.63170585, 0.7613941 ,
       0.66552901, 0.80064568, 0.70989761, 0.58751279, 0.66081871]), array([0.61187648, 0.84939759, 0.732     , 0.62863933, 0.73895582,
       0.65892116, 0.76444444, 0.69641295, 0.6221374 , 0.6460945 ]), array([0.63904236, 0.84684685, 0.69937802, 0.6277713 , 0.74784911,
       0.63333333, 0.78008915, 0.72329689, 0.61755802, 0.64859438]), array([0.61826698, 0.86915888, 0.73141326, 0.63164179, 0.75463623,
       0.67222686, 0.77284158, 0.71794872, 0.58610272, 0.6692607 ])]

estim_algorithm = doc-model, mode = classification, metric = f1score, confidence_scores = max_class_probability-conf, class_specific = True
test err: [0.037547257650723476, 0.029547973353444834, 0.03810553890138395, 0.03562453711565163, 0.03659995457671293]
estimated metric: [array([0.67511559, 0.81895698, 0.76984423, 0.64860765, 0.81641484,
       0.70374471, 0.80987111, 0.74594978, 0.61600199, 0.65650679]), array([0.67552137, 0.81910716, 0.77001508, 0.64872217, 0.81646566,
       0.70397272, 0.80924444, 0.74581549, 0.61628273, 0.65743215]), array([0.67528817, 0.81894379, 0.76980149, 0.64922038, 0.81524067,
       0.70427533, 0.8095368 , 0.74382262, 0.61973404, 0.65835746]), array([0.67548748, 0.81758321, 0.76879493, 0.64918179, 0.81655355,
       0.70313898, 0.8092044 , 0.74610077, 0.61592803, 0.65624437]), array([0.67517662, 0.81932403, 0.76990591, 0.64895299, 0.81656065,
       0.70352367, 0.80905941, 0.74588048, 0.61843292, 0.65551052])]
real metric: [array([0.62009132, 0.84423306, 0.72990777, 0.62394196, 0.77355837,
       0.64454148, 0.77382876, 0.72605364, 0.5647517 , 0.63518519]), array([0.62822316, 0.85321101, 0.74314214, 0.63170585, 0.7613941 ,
       0.66552901, 0.80064568, 0.70989761, 0.58751279, 0.66081871]), array([0.61187648, 0.84939759, 0.732     , 0.62863933, 0.73895582,
       0.65892116, 0.76444444, 0.69641295, 0.6221374 , 0.6460945 ]), array([0.63904236, 0.84684685, 0.69937802, 0.6277713 , 0.74784911,
       0.63333333, 0.78008915, 0.72329689, 0.61755802, 0.64859438]), array([0.61826698, 0.86915888, 0.73141326, 0.63164179, 0.75463623,
       0.67222686, 0.77284158, 0.71794872, 0.58610272, 0.6692607 ])]

estim_algorithm = doc-model, mode = classification, metric = f1score, confidence_scores = energy-conf, class_specific = False
test err: [0.15472802590451884, 0.1468820518222665, 0.15520940677726117, 0.15371888028911745, 0.15132116392253298]
estimated metric: [array([0.92576983, 0.69741284, 0.91584398, 0.89826787, 0.88524264,
       0.85212402, 0.84474575, 0.76655927, 0.73898011, 0.66478676]), array([0.92716282, 0.69763238, 0.91372359, 0.90124825, 0.88352458,
       0.86263877, 0.84861132, 0.76077135, 0.73983541, 0.65704256]), array([0.92736222, 0.69596847, 0.91350569, 0.89845798, 0.8891899 ,
       0.85481779, 0.84687144, 0.78245487, 0.727863  , 0.65762417]), array([0.92528952, 0.70296739, 0.92147578, 0.89548549, 0.88584953,
       0.85736088, 0.84987709, 0.76150484, 0.73895102, 0.67442775]), array([0.92640457, 0.69379507, 0.9147167 , 0.89761956, 0.87961731,
       0.852558  , 0.85191446, 0.76263607, 0.73178551, 0.67493449])]
real metric: [array([0.62009132, 0.84423306, 0.72990777, 0.62394196, 0.77355837,
       0.64454148, 0.77382876, 0.72605364, 0.5647517 , 0.63518519]), array([0.62822316, 0.85321101, 0.74314214, 0.63170585, 0.7613941 ,
       0.66552901, 0.80064568, 0.70989761, 0.58751279, 0.66081871]), array([0.61187648, 0.84939759, 0.732     , 0.62863933, 0.73895582,
       0.65892116, 0.76444444, 0.69641295, 0.6221374 , 0.6460945 ]), array([0.63904236, 0.84684685, 0.69937802, 0.6277713 , 0.74784911,
       0.63333333, 0.78008915, 0.72329689, 0.61755802, 0.64859438]), array([0.61826698, 0.86915888, 0.73141326, 0.63164179, 0.75463623,
       0.67222686, 0.77284158, 0.71794872, 0.58610272, 0.6692607 ])]

estim_algorithm = doc-model, mode = classification, metric = f1score, confidence_scores = energy-conf, class_specific = True
test err: [0.04975603118870383, 0.041666623792831335, 0.0529766014450032, 0.04924993049234176, 0.04602828103284384]
estimated metric: [array([0.67572289, 0.81708222, 0.7860269 , 0.65548773, 0.84067159,
       0.72065548, 0.82191435, 0.76092018, 0.62220109, 0.67866946]), array([0.67750019, 0.81724967, 0.78379792, 0.66105137, 0.83922206,
       0.73299267, 0.82565595, 0.75504581, 0.62322208, 0.67108592]), array([0.67774997, 0.81611036, 0.78492239, 0.65726973, 0.84513713,
       0.72260062, 0.82414745, 0.77712212, 0.60891876, 0.67165544]), array([0.6749123 , 0.82141397, 0.79650132, 0.65251885, 0.84086851,
       0.72561746, 0.8274824 , 0.75580006, 0.62216637, 0.68811173]), array([0.67647267, 0.81425441, 0.78539967, 0.65637792, 0.83360742,
       0.71919681, 0.8295471 , 0.75689982, 0.61360771, 0.68860805])]
real metric: [array([0.62009132, 0.84423306, 0.72990777, 0.62394196, 0.77355837,
       0.64454148, 0.77382876, 0.72605364, 0.5647517 , 0.63518519]), array([0.62822316, 0.85321101, 0.74314214, 0.63170585, 0.7613941 ,
       0.66552901, 0.80064568, 0.70989761, 0.58751279, 0.66081871]), array([0.61187648, 0.84939759, 0.732     , 0.62863933, 0.73895582,
       0.65892116, 0.76444444, 0.69641295, 0.6221374 , 0.6460945 ]), array([0.63904236, 0.84684685, 0.69937802, 0.6277713 , 0.74784911,
       0.63333333, 0.78008915, 0.72329689, 0.61755802, 0.64859438]), array([0.61826698, 0.86915888, 0.73141326, 0.63164179, 0.75463623,
       0.67222686, 0.77284158, 0.71794872, 0.58610272, 0.6692607 ])]

estim_algorithm = doc-model, mode = classification, metric = f1score, confidence_scores = entropy-conf, class_specific = False
test err: [0.14865550349811593, 0.1392066189789412, 0.1477677338672812, 0.1458353481749189, 0.14421295772820067]
estimated metric: [array([0.8391155 , 0.84758035, 0.8397353 , 0.83940576, 0.84167621,
       0.8407989 , 0.84380023, 0.84290376, 0.84363184, 0.84400043]), array([0.83918432, 0.8475957 , 0.83974692, 0.83943516, 0.84170217,
       0.84090689, 0.84375595, 0.84277614, 0.84362099, 0.84419142]), array([0.83918609, 0.84761946, 0.83971783, 0.83944367, 0.84143422,
       0.84087554, 0.8438156 , 0.84254333, 0.84415245, 0.84421258]), array([0.83919956, 0.84729374, 0.83967345, 0.83941611, 0.84171702,
       0.84073899, 0.84364956, 0.84285085, 0.8436168 , 0.8439568 ]), array([0.83911293, 0.84767344, 0.83971346, 0.83942337, 0.84159163,
       0.84083251, 0.84371054, 0.84281   , 0.84393431, 0.84385422])]
real metric: [array([0.62009132, 0.84423306, 0.72990777, 0.62394196, 0.77355837,
       0.64454148, 0.77382876, 0.72605364, 0.5647517 , 0.63518519]), array([0.62822316, 0.85321101, 0.74314214, 0.63170585, 0.7613941 ,
       0.66552901, 0.80064568, 0.70989761, 0.58751279, 0.66081871]), array([0.61187648, 0.84939759, 0.732     , 0.62863933, 0.73895582,
       0.65892116, 0.76444444, 0.69641295, 0.6221374 , 0.6460945 ]), array([0.63904236, 0.84684685, 0.69937802, 0.6277713 , 0.74784911,
       0.63333333, 0.78008915, 0.72329689, 0.61755802, 0.64859438]), array([0.61826698, 0.86915888, 0.73141326, 0.63164179, 0.75463623,
       0.67222686, 0.77284158, 0.71794872, 0.58610272, 0.6692607 ])]

estim_algorithm = doc-model, mode = classification, metric = f1score, confidence_scores = entropy-conf, class_specific = True
test err: [0.038359172807793704, 0.030149509793796582, 0.03919582864923654, 0.036382256099453426, 0.03693159857190777]
estimated metric: [array([0.6758671 , 0.81813173, 0.77055385, 0.64910061, 0.81813701,
       0.7046268 , 0.81068875, 0.74636025, 0.61625544, 0.6577608 ]), array([0.67595664, 0.81814788, 0.7705669 , 0.64914044, 0.81816404,
       0.70476164, 0.81064189, 0.74621045, 0.61623989, 0.65801827]), array([0.67595894, 0.81817287, 0.77053423, 0.64915198, 0.81788509,
       0.7047225 , 0.810705  , 0.74593716, 0.61700084, 0.6580468 ]), array([0.67597646, 0.81783029, 0.7704844 , 0.64911464, 0.8181795 ,
       0.70455198, 0.81052932, 0.74629815, 0.6162339 , 0.65770197]), array([0.67586376, 0.81822964, 0.77052933, 0.64912448, 0.81804896,
       0.70466876, 0.81059384, 0.7462502 , 0.61668853, 0.65756366])]
real metric: [array([0.62009132, 0.84423306, 0.72990777, 0.62394196, 0.77355837,
       0.64454148, 0.77382876, 0.72605364, 0.5647517 , 0.63518519]), array([0.62822316, 0.85321101, 0.74314214, 0.63170585, 0.7613941 ,
       0.66552901, 0.80064568, 0.70989761, 0.58751279, 0.66081871]), array([0.61187648, 0.84939759, 0.732     , 0.62863933, 0.73895582,
       0.65892116, 0.76444444, 0.69641295, 0.6221374 , 0.6460945 ]), array([0.63904236, 0.84684685, 0.69937802, 0.6277713 , 0.74784911,
       0.63333333, 0.78008915, 0.72329689, 0.61755802, 0.64859438]), array([0.61826698, 0.86915888, 0.73141326, 0.63164179, 0.75463623,
       0.67222686, 0.77284158, 0.71794872, 0.58610272, 0.6692607 ])]

estim_algorithm = doc-model, mode = classification, metric = f1score, confidence_scores = doctor-conf, class_specific = False
test err: [0.15793442395070745, 0.14805702174980515, 0.15715651072049805, 0.15368575618723096, 0.1489539714634125]
estimated metric: [array([0.7519638 , 0.96055301, 0.77367123, 0.75093325, 0.84205371,
       0.81497803, 0.91365679, 0.89216151, 0.90009956, 0.91536659]), array([0.75464904, 0.96072549, 0.77402441, 0.75183494, 0.84294017,
       0.81788231, 0.91163851, 0.8884688 , 0.90017922, 0.92030739]), array([0.7545496 , 0.95990675, 0.77296631, 0.75257461, 0.83341496,
       0.81771876, 0.91306927, 0.87926534, 0.91480623, 0.92217298]), array([0.75530403, 0.95376535, 0.77016894, 0.75165382, 0.84346826,
       0.812128  , 0.90880712, 0.89080354, 0.89978796, 0.91472994]), array([0.75187242, 0.96220218, 0.77285421, 0.75156748, 0.84008493,
       0.8155498 , 0.91012893, 0.8892581 , 0.90812753, 0.91139186])]
real metric: [array([0.62009132, 0.84423306, 0.72990777, 0.62394196, 0.77355837,
       0.64454148, 0.77382876, 0.72605364, 0.5647517 , 0.63518519]), array([0.62822316, 0.85321101, 0.74314214, 0.63170585, 0.7613941 ,
       0.66552901, 0.80064568, 0.70989761, 0.58751279, 0.66081871]), array([0.61187648, 0.84939759, 0.732     , 0.62863933, 0.73895582,
       0.65892116, 0.76444444, 0.69641295, 0.6221374 , 0.6460945 ]), array([0.63904236, 0.84684685, 0.69937802, 0.6277713 , 0.74784911,
       0.63333333, 0.78008915, 0.72329689, 0.61755802, 0.64859438]), array([0.61826698, 0.86915888, 0.73141326, 0.63164179, 0.75463623,
       0.67222686, 0.77284158, 0.71794872, 0.58610272, 0.6692607 ])]

estim_algorithm = doc-model, mode = classification, metric = f1score, confidence_scores = doctor-conf, class_specific = True
test err: [0.029980218782210445, 0.02373476404400221, 0.03159577970344748, 0.030426236188330003, 0.03227903816477715]
estimated metric: [array([0.66429515, 0.82629024, 0.76818358, 0.63857582, 0.80901487,
       0.69380361, 0.8017388 , 0.74245736, 0.61064996, 0.64500042]), array([0.66737043, 0.82703929, 0.76853992, 0.63964695, 0.80995262,
       0.69733134, 0.7986686 , 0.73765372, 0.60976942, 0.65447959]), array([0.66725656, 0.82781445, 0.76747233, 0.64052551, 0.79987417,
       0.69713273, 0.80162978, 0.72581826, 0.63797912, 0.65616829]), array([0.66812042, 0.81510775, 0.76464982, 0.63943181, 0.81051124,
       0.69034008, 0.79552321, 0.74084331, 0.60995888, 0.64232999]), array([0.66419048, 0.82985638, 0.76735922, 0.63932925, 0.80693204,
       0.69449826, 0.79722755, 0.73876041, 0.62748915, 0.63648105])]
real metric: [array([0.62009132, 0.84423306, 0.72990777, 0.62394196, 0.77355837,
       0.64454148, 0.77382876, 0.72605364, 0.5647517 , 0.63518519]), array([0.62822316, 0.85321101, 0.74314214, 0.63170585, 0.7613941 ,
       0.66552901, 0.80064568, 0.70989761, 0.58751279, 0.66081871]), array([0.61187648, 0.84939759, 0.732     , 0.62863933, 0.73895582,
       0.65892116, 0.76444444, 0.69641295, 0.6221374 , 0.6460945 ]), array([0.63904236, 0.84684685, 0.69937802, 0.6277713 , 0.74784911,
       0.63333333, 0.78008915, 0.72329689, 0.61755802, 0.64859438]), array([0.61826698, 0.86915888, 0.73141326, 0.63164179, 0.75463623,
       0.67222686, 0.77284158, 0.71794872, 0.58610272, 0.6692607 ])]

estim_algorithm = atc-model, mode = classification, metric = f1score, confidence_scores = max_class_probability-conf, class_specific = False
test err: [0.1457454261817969, 0.14044677778671316, 0.14960820579703726, 0.14262267134931542, 0.1447279093335323]
estimated metric: [array([0.76336511, 0.95211581, 0.78519594, 0.64375877, 0.86578743,
       0.8315508 , 0.90405117, 0.87903226, 0.86496351, 0.90372671]), array([0.77937447, 0.95079951, 0.78796361, 0.64236589, 0.86194303,
       0.85750315, 0.89401889, 0.88607595, 0.88602941, 0.90047394]), array([0.76415094, 0.94472935, 0.7901419 , 0.65708419, 0.83890126,
       0.86570744, 0.89647059, 0.85340314, 0.91373802, 0.92063492]), array([0.78192372, 0.94053398, 0.75351014, 0.6689235 , 0.86231884,
       0.82788051, 0.88758553, 0.89454546, 0.86910995, 0.90365449]), array([0.77386935, 0.95121951, 0.79169756, 0.66391753, 0.86930091,
       0.84510533, 0.89309577, 0.87674714, 0.90613719, 0.89968652])]
real metric: [array([0.62009132, 0.84423306, 0.72990777, 0.62394196, 0.77355837,
       0.64454148, 0.77382876, 0.72605364, 0.5647517 , 0.63518519]), array([0.62822316, 0.85321101, 0.74314214, 0.63170585, 0.7613941 ,
       0.66552901, 0.80064568, 0.70989761, 0.58751279, 0.66081871]), array([0.61187648, 0.84939759, 0.732     , 0.62863933, 0.73895582,
       0.65892116, 0.76444444, 0.69641295, 0.6221374 , 0.6460945 ]), array([0.63904236, 0.84684685, 0.69937802, 0.6277713 , 0.74784911,
       0.63333333, 0.78008915, 0.72329689, 0.61755802, 0.64859438]), array([0.61826698, 0.86915888, 0.73141326, 0.63164179, 0.75463623,
       0.67222686, 0.77284158, 0.71794872, 0.58610272, 0.6692607 ])]

estim_algorithm = atc-model, mode = classification, metric = f1score, confidence_scores = max_class_probability-conf, class_specific = True
test err: [0.01175818712465615, 0.01593196412101492, 0.016553756121380814, 0.015456660388716969, 0.018050879703644017]
estimated metric: [array([0.62993572, 0.83611627, 0.75446429, 0.61955746, 0.77554439,
       0.68965518, 0.77180406, 0.72477065, 0.58314352, 0.63706564]), array([0.63127962, 0.8472973 , 0.75305976, 0.60691602, 0.76740507,
       0.6477612 , 0.76      , 0.71156662, 0.55023925, 0.6485437 ]), array([0.63477025, 0.84538653, 0.75576037, 0.63370474, 0.74679487,
       0.67507003, 0.77864584, 0.67071321, 0.63453816, 0.67961166]), array([0.64044424, 0.81466395, 0.71749599, 0.63850416, 0.77055599,
       0.65139117, 0.76706392, 0.72089762, 0.5882353 , 0.64197532]), array([0.63241476, 0.84914842, 0.75762195, 0.6338721 , 0.77832512,
       0.65899281, 0.75438597, 0.72254336, 0.60368665, 0.62890626])]
real metric: [array([0.62009132, 0.84423306, 0.72990777, 0.62394196, 0.77355837,
       0.64454148, 0.77382876, 0.72605364, 0.5647517 , 0.63518519]), array([0.62822316, 0.85321101, 0.74314214, 0.63170585, 0.7613941 ,
       0.66552901, 0.80064568, 0.70989761, 0.58751279, 0.66081871]), array([0.61187648, 0.84939759, 0.732     , 0.62863933, 0.73895582,
       0.65892116, 0.76444444, 0.69641295, 0.6221374 , 0.6460945 ]), array([0.63904236, 0.84684685, 0.69937802, 0.6277713 , 0.74784911,
       0.63333333, 0.78008915, 0.72329689, 0.61755802, 0.64859438]), array([0.61826698, 0.86915888, 0.73141326, 0.63164179, 0.75463623,
       0.67222686, 0.77284158, 0.71794872, 0.58610272, 0.6692607 ])]

estim_algorithm = atc-model, mode = classification, metric = f1score, confidence_scores = energy-conf, class_specific = False
test err: [0.21940604196704858, 0.22613825201892732, 0.22201805556131138, 0.22417978504925368, 0.22032118458758684]
estimated metric: [array([1.        , 0.38316152, 0.99640288, 0.92734332, 0.99380592,
       0.82526882, 0.83181818, 0.64169382, 0.61777779, 0.44835166]), array([0.99965362, 0.37058262, 0.99826489, 0.94155496, 0.99158576,
       0.86323714, 0.85059978, 0.63565892, 0.63513514, 0.41818183]), array([1.        , 0.35231317, 0.99441341, 0.93427485, 0.99291694,
       0.83783784, 0.83188045, 0.69058296, 0.60369611, 0.40375588]), array([1.        , 0.40256176, 0.99560025, 0.93094073, 0.98709677,
       0.83286119, 0.85742972, 0.63677131, 0.63578948, 0.43230405]), array([1.        , 0.35047952, 1.        , 0.91879867, 0.98706603,
       0.82174463, 0.83878505, 0.65038168, 0.62895928, 0.48051949])]
real metric: [array([0.62009132, 0.84423306, 0.72990777, 0.62394196, 0.77355837,
       0.64454148, 0.77382876, 0.72605364, 0.5647517 , 0.63518519]), array([0.62822316, 0.85321101, 0.74314214, 0.63170585, 0.7613941 ,
       0.66552901, 0.80064568, 0.70989761, 0.58751279, 0.66081871]), array([0.61187648, 0.84939759, 0.732     , 0.62863933, 0.73895582,
       0.65892116, 0.76444444, 0.69641295, 0.6221374 , 0.6460945 ]), array([0.63904236, 0.84684685, 0.69937802, 0.6277713 , 0.74784911,
       0.63333333, 0.78008915, 0.72329689, 0.61755802, 0.64859438]), array([0.61826698, 0.86915888, 0.73141326, 0.63164179, 0.75463623,
       0.67222686, 0.77284158, 0.71794872, 0.58610272, 0.6692607 ])]

estim_algorithm = atc-model, mode = classification, metric = f1score, confidence_scores = energy-conf, class_specific = True
test err: [0.06043382763363562, 0.05599566944985131, 0.065977916058337, 0.07104978435455772, 0.05959208101167205]
estimated metric: [array([0.68892795, 0.86146401, 0.82526316, 0.65694445, 0.8578125 ,
       0.74785101, 0.82245132, 0.74018127, 0.62084258, 0.71869329]), array([0.6967509 , 0.86644518, 0.81935924, 0.65163935, 0.84163569,
       0.80317041, 0.84048405, 0.74285715, 0.63820226, 0.70149254]), array([0.69533726, 0.85960591, 0.81665449, 0.65616439, 0.86748733,
       0.76822917, 0.81565657, 0.77482518, 0.60655739, 0.71698114]), array([0.68251121, 0.85956891, 0.83781818, 0.64972528, 0.85901163,
       0.76461769, 0.85282258, 0.76086957, 0.63865547, 0.76865672]), array([0.70155211, 0.85402786, 0.81798405, 0.66023432, 0.84561676,
       0.75234271, 0.83058824, 0.74253201, 0.62895928, 0.75531915])]
real metric: [array([0.62009132, 0.84423306, 0.72990777, 0.62394196, 0.77355837,
       0.64454148, 0.77382876, 0.72605364, 0.5647517 , 0.63518519]), array([0.62822316, 0.85321101, 0.74314214, 0.63170585, 0.7613941 ,
       0.66552901, 0.80064568, 0.70989761, 0.58751279, 0.66081871]), array([0.61187648, 0.84939759, 0.732     , 0.62863933, 0.73895582,
       0.65892116, 0.76444444, 0.69641295, 0.6221374 , 0.6460945 ]), array([0.63904236, 0.84684685, 0.69937802, 0.6277713 , 0.74784911,
       0.63333333, 0.78008915, 0.72329689, 0.61755802, 0.64859438]), array([0.61826698, 0.86915888, 0.73141326, 0.63164179, 0.75463623,
       0.67222686, 0.77284158, 0.71794872, 0.58610272, 0.6692607 ])]

estim_algorithm = atc-model, mode = classification, metric = f1score, confidence_scores = entropy-conf, class_specific = False
test err: [0.16517139103456507, 0.16324405673729908, 0.16236629639843536, 0.16572402781920323, 0.15896988725713662]
estimated metric: [array([0.58039962, 0.969896  , 0.77362638, 0.59956554, 0.93128655,
       0.90886392, 0.9520897 , 0.8968254 , 0.90877193, 0.93834587]), array([0.58500735, 0.97228916, 0.78456141, 0.6029724 , 0.93287671,
       0.91885442, 0.95746785, 0.90274314, 0.92362345, 0.95022625]), array([0.59001957, 0.96996663, 0.77828054, 0.61636107, 0.90934449,
       0.90255221, 0.95893452, 0.88407643, 0.94736842, 0.94736842]), array([0.58885687, 0.96133254, 0.76982294, 0.60170697, 0.93990547,
       0.89544236, 0.9462963 , 0.90778443, 0.92358804, 0.93376414]), array([0.5744888 , 0.97173913, 0.76888218, 0.5974026 , 0.92407809,
       0.90481786, 0.94814815, 0.89361702, 0.93121693, 0.94277109])]
real metric: [array([0.62009132, 0.84423306, 0.72990777, 0.62394196, 0.77355837,
       0.64454148, 0.77382876, 0.72605364, 0.5647517 , 0.63518519]), array([0.62822316, 0.85321101, 0.74314214, 0.63170585, 0.7613941 ,
       0.66552901, 0.80064568, 0.70989761, 0.58751279, 0.66081871]), array([0.61187648, 0.84939759, 0.732     , 0.62863933, 0.73895582,
       0.65892116, 0.76444444, 0.69641295, 0.6221374 , 0.6460945 ]), array([0.63904236, 0.84684685, 0.69937802, 0.6277713 , 0.74784911,
       0.63333333, 0.78008915, 0.72329689, 0.61755802, 0.64859438]), array([0.61826698, 0.86915888, 0.73141326, 0.63164179, 0.75463623,
       0.67222686, 0.77284158, 0.71794872, 0.58610272, 0.6692607 ])]

estim_algorithm = atc-model, mode = classification, metric = f1score, confidence_scores = entropy-conf, class_specific = True
test err: [0.021862365324266376, 0.025802000175386662, 0.019291705852656583, 0.02792027984661567, 0.029091064383967323]
estimated metric: [array([0.58039962, 0.82887368, 0.77452416, 0.59855073, 0.79173554,
       0.65123457, 0.77909739, 0.7325228 , 0.59909911, 0.65779468]), array([0.58500735, 0.82910089, 0.78626489, 0.60198301, 0.7913111 ,
       0.64977646, 0.77441861, 0.70778268, 0.55714287, 0.67428572]), array([0.59001957, 0.83595223, 0.78195489, 0.61538462, 0.75774424,
       0.66947961, 0.7706422 , 0.6807229 , 0.63179075, 0.67961166]), array([0.58885687, 0.80981595, 0.76982294, 0.60170697, 0.78388846,
       0.6197655 , 0.7828877 , 0.71004244, 0.5943601 , 0.64197532]), array([0.5744888 , 0.83497537, 0.77073907, 0.5974026 , 0.77328937,
       0.64337701, 0.76521739, 0.72254336, 0.62272728, 0.6262231 ])]
real metric: [array([0.62009132, 0.84423306, 0.72990777, 0.62394196, 0.77355837,
       0.64454148, 0.77382876, 0.72605364, 0.5647517 , 0.63518519]), array([0.62822316, 0.85321101, 0.74314214, 0.63170585, 0.7613941 ,
       0.66552901, 0.80064568, 0.70989761, 0.58751279, 0.66081871]), array([0.61187648, 0.84939759, 0.732     , 0.62863933, 0.73895582,
       0.65892116, 0.76444444, 0.69641295, 0.6221374 , 0.6460945 ]), array([0.63904236, 0.84684685, 0.69937802, 0.6277713 , 0.74784911,
       0.63333333, 0.78008915, 0.72329689, 0.61755802, 0.64859438]), array([0.61826698, 0.86915888, 0.73141326, 0.63164179, 0.75463623,
       0.67222686, 0.77284158, 0.71794872, 0.58610272, 0.6692607 ])]

estim_algorithm = atc-model, mode = classification, metric = f1score, confidence_scores = doctor-conf, class_specific = False
test err: [0.1628451983112289, 0.16090743128083057, 0.16335037094311264, 0.16353252448673397, 0.15695898311769368]
estimated metric: [array([0.62298108, 0.96706915, 0.79046243, 0.53373768, 0.91381872,
       0.8922687 , 0.9369183 , 0.89389921, 0.90106007, 0.93192133]), array([0.62016245, 0.97042849, 0.78881119, 0.54101996, 0.92105263,
       0.91105769, 0.94494495, 0.89447236, 0.91785714, 0.94385433]), array([0.63735225, 0.96767001, 0.77086495, 0.55522828, 0.89703808,
       0.89485981, 0.95195531, 0.87403599, 0.94409938, 0.94245723]), array([0.63475837, 0.9600953 , 0.77359939, 0.53064275, 0.92465753,
       0.89544236, 0.93445693, 0.90120482, 0.91457287, 0.92682927]), array([0.61886793, 0.96949891, 0.78448919, 0.53283019, 0.90989011,
       0.89442468, 0.93803419, 0.8852459 , 0.92743363, 0.93474962])]
real metric: [array([0.62009132, 0.84423306, 0.72990777, 0.62394196, 0.77355837,
       0.64454148, 0.77382876, 0.72605364, 0.5647517 , 0.63518519]), array([0.62822316, 0.85321101, 0.74314214, 0.63170585, 0.7613941 ,
       0.66552901, 0.80064568, 0.70989761, 0.58751279, 0.66081871]), array([0.61187648, 0.84939759, 0.732     , 0.62863933, 0.73895582,
       0.65892116, 0.76444444, 0.69641295, 0.6221374 , 0.6460945 ]), array([0.63904236, 0.84684685, 0.69937802, 0.6277713 , 0.74784911,
       0.63333333, 0.78008915, 0.72329689, 0.61755802, 0.64859438]), array([0.61826698, 0.86915888, 0.73141326, 0.63164179, 0.75463623,
       0.67222686, 0.77284158, 0.71794872, 0.58610272, 0.6692607 ])]

estim_algorithm = atc-model, mode = classification, metric = f1score, confidence_scores = doctor-conf, class_specific = True
test err: [0.016433082174337664, 0.025197153333770504, 0.01598795301453989, 0.02598723263566839, 0.027597272741222333]
estimated metric: [array([0.5884579 , 0.82960199, 0.77002204, 0.58832117, 0.78166667,
       0.65331279, 0.77764566, 0.72865854, 0.57665905, 0.6423077 ]), array([0.5884653 , 0.83628922, 0.77337111, 0.59      , 0.77995302,
       0.65178572, 0.75707547, 0.70588236, 0.55369929, 0.6511628 ]), array([0.60368217, 0.84032561, 0.76146789, 0.61244696, 0.74980016,
       0.68245126, 0.77385621, 0.67071321, 0.62903227, 0.66666667]), array([0.59694365, 0.81305235, 0.74960877, 0.59771755, 0.76862745,
       0.63801653, 0.77238404, 0.71186441, 0.5820569 , 0.62500001]), array([0.57240371, 0.84281346, 0.76139818, 0.58309038, 0.76719139,
       0.65123011, 0.75905119, 0.72069465, 0.61009175, 0.61811024])]
real metric: [array([0.62009132, 0.84423306, 0.72990777, 0.62394196, 0.77355837,
       0.64454148, 0.77382876, 0.72605364, 0.5647517 , 0.63518519]), array([0.62822316, 0.85321101, 0.74314214, 0.63170585, 0.7613941 ,
       0.66552901, 0.80064568, 0.70989761, 0.58751279, 0.66081871]), array([0.61187648, 0.84939759, 0.732     , 0.62863933, 0.73895582,
       0.65892116, 0.76444444, 0.69641295, 0.6221374 , 0.6460945 ]), array([0.63904236, 0.84684685, 0.69937802, 0.6277713 , 0.74784911,
       0.63333333, 0.78008915, 0.72329689, 0.61755802, 0.64859438]), array([0.61826698, 0.86915888, 0.73141326, 0.63164179, 0.75463623,
       0.67222686, 0.77284158, 0.71794872, 0.58610272, 0.6692607 ])]

estim_algorithm = ts-atc-model, mode = classification, metric = f1score, confidence_scores = max_class_probability-conf, class_specific = False
test err: [0.1494720247153737, 0.14306906857293683, 0.15404095003822232, 0.1437994114514491, 0.14735857981721567]
estimated metric: [array([0.81351889, 0.93971831, 0.78958785, 0.69851952, 0.86225681,
       0.8315508 , 0.8993576 , 0.88203754, 0.84386617, 0.8704    ]), array([0.81054366, 0.94365325, 0.80055402, 0.69616909, 0.85693324,
       0.85894207, 0.87872341, 0.88466413, 0.86516854, 0.87741936]), array([0.79916667, 0.93071594, 0.80442805, 0.7109067 , 0.83457526,
       0.85472155, 0.88598575, 0.86233766, 0.90322581, 0.90322581]), array([0.81913183, 0.92421442, 0.76411446, 0.71166448, 0.8573508 ,
       0.82117311, 0.87660415, 0.89454546, 0.86115993, 0.87179487]), array([0.81649151, 0.94183445, 0.80498534, 0.70226969, 0.86064319,
       0.83354193, 0.87810384, 0.87959442, 0.89213894, 0.88748019])]
real metric: [array([0.62009132, 0.84423306, 0.72990777, 0.62394196, 0.77355837,
       0.64454148, 0.77382876, 0.72605364, 0.5647517 , 0.63518519]), array([0.62822316, 0.85321101, 0.74314214, 0.63170585, 0.7613941 ,
       0.66552901, 0.80064568, 0.70989761, 0.58751279, 0.66081871]), array([0.61187648, 0.84939759, 0.732     , 0.62863933, 0.73895582,
       0.65892116, 0.76444444, 0.69641295, 0.6221374 , 0.6460945 ]), array([0.63904236, 0.84684685, 0.69937802, 0.6277713 , 0.74784911,
       0.63333333, 0.78008915, 0.72329689, 0.61755802, 0.64859438]), array([0.61826698, 0.86915888, 0.73141326, 0.63164179, 0.75463623,
       0.67222686, 0.77284158, 0.71794872, 0.58610272, 0.6692607 ])]

estim_algorithm = ts-atc-model, mode = classification, metric = f1score, confidence_scores = max_class_probability-conf, class_specific = True
test err: [0.017656710192713053, 0.015252134185125133, 0.022791489931349773, 0.01990972209269477, 0.02453324771744956]
estimated metric: [array([0.6534296 , 0.83539604, 0.75723831, 0.65132497, 0.76101695,
       0.67776097, 0.77180406, 0.7208589 , 0.58956917, 0.63706564]), array([0.65235651, 0.84962913, 0.75931232, 0.64049587, 0.76054097,
       0.63963965, 0.76436108, 0.70967742, 0.56057008, 0.6511628 ]), array([0.65264142, 0.847542  , 0.76712329, 0.66075086, 0.74074074,
       0.67507003, 0.77225131, 0.66869301, 0.64811134, 0.68471954]), array([0.6627219 , 0.8138587 , 0.73275179, 0.66621438, 0.76280536,
       0.65359478, 0.7737069 , 0.71549296, 0.59740261, 0.64754099]), array([0.65379311, 0.84774665, 0.7660863 , 0.65373961, 0.77126342,
       0.65706052, 0.75282309, 0.72438673, 0.61643836, 0.6262231 ])]
real metric: [array([0.62009132, 0.84423306, 0.72990777, 0.62394196, 0.77355837,
       0.64454148, 0.77382876, 0.72605364, 0.5647517 , 0.63518519]), array([0.62822316, 0.85321101, 0.74314214, 0.63170585, 0.7613941 ,
       0.66552901, 0.80064568, 0.70989761, 0.58751279, 0.66081871]), array([0.61187648, 0.84939759, 0.732     , 0.62863933, 0.73895582,
       0.65892116, 0.76444444, 0.69641295, 0.6221374 , 0.6460945 ]), array([0.63904236, 0.84684685, 0.69937802, 0.6277713 , 0.74784911,
       0.63333333, 0.78008915, 0.72329689, 0.61755802, 0.64859438]), array([0.61826698, 0.86915888, 0.73141326, 0.63164179, 0.75463623,
       0.67222686, 0.77284158, 0.71794872, 0.58610272, 0.6692607 ])]

estim_algorithm = ts-atc-model, mode = classification, metric = f1score, confidence_scores = energy-conf, class_specific = False
test err: [0.21958422413930162, 0.22629891798083562, 0.2220759125180558, 0.22447048248930512, 0.22078354465856095]
estimated metric: [array([1.        , 0.38316152, 0.99640288, 0.92912514, 0.99380592,
       0.82526882, 0.83181818, 0.64169382, 0.61777779, 0.44835166]), array([0.99965362, 0.36902486, 0.99826489, 0.94155496, 0.99288946,
       0.86323714, 0.84934498, 0.63565892, 0.63513514, 0.41818183]), array([1.        , 0.35231317, 0.99441341, 0.93485342, 0.99291694,
       0.83783784, 0.83188045, 0.69058296, 0.60369611, 0.40375588]), array([1.        , 0.40256176, 0.99686127, 0.93152174, 0.98709677,
       0.83451202, 0.85397785, 0.63677131, 0.63865547, 0.43230405]), array([1.        , 0.35047952, 1.        , 0.92179701, 0.98913043,
       0.82323233, 0.84014003, 0.65038168, 0.62895928, 0.48380131])]
real metric: [array([0.62009132, 0.84423306, 0.72990777, 0.62394196, 0.77355837,
       0.64454148, 0.77382876, 0.72605364, 0.5647517 , 0.63518519]), array([0.62822316, 0.85321101, 0.74314214, 0.63170585, 0.7613941 ,
       0.66552901, 0.80064568, 0.70989761, 0.58751279, 0.66081871]), array([0.61187648, 0.84939759, 0.732     , 0.62863933, 0.73895582,
       0.65892116, 0.76444444, 0.69641295, 0.6221374 , 0.6460945 ]), array([0.63904236, 0.84684685, 0.69937802, 0.6277713 , 0.74784911,
       0.63333333, 0.78008915, 0.72329689, 0.61755802, 0.64859438]), array([0.61826698, 0.86915888, 0.73141326, 0.63164179, 0.75463623,
       0.67222686, 0.77284158, 0.71794872, 0.58610272, 0.6692607 ])]

estim_algorithm = ts-atc-model, mode = classification, metric = f1score, confidence_scores = energy-conf, class_specific = True
test err: [0.06058738740011369, 0.05584305415478743, 0.06528216519770196, 0.07107174215587547, 0.05905649259447084]
estimated metric: [array([0.68892795, 0.86283988, 0.82195637, 0.65694445, 0.8578125 ,
       0.74785101, 0.82245132, 0.73827534, 0.62389381, 0.7210145 ]), array([0.6967509 , 0.86870027, 0.81855389, 0.65163935, 0.84163569,
       0.80317041, 0.84048405, 0.73925502, 0.64125561, 0.69906543]), array([0.6959276 , 0.86030769, 0.81492319, 0.65616439, 0.86748733,
       0.76822917, 0.81715007, 0.76966292, 0.60940696, 0.71698114]), array([0.68251121, 0.86031332, 0.83612527, 0.64972528, 0.85901163,
       0.76461769, 0.85282258, 0.75918368, 0.64150944, 0.76865672]), array([0.7027027 , 0.85402786, 0.81281865, 0.65931035, 0.84561676,
       0.75234271, 0.8319624 , 0.74074074, 0.62895928, 0.75531915])]
real metric: [array([0.62009132, 0.84423306, 0.72990777, 0.62394196, 0.77355837,
       0.64454148, 0.77382876, 0.72605364, 0.5647517 , 0.63518519]), array([0.62822316, 0.85321101, 0.74314214, 0.63170585, 0.7613941 ,
       0.66552901, 0.80064568, 0.70989761, 0.58751279, 0.66081871]), array([0.61187648, 0.84939759, 0.732     , 0.62863933, 0.73895582,
       0.65892116, 0.76444444, 0.69641295, 0.6221374 , 0.6460945 ]), array([0.63904236, 0.84684685, 0.69937802, 0.6277713 , 0.74784911,
       0.63333333, 0.78008915, 0.72329689, 0.61755802, 0.64859438]), array([0.61826698, 0.86915888, 0.73141326, 0.63164179, 0.75463623,
       0.67222686, 0.77284158, 0.71794872, 0.58610272, 0.6692607 ])]

estim_algorithm = ts-atc-model, mode = classification, metric = f1score, confidence_scores = entropy-conf, class_specific = False
test err: [0.15021531919246742, 0.14239381362009493, 0.1537482429578358, 0.1447752876428483, 0.14642820399277076]
estimated metric: [array([0.80830671, 0.9444756 , 0.78695652, 0.68076399, 0.86137072,
       0.83621838, 0.90053476, 0.87903226, 0.85239853, 0.88818898]), array([0.80858086, 0.94691358, 0.79471121, 0.67427804, 0.85693324,
       0.85606061, 0.88347458, 0.8874842 , 0.86940299, 0.88817892]), array([0.79414226, 0.93989697, 0.8       , 0.69461078, 0.83283582,
       0.85610641, 0.88862559, 0.85788788, 0.91025641, 0.912     ]), array([0.81340872, 0.93471629, 0.75835276, 0.69368771, 0.85485048,
       0.82117311, 0.87771203, 0.89588378, 0.86910995, 0.89261745]), array([0.80830281, 0.94771969, 0.80147059, 0.6820339 , 0.86238532,
       0.835     , 0.87810384, 0.87959442, 0.90217391, 0.89099526])]
real metric: [array([0.62009132, 0.84423306, 0.72990777, 0.62394196, 0.77355837,
       0.64454148, 0.77382876, 0.72605364, 0.5647517 , 0.63518519]), array([0.62822316, 0.85321101, 0.74314214, 0.63170585, 0.7613941 ,
       0.66552901, 0.80064568, 0.70989761, 0.58751279, 0.66081871]), array([0.61187648, 0.84939759, 0.732     , 0.62863933, 0.73895582,
       0.65892116, 0.76444444, 0.69641295, 0.6221374 , 0.6460945 ]), array([0.63904236, 0.84684685, 0.69937802, 0.6277713 , 0.74784911,
       0.63333333, 0.78008915, 0.72329689, 0.61755802, 0.64859438]), array([0.61826698, 0.86915888, 0.73141326, 0.63164179, 0.75463623,
       0.67222686, 0.77284158, 0.71794872, 0.58610272, 0.6692607 ])]

estim_algorithm = ts-atc-model, mode = classification, metric = f1score, confidence_scores = entropy-conf, class_specific = True
test err: [0.016370196015835246, 0.01229351947712043, 0.020372802654757306, 0.015034691063316629, 0.023692516220544513]
estimated metric: [array([0.64240219, 0.83539604, 0.75167785, 0.65132497, 0.76101695,
       0.67975831, 0.77326969, 0.7208589 , 0.59276019, 0.63706564]), array([0.63709297, 0.84807563, 0.75485263, 0.63391004, 0.75856574,
       0.63963965, 0.76436108, 0.70967742, 0.5673759 , 0.6511628 ]), array([0.64248705, 0.84394507, 0.75766871, 0.65616439, 0.74074074,
       0.67134832, 0.77225131, 0.66869301, 0.65079366, 0.68217055]), array([0.64857406, 0.8122449 , 0.7216    , 0.65802048, 0.76182965,
       0.64696224, 0.7737069 , 0.71549296, 0.60944207, 0.64476387]), array([0.6419295 , 0.84634146, 0.76139818, 0.65      , 0.77126342,
       0.64927537, 0.75282309, 0.72438673, 0.61643836, 0.62352942])]
real metric: [array([0.62009132, 0.84423306, 0.72990777, 0.62394196, 0.77355837,
       0.64454148, 0.77382876, 0.72605364, 0.5647517 , 0.63518519]), array([0.62822316, 0.85321101, 0.74314214, 0.63170585, 0.7613941 ,
       0.66552901, 0.80064568, 0.70989761, 0.58751279, 0.66081871]), array([0.61187648, 0.84939759, 0.732     , 0.62863933, 0.73895582,
       0.65892116, 0.76444444, 0.69641295, 0.6221374 , 0.6460945 ]), array([0.63904236, 0.84684685, 0.69937802, 0.6277713 , 0.74784911,
       0.63333333, 0.78008915, 0.72329689, 0.61755802, 0.64859438]), array([0.61826698, 0.86915888, 0.73141326, 0.63164179, 0.75463623,
       0.67222686, 0.77284158, 0.71794872, 0.58610272, 0.6692607 ])]

estim_algorithm = ts-atc-model, mode = classification, metric = f1score, confidence_scores = doctor-conf, class_specific = False
test err: [0.16611001656408259, 0.1636514304837114, 0.16900524792705993, 0.1645273818613701, 0.1630537135484675]
estimated metric: [array([0.66666667, 0.96650192, 0.79481642, 0.50540959, 0.90075188,
       0.87804878, 0.92916667, 0.88353414, 0.90492958, 0.93030303]), array([0.67218391, 0.97042849, 0.79050279, 0.50793651, 0.91125087,
       0.89914945, 0.93103448, 0.89168766, 0.91785714, 0.93902439]), array([0.68040293, 0.96594082, 0.77828054, 0.5       , 0.87965616,
       0.88967136, 0.93771234, 0.86675291, 0.94573643, 0.9375    ]), array([0.68369176, 0.95947557, 0.75931677, 0.50721337, 0.91047883,
       0.88798921, 0.92336802, 0.89855073, 0.91275168, 0.92508143]), array([0.66605923, 0.96781233, 0.78358209, 0.48361935, 0.89777778,
       0.88915376, 0.93003229, 0.88101266, 0.92743363, 0.93150685])]
real metric: [array([0.62009132, 0.84423306, 0.72990777, 0.62394196, 0.77355837,
       0.64454148, 0.77382876, 0.72605364, 0.5647517 , 0.63518519]), array([0.62822316, 0.85321101, 0.74314214, 0.63170585, 0.7613941 ,
       0.66552901, 0.80064568, 0.70989761, 0.58751279, 0.66081871]), array([0.61187648, 0.84939759, 0.732     , 0.62863933, 0.73895582,
       0.65892116, 0.76444444, 0.69641295, 0.6221374 , 0.6460945 ]), array([0.63904236, 0.84684685, 0.69937802, 0.6277713 , 0.74784911,
       0.63333333, 0.78008915, 0.72329689, 0.61755802, 0.64859438]), array([0.61826698, 0.86915888, 0.73141326, 0.63164179, 0.75463623,
       0.67222686, 0.77284158, 0.71794872, 0.58610272, 0.6692607 ])]

estim_algorithm = ts-atc-model, mode = classification, metric = f1score, confidence_scores = doctor-conf, class_specific = True
test err: [0.016598120917675506, 0.021292516746587952, 0.016530637842561303, 0.025863076995293777, 0.023510534888575362]
estimated metric: [array([0.59840301, 0.82887368, 0.76548673, 0.58625731, 0.78369385,
       0.65538462, 0.77909739, 0.72865854, 0.57665905, 0.65009561]), array([0.59053197, 0.83628922, 0.75753228, 0.59100643, 0.77515723,
       0.67155426, 0.76436108, 0.70967742, 0.55023925, 0.6511628 ]), array([0.61041466, 0.83814304, 0.75384616, 0.60653409, 0.74276528,
       0.69337017, 0.78181818, 0.67071321, 0.62626263, 0.66927594]), array([0.60028585, 0.81305235, 0.7367589 , 0.58662833, 0.76669285,
       0.64696224, 0.77765843, 0.71549296, 0.5820569 , 0.61924687]), array([0.57864078, 0.84281346, 0.7566743 , 0.59130435, 0.76821192,
       0.67236468, 0.75905119, 0.71884058, 0.61009175, 0.61811024])]
real metric: [array([0.62009132, 0.84423306, 0.72990777, 0.62394196, 0.77355837,
       0.64454148, 0.77382876, 0.72605364, 0.5647517 , 0.63518519]), array([0.62822316, 0.85321101, 0.74314214, 0.63170585, 0.7613941 ,
       0.66552901, 0.80064568, 0.70989761, 0.58751279, 0.66081871]), array([0.61187648, 0.84939759, 0.732     , 0.62863933, 0.73895582,
       0.65892116, 0.76444444, 0.69641295, 0.6221374 , 0.6460945 ]), array([0.63904236, 0.84684685, 0.69937802, 0.6277713 , 0.74784911,
       0.63333333, 0.78008915, 0.72329689, 0.61755802, 0.64859438]), array([0.61826698, 0.86915888, 0.73141326, 0.63164179, 0.75463623,
       0.67222686, 0.77284158, 0.71794872, 0.58610272, 0.6692607 ])]

