estim_algorithm = ac-model, mode = classification, metric = sensitivity, confidence_scores = max_class_probability-conf, class_specific = False
test err: [0.2452058138046831, 0.24113246488548326, 0.23007195822140808, 0.23296436537385307, 0.24819653059901584]
estimated metric: [array([0.90027719, 0.91879806, 0.82156083, 0.79669274, 0.82910442,
       0.83065482, 0.87358392, 0.88353383, 0.81331312, 0.87477805]), array([0.90231983, 0.93055817, 0.82807604, 0.80098619, 0.82770995,
       0.83273686, 0.85647576, 0.87607485, 0.82124826, 0.88376361]), array([0.90811883, 0.92263326, 0.81141886, 0.78419083, 0.82872153,
       0.83813096, 0.86444014, 0.85672715, 0.85133448, 0.87743138]), array([0.9143083 , 0.92096392, 0.81023853, 0.81072156, 0.84294211,
       0.83548879, 0.87557484, 0.86974742, 0.83062783, 0.87125771]), array([0.9028242 , 0.92367846, 0.81836572, 0.79660201, 0.84726781,
       0.82394968, 0.87438569, 0.88395433, 0.81228639, 0.87560326])]
real metric: [array([0.97601199, 0.94640523, 0.58823529, 0.55509066, 0.69345238,
       0.55677155, 0.72481203, 0.59232955, 0.16885007, 0.49496403]), array([0.96685879, 0.95159059, 0.62572254, 0.58686731, 0.66158114,
       0.55686854, 0.70623145, 0.60481586, 0.17672414, 0.48250729]), array([0.97058824, 0.94281729, 0.61174785, 0.61060606, 0.69186047,
       0.56827048, 0.69440655, 0.62572254, 0.17937853, 0.51233672]), array([0.97357992, 0.94306569, 0.59940653, 0.59705882, 0.69565217,
       0.57540264, 0.70985155, 0.63649025, 0.20298507, 0.48148148]), array([0.97881997, 0.95460993, 0.61721068, 0.58981612, 0.6776406 ,
       0.52428571, 0.69946809, 0.60141844, 0.15273775, 0.49479941])]

estim_algorithm = ac-model, mode = classification, metric = sensitivity, confidence_scores = energy-conf, class_specific = False
test err: [0.4043134514069542, 0.4066966860101031, 0.4178402380092682, 0.40761559310108747, 0.4078591326640641]
estimated metric: [array([0.2545578 , 0.35116388, 0.19424727, 0.17018334, 0.19571618,
       0.21088155, 0.22936572, 0.26322757, 0.25687552, 0.30362031]), array([0.25884253, 0.35150445, 0.19721952, 0.17820891, 0.1997104 ,
       0.22201633, 0.21900111, 0.24630491, 0.27818451, 0.30472886]), array([0.25645764, 0.35161146, 0.19657884, 0.17296252, 0.19721147,
       0.21892396, 0.22450997, 0.24456805, 0.29387111, 0.30162248]), array([0.26635027, 0.34979093, 0.19001994, 0.17952901, 0.20679751,
       0.21879591, 0.22950575, 0.25399431, 0.26749226, 0.30555668]), array([0.25379277, 0.35045323, 0.19553532, 0.16996157, 0.20559529,
       0.20885521, 0.22924627, 0.26295549, 0.26649522, 0.29683993])]
real metric: [array([0.97601199, 0.94640523, 0.58823529, 0.55509066, 0.69345238,
       0.55677155, 0.72481203, 0.59232955, 0.16885007, 0.49496403]), array([0.96685879, 0.95159059, 0.62572254, 0.58686731, 0.66158114,
       0.55686854, 0.70623145, 0.60481586, 0.17672414, 0.48250729]), array([0.97058824, 0.94281729, 0.61174785, 0.61060606, 0.69186047,
       0.56827048, 0.69440655, 0.62572254, 0.17937853, 0.51233672]), array([0.97357992, 0.94306569, 0.59940653, 0.59705882, 0.69565217,
       0.57540264, 0.70985155, 0.63649025, 0.20298507, 0.48148148]), array([0.97881997, 0.95460993, 0.61721068, 0.58981612, 0.6776406 ,
       0.52428571, 0.69946809, 0.60141844, 0.15273775, 0.49479941])]

estim_algorithm = ac-model, mode = classification, metric = sensitivity, confidence_scores = entropy-conf, class_specific = False
test err: [0.22814685809900417, 0.22502722915522916, 0.21407503215362272, 0.2150310075397573, 0.23028507810853402]
estimated metric: [array([0.87903671, 0.90906305, 0.7883882 , 0.75946608, 0.7938397 ,
       0.8051539 , 0.84581703, 0.85918243, 0.8053868 , 0.86442254]), array([0.88306661, 0.9192412 , 0.79870164, 0.76998612, 0.79371051,
       0.80847697, 0.82961264, 0.84557283, 0.82057968, 0.8688086 ]), array([0.88789046, 0.91157872, 0.77968988, 0.75250484, 0.79823274,
       0.81100854, 0.83924916, 0.83231815, 0.84731039, 0.86082947]), array([0.89608468, 0.9106251 , 0.77438773, 0.77662764, 0.81400737,
       0.80693115, 0.84756174, 0.84418538, 0.81744068, 0.85756106]), array([0.88220099, 0.91259628, 0.78880688, 0.7602789 , 0.8152521 ,
       0.7954492 , 0.84502259, 0.8591477 , 0.79587688, 0.86176072])]
real metric: [array([0.97601199, 0.94640523, 0.58823529, 0.55509066, 0.69345238,
       0.55677155, 0.72481203, 0.59232955, 0.16885007, 0.49496403]), array([0.96685879, 0.95159059, 0.62572254, 0.58686731, 0.66158114,
       0.55686854, 0.70623145, 0.60481586, 0.17672414, 0.48250729]), array([0.97058824, 0.94281729, 0.61174785, 0.61060606, 0.69186047,
       0.56827048, 0.69440655, 0.62572254, 0.17937853, 0.51233672]), array([0.97357992, 0.94306569, 0.59940653, 0.59705882, 0.69565217,
       0.57540264, 0.70985155, 0.63649025, 0.20298507, 0.48148148]), array([0.97881997, 0.95460993, 0.61721068, 0.58981612, 0.6776406 ,
       0.52428571, 0.69946809, 0.60141844, 0.15273775, 0.49479941])]

estim_algorithm = ac-model, mode = classification, metric = sensitivity, confidence_scores = doctor-conf, class_specific = False
test err: [0.30119354814229, 0.29725269085766454, 0.2867607949088988, 0.2889650930928312, 0.30145886860965354]
estimated metric: [array([0.94893839, 0.95844708, 0.90489104, 0.88964313, 0.90870752,
       0.91253954, 0.93536819, 0.94148117, 0.91357441, 0.94112057]), array([0.95178018, 0.96551093, 0.91096482, 0.89535954, 0.9063622 ,
       0.91150719, 0.92350984, 0.93419155, 0.91629889, 0.94665222]), array([0.95458341, 0.96051411, 0.89525976, 0.87898665, 0.90857443,
       0.91492736, 0.92855773, 0.92602803, 0.93402809, 0.94187346]), array([0.95714673, 0.96012886, 0.89724421, 0.89948351, 0.91740414,
       0.91459277, 0.93665784, 0.92945381, 0.91969937, 0.93994745]), array([0.9515726 , 0.96141228, 0.90296671, 0.89144111, 0.91876428,
       0.90730337, 0.93341907, 0.93904299, 0.90131511, 0.94366315])]
real metric: [array([0.97601199, 0.94640523, 0.58823529, 0.55509066, 0.69345238,
       0.55677155, 0.72481203, 0.59232955, 0.16885007, 0.49496403]), array([0.96685879, 0.95159059, 0.62572254, 0.58686731, 0.66158114,
       0.55686854, 0.70623145, 0.60481586, 0.17672414, 0.48250729]), array([0.97058824, 0.94281729, 0.61174785, 0.61060606, 0.69186047,
       0.56827048, 0.69440655, 0.62572254, 0.17937853, 0.51233672]), array([0.97357992, 0.94306569, 0.59940653, 0.59705882, 0.69565217,
       0.57540264, 0.70985155, 0.63649025, 0.20298507, 0.48148148]), array([0.97881997, 0.95460993, 0.61721068, 0.58981612, 0.6776406 ,
       0.52428571, 0.69946809, 0.60141844, 0.15273775, 0.49479941])]

estim_algorithm = ts-model, mode = classification, metric = sensitivity, confidence_scores = max_class_probability-conf, class_specific = False
test err: [0.13814561830940952, 0.1393737022718831, 0.13751330814364787, 0.12804413238423598, 0.14093884304794976]
estimated metric: [array([0.72154288, 0.79535351, 0.58749339, 0.54328357, 0.59173214,
       0.60661984, 0.65842923, 0.68295513, 0.61735312, 0.70127042]), array([0.72548804, 0.80681508, 0.5953734 , 0.55503748, 0.59461338,
       0.61857327, 0.63998492, 0.66712526, 0.64328045, 0.70413436]), array([0.72777113, 0.80034277, 0.58299224, 0.5426154 , 0.59504049,
       0.61942618, 0.65294914, 0.649342  , 0.67338071, 0.69837719]), array([0.74438983, 0.79616641, 0.57295027, 0.56173134, 0.61622533,
       0.61274231, 0.65964056, 0.67013869, 0.63538762, 0.69102119]), array([0.72097595, 0.79880719, 0.58621883, 0.54273386, 0.61581138,
       0.59567212, 0.65970408, 0.68570591, 0.61866023, 0.68927739])]
real metric: [array([0.97601199, 0.94640523, 0.58823529, 0.55509066, 0.69345238,
       0.55677155, 0.72481203, 0.59232955, 0.16885007, 0.49496403]), array([0.96685879, 0.95159059, 0.62572254, 0.58686731, 0.66158114,
       0.55686854, 0.70623145, 0.60481586, 0.17672414, 0.48250729]), array([0.97058824, 0.94281729, 0.61174785, 0.61060606, 0.69186047,
       0.56827048, 0.69440655, 0.62572254, 0.17937853, 0.51233672]), array([0.97357992, 0.94306569, 0.59940653, 0.59705882, 0.69565217,
       0.57540264, 0.70985155, 0.63649025, 0.20298507, 0.48148148]), array([0.97881997, 0.95460993, 0.61721068, 0.58981612, 0.6776406 ,
       0.52428571, 0.69946809, 0.60141844, 0.15273775, 0.49479941])]

estim_algorithm = ts-model, mode = classification, metric = sensitivity, confidence_scores = max_class_probability-conf, class_specific = True
test err: [0.07498616473943516, 0.07467943112445596, 0.07371716855495326, 0.0735761922121682, 0.07405085588094903]
estimated metric: [array([0.96938874, 0.9580724 , 0.76958633, 0.74909215, 0.72613254,
       0.54713816, 0.63442399, 0.56598795, 0.34891873, 0.47785717]), array([0.96935252, 0.96631609, 0.77763469, 0.75581117, 0.72707564,
       0.56050601, 0.61616179, 0.55128628, 0.36966204, 0.47945735]), array([0.97099142, 0.96096101, 0.760539  , 0.73944817, 0.72907032,
       0.56061765, 0.62891537, 0.53619802, 0.38496472, 0.47680977]), array([0.97366384, 0.9599433 , 0.7558935 , 0.76554573, 0.74843756,
       0.5544965 , 0.63555842, 0.55584144, 0.36178258, 0.47508594]), array([0.97072674, 0.96187181, 0.76782191, 0.74893389, 0.75049354,
       0.53748351, 0.63581206, 0.57041447, 0.35955753, 0.46690544])]
real metric: [array([0.97601199, 0.94640523, 0.58823529, 0.55509066, 0.69345238,
       0.55677155, 0.72481203, 0.59232955, 0.16885007, 0.49496403]), array([0.96685879, 0.95159059, 0.62572254, 0.58686731, 0.66158114,
       0.55686854, 0.70623145, 0.60481586, 0.17672414, 0.48250729]), array([0.97058824, 0.94281729, 0.61174785, 0.61060606, 0.69186047,
       0.56827048, 0.69440655, 0.62572254, 0.17937853, 0.51233672]), array([0.97357992, 0.94306569, 0.59940653, 0.59705882, 0.69565217,
       0.57540264, 0.70985155, 0.63649025, 0.20298507, 0.48148148]), array([0.97881997, 0.95460993, 0.61721068, 0.58981612, 0.6776406 ,
       0.52428571, 0.69946809, 0.60141844, 0.15273775, 0.49479941])]

estim_algorithm = ts-model, mode = classification, metric = sensitivity, confidence_scores = energy-conf, class_specific = False
test err: [0.18396134713260787, 0.1790664112962102, 0.16960565016465182, 0.1694599776899039, 0.1850918934575281]
estimated metric: [array([0.71376441, 0.74498843, 0.70515091, 0.70045688, 0.70639941,
       0.71021495, 0.71298816, 0.72556139, 0.7263704 , 0.73966481]), array([0.71498219, 0.74379065, 0.70543872, 0.70230625, 0.70766868,
       0.71383602, 0.71046989, 0.71967179, 0.73300495, 0.73990954]), array([0.71410958, 0.74436648, 0.70632213, 0.70134347, 0.70651982,
       0.71252829, 0.71154522, 0.72083477, 0.73693012, 0.73943242]), array([0.71596538, 0.74406173, 0.70483742, 0.70234455, 0.70838393,
       0.71291544, 0.71292678, 0.72277981, 0.73006475, 0.7420571 ]), array([0.71365917, 0.74435239, 0.70593646, 0.70026602, 0.70826467,
       0.71070491, 0.71277699, 0.7248821 , 0.73138402, 0.73866223])]
real metric: [array([0.97601199, 0.94640523, 0.58823529, 0.55509066, 0.69345238,
       0.55677155, 0.72481203, 0.59232955, 0.16885007, 0.49496403]), array([0.96685879, 0.95159059, 0.62572254, 0.58686731, 0.66158114,
       0.55686854, 0.70623145, 0.60481586, 0.17672414, 0.48250729]), array([0.97058824, 0.94281729, 0.61174785, 0.61060606, 0.69186047,
       0.56827048, 0.69440655, 0.62572254, 0.17937853, 0.51233672]), array([0.97357992, 0.94306569, 0.59940653, 0.59705882, 0.69565217,
       0.57540264, 0.70985155, 0.63649025, 0.20298507, 0.48148148]), array([0.97881997, 0.95460993, 0.61721068, 0.58981612, 0.6776406 ,
       0.52428571, 0.69946809, 0.60141844, 0.15273775, 0.49479941])]

estim_algorithm = ts-model, mode = classification, metric = sensitivity, confidence_scores = energy-conf, class_specific = True
test err: [0.09754253476153317, 0.0919424044208595, 0.09043738502203282, 0.0897458863554657, 0.09495800896832263]
estimated metric: [array([0.9600596 , 0.97123998, 0.84813398, 0.80120959, 0.81206014,
       0.59132469, 0.69275787, 0.60438492, 0.39592776, 0.49069158]), array([0.96086222, 0.97122957, 0.84840926, 0.80282611, 0.81311947,
       0.59573872, 0.6901572 , 0.59723702, 0.40909014, 0.49122265]), array([0.96034114, 0.97199928, 0.84901688, 0.80199113, 0.81216823,
       0.59418205, 0.69126865, 0.59846567, 0.41709611, 0.49037773]), array([0.96146986, 0.97144219, 0.84792989, 0.80284066, 0.81375045,
       0.59459533, 0.69269859, 0.60096752, 0.40299132, 0.49417567]), array([0.96004372, 0.97105994, 0.84879028, 0.80105526, 0.81365467,
       0.59190222, 0.69254761, 0.60359063, 0.40530228, 0.48855209])]
real metric: [array([0.97601199, 0.94640523, 0.58823529, 0.55509066, 0.69345238,
       0.55677155, 0.72481203, 0.59232955, 0.16885007, 0.49496403]), array([0.96685879, 0.95159059, 0.62572254, 0.58686731, 0.66158114,
       0.55686854, 0.70623145, 0.60481586, 0.17672414, 0.48250729]), array([0.97058824, 0.94281729, 0.61174785, 0.61060606, 0.69186047,
       0.56827048, 0.69440655, 0.62572254, 0.17937853, 0.51233672]), array([0.97357992, 0.94306569, 0.59940653, 0.59705882, 0.69565217,
       0.57540264, 0.70985155, 0.63649025, 0.20298507, 0.48148148]), array([0.97881997, 0.95460993, 0.61721068, 0.58981612, 0.6776406 ,
       0.52428571, 0.69946809, 0.60141844, 0.15273775, 0.49479941])]

estim_algorithm = ts-model, mode = classification, metric = sensitivity, confidence_scores = entropy-conf, class_specific = False
test err: [0.14871999348576326, 0.1480997172543409, 0.14673784428011968, 0.13643884147856866, 0.1495813255331544]
estimated metric: [array([0.71092688, 0.79605832, 0.56812687, 0.51996943, 0.56996265,
       0.59754128, 0.64576638, 0.67418398, 0.63953196, 0.71566085]), array([0.71709547, 0.80571779, 0.57962718, 0.53784369, 0.57319366,
       0.60935266, 0.62672019, 0.64987625, 0.66800212, 0.71602813]), array([0.71713523, 0.79886617, 0.56361673, 0.52404425, 0.57667462,
       0.60752169, 0.64039053, 0.63923008, 0.69776943, 0.70726659]), array([0.73573855, 0.79697557, 0.55388275, 0.54202965, 0.5984855 ,
       0.60420254, 0.64631575, 0.65743537, 0.6507123 , 0.70321072]), array([0.71056466, 0.7979607 , 0.56807141, 0.52126197, 0.59551586,
       0.58386101, 0.64499695, 0.67384775, 0.63183427, 0.70031771])]
real metric: [array([0.97601199, 0.94640523, 0.58823529, 0.55509066, 0.69345238,
       0.55677155, 0.72481203, 0.59232955, 0.16885007, 0.49496403]), array([0.96685879, 0.95159059, 0.62572254, 0.58686731, 0.66158114,
       0.55686854, 0.70623145, 0.60481586, 0.17672414, 0.48250729]), array([0.97058824, 0.94281729, 0.61174785, 0.61060606, 0.69186047,
       0.56827048, 0.69440655, 0.62572254, 0.17937853, 0.51233672]), array([0.97357992, 0.94306569, 0.59940653, 0.59705882, 0.69565217,
       0.57540264, 0.70985155, 0.63649025, 0.20298507, 0.48148148]), array([0.97881997, 0.95460993, 0.61721068, 0.58981612, 0.6776406 ,
       0.52428571, 0.69946809, 0.60141844, 0.15273775, 0.49479941])]

estim_algorithm = ts-model, mode = classification, metric = sensitivity, confidence_scores = entropy-conf, class_specific = True
test err: [0.07812646904210055, 0.07920134043415392, 0.07972036102814026, 0.07741069918178747, 0.07627847147964614]
estimated metric: [array([0.96661138, 0.95837858, 0.7685299 , 0.74467202, 0.71715716,
       0.52280333, 0.62164444, 0.55640898, 0.33882738, 0.47168774]), array([0.96742323, 0.96666728, 0.77944776, 0.75599348, 0.71860077,
       0.5369328 , 0.60260046, 0.53161549, 0.36719926, 0.47324828]), array([0.96959426, 0.96142138, 0.76010808, 0.73862273, 0.72367254,
       0.53428934, 0.6160693 , 0.52251752, 0.38879782, 0.46786285]), array([0.97169543, 0.96023724, 0.75403367, 0.76263513, 0.7429293 ,
       0.53175917, 0.62210454, 0.54130675, 0.35177969, 0.46927968]), array([0.9680092 , 0.96213069, 0.76924362, 0.74547754, 0.74261985,
       0.51036129, 0.62098696, 0.55697755, 0.35039212, 0.45752065])]
real metric: [array([0.97601199, 0.94640523, 0.58823529, 0.55509066, 0.69345238,
       0.55677155, 0.72481203, 0.59232955, 0.16885007, 0.49496403]), array([0.96685879, 0.95159059, 0.62572254, 0.58686731, 0.66158114,
       0.55686854, 0.70623145, 0.60481586, 0.17672414, 0.48250729]), array([0.97058824, 0.94281729, 0.61174785, 0.61060606, 0.69186047,
       0.56827048, 0.69440655, 0.62572254, 0.17937853, 0.51233672]), array([0.97357992, 0.94306569, 0.59940653, 0.59705882, 0.69565217,
       0.57540264, 0.70985155, 0.63649025, 0.20298507, 0.48148148]), array([0.97881997, 0.95460993, 0.61721068, 0.58981612, 0.6776406 ,
       0.52428571, 0.69946809, 0.60141844, 0.15273775, 0.49479941])]

estim_algorithm = ts-model, mode = classification, metric = sensitivity, confidence_scores = doctor-conf, class_specific = False
test err: [0.16501473595752775, 0.16220512218150812, 0.16304413676853846, 0.1499665458807238, 0.16344647443420043]
estimated metric: [array([0.69202358, 0.79071431, 0.53191209, 0.47718363, 0.5346169 ,
       0.5787762 , 0.63119603, 0.66454173, 0.65818424, 0.73519935]), array([0.70148575, 0.79946188, 0.54986796, 0.50402019, 0.53875217,
       0.58872139, 0.6071242 , 0.62682476, 0.69113822, 0.73814302]), array([0.6998697 , 0.79159311, 0.5262256 , 0.48458138, 0.54550282,
       0.58603087, 0.62297959, 0.62246229, 0.72756371, 0.72229799]), array([0.72074393, 0.79193944, 0.51755639, 0.50725878, 0.57155546,
       0.58918749, 0.63131023, 0.63894011, 0.66681677, 0.72283008]), array([0.69285926, 0.79087783, 0.53426863, 0.48223605, 0.56578708,
       0.56158228, 0.62783408, 0.65974616, 0.64281238, 0.71986277])]
real metric: [array([0.97601199, 0.94640523, 0.58823529, 0.55509066, 0.69345238,
       0.55677155, 0.72481203, 0.59232955, 0.16885007, 0.49496403]), array([0.96685879, 0.95159059, 0.62572254, 0.58686731, 0.66158114,
       0.55686854, 0.70623145, 0.60481586, 0.17672414, 0.48250729]), array([0.97058824, 0.94281729, 0.61174785, 0.61060606, 0.69186047,
       0.56827048, 0.69440655, 0.62572254, 0.17937853, 0.51233672]), array([0.97357992, 0.94306569, 0.59940653, 0.59705882, 0.69565217,
       0.57540264, 0.70985155, 0.63649025, 0.20298507, 0.48148148]), array([0.97881997, 0.95460993, 0.61721068, 0.58981612, 0.6776406 ,
       0.52428571, 0.69946809, 0.60141844, 0.15273775, 0.49479941])]

estim_algorithm = ts-model, mode = classification, metric = sensitivity, confidence_scores = doctor-conf, class_specific = True
test err: [0.08063777858908563, 0.08570260629546446, 0.08653925257462022, 0.08167842812238398, 0.08063485392726222]
estimated metric: [array([0.96239455, 0.95918789, 0.75886311, 0.72543955, 0.70550155,
       0.48636737, 0.60190267, 0.53761829, 0.31244726, 0.4596342 ]), array([0.96439084, 0.96620281, 0.77299235, 0.74324697, 0.70579077,
       0.49972321, 0.57717024, 0.49713064, 0.35249393, 0.46008205]), array([0.96661652, 0.96127887, 0.74785376, 0.72041119, 0.71535057,
       0.49643661, 0.59339425, 0.49054505, 0.38881145, 0.45623522]), array([0.96845116, 0.96084381, 0.74439234, 0.74713881, 0.73453069,
       0.49874964, 0.60164706, 0.51461457, 0.33046841, 0.45576488]), array([0.96430524, 0.96215153, 0.75892256, 0.72841068, 0.73204656,
       0.46951766, 0.59821184, 0.53223365, 0.32168756, 0.43937849])]
real metric: [array([0.97601199, 0.94640523, 0.58823529, 0.55509066, 0.69345238,
       0.55677155, 0.72481203, 0.59232955, 0.16885007, 0.49496403]), array([0.96685879, 0.95159059, 0.62572254, 0.58686731, 0.66158114,
       0.55686854, 0.70623145, 0.60481586, 0.17672414, 0.48250729]), array([0.97058824, 0.94281729, 0.61174785, 0.61060606, 0.69186047,
       0.56827048, 0.69440655, 0.62572254, 0.17937853, 0.51233672]), array([0.97357992, 0.94306569, 0.59940653, 0.59705882, 0.69565217,
       0.57540264, 0.70985155, 0.63649025, 0.20298507, 0.48148148]), array([0.97881997, 0.95460993, 0.61721068, 0.58981612, 0.6776406 ,
       0.52428571, 0.69946809, 0.60141844, 0.15273775, 0.49479941])]

estim_algorithm = doc-model, mode = classification, metric = sensitivity, confidence_scores = max_class_probability-conf, class_specific = False
test err: [0.1555778618117799, 0.14559726964174782, 0.1372134111118614, 0.13802004406447083, 0.14996703024210337]
estimated metric: [array([0.73656136, 0.75508223, 0.65784499, 0.63297691, 0.66538859,
       0.66693898, 0.70986808, 0.71981799, 0.64959729, 0.71106221]), array([0.73860399, 0.76684233, 0.6643602 , 0.63727035, 0.66399411,
       0.66902103, 0.69275993, 0.71235902, 0.65753244, 0.72004777]), array([0.74440299, 0.75891742, 0.64770302, 0.620475  , 0.6650057 ,
       0.67441513, 0.70072431, 0.69301131, 0.68761866, 0.71371554]), array([0.75059246, 0.75724809, 0.64652269, 0.64700572, 0.67922628,
       0.67177295, 0.71185901, 0.70603159, 0.666912  , 0.70754187]), array([0.73910836, 0.75996263, 0.65464988, 0.63288617, 0.68355197,
       0.66023384, 0.71066985, 0.7202385 , 0.64857057, 0.71188742])]
real metric: [array([0.97601199, 0.94640523, 0.58823529, 0.55509066, 0.69345238,
       0.55677155, 0.72481203, 0.59232955, 0.16885007, 0.49496403]), array([0.96685879, 0.95159059, 0.62572254, 0.58686731, 0.66158114,
       0.55686854, 0.70623145, 0.60481586, 0.17672414, 0.48250729]), array([0.97058824, 0.94281729, 0.61174785, 0.61060606, 0.69186047,
       0.56827048, 0.69440655, 0.62572254, 0.17937853, 0.51233672]), array([0.97357992, 0.94306569, 0.59940653, 0.59705882, 0.69565217,
       0.57540264, 0.70985155, 0.63649025, 0.20298507, 0.48148148]), array([0.97881997, 0.95460993, 0.61721068, 0.58981612, 0.6776406 ,
       0.52428571, 0.69946809, 0.60141844, 0.15273775, 0.49479941])]

estim_algorithm = doc-model, mode = classification, metric = sensitivity, confidence_scores = max_class_probability-conf, class_specific = True
test err: [0.07745337671399512, 0.07509258131971026, 0.0736314052273406, 0.07235591170842597, 0.07526388687958638]
estimated metric: [array([0.96364302, 0.95693517, 0.78818595, 0.75809936, 0.76790247,
       0.59866458, 0.68268837, 0.59793298, 0.34350218, 0.48501087]), array([0.96542098, 0.96540837, 0.79470116, 0.7623928 , 0.76650799,
       0.60074663, 0.66558021, 0.59048993, 0.35262852, 0.49398691]), array([0.9679194 , 0.95931021, 0.77804398, 0.74559745, 0.76751958,
       0.60614072, 0.67354459, 0.5711483 , 0.38137307, 0.48743203]), array([0.96990066, 0.9592937 , 0.77686365, 0.77212817, 0.78174016,
       0.60349855, 0.68467929, 0.5841503 , 0.3623316 , 0.48139873]), array([0.96653924, 0.9604164 , 0.78499084, 0.75800862, 0.78606585,
       0.59195944, 0.68349013, 0.59844333, 0.34685471, 0.48538939])]
real metric: [array([0.97601199, 0.94640523, 0.58823529, 0.55509066, 0.69345238,
       0.55677155, 0.72481203, 0.59232955, 0.16885007, 0.49496403]), array([0.96685879, 0.95159059, 0.62572254, 0.58686731, 0.66158114,
       0.55686854, 0.70623145, 0.60481586, 0.17672414, 0.48250729]), array([0.97058824, 0.94281729, 0.61174785, 0.61060606, 0.69186047,
       0.56827048, 0.69440655, 0.62572254, 0.17937853, 0.51233672]), array([0.97357992, 0.94306569, 0.59940653, 0.59705882, 0.69565217,
       0.57540264, 0.70985155, 0.63649025, 0.20298507, 0.48148148]), array([0.97881997, 0.95460993, 0.61721068, 0.58981612, 0.6776406 ,
       0.52428571, 0.69946809, 0.60141844, 0.15273775, 0.49479941])]

estim_algorithm = doc-model, mode = classification, metric = sensitivity, confidence_scores = energy-conf, class_specific = False
test err: [0.1628843541457154, 0.15266418261385264, 0.1468265831675606, 0.1464920442657848, 0.15648758634227775]
estimated metric: [array([0.68972802, 0.77471382, 0.62881486, 0.60520136, 0.6308624 ,
       0.64621985, 0.66458141, 0.69540757, 0.69221379, 0.73643126]), array([0.69395868, 0.77660269, 0.63200263, 0.61335866, 0.63417894,
       0.65667368, 0.65406007, 0.6792713 , 0.71278194, 0.7385977 ]), array([0.6916003 , 0.77728253, 0.63038686, 0.60811458, 0.63219775,
       0.65374431, 0.65963495, 0.67645769, 0.72876023, 0.73492438]), array([0.7014065 , 0.77513065, 0.62424708, 0.61454694, 0.64178299,
       0.65392943, 0.66468859, 0.68593395, 0.70217948, 0.73776775]), array([0.68902764, 0.7748374 , 0.62962356, 0.60529341, 0.64057466,
       0.6438478 , 0.66446206, 0.69455171, 0.69954009, 0.73065059])]
real metric: [array([0.97601199, 0.94640523, 0.58823529, 0.55509066, 0.69345238,
       0.55677155, 0.72481203, 0.59232955, 0.16885007, 0.49496403]), array([0.96685879, 0.95159059, 0.62572254, 0.58686731, 0.66158114,
       0.55686854, 0.70623145, 0.60481586, 0.17672414, 0.48250729]), array([0.97058824, 0.94281729, 0.61174785, 0.61060606, 0.69186047,
       0.56827048, 0.69440655, 0.62572254, 0.17937853, 0.51233672]), array([0.97357992, 0.94306569, 0.59940653, 0.59705882, 0.69565217,
       0.57540264, 0.70985155, 0.63649025, 0.20298507, 0.48148148]), array([0.97881997, 0.95460993, 0.61721068, 0.58981612, 0.6776406 ,
       0.52428571, 0.69946809, 0.60141844, 0.15273775, 0.49479941])]

estim_algorithm = doc-model, mode = classification, metric = sensitivity, confidence_scores = energy-conf, class_specific = True
test err: [0.08223901130506708, 0.07953285233372516, 0.0820888541117969, 0.0788847841961823, 0.08043652556051377]
estimated metric: [array([0.951303  , 0.96360407, 0.7902431 , 0.7552693 , 0.7458761 ,
       0.54639314, 0.64995888, 0.56789153, 0.36747331, 0.47738472]), array([0.95384043, 0.96579232, 0.79385505, 0.76343969, 0.74812673,
       0.55752792, 0.63947351, 0.55144742, 0.3887823 , 0.47849327]), array([0.95279385, 0.96352893, 0.78876324, 0.7587403 , 0.74763607,
       0.55441508, 0.6450033 , 0.5495641 , 0.40446891, 0.4753869 ]), array([0.9570784 , 0.96455921, 0.78585475, 0.76444301, 0.75690565,
       0.5543075 , 0.65004809, 0.55888729, 0.37809005, 0.4793211 ]), array([0.95088433, 0.96290748, 0.78968884, 0.75608812, 0.75514492,
       0.54436679, 0.64985223, 0.5677881 , 0.37709301, 0.47060434])]
real metric: [array([0.97601199, 0.94640523, 0.58823529, 0.55509066, 0.69345238,
       0.55677155, 0.72481203, 0.59232955, 0.16885007, 0.49496403]), array([0.96685879, 0.95159059, 0.62572254, 0.58686731, 0.66158114,
       0.55686854, 0.70623145, 0.60481586, 0.17672414, 0.48250729]), array([0.97058824, 0.94281729, 0.61174785, 0.61060606, 0.69186047,
       0.56827048, 0.69440655, 0.62572254, 0.17937853, 0.51233672]), array([0.97357992, 0.94306569, 0.59940653, 0.59705882, 0.69565217,
       0.57540264, 0.70985155, 0.63649025, 0.20298507, 0.48148148]), array([0.97881997, 0.95460993, 0.61721068, 0.58981612, 0.6776406 ,
       0.52428571, 0.69946809, 0.60141844, 0.15273775, 0.49479941])]

estim_algorithm = doc-model, mode = classification, metric = sensitivity, confidence_scores = entropy-conf, class_specific = False
test err: [0.15439651350881972, 0.14445397177656893, 0.13545852770466316, 0.13434152748228886, 0.14418073190329989]
estimated metric: [array([0.73168096, 0.76171465, 0.64103246, 0.61211033, 0.64648395,
       0.65779815, 0.69846129, 0.71182669, 0.65803106, 0.71706679]), array([0.73571086, 0.77188545, 0.65134589, 0.62263038, 0.64635476,
       0.66112123, 0.68225689, 0.69821709, 0.67322394, 0.72145285]), array([0.74053471, 0.76422297, 0.6323964 , 0.6051491 , 0.65087699,
       0.6636528 , 0.69189342, 0.6849624 , 0.69995466, 0.71347373]), array([0.74872894, 0.7633219 , 0.62703199, 0.6292719 , 0.66665163,
       0.65957541, 0.70020599, 0.69682964, 0.67008495, 0.71020532]), array([0.73484524, 0.76524054, 0.64145113, 0.61292315, 0.66789635,
       0.64809346, 0.69766684, 0.71179196, 0.64852115, 0.71440497])]
real metric: [array([0.97601199, 0.94640523, 0.58823529, 0.55509066, 0.69345238,
       0.55677155, 0.72481203, 0.59232955, 0.16885007, 0.49496403]), array([0.96685879, 0.95159059, 0.62572254, 0.58686731, 0.66158114,
       0.55686854, 0.70623145, 0.60481586, 0.17672414, 0.48250729]), array([0.97058824, 0.94281729, 0.61174785, 0.61060606, 0.69186047,
       0.56827048, 0.69440655, 0.62572254, 0.17937853, 0.51233672]), array([0.97357992, 0.94306569, 0.59940653, 0.59705882, 0.69565217,
       0.57540264, 0.70985155, 0.63649025, 0.20298507, 0.48148148]), array([0.97881997, 0.95460993, 0.61721068, 0.58981612, 0.6776406 ,
       0.52428571, 0.69946809, 0.60141844, 0.15273775, 0.49479941])]

estim_algorithm = doc-model, mode = classification, metric = sensitivity, confidence_scores = entropy-conf, class_specific = True
test err: [0.07322456802135505, 0.0742398483861321, 0.07121684464206043, 0.06920126635135493, 0.07146664157229583]
estimated metric: [array([0.95614564, 0.9575718 , 0.77592845, 0.74794302, 0.74819131,
       0.5863793 , 0.67278284, 0.59500607, 0.34671268, 0.49121179]), array([0.95997351, 0.96456719, 0.78624188, 0.75846307, 0.74806212,
       0.5898168 , 0.65657845, 0.58139647, 0.36187649, 0.4952748 ]), array([0.96305292, 0.95817689, 0.76723012, 0.74098179, 0.75258435,
       0.59223394, 0.6662217 , 0.56815   , 0.38743658, 0.48742396]), array([0.96531681, 0.95970451, 0.76192798, 0.76510459, 0.76835899,
       0.58818778, 0.67452755, 0.58013589, 0.359721  , 0.48411875]), array([0.96054783, 0.95985556, 0.77634712, 0.74875584, 0.76960371,
       0.57671815, 0.6719884 , 0.59518973, 0.34096796, 0.48806108])]
real metric: [array([0.97601199, 0.94640523, 0.58823529, 0.55509066, 0.69345238,
       0.55677155, 0.72481203, 0.59232955, 0.16885007, 0.49496403]), array([0.96685879, 0.95159059, 0.62572254, 0.58686731, 0.66158114,
       0.55686854, 0.70623145, 0.60481586, 0.17672414, 0.48250729]), array([0.97058824, 0.94281729, 0.61174785, 0.61060606, 0.69186047,
       0.56827048, 0.69440655, 0.62572254, 0.17937853, 0.51233672]), array([0.97357992, 0.94306569, 0.59940653, 0.59705882, 0.69565217,
       0.57540264, 0.70985155, 0.63649025, 0.20298507, 0.48148148]), array([0.97881997, 0.95460993, 0.61721068, 0.58981612, 0.6776406 ,
       0.52428571, 0.69946809, 0.60141844, 0.15273775, 0.49479941])]

estim_algorithm = doc-model, mode = classification, metric = sensitivity, confidence_scores = doctor-conf, class_specific = False
test err: [0.17077489215515515, 0.1656445578182621, 0.15443464330256024, 0.1566895538269713, 0.1713126431080392]
estimated metric: [array([0.73419935, 0.7438767 , 0.69015201, 0.6749041 , 0.69396848,
       0.69780051, 0.72062916, 0.72674214, 0.69883539, 0.72651578]), array([0.73704115, 0.75077189, 0.69622578, 0.68072012, 0.69162317,
       0.69686205, 0.7087708 , 0.71945252, 0.70155987, 0.73191319]), array([0.73984438, 0.74577508, 0.68103142, 0.66424762, 0.6938354 ,
       0.70018832, 0.7138743 , 0.711289  , 0.71928907, 0.72713442]), array([0.74241898, 0.74564849, 0.68250518, 0.68474448, 0.70266511,
       0.6999288 , 0.72191881, 0.71471478, 0.70496035, 0.72520842]), array([0.73683357, 0.74667325, 0.68822767, 0.67670207, 0.70402524,
       0.69256434, 0.71876558, 0.72430395, 0.68706719, 0.72892411])]
real metric: [array([0.97601199, 0.94640523, 0.58823529, 0.55509066, 0.69345238,
       0.55677155, 0.72481203, 0.59232955, 0.16885007, 0.49496403]), array([0.96685879, 0.95159059, 0.62572254, 0.58686731, 0.66158114,
       0.55686854, 0.70623145, 0.60481586, 0.17672414, 0.48250729]), array([0.97058824, 0.94281729, 0.61174785, 0.61060606, 0.69186047,
       0.56827048, 0.69440655, 0.62572254, 0.17937853, 0.51233672]), array([0.97357992, 0.94306569, 0.59940653, 0.59705882, 0.69565217,
       0.57540264, 0.70985155, 0.63649025, 0.20298507, 0.48148148]), array([0.97881997, 0.95460993, 0.61721068, 0.58981612, 0.6776406 ,
       0.52428571, 0.69946809, 0.60141844, 0.15273775, 0.49479941])]

estim_algorithm = doc-model, mode = classification, metric = sensitivity, confidence_scores = doctor-conf, class_specific = True
test err: [0.09111448484621104, 0.08588765431125371, 0.08062957431007652, 0.08306285505536712, 0.08710368701742847]
estimated metric: [array([0.96019529, 0.95903345, 0.82329076, 0.77698196, 0.79950304,
       0.60600144, 0.69535393, 0.61194817, 0.38727898, 0.497931  ]), array([0.96299387, 0.96609077, 0.82936453, 0.78269837, 0.79715772,
       0.60523817, 0.68349557, 0.60465855, 0.39066919, 0.50276122]), array([0.96565514, 0.96108303, 0.81378814, 0.76632548, 0.79936995,
       0.60843103, 0.68864126, 0.59649504, 0.40773266, 0.49801648]), array([0.96730268, 0.96072404, 0.81564393, 0.78682234, 0.80819966,
       0.608301  , 0.69664358, 0.59997803, 0.39380097, 0.49619158]), array([0.96305379, 0.96199671, 0.82136642, 0.77877994, 0.8095598 ,
       0.60076527, 0.69353125, 0.60985619, 0.37983274, 0.49969543])]
real metric: [array([0.97601199, 0.94640523, 0.58823529, 0.55509066, 0.69345238,
       0.55677155, 0.72481203, 0.59232955, 0.16885007, 0.49496403]), array([0.96685879, 0.95159059, 0.62572254, 0.58686731, 0.66158114,
       0.55686854, 0.70623145, 0.60481586, 0.17672414, 0.48250729]), array([0.97058824, 0.94281729, 0.61174785, 0.61060606, 0.69186047,
       0.56827048, 0.69440655, 0.62572254, 0.17937853, 0.51233672]), array([0.97357992, 0.94306569, 0.59940653, 0.59705882, 0.69565217,
       0.57540264, 0.70985155, 0.63649025, 0.20298507, 0.48148148]), array([0.97881997, 0.95460993, 0.61721068, 0.58981612, 0.6776406 ,
       0.52428571, 0.69946809, 0.60141844, 0.15273775, 0.49479941])]

estim_algorithm = atc-model, mode = classification, metric = sensitivity, confidence_scores = max_class_probability-conf, class_specific = False
test err: [0.1290676283835927, 0.13972109274920777, 0.13098512128317474, 0.12325165850286832, 0.1351113488875648]
estimated metric: [array([0.74298294, 0.79528302, 0.55486863, 0.48275863, 0.5609398 ,
       0.5791434 , 0.6845754 , 0.68869937, 0.49618324, 0.6769663 ]), array([0.73791209, 0.81901841, 0.55334282, 0.4934037 , 0.55621302,
       0.59541986, 0.66034483, 0.67775468, 0.57031253, 0.69602274]), array([0.7628169 , 0.80326198, 0.55380202, 0.48531469, 0.5639881 ,
       0.59893994, 0.66777964, 0.63951121, 0.60447764, 0.66756758]), array([0.77759104, 0.80209424, 0.50285715, 0.53017242, 0.60176992,
       0.56716419, 0.67255217, 0.69114878, 0.54545458, 0.67705383]), array([0.74234836, 0.80510204, 0.53902799, 0.47453084, 0.61204482,
       0.55206288, 0.69093852, 0.71165645, 0.53571433, 0.67134832])]
real metric: [array([0.97601199, 0.94640523, 0.58823529, 0.55509066, 0.69345238,
       0.55677155, 0.72481203, 0.59232955, 0.16885007, 0.49496403]), array([0.96685879, 0.95159059, 0.62572254, 0.58686731, 0.66158114,
       0.55686854, 0.70623145, 0.60481586, 0.17672414, 0.48250729]), array([0.97058824, 0.94281729, 0.61174785, 0.61060606, 0.69186047,
       0.56827048, 0.69440655, 0.62572254, 0.17937853, 0.51233672]), array([0.97357992, 0.94306569, 0.59940653, 0.59705882, 0.69565217,
       0.57540264, 0.70985155, 0.63649025, 0.20298507, 0.48148148]), array([0.97881997, 0.95460993, 0.61721068, 0.58981612, 0.6776406 ,
       0.52428571, 0.69946809, 0.60141844, 0.15273775, 0.49479941])]

estim_algorithm = atc-model, mode = classification, metric = sensitivity, confidence_scores = max_class_probability-conf, class_specific = True
test err: [0.04934883467083362, 0.05967002564777453, 0.06190209106204312, 0.05508162667655396, 0.05585599300483489]
estimated metric: [array([0.95266924, 0.94622642, 0.72952087, 0.72413793, 0.71659325,
       0.58286779, 0.67071058, 0.57142858, 0.17557258, 0.46629215]), array([0.96318681, 0.9591002 , 0.74679943, 0.72295515, 0.72633136,
       0.59923665, 0.64137932, 0.54469855, 0.24218756, 0.45170456]), array([0.96394366, 0.95005097, 0.70444764, 0.6951049 , 0.73363096,
       0.60424029, 0.65442405, 0.48879838, 0.28358214, 0.44324326]), array([0.96470588, 0.9539267 , 0.71857143, 0.74425288, 0.73156343,
       0.57089553, 0.65971108, 0.55932204, 0.23776229, 0.41926347]), array([0.96160267, 0.94489796, 0.71723123, 0.71849866, 0.74229692,
       0.55206288, 0.66990292, 0.56441719, 0.22321436, 0.42134833])]
real metric: [array([0.97601199, 0.94640523, 0.58823529, 0.55509066, 0.69345238,
       0.55677155, 0.72481203, 0.59232955, 0.16885007, 0.49496403]), array([0.96685879, 0.95159059, 0.62572254, 0.58686731, 0.66158114,
       0.55686854, 0.70623145, 0.60481586, 0.17672414, 0.48250729]), array([0.97058824, 0.94281729, 0.61174785, 0.61060606, 0.69186047,
       0.56827048, 0.69440655, 0.62572254, 0.17937853, 0.51233672]), array([0.97357992, 0.94306569, 0.59940653, 0.59705882, 0.69565217,
       0.57540264, 0.70985155, 0.63649025, 0.20298507, 0.48148148]), array([0.97881997, 0.95460993, 0.61721068, 0.58981612, 0.6776406 ,
       0.52428571, 0.69946809, 0.60141844, 0.15273775, 0.49479941])]

estim_algorithm = atc-model, mode = classification, metric = sensitivity, confidence_scores = energy-conf, class_specific = False
test err: [0.23018957255604713, 0.2336057831463961, 0.24669328347191097, 0.221221396770579, 0.22422952621187844]
estimated metric: [array([0.64006604, 0.78301887, 0.37094282, 0.29931035, 0.41997064,
       0.48230913, 0.56325824, 0.63752666, 0.67175575, 0.76685394]), array([0.64725275, 0.81492843, 0.39544809, 0.34564645, 0.41715977,
       0.51145039, 0.55344828, 0.55093556, 0.78125002, 0.78977273]), array([0.64112676, 0.78899083, 0.37159255, 0.34685316, 0.42857144,
       0.49823322, 0.56594325, 0.52138494, 0.81343285, 0.7918919 ]), array([0.67731093, 0.79790576, 0.38142858, 0.35344829, 0.46460178,
       0.49067165, 0.56019262, 0.59510359, 0.69930072, 0.78753542]), array([0.62548692, 0.77959184, 0.39175259, 0.31233245, 0.45378152,
       0.44204323, 0.55339807, 0.57055216, 0.6339286 , 0.74157304])]
real metric: [array([0.97601199, 0.94640523, 0.58823529, 0.55509066, 0.69345238,
       0.55677155, 0.72481203, 0.59232955, 0.16885007, 0.49496403]), array([0.96685879, 0.95159059, 0.62572254, 0.58686731, 0.66158114,
       0.55686854, 0.70623145, 0.60481586, 0.17672414, 0.48250729]), array([0.97058824, 0.94281729, 0.61174785, 0.61060606, 0.69186047,
       0.56827048, 0.69440655, 0.62572254, 0.17937853, 0.51233672]), array([0.97357992, 0.94306569, 0.59940653, 0.59705882, 0.69565217,
       0.57540264, 0.70985155, 0.63649025, 0.20298507, 0.48148148]), array([0.97881997, 0.95460993, 0.61721068, 0.58981612, 0.6776406 ,
       0.52428571, 0.69946809, 0.60141844, 0.15273775, 0.49479941])]

estim_algorithm = atc-model, mode = classification, metric = sensitivity, confidence_scores = energy-conf, class_specific = True
test err: [0.08346036895743889, 0.09515805795620709, 0.10031300245438075, 0.09680953236735608, 0.09423659833624624]
estimated metric: [array([0.94936709, 0.96132076, 0.64142195, 0.59172414, 0.58590309,
       0.38919927, 0.51473138, 0.47761195, 0.25190845, 0.47471912]), array([0.95274725, 0.95194274, 0.69274538, 0.64907652, 0.58431953,
       0.43129772, 0.50172415, 0.42411644, 0.35156255, 0.43750002]), array([0.96056338, 0.95820591, 0.66140603, 0.61958042, 0.57886905,
       0.42756185, 0.51085143, 0.42566193, 0.37313438, 0.42432434]), array([0.95686275, 0.95497382, 0.65      , 0.66810345, 0.61946903,
       0.40111941, 0.5152488 , 0.43879474, 0.33566438, 0.4390935 ]), array([0.95603784, 0.96122449, 0.65684831, 0.60455765, 0.6092437 ,
       0.35166995, 0.50970875, 0.45807772, 0.37500006, 0.43258429])]
real metric: [array([0.97601199, 0.94640523, 0.58823529, 0.55509066, 0.69345238,
       0.55677155, 0.72481203, 0.59232955, 0.16885007, 0.49496403]), array([0.96685879, 0.95159059, 0.62572254, 0.58686731, 0.66158114,
       0.55686854, 0.70623145, 0.60481586, 0.17672414, 0.48250729]), array([0.97058824, 0.94281729, 0.61174785, 0.61060606, 0.69186047,
       0.56827048, 0.69440655, 0.62572254, 0.17937853, 0.51233672]), array([0.97357992, 0.94306569, 0.59940653, 0.59705882, 0.69565217,
       0.57540264, 0.70985155, 0.63649025, 0.20298507, 0.48148148]), array([0.97881997, 0.95460993, 0.61721068, 0.58981612, 0.6776406 ,
       0.52428571, 0.69946809, 0.60141844, 0.15273775, 0.49479941])]

estim_algorithm = atc-model, mode = classification, metric = sensitivity, confidence_scores = entropy-conf, class_specific = False
test err: [0.13773222157456178, 0.14159515227419983, 0.13881686264927065, 0.12812613057605068, 0.1414207355828984]
estimated metric: [array([0.73913044, 0.8009434 , 0.54095828, 0.46206897, 0.54331866,
       0.58100559, 0.67244368, 0.68443497, 0.51145042, 0.68820226]), array([0.73571429, 0.83128835, 0.53342817, 0.48416887, 0.55177515,
       0.58587787, 0.64310345, 0.66528067, 0.57031253, 0.69602274]), array([0.75323944, 0.80326198, 0.52797705, 0.47412588, 0.54315477,
       0.58833923, 0.65776294, 0.63747455, 0.60447764, 0.68108109]), array([0.77366947, 0.79895288, 0.49428572, 0.51867817, 0.58849558,
       0.5727612 , 0.66452649, 0.67608287, 0.5664336 , 0.67705383]), array([0.73511408, 0.81326531, 0.52871871, 0.45710456, 0.59243698,
       0.5481336 , 0.6682848 , 0.70961146, 0.53571433, 0.67134832])]
real metric: [array([0.97601199, 0.94640523, 0.58823529, 0.55509066, 0.69345238,
       0.55677155, 0.72481203, 0.59232955, 0.16885007, 0.49496403]), array([0.96685879, 0.95159059, 0.62572254, 0.58686731, 0.66158114,
       0.55686854, 0.70623145, 0.60481586, 0.17672414, 0.48250729]), array([0.97058824, 0.94281729, 0.61174785, 0.61060606, 0.69186047,
       0.56827048, 0.69440655, 0.62572254, 0.17937853, 0.51233672]), array([0.97357992, 0.94306569, 0.59940653, 0.59705882, 0.69565217,
       0.57540264, 0.70985155, 0.63649025, 0.20298507, 0.48148148]), array([0.97881997, 0.95460993, 0.61721068, 0.58981612, 0.6776406 ,
       0.52428571, 0.69946809, 0.60141844, 0.15273775, 0.49479941])]

estim_algorithm = atc-model, mode = classification, metric = sensitivity, confidence_scores = entropy-conf, class_specific = True
test err: [0.04728672066746652, 0.05934748676323148, 0.06076802289329288, 0.0525809308669644, 0.0547668506174398]
estimated metric: [array([0.94991745, 0.94811321, 0.71097373, 0.68      , 0.70631425,
       0.56983241, 0.64991335, 0.56929638, 0.21374052, 0.46629215]), array([0.96098901, 0.95501023, 0.75675676, 0.69129288, 0.71745563,
       0.58015268, 0.61206897, 0.53846155, 0.25781256, 0.45454547]), array([0.96169014, 0.9520897 , 0.71736012, 0.65174826, 0.73363096,
       0.58303888, 0.63606011, 0.49083504, 0.3059702 , 0.44594596]), array([0.96302521, 0.95183246, 0.69857143, 0.69683908, 0.73451328,
       0.55783583, 0.64365972, 0.55555556, 0.2447553 , 0.41926347]), array([0.96215915, 0.94693878, 0.71870398, 0.68632708, 0.74929972,
       0.54420433, 0.65048544, 0.55214725, 0.22321436, 0.4297753 ])]
real metric: [array([0.97601199, 0.94640523, 0.58823529, 0.55509066, 0.69345238,
       0.55677155, 0.72481203, 0.59232955, 0.16885007, 0.49496403]), array([0.96685879, 0.95159059, 0.62572254, 0.58686731, 0.66158114,
       0.55686854, 0.70623145, 0.60481586, 0.17672414, 0.48250729]), array([0.97058824, 0.94281729, 0.61174785, 0.61060606, 0.69186047,
       0.56827048, 0.69440655, 0.62572254, 0.17937853, 0.51233672]), array([0.97357992, 0.94306569, 0.59940653, 0.59705882, 0.69565217,
       0.57540264, 0.70985155, 0.63649025, 0.20298507, 0.48148148]), array([0.97881997, 0.95460993, 0.61721068, 0.58981612, 0.6776406 ,
       0.52428571, 0.69946809, 0.60141844, 0.15273775, 0.49479941])]

estim_algorithm = atc-model, mode = classification, metric = sensitivity, confidence_scores = doctor-conf, class_specific = False
test err: [0.12943958511379455, 0.14060363730715852, 0.1319016412316562, 0.12465313086049228, 0.13687011741565752]
estimated metric: [array([0.74298294, 0.79716981, 0.55486863, 0.4786207 , 0.55947137,
       0.5791434 , 0.6845754 , 0.68869937, 0.49618324, 0.6769663 ]), array([0.73681319, 0.81901841, 0.54765292, 0.49208444, 0.55473373,
       0.59541986, 0.66034483, 0.67983369, 0.57031253, 0.69318183]), array([0.76112676, 0.80122324, 0.55236729, 0.48671329, 0.55952382,
       0.59717315, 0.66777964, 0.63951121, 0.60447764, 0.67027028]), array([0.77591037, 0.80104712, 0.50000001, 0.52873564, 0.60176992,
       0.56716419, 0.67255217, 0.69114878, 0.55244758, 0.67705383]), array([0.74179188, 0.80510204, 0.53902799, 0.47319036, 0.61064426,
       0.55009824, 0.68770227, 0.71574643, 0.5446429 , 0.67134832])]
real metric: [array([0.97601199, 0.94640523, 0.58823529, 0.55509066, 0.69345238,
       0.55677155, 0.72481203, 0.59232955, 0.16885007, 0.49496403]), array([0.96685879, 0.95159059, 0.62572254, 0.58686731, 0.66158114,
       0.55686854, 0.70623145, 0.60481586, 0.17672414, 0.48250729]), array([0.97058824, 0.94281729, 0.61174785, 0.61060606, 0.69186047,
       0.56827048, 0.69440655, 0.62572254, 0.17937853, 0.51233672]), array([0.97357992, 0.94306569, 0.59940653, 0.59705882, 0.69565217,
       0.57540264, 0.70985155, 0.63649025, 0.20298507, 0.48148148]), array([0.97881997, 0.95460993, 0.61721068, 0.58981612, 0.6776406 ,
       0.52428571, 0.69946809, 0.60141844, 0.15273775, 0.49479941])]

estim_algorithm = atc-model, mode = classification, metric = sensitivity, confidence_scores = doctor-conf, class_specific = True
test err: [0.05067630766454927, 0.059743106965033356, 0.0630477483807053, 0.056943803722526144, 0.056693591935618945]
estimated metric: [array([0.94386351, 0.95566038, 0.73570325, 0.72137931, 0.69750368,
       0.5735568 , 0.66897748, 0.57569297, 0.19847334, 0.46629215]), array([0.95769231, 0.96728016, 0.75675676, 0.71899737, 0.71745563,
       0.59160306, 0.63965518, 0.54885656, 0.24218756, 0.45170456]), array([0.9571831 , 0.95922528, 0.71018652, 0.6909091 , 0.72767858,
       0.59540637, 0.65108515, 0.49083504, 0.29104483, 0.44324326]), array([0.95910364, 0.96125654, 0.73142858, 0.73419541, 0.72566372,
       0.56343284, 0.65650081, 0.56120528, 0.23776229, 0.41926347]), array([0.95715081, 0.95714286, 0.73490427, 0.72117963, 0.73809524,
       0.54420433, 0.66504855, 0.56646218, 0.22321436, 0.42134833])]
real metric: [array([0.97601199, 0.94640523, 0.58823529, 0.55509066, 0.69345238,
       0.55677155, 0.72481203, 0.59232955, 0.16885007, 0.49496403]), array([0.96685879, 0.95159059, 0.62572254, 0.58686731, 0.66158114,
       0.55686854, 0.70623145, 0.60481586, 0.17672414, 0.48250729]), array([0.97058824, 0.94281729, 0.61174785, 0.61060606, 0.69186047,
       0.56827048, 0.69440655, 0.62572254, 0.17937853, 0.51233672]), array([0.97357992, 0.94306569, 0.59940653, 0.59705882, 0.69565217,
       0.57540264, 0.70985155, 0.63649025, 0.20298507, 0.48148148]), array([0.97881997, 0.95460993, 0.61721068, 0.58981612, 0.6776406 ,
       0.52428571, 0.69946809, 0.60141844, 0.15273775, 0.49479941])]

estim_algorithm = ts-atc-model, mode = classification, metric = sensitivity, confidence_scores = max_class_probability-conf, class_specific = False
test err: [0.16472064454305121, 0.16308900700929957, 0.17156099181270418, 0.15085657723688956, 0.16273270433248532]
estimated metric: [array([0.71326362, 0.79528302, 0.4714065 , 0.40689656, 0.49486051,
       0.55679703, 0.64124784, 0.66311301, 0.55725194, 0.72191012]), array([0.72692308, 0.83026585, 0.50071124, 0.42744064, 0.51479291,
       0.5648855 , 0.60000001, 0.61746363, 0.64062503, 0.73011364]), array([0.72507042, 0.80530072, 0.48350072, 0.42097903, 0.51041667,
       0.56007068, 0.62771286, 0.60081467, 0.70895525, 0.71621622]), array([0.7557423 , 0.80314136, 0.45142858, 0.46551725, 0.54867257,
       0.54291046, 0.63563403, 0.65160076, 0.60139863, 0.68555242]), array([0.7084029 , 0.8122449 , 0.49337261, 0.41286864, 0.55602242,
       0.52455797, 0.63268609, 0.67689162, 0.58928575, 0.70786518])]
real metric: [array([0.97601199, 0.94640523, 0.58823529, 0.55509066, 0.69345238,
       0.55677155, 0.72481203, 0.59232955, 0.16885007, 0.49496403]), array([0.96685879, 0.95159059, 0.62572254, 0.58686731, 0.66158114,
       0.55686854, 0.70623145, 0.60481586, 0.17672414, 0.48250729]), array([0.97058824, 0.94281729, 0.61174785, 0.61060606, 0.69186047,
       0.56827048, 0.69440655, 0.62572254, 0.17937853, 0.51233672]), array([0.97357992, 0.94306569, 0.59940653, 0.59705882, 0.69565217,
       0.57540264, 0.70985155, 0.63649025, 0.20298507, 0.48148148]), array([0.97881997, 0.95460993, 0.61721068, 0.58981612, 0.6776406 ,
       0.52428571, 0.69946809, 0.60141844, 0.15273775, 0.49479941])]

estim_algorithm = ts-atc-model, mode = classification, metric = sensitivity, confidence_scores = max_class_probability-conf, class_specific = True
test err: [0.06076977247642945, 0.07935412641665636, 0.07619011854554333, 0.07491466667335567, 0.0766280824654326]
estimated metric: [array([0.97468354, 0.95566038, 0.73106646, 0.72      , 0.70631425,
       0.52327748, 0.62218372, 0.54797442, 0.21374052, 0.44382024]), array([0.97472527, 0.96319018, 0.75817924, 0.72427441, 0.71449705,
       0.53435115, 0.57758621, 0.49896051, 0.32031255, 0.4318182 ]), array([0.97633803, 0.96024465, 0.70731708, 0.6965035 , 0.72916667,
       0.52296821, 0.61268782, 0.4623218 , 0.32089557, 0.42432434]), array([0.97759104, 0.9591623 , 0.72571429, 0.74137931, 0.7359882 ,
       0.51305971, 0.61316212, 0.51224106, 0.27272732, 0.41643061]), array([0.97551475, 0.95714286, 0.73048601, 0.71715818, 0.7464986 ,
       0.48919451, 0.61003237, 0.51942741, 0.31250006, 0.41011238])]
real metric: [array([0.97601199, 0.94640523, 0.58823529, 0.55509066, 0.69345238,
       0.55677155, 0.72481203, 0.59232955, 0.16885007, 0.49496403]), array([0.96685879, 0.95159059, 0.62572254, 0.58686731, 0.66158114,
       0.55686854, 0.70623145, 0.60481586, 0.17672414, 0.48250729]), array([0.97058824, 0.94281729, 0.61174785, 0.61060606, 0.69186047,
       0.56827048, 0.69440655, 0.62572254, 0.17937853, 0.51233672]), array([0.97357992, 0.94306569, 0.59940653, 0.59705882, 0.69565217,
       0.57540264, 0.70985155, 0.63649025, 0.20298507, 0.48148148]), array([0.97881997, 0.95460993, 0.61721068, 0.58981612, 0.6776406 ,
       0.52428571, 0.69946809, 0.60141844, 0.15273775, 0.49479941])]

estim_algorithm = ts-atc-model, mode = classification, metric = sensitivity, confidence_scores = energy-conf, class_specific = False
test err: [0.2421587010980529, 0.2514059358750532, 0.2642522643202187, 0.2382113654841052, 0.24550334646581828]
estimated metric: [array([0.55806274, 0.74339623, 0.36012366, 0.30206898, 0.42584435,
       0.48603353, 0.55805893, 0.60341152, 0.69465651, 0.77247192]), array([0.57417583, 0.74846626, 0.39544809, 0.3403694 , 0.40976332,
       0.53435115, 0.54827587, 0.53014554, 0.78125002, 0.81250001]), array([0.55380282, 0.75331295, 0.35724535, 0.32867134, 0.43154763,
       0.5123675 , 0.54090151, 0.54786152, 0.83582091, 0.80810811]), array([0.58543418, 0.76125655, 0.38428572, 0.3520115 , 0.45722715,
       0.53544777, 0.55216694, 0.59322035, 0.74125876, 0.81586403]), array([0.54924875, 0.72653062, 0.37407954, 0.30563004, 0.43977592,
       0.46758351, 0.55016182, 0.57873211, 0.67857146, 0.77247192])]
real metric: [array([0.97601199, 0.94640523, 0.58823529, 0.55509066, 0.69345238,
       0.55677155, 0.72481203, 0.59232955, 0.16885007, 0.49496403]), array([0.96685879, 0.95159059, 0.62572254, 0.58686731, 0.66158114,
       0.55686854, 0.70623145, 0.60481586, 0.17672414, 0.48250729]), array([0.97058824, 0.94281729, 0.61174785, 0.61060606, 0.69186047,
       0.56827048, 0.69440655, 0.62572254, 0.17937853, 0.51233672]), array([0.97357992, 0.94306569, 0.59940653, 0.59705882, 0.69565217,
       0.57540264, 0.70985155, 0.63649025, 0.20298507, 0.48148148]), array([0.97881997, 0.95460993, 0.61721068, 0.58981612, 0.6776406 ,
       0.52428571, 0.69946809, 0.60141844, 0.15273775, 0.49479941])]

estim_algorithm = ts-atc-model, mode = classification, metric = sensitivity, confidence_scores = energy-conf, class_specific = True
test err: [0.11292586778673078, 0.11848389153159833, 0.13068779479695253, 0.11481497234183498, 0.1169789308322895]
estimated metric: [array([0.94111172, 0.96037736, 0.59969089, 0.57379311, 0.53157123,
       0.31098698, 0.42980937, 0.43283583, 0.32824433, 0.46629215]), array([0.94230769, 0.95092025, 0.65007113, 0.64775726, 0.55029586,
       0.34923665, 0.42586208, 0.36590438, 0.35937505, 0.42897729]), array([0.93464789, 0.95718654, 0.62984219, 0.61398602, 0.5342262 ,
       0.3427562 , 0.41736228, 0.38289207, 0.44776124, 0.44864866]), array([0.94901961, 0.96020942, 0.61714286, 0.64367817, 0.56932154,
       0.35261195, 0.44622794, 0.40301319, 0.37062941, 0.45325781]), array([0.9410128 , 0.95918367, 0.634757  , 0.60991958, 0.55742298,
       0.29666013, 0.41909386, 0.42535788, 0.3928572 , 0.44943822])]
real metric: [array([0.97601199, 0.94640523, 0.58823529, 0.55509066, 0.69345238,
       0.55677155, 0.72481203, 0.59232955, 0.16885007, 0.49496403]), array([0.96685879, 0.95159059, 0.62572254, 0.58686731, 0.66158114,
       0.55686854, 0.70623145, 0.60481586, 0.17672414, 0.48250729]), array([0.97058824, 0.94281729, 0.61174785, 0.61060606, 0.69186047,
       0.56827048, 0.69440655, 0.62572254, 0.17937853, 0.51233672]), array([0.97357992, 0.94306569, 0.59940653, 0.59705882, 0.69565217,
       0.57540264, 0.70985155, 0.63649025, 0.20298507, 0.48148148]), array([0.97881997, 0.95460993, 0.61721068, 0.58981612, 0.6776406 ,
       0.52428571, 0.69946809, 0.60141844, 0.15273775, 0.49479941])]

estim_algorithm = ts-atc-model, mode = classification, metric = sensitivity, confidence_scores = entropy-conf, class_specific = False
test err: [0.1995679410148069, 0.18670853237789437, 0.20484899803175843, 0.1789415023531421, 0.17928987661861795]
estimated metric: [array([0.69455146, 0.80660378, 0.43740341, 0.36137932, 0.45668136,
       0.53072627, 0.6065858 , 0.65671643, 0.68702292, 0.76123596]), array([0.70934066, 0.83333334, 0.46514937, 0.39313985, 0.4718935 ,
       0.54580154, 0.56551725, 0.5925156 , 0.69531252, 0.7471591 ]), array([0.71323944, 0.80530072, 0.4390244 , 0.3944056 , 0.46279763,
       0.52650178, 0.60601002, 0.56822811, 0.79104479, 0.74864866]), array([0.7417367 , 0.81256545, 0.42428572, 0.4224138 , 0.50737464,
       0.51305971, 0.60513644, 0.61393598, 0.66433569, 0.71954675]), array([0.69671675, 0.81020408, 0.45655376, 0.38605899, 0.51120449,
       0.48919451, 0.59546926, 0.63190185, 0.58035718, 0.73314607])]
real metric: [array([0.97601199, 0.94640523, 0.58823529, 0.55509066, 0.69345238,
       0.55677155, 0.72481203, 0.59232955, 0.16885007, 0.49496403]), array([0.96685879, 0.95159059, 0.62572254, 0.58686731, 0.66158114,
       0.55686854, 0.70623145, 0.60481586, 0.17672414, 0.48250729]), array([0.97058824, 0.94281729, 0.61174785, 0.61060606, 0.69186047,
       0.56827048, 0.69440655, 0.62572254, 0.17937853, 0.51233672]), array([0.97357992, 0.94306569, 0.59940653, 0.59705882, 0.69565217,
       0.57540264, 0.70985155, 0.63649025, 0.20298507, 0.48148148]), array([0.97881997, 0.95460993, 0.61721068, 0.58981612, 0.6776406 ,
       0.52428571, 0.69946809, 0.60141844, 0.15273775, 0.49479941])]

estim_algorithm = ts-atc-model, mode = classification, metric = sensitivity, confidence_scores = entropy-conf, class_specific = True
test err: [0.06619382748370235, 0.07651839844600669, 0.07466320113944004, 0.07088154050561082, 0.08066761689992095]
estimated metric: [array([0.96862961, 0.94528302, 0.70633694, 0.67310345, 0.65932453,
       0.45996277, 0.58752167, 0.50959489, 0.22900769, 0.48876406]), array([0.97252747, 0.95807771, 0.74964438, 0.6873351 , 0.67159764,
       0.5076336 , 0.54827587, 0.46777548, 0.32031255, 0.45170456]), array([0.97464789, 0.95412844, 0.70444764, 0.64895105, 0.68452381,
       0.46466432, 0.58597663, 0.43991855, 0.31343289, 0.45135137]), array([0.97703081, 0.95183246, 0.68714286, 0.69827587, 0.69321534,
       0.46828359, 0.58426967, 0.46327685, 0.27972033, 0.45892353]), array([0.97495826, 0.94897959, 0.71134021, 0.67560322, 0.7114846 ,
       0.41453832, 0.57928803, 0.50511248, 0.33928577, 0.42415732])]
real metric: [array([0.97601199, 0.94640523, 0.58823529, 0.55509066, 0.69345238,
       0.55677155, 0.72481203, 0.59232955, 0.16885007, 0.49496403]), array([0.96685879, 0.95159059, 0.62572254, 0.58686731, 0.66158114,
       0.55686854, 0.70623145, 0.60481586, 0.17672414, 0.48250729]), array([0.97058824, 0.94281729, 0.61174785, 0.61060606, 0.69186047,
       0.56827048, 0.69440655, 0.62572254, 0.17937853, 0.51233672]), array([0.97357992, 0.94306569, 0.59940653, 0.59705882, 0.69565217,
       0.57540264, 0.70985155, 0.63649025, 0.20298507, 0.48148148]), array([0.97881997, 0.95460993, 0.61721068, 0.58981612, 0.6776406 ,
       0.52428571, 0.69946809, 0.60141844, 0.15273775, 0.49479941])]

estim_algorithm = ts-atc-model, mode = classification, metric = sensitivity, confidence_scores = doctor-conf, class_specific = False
test err: [0.2112439975623049, 0.20482972818842962, 0.22478776346606363, 0.19671280116795192, 0.19635256634811732]
estimated metric: [array([0.68134287, 0.79811321, 0.41731067, 0.33931035, 0.43612336,
       0.5046555 , 0.58752167, 0.64392325, 0.68702292, 0.76123596]), array([0.68626374, 0.82924336, 0.42958749, 0.37862798, 0.45118344,
       0.53816795, 0.55344828, 0.57796259, 0.71875002, 0.77272728]), array([0.68957747, 0.79714577, 0.40459111, 0.37202798, 0.44791667,
       0.51060072, 0.58096829, 0.5437882 , 0.81343285, 0.75675676]), array([0.72044818, 0.81047121, 0.40000001, 0.38793104, 0.48967552,
       0.49626867, 0.5810594 , 0.6007533 , 0.68531471, 0.72237961]), array([0.67612688, 0.80102041, 0.4329897 , 0.35790886, 0.48319328,
       0.45776032, 0.57605179, 0.59918201, 0.61607146, 0.73595506])]
real metric: [array([0.97601199, 0.94640523, 0.58823529, 0.55509066, 0.69345238,
       0.55677155, 0.72481203, 0.59232955, 0.16885007, 0.49496403]), array([0.96685879, 0.95159059, 0.62572254, 0.58686731, 0.66158114,
       0.55686854, 0.70623145, 0.60481586, 0.17672414, 0.48250729]), array([0.97058824, 0.94281729, 0.61174785, 0.61060606, 0.69186047,
       0.56827048, 0.69440655, 0.62572254, 0.17937853, 0.51233672]), array([0.97357992, 0.94306569, 0.59940653, 0.59705882, 0.69565217,
       0.57540264, 0.70985155, 0.63649025, 0.20298507, 0.48148148]), array([0.97881997, 0.95460993, 0.61721068, 0.58981612, 0.6776406 ,
       0.52428571, 0.69946809, 0.60141844, 0.15273775, 0.49479941])]

estim_algorithm = ts-atc-model, mode = classification, metric = sensitivity, confidence_scores = doctor-conf, class_specific = True
test err: [0.07482379615554224, 0.080572160562391, 0.08163167002540464, 0.07682463525682753, 0.08109771679313378]
estimated metric: [array([0.9427628 , 0.95566038, 0.70324575, 0.67172414, 0.65051396,
       0.44320299, 0.57192375, 0.49680172, 0.22900769, 0.48595507]), array([0.95384615, 0.96728016, 0.73826458, 0.68997362, 0.65384616,
       0.48473283, 0.54137932, 0.44906446, 0.31250005, 0.45738638]), array([0.95042254, 0.95922528, 0.69153516, 0.65174826, 0.63988096,
       0.45759718, 0.5676127 , 0.43788189, 0.31343289, 0.46486488]), array([0.95686275, 0.96230367, 0.67142858, 0.69827587, 0.67551623,
       0.4477612 , 0.56500803, 0.45386065, 0.27272732, 0.46742211]), array([0.94824708, 0.95714286, 0.70103093, 0.6769437 , 0.68907563,
       0.40471514, 0.56148868, 0.49488754, 0.3303572 , 0.44101125])]
real metric: [array([0.97601199, 0.94640523, 0.58823529, 0.55509066, 0.69345238,
       0.55677155, 0.72481203, 0.59232955, 0.16885007, 0.49496403]), array([0.96685879, 0.95159059, 0.62572254, 0.58686731, 0.66158114,
       0.55686854, 0.70623145, 0.60481586, 0.17672414, 0.48250729]), array([0.97058824, 0.94281729, 0.61174785, 0.61060606, 0.69186047,
       0.56827048, 0.69440655, 0.62572254, 0.17937853, 0.51233672]), array([0.97357992, 0.94306569, 0.59940653, 0.59705882, 0.69565217,
       0.57540264, 0.70985155, 0.63649025, 0.20298507, 0.48148148]), array([0.97881997, 0.95460993, 0.61721068, 0.58981612, 0.6776406 ,
       0.52428571, 0.69946809, 0.60141844, 0.15273775, 0.49479941])]

