estim_algorithm = ac-model, mode = classification, metric = f1score, confidence_scores = max_class_probability-conf, class_specific = False
test err: [0.2144270164531274, 0.21034444238108385, 0.21008628203259327, 0.20951285139382697, 0.2134995911519854]
estimated metric: [array([0.26250021, 0.31204454, 0.26757344, 0.26135941, 0.27603948,
       0.27767079, 0.28100822, 0.29361801, 0.28239673, 0.29032999]), array([0.26266656, 0.30923357, 0.26774867, 0.26207539, 0.27339185,
       0.2789763 , 0.28455296, 0.29117748, 0.28192176, 0.27763264]), array([0.26262854, 0.31387746, 0.26790256, 0.26245591, 0.2741174 ,
       0.27963417, 0.28677483, 0.29392441, 0.28586394, 0.29289195]), array([0.26201377, 0.31272172, 0.26683619, 0.26217298, 0.27475744,
       0.27951575, 0.27968313, 0.29417692, 0.29136584, 0.27752181]), array([0.26210026, 0.31376438, 0.26900439, 0.2619454 , 0.27622559,
       0.27759727, 0.28346259, 0.28814533, 0.28983485, 0.28336499])]
real metric: [array([0.51277955, 0.79155313, 0.56359649, 0.44566067, 0.6021329 ,
       0.4244898 , 0.45116279, 0.47767394, 0.27001195, 0.1956798 ]), array([0.52055921, 0.77548301, 0.54566608, 0.42651515, 0.52956752,
       0.4247619 , 0.47609359, 0.53061224, 0.28963795, 0.18134034]), array([0.54456654, 0.80428954, 0.57206704, 0.44977169, 0.55946399,
       0.39067055, 0.43076923, 0.50806452, 0.27770701, 0.21853389]), array([0.50742674, 0.79733333, 0.55086258, 0.43571978, 0.58090615,
       0.3774359 , 0.45121951, 0.50367261, 0.300123  , 0.16384915]), array([0.49734586, 0.7869281 , 0.54617117, 0.45415529, 0.58912134,
       0.40567067, 0.46853824, 0.48925281, 0.24650572, 0.19663648])]

estim_algorithm = ac-model, mode = classification, metric = f1score, confidence_scores = energy-conf, class_specific = False
test err: [0.25661789546658575, 0.2642810983137278, 0.2524929681320689, 0.26557864388761004, 0.2644661419911067]
estimated metric: [array([0.74879183, 0.55576058, 0.77814685, 0.73529843, 0.76239926,
       0.73856543, 0.73909199, 0.64334598, 0.59581839, 0.53211613]), array([0.74885231, 0.5641486 , 0.77777611, 0.7336148 , 0.77152172,
       0.73449301, 0.73693515, 0.66874521, 0.6043925 , 0.57989976]), array([0.74770874, 0.55197257, 0.78177123, 0.72837038, 0.76592863,
       0.7193817 , 0.73011989, 0.64883928, 0.58339232, 0.51871498]), array([0.74734118, 0.55752191, 0.77801409, 0.72977902, 0.76021167,
       0.73164032, 0.74866081, 0.64017435, 0.57620647, 0.57516255]), array([0.74851826, 0.55045956, 0.78010193, 0.72822242, 0.75970089,
       0.73484099, 0.74112781, 0.67441666, 0.57488224, 0.55977926])]
real metric: [array([0.51277955, 0.79155313, 0.56359649, 0.44566067, 0.6021329 ,
       0.4244898 , 0.45116279, 0.47767394, 0.27001195, 0.1956798 ]), array([0.52055921, 0.77548301, 0.54566608, 0.42651515, 0.52956752,
       0.4247619 , 0.47609359, 0.53061224, 0.28963795, 0.18134034]), array([0.54456654, 0.80428954, 0.57206704, 0.44977169, 0.55946399,
       0.39067055, 0.43076923, 0.50806452, 0.27770701, 0.21853389]), array([0.50742674, 0.79733333, 0.55086258, 0.43571978, 0.58090615,
       0.3774359 , 0.45121951, 0.50367261, 0.300123  , 0.16384915]), array([0.49734586, 0.7869281 , 0.54617117, 0.45415529, 0.58912134,
       0.40567067, 0.46853824, 0.48925281, 0.24650572, 0.19663648])]

estim_algorithm = ac-model, mode = classification, metric = f1score, confidence_scores = entropy-conf, class_specific = False
test err: [0.4494784036287129, 0.44645429443987983, 0.4512966075032603, 0.4429251554000372, 0.4439712051051635]
estimated metric: [array([0.01522128, 0.03470567, 0.01909037, 0.01824778, 0.0238123 ,
       0.02411954, 0.02577147, 0.02796637, 0.02407484, 0.02694736]), array([0.01526911, 0.03370078, 0.01907028, 0.01844153, 0.02346049,
       0.02417243, 0.02701237, 0.02734048, 0.02368984, 0.02353676]), array([0.01521207, 0.03530398, 0.0191439 , 0.0183677 , 0.02356941,
       0.02378446, 0.02715248, 0.02802217, 0.02472187, 0.02765988]), array([0.01508022, 0.03500733, 0.01894752, 0.01834151, 0.02374766,
       0.02447215, 0.02544916, 0.02811869, 0.02620834, 0.02392463]), array([0.01521447, 0.03508403, 0.01931839, 0.01826367, 0.0240906 ,
       0.02369839, 0.02645332, 0.02670159, 0.02632955, 0.02545963])]
real metric: [array([0.51277955, 0.79155313, 0.56359649, 0.44566067, 0.6021329 ,
       0.4244898 , 0.45116279, 0.47767394, 0.27001195, 0.1956798 ]), array([0.52055921, 0.77548301, 0.54566608, 0.42651515, 0.52956752,
       0.4247619 , 0.47609359, 0.53061224, 0.28963795, 0.18134034]), array([0.54456654, 0.80428954, 0.57206704, 0.44977169, 0.55946399,
       0.39067055, 0.43076923, 0.50806452, 0.27770701, 0.21853389]), array([0.50742674, 0.79733333, 0.55086258, 0.43571978, 0.58090615,
       0.3774359 , 0.45121951, 0.50367261, 0.300123  , 0.16384915]), array([0.49734586, 0.7869281 , 0.54617117, 0.45415529, 0.58912134,
       0.40567067, 0.46853824, 0.48925281, 0.24650572, 0.19663648])]

estim_algorithm = ac-model, mode = classification, metric = f1score, confidence_scores = doctor-conf, class_specific = False
test err: [0.15159813785189338, 0.12699348157283982, 0.1570242273929844, 0.1482123271854727, 0.14635990404281868]
estimated metric: [array([0.32708654, 0.70924791, 0.40848181, 0.37944133, 0.49892228,
       0.50880474, 0.5418872 , 0.59427445, 0.52333136, 0.57415902]), array([0.32859919, 0.69327573, 0.40812233, 0.38381354, 0.48966526,
       0.51091118, 0.56567456, 0.58106767, 0.51603474, 0.50437777]), array([0.32744819, 0.71853023, 0.40948149, 0.38279363, 0.49277425,
       0.50614132, 0.57082328, 0.59470532, 0.53630203, 0.58888449]), array([0.32400063, 0.7138042 , 0.40516709, 0.38198692, 0.4960015 ,
       0.51673168, 0.53531553, 0.59702557, 0.56586646, 0.51219596]), array([0.326778  , 0.71544097, 0.41414777, 0.38052749, 0.50345826,
       0.50230205, 0.55560638, 0.56722983, 0.56791242, 0.543783  ])]
real metric: [array([0.51277955, 0.79155313, 0.56359649, 0.44566067, 0.6021329 ,
       0.4244898 , 0.45116279, 0.47767394, 0.27001195, 0.1956798 ]), array([0.52055921, 0.77548301, 0.54566608, 0.42651515, 0.52956752,
       0.4247619 , 0.47609359, 0.53061224, 0.28963795, 0.18134034]), array([0.54456654, 0.80428954, 0.57206704, 0.44977169, 0.55946399,
       0.39067055, 0.43076923, 0.50806452, 0.27770701, 0.21853389]), array([0.50742674, 0.79733333, 0.55086258, 0.43571978, 0.58090615,
       0.3774359 , 0.45121951, 0.50367261, 0.300123  , 0.16384915]), array([0.49734586, 0.7869281 , 0.54617117, 0.45415529, 0.58912134,
       0.40567067, 0.46853824, 0.48925281, 0.24650572, 0.19663648])]

estim_algorithm = ts-model, mode = classification, metric = f1score, confidence_scores = max_class_probability-conf, class_specific = False
test err: [0.3204171046875543, 0.3185205874284096, 0.3256749853286905, 0.32534198233283207, 0.3264437015531383]
estimated metric: [array([0.74799046, 0.88345626, 0.75764269, 0.72724315, 0.78432704,
       0.78727854, 0.78747529, 0.84064446, 0.79224215, 0.83061201]), array([0.7487123 , 0.87640767, 0.75943567, 0.73117375, 0.76931382,
       0.79645271, 0.80129499, 0.83254399, 0.79383193, 0.77627605]), array([0.74886006, 0.88912307, 0.76026343, 0.73491692, 0.77303259,
       0.80174292, 0.81128153, 0.84339021, 0.81345399, 0.83658913]), array([0.74500601, 0.88470081, 0.75367496, 0.73266783, 0.77660313,
       0.79684765, 0.78152611, 0.84346565, 0.83662274, 0.77085369]), array([0.74500846, 0.89118137, 0.76640203, 0.73126784, 0.78359925,
       0.78926245, 0.7994608 , 0.82086163, 0.82187378, 0.79584508])]
real metric: [array([0.51277955, 0.79155313, 0.56359649, 0.44566067, 0.6021329 ,
       0.4244898 , 0.45116279, 0.47767394, 0.27001195, 0.1956798 ]), array([0.52055921, 0.77548301, 0.54566608, 0.42651515, 0.52956752,
       0.4247619 , 0.47609359, 0.53061224, 0.28963795, 0.18134034]), array([0.54456654, 0.80428954, 0.57206704, 0.44977169, 0.55946399,
       0.39067055, 0.43076923, 0.50806452, 0.27770701, 0.21853389]), array([0.50742674, 0.79733333, 0.55086258, 0.43571978, 0.58090615,
       0.3774359 , 0.45121951, 0.50367261, 0.300123  , 0.16384915]), array([0.49734586, 0.7869281 , 0.54617117, 0.45415529, 0.58912134,
       0.40567067, 0.46853824, 0.48925281, 0.24650572, 0.19663648])]

estim_algorithm = ts-model, mode = classification, metric = f1score, confidence_scores = max_class_probability-conf, class_specific = True
test err: [0.19748137186714834, 0.1939860884788523, 0.20340979402095422, 0.20297170092969682, 0.20123430460587666]
estimated metric: [array([0.61853591, 0.76411698, 0.71691116, 0.62856483, 0.73922266,
       0.65547789, 0.70025857, 0.70404983, 0.53848292, 0.58906168]), array([0.61961369, 0.75482543, 0.71854849, 0.63218031, 0.72400274,
       0.66271073, 0.71601792, 0.69378357, 0.53715496, 0.53994489]), array([0.61991662, 0.77054897, 0.71922513, 0.63532949, 0.72824513,
       0.66793123, 0.72593881, 0.70536559, 0.55052516, 0.59949466]), array([0.61624277, 0.76586873, 0.71318236, 0.63332031, 0.73142192,
       0.66439888, 0.6942733 , 0.70663731, 0.56974727, 0.54024372]), array([0.61642566, 0.77103785, 0.72537609, 0.63218676, 0.73855526,
       0.65722742, 0.71262656, 0.68068941, 0.56476084, 0.56200236])]
real metric: [array([0.51277955, 0.79155313, 0.56359649, 0.44566067, 0.6021329 ,
       0.4244898 , 0.45116279, 0.47767394, 0.27001195, 0.1956798 ]), array([0.52055921, 0.77548301, 0.54566608, 0.42651515, 0.52956752,
       0.4247619 , 0.47609359, 0.53061224, 0.28963795, 0.18134034]), array([0.54456654, 0.80428954, 0.57206704, 0.44977169, 0.55946399,
       0.39067055, 0.43076923, 0.50806452, 0.27770701, 0.21853389]), array([0.50742674, 0.79733333, 0.55086258, 0.43571978, 0.58090615,
       0.3774359 , 0.45121951, 0.50367261, 0.300123  , 0.16384915]), array([0.49734586, 0.7869281 , 0.54617117, 0.45415529, 0.58912134,
       0.40567067, 0.46853824, 0.48925281, 0.24650572, 0.19663648])]

estim_algorithm = ts-model, mode = classification, metric = f1score, confidence_scores = energy-conf, class_specific = False
test err: [0.3849530539371126, 0.3907193414107651, 0.38213636202123435, 0.39374836746696595, 0.39206236824933655]
estimated metric: [array([0.90329698, 0.75749592, 0.92061113, 0.88913233, 0.91048535,
       0.89175557, 0.89453071, 0.81994467, 0.78815892, 0.74074555]), array([0.90344789, 0.76380306, 0.91917186, 0.88848011, 0.91678346,
       0.88958137, 0.89221678, 0.83963806, 0.7945822 , 0.77636573]), array([0.90272805, 0.75464556, 0.92272564, 0.88413283, 0.91205244,
       0.87969835, 0.88738023, 0.8249259 , 0.7788601 , 0.73083056]), array([0.90256265, 0.75877866, 0.91968467, 0.88575436, 0.90931458,
       0.88689935, 0.90119316, 0.81852188, 0.77339677, 0.772817  ]), array([0.90299768, 0.75354629, 0.92089302, 0.88458572, 0.90833237,
       0.88991315, 0.89617168, 0.84405342, 0.77240375, 0.76128865])]
real metric: [array([0.51277955, 0.79155313, 0.56359649, 0.44566067, 0.6021329 ,
       0.4244898 , 0.45116279, 0.47767394, 0.27001195, 0.1956798 ]), array([0.52055921, 0.77548301, 0.54566608, 0.42651515, 0.52956752,
       0.4247619 , 0.47609359, 0.53061224, 0.28963795, 0.18134034]), array([0.54456654, 0.80428954, 0.57206704, 0.44977169, 0.55946399,
       0.39067055, 0.43076923, 0.50806452, 0.27770701, 0.21853389]), array([0.50742674, 0.79733333, 0.55086258, 0.43571978, 0.58090615,
       0.3774359 , 0.45121951, 0.50367261, 0.300123  , 0.16384915]), array([0.49734586, 0.7869281 , 0.54617117, 0.45415529, 0.58912134,
       0.40567067, 0.46853824, 0.48925281, 0.24650572, 0.19663648])]

estim_algorithm = ts-model, mode = classification, metric = f1score, confidence_scores = energy-conf, class_specific = True
test err: [0.29492368265526164, 0.3050650269754776, 0.28821811302517036, 0.3019581037511778, 0.3016470858552181]
estimated metric: [array([0.63698313, 0.86766319, 0.78827439, 0.63256564, 0.86751827,
       0.76773134, 0.87371134, 0.81513897, 0.68070823, 0.75368333]), array([0.63705794, 0.87307705, 0.78789812, 0.63060809, 0.87496724,
       0.76384458, 0.87158154, 0.83495179, 0.68829534, 0.78860561]), array([0.63569716, 0.865533  , 0.79182271, 0.62448503, 0.87045096,
       0.74943599, 0.86678578, 0.82018905, 0.66971815, 0.74396731]), array([0.63525251, 0.8687832 , 0.78814455, 0.62611599, 0.86571014,
       0.76111837, 0.88102677, 0.81353202, 0.66332092, 0.78512532]), array([0.63665803, 0.864971  , 0.79018742, 0.62429023, 0.86531177,
       0.76418362, 0.87580639, 0.83942046, 0.66214876, 0.77381884])]
real metric: [array([0.51277955, 0.79155313, 0.56359649, 0.44566067, 0.6021329 ,
       0.4244898 , 0.45116279, 0.47767394, 0.27001195, 0.1956798 ]), array([0.52055921, 0.77548301, 0.54566608, 0.42651515, 0.52956752,
       0.4247619 , 0.47609359, 0.53061224, 0.28963795, 0.18134034]), array([0.54456654, 0.80428954, 0.57206704, 0.44977169, 0.55946399,
       0.39067055, 0.43076923, 0.50806452, 0.27770701, 0.21853389]), array([0.50742674, 0.79733333, 0.55086258, 0.43571978, 0.58090615,
       0.3774359 , 0.45121951, 0.50367261, 0.300123  , 0.16384915]), array([0.49734586, 0.7869281 , 0.54617117, 0.45415529, 0.58912134,
       0.40567067, 0.46853824, 0.48925281, 0.24650572, 0.19663648])]

estim_algorithm = ts-model, mode = classification, metric = f1score, confidence_scores = entropy-conf, class_specific = False
test err: [0.3134432466265693, 0.3109214177248739, 0.3185361116732466, 0.318330719882692, 0.319886016118157]
estimated metric: [array([0.72530188, 0.88707229, 0.74593399, 0.70209969, 0.77632202,
       0.78946541, 0.78102536, 0.84088379, 0.78851311, 0.83255594]), array([0.72693623, 0.88010439, 0.7470244 , 0.70739007, 0.75969127,
       0.79835919, 0.79686671, 0.83056236, 0.78984142, 0.77267516]), array([0.72638257, 0.89253547, 0.74720337, 0.71090734, 0.76297584,
       0.80268552, 0.8076296 , 0.84319324, 0.81162329, 0.83612886]), array([0.7219712 , 0.88902287, 0.7402219 , 0.70852079, 0.76714976,
       0.7994897 , 0.77506006, 0.8435583 , 0.83879682, 0.76806455]), array([0.72231399, 0.89518486, 0.75590196, 0.7072894 , 0.77550489,
       0.79050074, 0.79482505, 0.81850553, 0.82147118, 0.79768823])]
real metric: [array([0.51277955, 0.79155313, 0.56359649, 0.44566067, 0.6021329 ,
       0.4244898 , 0.45116279, 0.47767394, 0.27001195, 0.1956798 ]), array([0.52055921, 0.77548301, 0.54566608, 0.42651515, 0.52956752,
       0.4247619 , 0.47609359, 0.53061224, 0.28963795, 0.18134034]), array([0.54456654, 0.80428954, 0.57206704, 0.44977169, 0.55946399,
       0.39067055, 0.43076923, 0.50806452, 0.27770701, 0.21853389]), array([0.50742674, 0.79733333, 0.55086258, 0.43571978, 0.58090615,
       0.3774359 , 0.45121951, 0.50367261, 0.300123  , 0.16384915]), array([0.49734586, 0.7869281 , 0.54617117, 0.45415529, 0.58912134,
       0.40567067, 0.46853824, 0.48925281, 0.24650572, 0.19663648])]

estim_algorithm = ts-model, mode = classification, metric = f1score, confidence_scores = entropy-conf, class_specific = True
test err: [0.18086659426093382, 0.17521401685698898, 0.18774248272377583, 0.18574394098122893, 0.18506806876217527]
estimated metric: [array([0.58906387, 0.74999682, 0.70789495, 0.61663946, 0.72296453,
       0.64770657, 0.67585185, 0.69369034, 0.49879092, 0.557695  ]), array([0.59137252, 0.73885067, 0.70890347, 0.62187205, 0.70536099,
       0.65533112, 0.69656049, 0.67882532, 0.49511741, 0.48691844]), array([0.5912406 , 0.75733421, 0.70896988, 0.62502396, 0.70979156,
       0.66017332, 0.70713801, 0.69439453, 0.51314355, 0.57220854]), array([0.58626006, 0.7525038 , 0.70244087, 0.62269077, 0.71346863,
       0.65869137, 0.66912193, 0.69665517, 0.54283093, 0.49166557]), array([0.58711437, 0.75762944, 0.71781162, 0.62163104, 0.72236671,
       0.64861446, 0.69175839, 0.66308459, 0.53845979, 0.52393863])]
real metric: [array([0.51277955, 0.79155313, 0.56359649, 0.44566067, 0.6021329 ,
       0.4244898 , 0.45116279, 0.47767394, 0.27001195, 0.1956798 ]), array([0.52055921, 0.77548301, 0.54566608, 0.42651515, 0.52956752,
       0.4247619 , 0.47609359, 0.53061224, 0.28963795, 0.18134034]), array([0.54456654, 0.80428954, 0.57206704, 0.44977169, 0.55946399,
       0.39067055, 0.43076923, 0.50806452, 0.27770701, 0.21853389]), array([0.50742674, 0.79733333, 0.55086258, 0.43571978, 0.58090615,
       0.3774359 , 0.45121951, 0.50367261, 0.300123  , 0.16384915]), array([0.49734586, 0.7869281 , 0.54617117, 0.45415529, 0.58912134,
       0.40567067, 0.46853824, 0.48925281, 0.24650572, 0.19663648])]

estim_algorithm = ts-model, mode = classification, metric = f1score, confidence_scores = doctor-conf, class_specific = False
test err: [0.31783864565182984, 0.31421698822472943, 0.3212295149217648, 0.3238937279313861, 0.32527606549542787]
estimated metric: [array([0.61637672, 0.91167748, 0.71296877, 0.66409784, 0.81548665,
       0.83148085, 0.82753273, 0.87733542, 0.79398287, 0.86218813]), array([0.61875733, 0.90528155, 0.71260648, 0.66990458, 0.80201345,
       0.83517554, 0.84947922, 0.86498019, 0.7900904 , 0.79411814]), array([0.6176218 , 0.91651256, 0.71402905, 0.6693517 , 0.80663783,
       0.83238547, 0.85089921, 0.88056717, 0.81301285, 0.86718149]), array([0.61252785, 0.91340619, 0.70850256, 0.66803711, 0.81002488,
       0.84201465, 0.81972543, 0.88042284, 0.85405393, 0.7987706 ]), array([0.61580168, 0.91780998, 0.72097636, 0.66636517, 0.8196153 ,
       0.82561838, 0.84308157, 0.8571528 , 0.83624829, 0.83041681])]
real metric: [array([0.51277955, 0.79155313, 0.56359649, 0.44566067, 0.6021329 ,
       0.4244898 , 0.45116279, 0.47767394, 0.27001195, 0.1956798 ]), array([0.52055921, 0.77548301, 0.54566608, 0.42651515, 0.52956752,
       0.4247619 , 0.47609359, 0.53061224, 0.28963795, 0.18134034]), array([0.54456654, 0.80428954, 0.57206704, 0.44977169, 0.55946399,
       0.39067055, 0.43076923, 0.50806452, 0.27770701, 0.21853389]), array([0.50742674, 0.79733333, 0.55086258, 0.43571978, 0.58090615,
       0.3774359 , 0.45121951, 0.50367261, 0.300123  , 0.16384915]), array([0.49734586, 0.7869281 , 0.54617117, 0.45415529, 0.58912134,
       0.40567067, 0.46853824, 0.48925281, 0.24650572, 0.19663648])]

estim_algorithm = ts-model, mode = classification, metric = f1score, confidence_scores = doctor-conf, class_specific = True
test err: [0.18519198261182507, 0.18044912563763485, 0.1904435232201293, 0.19014733483966367, 0.1897022615571347]
estimated metric: [array([0.55954809, 0.71213406, 0.72182157, 0.60649762, 0.73756159,
       0.6877834 , 0.66588374, 0.70717234, 0.481494  , 0.5479263 ]), array([0.56177651, 0.69614386, 0.72146232, 0.61208774, 0.72484174,
       0.69078786, 0.69191206, 0.69252414, 0.47450768, 0.48000606]), array([0.56061985, 0.72142814, 0.72287902, 0.61140074, 0.72925006,
       0.68692992, 0.69845646, 0.70748638, 0.4939258 , 0.56224006]), array([0.55578766, 0.71669999, 0.7173323 , 0.61018451, 0.73284132,
       0.69736161, 0.65853895, 0.71011737, 0.5222602 , 0.48763153]), array([0.55903061, 0.71833068, 0.72988049, 0.60852701, 0.74214353,
       0.68139686, 0.68109997, 0.67709978, 0.52427293, 0.51837157])]
real metric: [array([0.51277955, 0.79155313, 0.56359649, 0.44566067, 0.6021329 ,
       0.4244898 , 0.45116279, 0.47767394, 0.27001195, 0.1956798 ]), array([0.52055921, 0.77548301, 0.54566608, 0.42651515, 0.52956752,
       0.4247619 , 0.47609359, 0.53061224, 0.28963795, 0.18134034]), array([0.54456654, 0.80428954, 0.57206704, 0.44977169, 0.55946399,
       0.39067055, 0.43076923, 0.50806452, 0.27770701, 0.21853389]), array([0.50742674, 0.79733333, 0.55086258, 0.43571978, 0.58090615,
       0.3774359 , 0.45121951, 0.50367261, 0.300123  , 0.16384915]), array([0.49734586, 0.7869281 , 0.54617117, 0.45415529, 0.58912134,
       0.40567067, 0.46853824, 0.48925281, 0.24650572, 0.19663648])]

estim_algorithm = doc-model, mode = classification, metric = f1score, confidence_scores = max_class_probability-conf, class_specific = False
test err: [0.363496831365936, 0.36625080570284474, 0.3620928270058211, 0.3699441942120412, 0.36897937573182266]
estimated metric: [array([0.82876658, 0.85149065, 0.83107404, 0.82824831, 0.83493447,
       0.83567974, 0.83720589, 0.84298949, 0.83784139, 0.84147874]), array([0.82884217, 0.85018997, 0.83115382, 0.82857356, 0.83372586,
       0.83627651, 0.83882894, 0.84186797, 0.83762397, 0.83566229]), array([0.82882489, 0.85233953, 0.8312239 , 0.82874645, 0.83405695,
       0.83657733, 0.83984739, 0.84313037, 0.83942975, 0.84265572]), array([0.82854556, 0.8518042 , 0.83073845, 0.8286179 , 0.83434909,
       0.83652317, 0.83659972, 0.84324648, 0.84195449, 0.83561164]), array([0.82858486, 0.85228714, 0.83172569, 0.8285145 , 0.83501948,
       0.83564614, 0.83832946, 0.84047602, 0.84125141, 0.83828475])]
real metric: [array([0.51277955, 0.79155313, 0.56359649, 0.44566067, 0.6021329 ,
       0.4244898 , 0.45116279, 0.47767394, 0.27001195, 0.1956798 ]), array([0.52055921, 0.77548301, 0.54566608, 0.42651515, 0.52956752,
       0.4247619 , 0.47609359, 0.53061224, 0.28963795, 0.18134034]), array([0.54456654, 0.80428954, 0.57206704, 0.44977169, 0.55946399,
       0.39067055, 0.43076923, 0.50806452, 0.27770701, 0.21853389]), array([0.50742674, 0.79733333, 0.55086258, 0.43571978, 0.58090615,
       0.3774359 , 0.45121951, 0.50367261, 0.300123  , 0.16384915]), array([0.49734586, 0.7869281 , 0.54617117, 0.45415529, 0.58912134,
       0.40567067, 0.46853824, 0.48925281, 0.24650572, 0.19663648])]

estim_algorithm = doc-model, mode = classification, metric = f1score, confidence_scores = max_class_probability-conf, class_specific = True
test err: [0.2452353597940101, 0.24777001367961335, 0.24401136678973034, 0.2516745501110075, 0.25073153009796034]
estimated metric: [array([0.66901061, 0.80876971, 0.76595714, 0.64681602, 0.8107345 ,
       0.70004526, 0.7978319 , 0.74112873, 0.60107262, 0.64572812]), array([0.66910823, 0.8073704 , 0.76604606, 0.64724976, 0.80947513,
       0.70078911, 0.79956665, 0.73980094, 0.60075757, 0.6377733 ]), array([0.66908592, 0.80968288, 0.76612415, 0.64748032, 0.80982013,
       0.70116406, 0.8006551 , 0.7412955 , 0.60337347, 0.64733615]), array([0.66872518, 0.80910702, 0.76558311, 0.64730889, 0.81012454,
       0.70109655, 0.79718397, 0.74143295, 0.60702808, 0.63770397]), array([0.66877593, 0.80962652, 0.76668338, 0.64717101, 0.81082307,
       0.70000338, 0.79903281, 0.73815265, 0.60601068, 0.64136154])]
real metric: [array([0.51277955, 0.79155313, 0.56359649, 0.44566067, 0.6021329 ,
       0.4244898 , 0.45116279, 0.47767394, 0.27001195, 0.1956798 ]), array([0.52055921, 0.77548301, 0.54566608, 0.42651515, 0.52956752,
       0.4247619 , 0.47609359, 0.53061224, 0.28963795, 0.18134034]), array([0.54456654, 0.80428954, 0.57206704, 0.44977169, 0.55946399,
       0.39067055, 0.43076923, 0.50806452, 0.27770701, 0.21853389]), array([0.50742674, 0.79733333, 0.55086258, 0.43571978, 0.58090615,
       0.3774359 , 0.45121951, 0.50367261, 0.300123  , 0.16384915]), array([0.49734586, 0.7869281 , 0.54617117, 0.45415529, 0.58912134,
       0.40567067, 0.46853824, 0.48925281, 0.24650572, 0.19663648])]

estim_algorithm = doc-model, mode = classification, metric = f1score, confidence_scores = energy-conf, class_specific = False
test err: [0.3846550938759118, 0.3904024015344617, 0.38185137784719786, 0.39343392083652434, 0.3917609302026836]
estimated metric: [array([0.90251667, 0.75816691, 0.92017381, 0.88857816, 0.91031739,
       0.89159511, 0.89446103, 0.82007736, 0.78790317, 0.74072989]), array([0.9026738 , 0.76437787, 0.91873777, 0.88793134, 0.9166044 ,
       0.88941029, 0.89224791, 0.83970989, 0.79429728, 0.7760602 ]), array([0.90193832, 0.7553716 , 0.92230366, 0.88357859, 0.91187713,
       0.87949109, 0.88741782, 0.8250683 , 0.77865541, 0.73087996]), array([0.90177092, 0.75947365, 0.91924474, 0.88520226, 0.90912379,
       0.88673977, 0.90111619, 0.81863663, 0.77331774, 0.77254293]), array([0.90221988, 0.75425396, 0.92047876, 0.88401833, 0.90818653,
       0.88971012, 0.8961612 , 0.84407945, 0.77233491, 0.76114353])]
real metric: [array([0.51277955, 0.79155313, 0.56359649, 0.44566067, 0.6021329 ,
       0.4244898 , 0.45116279, 0.47767394, 0.27001195, 0.1956798 ]), array([0.52055921, 0.77548301, 0.54566608, 0.42651515, 0.52956752,
       0.4247619 , 0.47609359, 0.53061224, 0.28963795, 0.18134034]), array([0.54456654, 0.80428954, 0.57206704, 0.44977169, 0.55946399,
       0.39067055, 0.43076923, 0.50806452, 0.27770701, 0.21853389]), array([0.50742674, 0.79733333, 0.55086258, 0.43571978, 0.58090615,
       0.3774359 , 0.45121951, 0.50367261, 0.300123  , 0.16384915]), array([0.49734586, 0.7869281 , 0.54617117, 0.45415529, 0.58912134,
       0.40567067, 0.46853824, 0.48925281, 0.24650572, 0.19663648])]

estim_algorithm = doc-model, mode = classification, metric = f1score, confidence_scores = energy-conf, class_specific = True
test err: [0.29471792657225376, 0.3048221098209968, 0.2880383354792747, 0.3017406993116949, 0.3014340490168558]
estimated metric: [array([0.63722506, 0.86681001, 0.78826863, 0.63265942, 0.86739799,
       0.76773435, 0.87327331, 0.81507007, 0.68039585, 0.75308559]), array([0.6372968 , 0.87211912, 0.78789228, 0.63069122, 0.87483594,
       0.76384838, 0.87123795, 0.83482992, 0.68797098, 0.78773553]), array([0.6359401 , 0.86476236, 0.79181725, 0.62457275, 0.8703248 ,
       0.74943399, 0.86644502, 0.82013488, 0.66942746, 0.74342875]), array([0.63550399, 0.86798114, 0.78813805, 0.62620549, 0.86558457,
       0.76112664, 0.88059304, 0.8134478 , 0.6630899 , 0.78428514]), array([0.63690051, 0.86411913, 0.79018284, 0.62438452, 0.86520348,
       0.76418041, 0.87540838, 0.83926069, 0.66192242, 0.77310379])]
real metric: [array([0.51277955, 0.79155313, 0.56359649, 0.44566067, 0.6021329 ,
       0.4244898 , 0.45116279, 0.47767394, 0.27001195, 0.1956798 ]), array([0.52055921, 0.77548301, 0.54566608, 0.42651515, 0.52956752,
       0.4247619 , 0.47609359, 0.53061224, 0.28963795, 0.18134034]), array([0.54456654, 0.80428954, 0.57206704, 0.44977169, 0.55946399,
       0.39067055, 0.43076923, 0.50806452, 0.27770701, 0.21853389]), array([0.50742674, 0.79733333, 0.55086258, 0.43571978, 0.58090615,
       0.3774359 , 0.45121951, 0.50367261, 0.300123  , 0.16384915]), array([0.49734586, 0.7869281 , 0.54617117, 0.45415529, 0.58912134,
       0.40567067, 0.46853824, 0.48925281, 0.24650572, 0.19663648])]

estim_algorithm = doc-model, mode = classification, metric = f1score, confidence_scores = entropy-conf, class_specific = False
test err: [0.36761293873509676, 0.3709164878499512, 0.3655993515402207, 0.37420951225343557, 0.3730770549538966]
estimated metric: [array([0.83807241, 0.8447773 , 0.83939947, 0.83911029, 0.84102197,
       0.84112765, 0.8416961 , 0.842452  , 0.84111226, 0.84210095]), array([0.8380888 , 0.84443016, 0.83939258, 0.83917678, 0.84090098,
       0.84114584, 0.84212336, 0.84223638, 0.84097984, 0.84092718]), array([0.83806925, 0.84498405, 0.83941785, 0.83915144, 0.84093843,
       0.84101239, 0.84217162, 0.84247123, 0.84133486, 0.84234639]), array([0.83802406, 0.84488153, 0.83935044, 0.83914245, 0.84099974,
       0.84124895, 0.84158516, 0.84250448, 0.84184649, 0.84106058]), array([0.83807007, 0.84490804, 0.83947775, 0.83911574, 0.8411177 ,
       0.84098279, 0.84193084, 0.84201634, 0.84188821, 0.84158874])]
real metric: [array([0.51277955, 0.79155313, 0.56359649, 0.44566067, 0.6021329 ,
       0.4244898 , 0.45116279, 0.47767394, 0.27001195, 0.1956798 ]), array([0.52055921, 0.77548301, 0.54566608, 0.42651515, 0.52956752,
       0.4247619 , 0.47609359, 0.53061224, 0.28963795, 0.18134034]), array([0.54456654, 0.80428954, 0.57206704, 0.44977169, 0.55946399,
       0.39067055, 0.43076923, 0.50806452, 0.27770701, 0.21853389]), array([0.50742674, 0.79733333, 0.55086258, 0.43571978, 0.58090615,
       0.3774359 , 0.45121951, 0.50367261, 0.300123  , 0.16384915]), array([0.49734586, 0.7869281 , 0.54617117, 0.45415529, 0.58912134,
       0.40567067, 0.46853824, 0.48925281, 0.24650572, 0.19663648])]

estim_algorithm = doc-model, mode = classification, metric = f1score, confidence_scores = entropy-conf, class_specific = True
test err: [0.25184600648450034, 0.2551025013385747, 0.2498531778578239, 0.25844086766118446, 0.25731818536252193]
estimated metric: [array([0.67450984, 0.81518341, 0.77017678, 0.64870029, 0.8174559 ,
       0.7050373 , 0.80846225, 0.74582994, 0.61264605, 0.65519931]), array([0.67453118, 0.81481826, 0.77016903, 0.64879037, 0.81732994,
       0.70506002, 0.80891438, 0.74557682, 0.61245627, 0.65361576]), array([0.67450573, 0.8154009 , 0.77019741, 0.64875605, 0.81736893,
       0.70489338, 0.80896545, 0.74585251, 0.61296506, 0.65553035]), array([0.67444693, 0.81529306, 0.77012172, 0.64874387, 0.81743276,
       0.70518877, 0.80834485, 0.74589155, 0.61369818, 0.65379576]), array([0.67450681, 0.81532094, 0.77026467, 0.64870767, 0.81755556,
       0.70485642, 0.80871066, 0.7453185 , 0.61375796, 0.65450834])]
real metric: [array([0.51277955, 0.79155313, 0.56359649, 0.44566067, 0.6021329 ,
       0.4244898 , 0.45116279, 0.47767394, 0.27001195, 0.1956798 ]), array([0.52055921, 0.77548301, 0.54566608, 0.42651515, 0.52956752,
       0.4247619 , 0.47609359, 0.53061224, 0.28963795, 0.18134034]), array([0.54456654, 0.80428954, 0.57206704, 0.44977169, 0.55946399,
       0.39067055, 0.43076923, 0.50806452, 0.27770701, 0.21853389]), array([0.50742674, 0.79733333, 0.55086258, 0.43571978, 0.58090615,
       0.3774359 , 0.45121951, 0.50367261, 0.300123  , 0.16384915]), array([0.49734586, 0.7869281 , 0.54617117, 0.45415529, 0.58912134,
       0.40567067, 0.46853824, 0.48925281, 0.24650572, 0.19663648])]

estim_algorithm = doc-model, mode = classification, metric = f1score, confidence_scores = doctor-conf, class_specific = False
test err: [0.3398731725653943, 0.33854298788012593, 0.3413890048550262, 0.3454093811918012, 0.34576615525456444]
estimated metric: [array([0.70737277, 0.91125919, 0.75651207, 0.73885437, 0.81241742,
       0.8186116 , 0.83851344, 0.87261566, 0.82091176, 0.85640446]), array([0.70827606, 0.90482501, 0.75629263, 0.74150385, 0.80663069,
       0.8199341 , 0.85384016, 0.86409198, 0.81672337, 0.81354904]), array([0.7075887 , 0.91523159, 0.75712242, 0.74088552, 0.80857252,
       0.81694053, 0.85638718, 0.87286859, 0.82870099, 0.865496  ]), array([0.70553115, 0.91181171, 0.75448947, 0.74039657, 0.81058998,
       0.82359243, 0.83436107, 0.87419366, 0.84994038, 0.81773616]), array([0.70718857, 0.91375726, 0.75997363, 0.73951227, 0.81525839,
       0.8145339 , 0.84726184, 0.85540031, 0.84572386, 0.83937719])]
real metric: [array([0.51277955, 0.79155313, 0.56359649, 0.44566067, 0.6021329 ,
       0.4244898 , 0.45116279, 0.47767394, 0.27001195, 0.1956798 ]), array([0.52055921, 0.77548301, 0.54566608, 0.42651515, 0.52956752,
       0.4247619 , 0.47609359, 0.53061224, 0.28963795, 0.18134034]), array([0.54456654, 0.80428954, 0.57206704, 0.44977169, 0.55946399,
       0.39067055, 0.43076923, 0.50806452, 0.27770701, 0.21853389]), array([0.50742674, 0.79733333, 0.55086258, 0.43571978, 0.58090615,
       0.3774359 , 0.45121951, 0.50367261, 0.300123  , 0.16384915]), array([0.49734586, 0.7869281 , 0.54617117, 0.45415529, 0.58912134,
       0.40567067, 0.46853824, 0.48925281, 0.24650572, 0.19663648])]

estim_algorithm = doc-model, mode = classification, metric = f1score, confidence_scores = doctor-conf, class_specific = True
test err: [0.20305681722159186, 0.19749828516725473, 0.2075016238583139, 0.2083073190688204, 0.20757779228527884]
estimated metric: [array([0.61309097, 0.71278068, 0.75086942, 0.62421364, 0.77764036,
       0.6982169 , 0.70680241, 0.71738111, 0.46618187, 0.54058693]), array([0.61413078, 0.69689875, 0.75064798, 0.6273661 , 0.77150888,
       0.6998225 , 0.72554786, 0.70639525, 0.45851506, 0.46721819]), array([0.61333954, 0.72201124, 0.75148532, 0.6266305 , 0.77356658,
       0.69618759, 0.72961439, 0.71773983, 0.47993675, 0.55585189]), array([0.61097067, 0.71731444, 0.74882841, 0.62604876, 0.77570423,
       0.70426205, 0.70163584, 0.71967186, 0.51159117, 0.47555674]), array([0.61287891, 0.71893436, 0.75436242, 0.62499655, 0.78064995,
       0.69326399, 0.71760525, 0.69490382, 0.51394209, 0.50857877])]
real metric: [array([0.51277955, 0.79155313, 0.56359649, 0.44566067, 0.6021329 ,
       0.4244898 , 0.45116279, 0.47767394, 0.27001195, 0.1956798 ]), array([0.52055921, 0.77548301, 0.54566608, 0.42651515, 0.52956752,
       0.4247619 , 0.47609359, 0.53061224, 0.28963795, 0.18134034]), array([0.54456654, 0.80428954, 0.57206704, 0.44977169, 0.55946399,
       0.39067055, 0.43076923, 0.50806452, 0.27770701, 0.21853389]), array([0.50742674, 0.79733333, 0.55086258, 0.43571978, 0.58090615,
       0.3774359 , 0.45121951, 0.50367261, 0.300123  , 0.16384915]), array([0.49734586, 0.7869281 , 0.54617117, 0.45415529, 0.58912134,
       0.40567067, 0.46853824, 0.48925281, 0.24650572, 0.19663648])]

estim_algorithm = atc-model, mode = classification, metric = f1score, confidence_scores = max_class_probability-conf, class_specific = False
test err: [0.25554895010501333, 0.24248532390120445, 0.2603947303902017, 0.2454820906109064, 0.2596457938792429]
estimated metric: [array([0.55648703, 0.88150289, 0.66993264, 0.56538462, 0.75180723,
       0.75583865, 0.72619048, 0.8317757 , 0.70056499, 0.85074628]), array([0.57847897, 0.8765343 , 0.67341772, 0.58600583, 0.68647846,
       0.77459017, 0.76190477, 0.80249481, 0.70000002, 0.68518521]), array([0.59708738, 0.87714286, 0.68402367, 0.58910162, 0.72703752,
       0.77922078, 0.74566475, 0.81057269, 0.75000001, 0.80000001]), array([0.54041013, 0.87472528, 0.66225166, 0.57896693, 0.72661871,
       0.7695962 , 0.68601584, 0.82713348, 0.79807693, 0.6595745 ]), array([0.56766467, 0.89355742, 0.68304374, 0.58469738, 0.74300255,
       0.75662651, 0.75294118, 0.774942  , 0.79761906, 0.7226891 ])]
real metric: [array([0.51277955, 0.79155313, 0.56359649, 0.44566067, 0.6021329 ,
       0.4244898 , 0.45116279, 0.47767394, 0.27001195, 0.1956798 ]), array([0.52055921, 0.77548301, 0.54566608, 0.42651515, 0.52956752,
       0.4247619 , 0.47609359, 0.53061224, 0.28963795, 0.18134034]), array([0.54456654, 0.80428954, 0.57206704, 0.44977169, 0.55946399,
       0.39067055, 0.43076923, 0.50806452, 0.27770701, 0.21853389]), array([0.50742674, 0.79733333, 0.55086258, 0.43571978, 0.58090615,
       0.3774359 , 0.45121951, 0.50367261, 0.300123  , 0.16384915]), array([0.49734586, 0.7869281 , 0.54617117, 0.45415529, 0.58912134,
       0.40567067, 0.46853824, 0.48925281, 0.24650572, 0.19663648])]

estim_algorithm = atc-model, mode = classification, metric = f1score, confidence_scores = max_class_probability-conf, class_specific = True
test err: [0.10381897815827881, 0.08413504458541002, 0.12008391575463717, 0.10303536754742466, 0.10339175532268145]
estimated metric: [array([0.35186874, 0.6892464 , 0.61744112, 0.51807708, 0.56708161,
       0.53132833, 0.48763253, 0.63760219, 0.38028173, 0.3958334 ]), array([0.36861653, 0.65862069, 0.62827225, 0.54190154, 0.50423013,
       0.50872819, 0.53521128, 0.60869566, 0.35211272, 0.24691367]), array([0.38397018, 0.69326684, 0.62800741, 0.54738438, 0.55081002,
       0.5612245 , 0.56765678, 0.63636365, 0.37037042, 0.45714291]), array([0.35895118, 0.6883006 , 0.62304022, 0.52866487, 0.54320988,
       0.56906079, 0.4863222 , 0.64987406, 0.38709681, 0.2739727 ]), array([0.35412844, 0.68661679, 0.63138232, 0.53794731, 0.57225434,
       0.55056181, 0.51540618, 0.54545456, 0.43410857, 0.36559147])]
real metric: [array([0.51277955, 0.79155313, 0.56359649, 0.44566067, 0.6021329 ,
       0.4244898 , 0.45116279, 0.47767394, 0.27001195, 0.1956798 ]), array([0.52055921, 0.77548301, 0.54566608, 0.42651515, 0.52956752,
       0.4247619 , 0.47609359, 0.53061224, 0.28963795, 0.18134034]), array([0.54456654, 0.80428954, 0.57206704, 0.44977169, 0.55946399,
       0.39067055, 0.43076923, 0.50806452, 0.27770701, 0.21853389]), array([0.50742674, 0.79733333, 0.55086258, 0.43571978, 0.58090615,
       0.3774359 , 0.45121951, 0.50367261, 0.300123  , 0.16384915]), array([0.49734586, 0.7869281 , 0.54617117, 0.45415529, 0.58912134,
       0.40567067, 0.46853824, 0.48925281, 0.24650572, 0.19663648])]

estim_algorithm = atc-model, mode = classification, metric = f1score, confidence_scores = energy-conf, class_specific = False
test err: [0.427347103022929, 0.4342896063437349, 0.417751035367821, 0.4379156561682175, 0.432553492884892]
estimated metric: [array([0.99499722, 0.65156795, 0.99211137, 0.92908412, 0.99319728,
       0.93065694, 0.96618358, 0.77149878, 0.82653062, 0.67241382]), array([0.99628678, 0.68023749, 0.99230769, 0.92935982, 0.99201824,
       0.91666667, 0.95582329, 0.79749479, 0.80612246, 0.7863248 ]), array([0.99536501, 0.6483233 , 0.99366516, 0.92329306, 0.99283521,
       0.91746641, 0.95169082, 0.78923767, 0.77094973, 0.63865549]), array([0.99445983, 0.65499125, 0.99151273, 0.92372643, 0.9904943 ,
       0.92975207, 0.96680498, 0.7845805 , 0.75000001, 0.77669905]), array([0.99552072, 0.64610112, 0.99266728, 0.91950015, 0.99491353,
       0.918239  , 0.95463511, 0.8292683 , 0.72955977, 0.74380167])]
real metric: [array([0.51277955, 0.79155313, 0.56359649, 0.44566067, 0.6021329 ,
       0.4244898 , 0.45116279, 0.47767394, 0.27001195, 0.1956798 ]), array([0.52055921, 0.77548301, 0.54566608, 0.42651515, 0.52956752,
       0.4247619 , 0.47609359, 0.53061224, 0.28963795, 0.18134034]), array([0.54456654, 0.80428954, 0.57206704, 0.44977169, 0.55946399,
       0.39067055, 0.43076923, 0.50806452, 0.27770701, 0.21853389]), array([0.50742674, 0.79733333, 0.55086258, 0.43571978, 0.58090615,
       0.3774359 , 0.45121951, 0.50367261, 0.300123  , 0.16384915]), array([0.49734586, 0.7869281 , 0.54617117, 0.45415529, 0.58912134,
       0.40567067, 0.46853824, 0.48925281, 0.24650572, 0.19663648])]

estim_algorithm = atc-model, mode = classification, metric = f1score, confidence_scores = energy-conf, class_specific = True
test err: [0.35884749916013375, 0.36665642527726494, 0.34452868464270703, 0.3572036044460812, 0.3549563094565731]
estimated metric: [array([0.53425213, 0.95967742, 0.86163522, 0.61235119, 0.93085655,
       0.86213593, 0.96618358, 0.85583524, 0.83248732, 0.90780142]), array([0.52600671, 0.96885355, 0.84771853, 0.60682226, 0.93493976,
       0.86742424, 0.9516129 , 0.90494297, 0.81818183, 0.94029851]), array([0.52801358, 0.95755968, 0.86819338, 0.57440476, 0.92810458,
       0.82744283, 0.94915254, 0.86792453, 0.7845304 , 0.88275863]), array([0.52318959, 0.95296524, 0.84306987, 0.59515063, 0.92618807,
       0.84888889, 0.96465697, 0.87157895, 0.75621892, 0.95867769]), array([0.51796778, 0.95709571, 0.85639958, 0.59856766, 0.92491839,
       0.84304933, 0.95049505, 0.9068323 , 0.73750002, 0.93706294])]
real metric: [array([0.51277955, 0.79155313, 0.56359649, 0.44566067, 0.6021329 ,
       0.4244898 , 0.45116279, 0.47767394, 0.27001195, 0.1956798 ]), array([0.52055921, 0.77548301, 0.54566608, 0.42651515, 0.52956752,
       0.4247619 , 0.47609359, 0.53061224, 0.28963795, 0.18134034]), array([0.54456654, 0.80428954, 0.57206704, 0.44977169, 0.55946399,
       0.39067055, 0.43076923, 0.50806452, 0.27770701, 0.21853389]), array([0.50742674, 0.79733333, 0.55086258, 0.43571978, 0.58090615,
       0.3774359 , 0.45121951, 0.50367261, 0.300123  , 0.16384915]), array([0.49734586, 0.7869281 , 0.54617117, 0.45415529, 0.58912134,
       0.40567067, 0.46853824, 0.48925281, 0.24650572, 0.19663648])]

estim_algorithm = atc-model, mode = classification, metric = f1score, confidence_scores = entropy-conf, class_specific = False
test err: [0.3274281740858368, 0.32238115431763664, 0.3381143531004548, 0.3346789292655099, 0.34031933646983625]
estimated metric: [array([0.24975799, 0.89665004, 0.69862193, 0.5349568 , 0.87022901,
       0.92081031, 0.8306011 , 0.87892377, 0.74316941, 0.85925927]), array([0.24912806, 0.90422535, 0.69894476, 0.55708442, 0.85935484,
       0.92639138, 0.86462882, 0.875     , 0.71428573, 0.73214288]), array([0.24582701, 0.89915966, 0.69636577, 0.55177627, 0.8650519 ,
       0.90909091, 0.85789474, 0.88429752, 0.77094973, 0.85915494]), array([0.24127907, 0.89971347, 0.70761357, 0.53654803, 0.88092729,
       0.93415638, 0.81145585, 0.89711934, 0.80952382, 0.76470591]), array([0.24890191, 0.90733057, 0.71311476, 0.53101541, 0.88738739,
       0.91596639, 0.86021506, 0.87659575, 0.79761906, 0.84848486])]
real metric: [array([0.51277955, 0.79155313, 0.56359649, 0.44566067, 0.6021329 ,
       0.4244898 , 0.45116279, 0.47767394, 0.27001195, 0.1956798 ]), array([0.52055921, 0.77548301, 0.54566608, 0.42651515, 0.52956752,
       0.4247619 , 0.47609359, 0.53061224, 0.28963795, 0.18134034]), array([0.54456654, 0.80428954, 0.57206704, 0.44977169, 0.55946399,
       0.39067055, 0.43076923, 0.50806452, 0.27770701, 0.21853389]), array([0.50742674, 0.79733333, 0.55086258, 0.43571978, 0.58090615,
       0.3774359 , 0.45121951, 0.50367261, 0.300123  , 0.16384915]), array([0.49734586, 0.7869281 , 0.54617117, 0.45415529, 0.58912134,
       0.40567067, 0.46853824, 0.48925281, 0.24650572, 0.19663648])]

estim_algorithm = atc-model, mode = classification, metric = f1score, confidence_scores = entropy-conf, class_specific = True
test err: [0.15654609968097227, 0.14306575282473305, 0.17510849831267236, 0.15719003334369167, 0.15312346192787912]
estimated metric: [array([0.24975799, 0.65391305, 0.69862193, 0.5349568 , 0.67349552,
       0.75583865, 0.51388891, 0.67724869, 0.34532379, 0.3958334 ]), array([0.24912806, 0.61442565, 0.69975186, 0.55708442, 0.60787402,
       0.7249467 , 0.60215055, 0.6350711 , 0.32857148, 0.24691367]), array([0.24582701, 0.66440102, 0.70017534, 0.55177627, 0.65020577,
       0.74107143, 0.58631923, 0.66004964, 0.358209  , 0.47169816]), array([0.24127907, 0.64550265, 0.70926518, 0.53542704, 0.64367817,
       0.77830189, 0.52662723, 0.66334165, 0.38709681, 0.2739727 ]), array([0.24890191, 0.64726028, 0.71386776, 0.53101541, 0.66305819,
       0.68702291, 0.55978262, 0.59200001, 0.40944887, 0.38297879])]
real metric: [array([0.51277955, 0.79155313, 0.56359649, 0.44566067, 0.6021329 ,
       0.4244898 , 0.45116279, 0.47767394, 0.27001195, 0.1956798 ]), array([0.52055921, 0.77548301, 0.54566608, 0.42651515, 0.52956752,
       0.4247619 , 0.47609359, 0.53061224, 0.28963795, 0.18134034]), array([0.54456654, 0.80428954, 0.57206704, 0.44977169, 0.55946399,
       0.39067055, 0.43076923, 0.50806452, 0.27770701, 0.21853389]), array([0.50742674, 0.79733333, 0.55086258, 0.43571978, 0.58090615,
       0.3774359 , 0.45121951, 0.50367261, 0.300123  , 0.16384915]), array([0.49734586, 0.7869281 , 0.54617117, 0.45415529, 0.58912134,
       0.40567067, 0.46853824, 0.48925281, 0.24650572, 0.19663648])]

estim_algorithm = atc-model, mode = classification, metric = f1score, confidence_scores = doctor-conf, class_specific = False
test err: [0.3041353544944746, 0.2967980848671764, 0.3156588460590259, 0.31239105149467516, 0.3162580579635385]
estimated metric: [array([0.30234742, 0.89111748, 0.69156627, 0.46691328, 0.83856502,
       0.90262172, 0.81440444, 0.86621315, 0.72222224, 0.85925927]), array([0.30241546, 0.898017  , 0.68671679, 0.49085959, 0.82758621,
       0.91074681, 0.84444445, 0.85487078, 0.70718234, 0.70909094]), array([0.30415648, 0.89606742, 0.69483568, 0.48357737, 0.82996433,
       0.89194499, 0.83646113, 0.87265136, 0.77094973, 0.85106384]), array([0.29657438, 0.89813486, 0.70512821, 0.47284345, 0.84940412,
       0.91404612, 0.78832117, 0.87866109, 0.81516589, 0.75247527]), array([0.29871978, 0.90505891, 0.70094563, 0.46236559, 0.84982538,
       0.8974359 , 0.84279476, 0.86206897, 0.80473374, 0.82170544])]
real metric: [array([0.51277955, 0.79155313, 0.56359649, 0.44566067, 0.6021329 ,
       0.4244898 , 0.45116279, 0.47767394, 0.27001195, 0.1956798 ]), array([0.52055921, 0.77548301, 0.54566608, 0.42651515, 0.52956752,
       0.4247619 , 0.47609359, 0.53061224, 0.28963795, 0.18134034]), array([0.54456654, 0.80428954, 0.57206704, 0.44977169, 0.55946399,
       0.39067055, 0.43076923, 0.50806452, 0.27770701, 0.21853389]), array([0.50742674, 0.79733333, 0.55086258, 0.43571978, 0.58090615,
       0.3774359 , 0.45121951, 0.50367261, 0.300123  , 0.16384915]), array([0.49734586, 0.7869281 , 0.54617117, 0.45415529, 0.58912134,
       0.40567067, 0.46853824, 0.48925281, 0.24650572, 0.19663648])]

estim_algorithm = atc-model, mode = classification, metric = f1score, confidence_scores = doctor-conf, class_specific = True
test err: [0.1311235353776393, 0.11673486686404773, 0.1491505314787623, 0.1303586317730292, 0.12931745308686798]
estimated metric: [array([0.26902825, 0.66436584, 0.66830166, 0.51866561, 0.61497327,
       0.68314607, 0.49824563, 0.66310161, 0.34532379, 0.37894743]), array([0.27236972, 0.62786596, 0.66155811, 0.53584906, 0.55555556,
       0.64705883, 0.58695653, 0.62529834, 0.31654681, 0.24691367]), array([0.25903615, 0.6789916 , 0.67065153, 0.52841782, 0.5982906 ,
       0.66350712, 0.59546927, 0.64321609, 0.34586471, 0.44230775]), array([0.25396826, 0.65734266, 0.68831169, 0.52469136, 0.60812582,
       0.67179488, 0.50450452, 0.64987406, 0.37662342, 0.2500001 ]), array([0.26331075, 0.65760408, 0.68383234, 0.52166998, 0.62586927,
       0.62400001, 0.55191258, 0.56130791, 0.40944887, 0.34782616])]
real metric: [array([0.51277955, 0.79155313, 0.56359649, 0.44566067, 0.6021329 ,
       0.4244898 , 0.45116279, 0.47767394, 0.27001195, 0.1956798 ]), array([0.52055921, 0.77548301, 0.54566608, 0.42651515, 0.52956752,
       0.4247619 , 0.47609359, 0.53061224, 0.28963795, 0.18134034]), array([0.54456654, 0.80428954, 0.57206704, 0.44977169, 0.55946399,
       0.39067055, 0.43076923, 0.50806452, 0.27770701, 0.21853389]), array([0.50742674, 0.79733333, 0.55086258, 0.43571978, 0.58090615,
       0.3774359 , 0.45121951, 0.50367261, 0.300123  , 0.16384915]), array([0.49734586, 0.7869281 , 0.54617117, 0.45415529, 0.58912134,
       0.40567067, 0.46853824, 0.48925281, 0.24650572, 0.19663648])]

estim_algorithm = ts-atc-model, mode = classification, metric = f1score, confidence_scores = max_class_probability-conf, class_specific = False
test err: [0.2648311085859577, 0.2504224896391856, 0.27185979825819145, 0.2630541317902574, 0.2675769213444762]
estimated metric: [array([0.67351431, 0.86759327, 0.68523003, 0.63669591, 0.73349634,
       0.72885033, 0.69908816, 0.82629108, 0.70786518, 0.82442749]), array([0.67245939, 0.86423358, 0.694081  , 0.65137296, 0.68647846,
       0.75416667, 0.7409201 , 0.79497908, 0.68539328, 0.66037739]), array([0.68735806, 0.87714286, 0.68867925, 0.66387727, 0.71372549,
       0.75770926, 0.7383721 , 0.8209607 , 0.7356322 , 0.79104479]), array([0.6610107 , 0.86474501, 0.68060092, 0.65871624, 0.72202166,
       0.73965937, 0.6790451 , 0.81938326, 0.78640778, 0.68750003]), array([0.66913947, 0.89355742, 0.70857815, 0.65387401, 0.72516129,
       0.73218674, 0.73809524, 0.76635515, 0.7682927 , 0.70085473])]
real metric: [array([0.51277955, 0.79155313, 0.56359649, 0.44566067, 0.6021329 ,
       0.4244898 , 0.45116279, 0.47767394, 0.27001195, 0.1956798 ]), array([0.52055921, 0.77548301, 0.54566608, 0.42651515, 0.52956752,
       0.4247619 , 0.47609359, 0.53061224, 0.28963795, 0.18134034]), array([0.54456654, 0.80428954, 0.57206704, 0.44977169, 0.55946399,
       0.39067055, 0.43076923, 0.50806452, 0.27770701, 0.21853389]), array([0.50742674, 0.79733333, 0.55086258, 0.43571978, 0.58090615,
       0.3774359 , 0.45121951, 0.50367261, 0.300123  , 0.16384915]), array([0.49734586, 0.7869281 , 0.54617117, 0.45415529, 0.58912134,
       0.40567067, 0.46853824, 0.48925281, 0.24650572, 0.19663648])]

estim_algorithm = ts-atc-model, mode = classification, metric = f1score, confidence_scores = max_class_probability-conf, class_specific = True
test err: [0.1026107639439442, 0.08703698188409112, 0.12397080394536664, 0.09999914893019904, 0.10790318267963708]
estimated metric: [array([0.3921743 , 0.70243085, 0.63137996, 0.56923667, 0.54698458,
       0.50127879, 0.49824563, 0.630137  , 0.38028173, 0.37894743]), array([0.41782981, 0.66323024, 0.63274625, 0.58806405, 0.4888889 ,
       0.50125315, 0.54341738, 0.60194176, 0.37500004, 0.24691367]), array([0.44064748, 0.71041838, 0.63975535, 0.59839064, 0.52473764,
       0.55384617, 0.57236844, 0.63636365, 0.38235299, 0.47169816]), array([0.40369393, 0.70379747, 0.62491491, 0.58370371, 0.52294855,
       0.52421654, 0.47706424, 0.63613232, 0.40764335, 0.2739727 ]), array([0.39892905, 0.6985173 , 0.64320988, 0.59962335, 0.55555556,
       0.52991454, 0.52777779, 0.54143648, 0.45801531, 0.36559147])]
real metric: [array([0.51277955, 0.79155313, 0.56359649, 0.44566067, 0.6021329 ,
       0.4244898 , 0.45116279, 0.47767394, 0.27001195, 0.1956798 ]), array([0.52055921, 0.77548301, 0.54566608, 0.42651515, 0.52956752,
       0.4247619 , 0.47609359, 0.53061224, 0.28963795, 0.18134034]), array([0.54456654, 0.80428954, 0.57206704, 0.44977169, 0.55946399,
       0.39067055, 0.43076923, 0.50806452, 0.27770701, 0.21853389]), array([0.50742674, 0.79733333, 0.55086258, 0.43571978, 0.58090615,
       0.3774359 , 0.45121951, 0.50367261, 0.300123  , 0.16384915]), array([0.49734586, 0.7869281 , 0.54617117, 0.45415529, 0.58912134,
       0.40567067, 0.46853824, 0.48925281, 0.24650572, 0.19663648])]

estim_algorithm = ts-atc-model, mode = classification, metric = f1score, confidence_scores = energy-conf, class_specific = False
test err: [0.4283761912592411, 0.4354945635109747, 0.4183159875231629, 0.43879239551072347, 0.43271471500971914]
estimated metric: [array([0.99583449, 0.65156795, 0.9930459 , 0.92969871, 0.99319728,
       0.93260474, 0.96618358, 0.77149878, 0.83248732, 0.67241382]), array([0.99685983, 0.67911715, 0.993759  , 0.93024538, 0.99201824,
       0.91862568, 0.95582329, 0.79749479, 0.81218275, 0.7863248 ]), array([0.99594673, 0.64716007, 0.99502937, 0.92480359, 0.99386503,
       0.91746641, 0.95169082, 0.78923767, 0.77094973, 0.63865549]), array([0.99529477, 0.65499125, 0.99201597, 0.92493674, 0.9904943 ,
       0.92975207, 0.96680498, 0.7845805 , 0.75621892, 0.77669905]), array([0.99608282, 0.64610112, 0.99358974, 0.92169374, 0.99491353,
       0.918239  , 0.95256917, 0.8292683 , 0.72955977, 0.74380167])]
real metric: [array([0.51277955, 0.79155313, 0.56359649, 0.44566067, 0.6021329 ,
       0.4244898 , 0.45116279, 0.47767394, 0.27001195, 0.1956798 ]), array([0.52055921, 0.77548301, 0.54566608, 0.42651515, 0.52956752,
       0.4247619 , 0.47609359, 0.53061224, 0.28963795, 0.18134034]), array([0.54456654, 0.80428954, 0.57206704, 0.44977169, 0.55946399,
       0.39067055, 0.43076923, 0.50806452, 0.27770701, 0.21853389]), array([0.50742674, 0.79733333, 0.55086258, 0.43571978, 0.58090615,
       0.3774359 , 0.45121951, 0.50367261, 0.300123  , 0.16384915]), array([0.49734586, 0.7869281 , 0.54617117, 0.45415529, 0.58912134,
       0.40567067, 0.46853824, 0.48925281, 0.24650572, 0.19663648])]

estim_algorithm = ts-atc-model, mode = classification, metric = f1score, confidence_scores = energy-conf, class_specific = True
test err: [0.3580573801159821, 0.36580133152714495, 0.3427617208342625, 0.3563640979595935, 0.3544802611056509]
estimated metric: [array([0.53365775, 0.96037609, 0.86044071, 0.61080075, 0.93085655,
       0.86213593, 0.96618358, 0.85057472, 0.83248732, 0.90780142]), array([0.52600671, 0.96885355, 0.84645019, 0.60582106, 0.93493976,
       0.86742424, 0.9516129 , 0.89866157, 0.81818183, 0.94029851]), array([0.52801358, 0.95755968, 0.86704025, 0.57281192, 0.92810458,
       0.82744283, 0.94915254, 0.8607595 , 0.7845304 , 0.87500001]), array([0.52017937, 0.95367847, 0.84174312, 0.59515063, 0.92618807,
       0.84888889, 0.96465697, 0.86680761, 0.75621892, 0.95867769]), array([0.51735537, 0.95640687, 0.85520833, 0.59856766, 0.92491839,
       0.84304933, 0.95049505, 0.90456432, 0.73750002, 0.93706294])]
real metric: [array([0.51277955, 0.79155313, 0.56359649, 0.44566067, 0.6021329 ,
       0.4244898 , 0.45116279, 0.47767394, 0.27001195, 0.1956798 ]), array([0.52055921, 0.77548301, 0.54566608, 0.42651515, 0.52956752,
       0.4247619 , 0.47609359, 0.53061224, 0.28963795, 0.18134034]), array([0.54456654, 0.80428954, 0.57206704, 0.44977169, 0.55946399,
       0.39067055, 0.43076923, 0.50806452, 0.27770701, 0.21853389]), array([0.50742674, 0.79733333, 0.55086258, 0.43571978, 0.58090615,
       0.3774359 , 0.45121951, 0.50367261, 0.300123  , 0.16384915]), array([0.49734586, 0.7869281 , 0.54617117, 0.45415529, 0.58912134,
       0.40567067, 0.46853824, 0.48925281, 0.24650572, 0.19663648])]

estim_algorithm = ts-atc-model, mode = classification, metric = f1score, confidence_scores = entropy-conf, class_specific = False
test err: [0.26395241489065907, 0.24730203425769792, 0.2688906114298294, 0.2579293761053963, 0.26501869350539087]
estimated metric: [array([0.65576208, 0.87581699, 0.678028  , 0.61183476, 0.72727273,
       0.73434126, 0.69908816, 0.82629108, 0.71508381, 0.85074628]), array([0.6531238 , 0.87000726, 0.68506901, 0.62752034, 0.68059702,
       0.75416667, 0.74698796, 0.79749479, 0.68539328, 0.67289723]), array([0.67329763, 0.88034188, 0.68480189, 0.64113475, 0.70866142,
       0.75770926, 0.74202899, 0.81578948, 0.75000001, 0.79104479]), array([0.63585119, 0.87058824, 0.66754618, 0.63184258, 0.71739131,
       0.74879228, 0.68253969, 0.81938326, 0.78640778, 0.68750003]), array([0.65112782, 0.89200561, 0.69632266, 0.63157895, 0.72186288,
       0.73218674, 0.74407584, 0.76635515, 0.78313254, 0.71186443])]
real metric: [array([0.51277955, 0.79155313, 0.56359649, 0.44566067, 0.6021329 ,
       0.4244898 , 0.45116279, 0.47767394, 0.27001195, 0.1956798 ]), array([0.52055921, 0.77548301, 0.54566608, 0.42651515, 0.52956752,
       0.4247619 , 0.47609359, 0.53061224, 0.28963795, 0.18134034]), array([0.54456654, 0.80428954, 0.57206704, 0.44977169, 0.55946399,
       0.39067055, 0.43076923, 0.50806452, 0.27770701, 0.21853389]), array([0.50742674, 0.79733333, 0.55086258, 0.43571978, 0.58090615,
       0.3774359 , 0.45121951, 0.50367261, 0.300123  , 0.16384915]), array([0.49734586, 0.7869281 , 0.54617117, 0.45415529, 0.58912134,
       0.40567067, 0.46853824, 0.48925281, 0.24650572, 0.19663648])]

estim_algorithm = ts-atc-model, mode = classification, metric = f1score, confidence_scores = entropy-conf, class_specific = True
test err: [0.1033800547190478, 0.08659571532662917, 0.12353819385020845, 0.10147749979785689, 0.10557750625682982]
estimated metric: [array([0.36970244, 0.69915967, 0.62357415, 0.56428022, 0.54698458,
       0.50127879, 0.49295776, 0.630137  , 0.38028173, 0.37894743]), array([0.3939671 , 0.66323024, 0.62647445, 0.58497447, 0.4888889 ,
       0.49370278, 0.54341738, 0.60194176, 0.36363641, 0.24691367]), array([0.41643836, 0.70510709, 0.6271605 , 0.59169423, 0.52473764,
       0.55384617, 0.57236844, 0.63636365, 0.38235299, 0.45714291]), array([0.3830735 , 0.69609508, 0.61833106, 0.57632167, 0.52294855,
       0.52000001, 0.48170733, 0.63613232, 0.40764335, 0.2739727 ]), array([0.38086643, 0.69636964, 0.63393412, 0.58738602, 0.55131965,
       0.52148999, 0.52777779, 0.54143648, 0.45801531, 0.34782616])]
real metric: [array([0.51277955, 0.79155313, 0.56359649, 0.44566067, 0.6021329 ,
       0.4244898 , 0.45116279, 0.47767394, 0.27001195, 0.1956798 ]), array([0.52055921, 0.77548301, 0.54566608, 0.42651515, 0.52956752,
       0.4247619 , 0.47609359, 0.53061224, 0.28963795, 0.18134034]), array([0.54456654, 0.80428954, 0.57206704, 0.44977169, 0.55946399,
       0.39067055, 0.43076923, 0.50806452, 0.27770701, 0.21853389]), array([0.50742674, 0.79733333, 0.55086258, 0.43571978, 0.58090615,
       0.3774359 , 0.45121951, 0.50367261, 0.300123  , 0.16384915]), array([0.49734586, 0.7869281 , 0.54617117, 0.45415529, 0.58912134,
       0.40567067, 0.46853824, 0.48925281, 0.24650572, 0.19663648])]

estim_algorithm = ts-atc-model, mode = classification, metric = f1score, confidence_scores = doctor-conf, class_specific = False
test err: [0.28929374118160034, 0.2784569251569696, 0.2951503810660058, 0.29070889476598716, 0.3007418841558251]
estimated metric: [array([0.35336977, 0.88952654, 0.67399268, 0.42682413, 0.8173516 ,
       0.87090559, 0.80779945, 0.85844749, 0.72222224, 0.85074628]), array([0.36253495, 0.8964539 , 0.68176101, 0.45047924, 0.78571429,
       0.88847584, 0.83668904, 0.83164301, 0.71428573, 0.72072075]), array([0.36953456, 0.89295775, 0.68246446, 0.43527971, 0.80437424,
       0.88757397, 0.80769231, 0.85835095, 0.76404496, 0.82608697]), array([0.36265224, 0.89655172, 0.70179949, 0.43663124, 0.81075028,
       0.89079229, 0.75810474, 0.86680761, 0.80952382, 0.75247527]), array([0.3623916 , 0.90429958, 0.68854415, 0.41921769, 0.82520809,
       0.86842106, 0.82483371, 0.84716158, 0.80473374, 0.80314962])]
real metric: [array([0.51277955, 0.79155313, 0.56359649, 0.44566067, 0.6021329 ,
       0.4244898 , 0.45116279, 0.47767394, 0.27001195, 0.1956798 ]), array([0.52055921, 0.77548301, 0.54566608, 0.42651515, 0.52956752,
       0.4247619 , 0.47609359, 0.53061224, 0.28963795, 0.18134034]), array([0.54456654, 0.80428954, 0.57206704, 0.44977169, 0.55946399,
       0.39067055, 0.43076923, 0.50806452, 0.27770701, 0.21853389]), array([0.50742674, 0.79733333, 0.55086258, 0.43571978, 0.58090615,
       0.3774359 , 0.45121951, 0.50367261, 0.300123  , 0.16384915]), array([0.49734586, 0.7869281 , 0.54617117, 0.45415529, 0.58912134,
       0.40567067, 0.46853824, 0.48925281, 0.24650572, 0.19663648])]

estim_algorithm = ts-atc-model, mode = classification, metric = f1score, confidence_scores = doctor-conf, class_specific = True
test err: [0.12070028806491044, 0.10992464575125387, 0.14033483776690642, 0.12020099080627059, 0.12102290054838565]
estimated metric: [array([0.27480916, 0.66205705, 0.63739022, 0.51216594, 0.59430123,
       0.61792454, 0.50871082, 0.65951744, 0.34532379, 0.37894743]), array([0.28250245, 0.6254417 , 0.64774194, 0.5347432 , 0.53642385,
       0.62844038, 0.57923498, 0.62529834, 0.31654681, 0.24691367]), array([0.27290837, 0.67676768, 0.64966606, 0.52103435, 0.57597685,
       0.63768117, 0.59546927, 0.64321609, 0.34586471, 0.44230775]), array([0.27962086, 0.65734266, 0.66930171, 0.5166796 , 0.57831326,
       0.64751959, 0.50450452, 0.64987406, 0.37662342, 0.2500001 ]), array([0.28078582, 0.65646259, 0.6597561 , 0.50141072, 0.61040788,
       0.60540542, 0.55978262, 0.5652174 , 0.40944887, 0.34782616])]
real metric: [array([0.51277955, 0.79155313, 0.56359649, 0.44566067, 0.6021329 ,
       0.4244898 , 0.45116279, 0.47767394, 0.27001195, 0.1956798 ]), array([0.52055921, 0.77548301, 0.54566608, 0.42651515, 0.52956752,
       0.4247619 , 0.47609359, 0.53061224, 0.28963795, 0.18134034]), array([0.54456654, 0.80428954, 0.57206704, 0.44977169, 0.55946399,
       0.39067055, 0.43076923, 0.50806452, 0.27770701, 0.21853389]), array([0.50742674, 0.79733333, 0.55086258, 0.43571978, 0.58090615,
       0.3774359 , 0.45121951, 0.50367261, 0.300123  , 0.16384915]), array([0.49734586, 0.7869281 , 0.54617117, 0.45415529, 0.58912134,
       0.40567067, 0.46853824, 0.48925281, 0.24650572, 0.19663648])]

