estim_algorithm = moval-ensemble-cls-f1score, mode = classification, metric = f1score
test err: [0.10839279005562212, 0.08990883040051326, 0.07930245997566865, 0.07478121624122737, 0.0866415304058046]
estimated metric: [array([0.50574713, 0.4985577 , 0.24361821, 0.45011877, 0.41284032,
       0.52129034, 0.40833206, 0.52261308, 0.25454554, 0.5215124 ]), array([0.48563321, 0.50186151, 0.27892235, 0.43134537, 0.437014  ,
       0.50875148, 0.42373653, 0.59267736, 0.22627746, 0.46871168]), array([0.50286111, 0.48774628, 0.2697526 , 0.44668009, 0.3893885 ,
       0.47630622, 0.45598803, 0.55528257, 0.17218551, 0.45270272]), array([0.49622167, 0.49737566, 0.28257457, 0.43700549, 0.42863267,
       0.43387473, 0.42954237, 0.50190116, 0.22222228, 0.4814815 ]), array([0.49418115, 0.49650024, 0.23444977, 0.39946382, 0.4140218 ,
       0.51957297, 0.44797014, 0.57002459, 0.2439025 , 0.46969699])]
real metric: [array([0.49195837, 0.70561543, 0.43648961, 0.40773286, 0.45672727,
       0.32648649, 0.48728466, 0.39420935, 0.17322835, 0.42105263]), array([0.49904762, 0.6872093 , 0.42454955, 0.35598086, 0.45593591,
       0.36170213, 0.47826087, 0.41341991, 0.17852523, 0.43688255]), array([0.51899907, 0.67869222, 0.43784994, 0.40854225, 0.47040253,
       0.37214363, 0.5       , 0.41743119, 0.18396846, 0.45182013]), array([0.48339844, 0.68856305, 0.43650794, 0.3877551 , 0.47139588,
       0.36248683, 0.4904277 , 0.38930481, 0.21573604, 0.43498274]), array([0.48393021, 0.66925208, 0.41486412, 0.38411819, 0.46471055,
       0.37800687, 0.49152542, 0.40723982, 0.21090047, 0.41364136])]

