estim_algorithm = ac-model, mode = classification, metric = auc, confidence_scores = max_class_probability-conf, class_specific = False
test err: [0.07330823497980019, 0.0710684813797655, 0.07123153617311227, 0.07290381998446772, 0.07265842557975458]
estimated metric: [array([0.98195434, 0.98468734, 0.97934079, 0.97544979, 0.97944584,
       0.97700024, 0.97791011, 0.9793507 , 0.97874045, 0.97506673]), array([0.98207971, 0.98385717, 0.97944297, 0.97552758, 0.97895996,
       0.97845559, 0.97862043, 0.98087564, 0.98040132, 0.97470236]), array([0.98244204, 0.9850731 , 0.97929652, 0.97585972, 0.9786783 ,
       0.97807452, 0.97757426, 0.97962304, 0.97894824, 0.97803418]), array([0.9822744 , 0.98446623, 0.97834085, 0.97582697, 0.97848301,
       0.97989554, 0.97779612, 0.98125216, 0.97904578, 0.97620721]), array([0.98224489, 0.98500644, 0.97916055, 0.97585926, 0.9786925 ,
       0.97902183, 0.97976742, 0.98018651, 0.97944739, 0.97992956])]
real metric: [array([0.95448731, 0.97502334, 0.9068865 , 0.85050258, 0.90972167,
       0.86367313, 0.82720172, 0.91004518, 0.93055787, 0.92776469]), array([0.94806929, 0.96766551, 0.91703133, 0.85732799, 0.91926883,
       0.85496041, 0.83466003, 0.92101185, 0.93623296, 0.9260097 ]), array([0.95811013, 0.97262585, 0.91505682, 0.85077633, 0.91907891,
       0.84996418, 0.82905979, 0.92678023, 0.93973638, 0.92009995]), array([0.9510594 , 0.97400596, 0.90404445, 0.85640765, 0.9161665 ,
       0.84628521, 0.82552152, 0.92644323, 0.9385005 , 0.92611566]), array([0.95658335, 0.97560008, 0.90652538, 0.85196325, 0.91765892,
       0.86439707, 0.82190344, 0.91559792, 0.93710121, 0.92540149])]

estim_algorithm = ac-model, mode = classification, metric = auc, confidence_scores = energy-conf, class_specific = False
test err: [0.1714587223820487, 0.19125091463122276, 0.1638201624897308, 0.1839230547004505, 0.16924127529697305]
estimated metric: [array([0.73214032, 0.81146169, 0.82681101, 0.72813622, 0.726194  ,
       0.70370169, 0.662106  , 0.74511227, 0.72213317, 0.68348037]), array([0.69345674, 0.82535879, 0.75891037, 0.71189617, 0.70600828,
       0.72128813, 0.68449192, 0.77605968, 0.65551701, 0.63674168]), array([0.72459342, 0.78404307, 0.83580143, 0.76981772, 0.74439901,
       0.75607216, 0.70297967, 0.74055606, 0.7034213 , 0.68140309]), array([0.70118542, 0.78378419, 0.77826907, 0.6958108 , 0.7403528 ,
       0.71877944, 0.6820157 , 0.75047757, 0.71178811, 0.66285643]), array([0.72380948, 0.75656448, 0.84392451, 0.76019571, 0.71201958,
       0.71278456, 0.66723152, 0.8118755 , 0.71572219, 0.67619182])]
real metric: [array([0.95448731, 0.97502334, 0.9068865 , 0.85050258, 0.90972167,
       0.86367313, 0.82720172, 0.91004518, 0.93055787, 0.92776469]), array([0.94806929, 0.96766551, 0.91703133, 0.85732799, 0.91926883,
       0.85496041, 0.83466003, 0.92101185, 0.93623296, 0.9260097 ]), array([0.95811013, 0.97262585, 0.91505682, 0.85077633, 0.91907891,
       0.84996418, 0.82905979, 0.92678023, 0.93973638, 0.92009995]), array([0.9510594 , 0.97400596, 0.90404445, 0.85640765, 0.9161665 ,
       0.84628521, 0.82552152, 0.92644323, 0.9385005 , 0.92611566]), array([0.95658335, 0.97560008, 0.90652538, 0.85196325, 0.91765892,
       0.86439707, 0.82190344, 0.91559792, 0.93710121, 0.92540149])]

estim_algorithm = ac-model, mode = classification, metric = auc, confidence_scores = entropy-conf, class_specific = False
test err: [0.06957063202428306, 0.06685995110232744, 0.0663906865799775, 0.06825529420678839, 0.06749605733059869]
estimated metric: [array([0.9771179 , 0.98168998, 0.9737526 , 0.96746449, 0.97518115,
       0.97410756, 0.97617446, 0.97540636, 0.97524978, 0.97542602]), array([0.97733273, 0.98077121, 0.97387375, 0.96729065, 0.97413299,
       0.97542249, 0.97516786, 0.97701381, 0.97717375, 0.97265819]), array([0.97766595, 0.98081959, 0.97460363, 0.96735692, 0.9746018 ,
       0.97300448, 0.9747596 , 0.97594319, 0.97775828, 0.96868198]), array([0.9773481 , 0.98134628, 0.97292478, 0.96720726, 0.97308925,
       0.97552506, 0.97500239, 0.97685434, 0.97696845, 0.97083711]), array([0.97679867, 0.9819418 , 0.97380569, 0.96683643, 0.9750446 ,
       0.97353506, 0.97297231, 0.97653706, 0.9738923 , 0.97632874])]
real metric: [array([0.95448731, 0.97502334, 0.9068865 , 0.85050258, 0.90972167,
       0.86367313, 0.82720172, 0.91004518, 0.93055787, 0.92776469]), array([0.94806929, 0.96766551, 0.91703133, 0.85732799, 0.91926883,
       0.85496041, 0.83466003, 0.92101185, 0.93623296, 0.9260097 ]), array([0.95811013, 0.97262585, 0.91505682, 0.85077633, 0.91907891,
       0.84996418, 0.82905979, 0.92678023, 0.93973638, 0.92009995]), array([0.9510594 , 0.97400596, 0.90404445, 0.85640765, 0.9161665 ,
       0.84628521, 0.82552152, 0.92644323, 0.9385005 , 0.92611566]), array([0.95658335, 0.97560008, 0.90652538, 0.85196325, 0.91765892,
       0.86439707, 0.82190344, 0.91559792, 0.93710121, 0.92540149])]

estim_algorithm = ac-model, mode = classification, metric = auc, confidence_scores = doctor-conf, class_specific = False
test err: [0.08250629793636667, 0.0796226285606996, 0.07951235166900605, 0.08159453827571057, 0.08076223922524604]
estimated metric: [array([0.98982517, 0.99172772, 0.98720997, 0.98532419, 0.98785449,
       0.98727334, 0.9875054 , 0.98950723, 0.98871101, 0.98598842]), array([0.98965043, 0.99152126, 0.98722727, 0.98549487, 0.9877917 ,
       0.98705576, 0.98715723, 0.98927014, 0.98916313, 0.98413243]), array([0.98977372, 0.99173373, 0.98733508, 0.98540901, 0.98818118,
       0.98714528, 0.98690215, 0.98798717, 0.98747088, 0.98447387]), array([0.98981799, 0.99170534, 0.98675807, 0.98551747, 0.98764377,
       0.98820379, 0.98649508, 0.98897598, 0.9890285 , 0.98634948]), array([0.989737  , 0.99167003, 0.98712302, 0.98535627, 0.98785756,
       0.98684932, 0.9882604 , 0.98920287, 0.98864613, 0.98565188])]
real metric: [array([0.95448731, 0.97502334, 0.9068865 , 0.85050258, 0.90972167,
       0.86367313, 0.82720172, 0.91004518, 0.93055787, 0.92776469]), array([0.94806929, 0.96766551, 0.91703133, 0.85732799, 0.91926883,
       0.85496041, 0.83466003, 0.92101185, 0.93623296, 0.9260097 ]), array([0.95811013, 0.97262585, 0.91505682, 0.85077633, 0.91907891,
       0.84996418, 0.82905979, 0.92678023, 0.93973638, 0.92009995]), array([0.9510594 , 0.97400596, 0.90404445, 0.85640765, 0.9161665 ,
       0.84628521, 0.82552152, 0.92644323, 0.9385005 , 0.92611566]), array([0.95658335, 0.97560008, 0.90652538, 0.85196325, 0.91765892,
       0.86439707, 0.82190344, 0.91559792, 0.93710121, 0.92540149])]

estim_algorithm = ts-model, mode = classification, metric = auc, confidence_scores = max_class_probability-conf, class_specific = False
test err: [0.040505806207508856, 0.03621700573247183, 0.043888517351759714, 0.04121485015923364, 0.04169017831382715]
estimated metric: [array([0.93961258, 0.95205953, 0.93966479, 0.92249782, 0.94328083,
       0.93817341, 0.93063619, 0.93984178, 0.94718899, 0.93228904]), array([0.93818366, 0.95131565, 0.9384077 , 0.92121943, 0.93929437,
       0.94384901, 0.93662824, 0.95094   , 0.94398874, 0.92811017]), array([0.93870679, 0.95081834, 0.93989197, 0.92123959, 0.94456245,
       0.94989973, 0.95937516, 0.94723694, 0.95031277, 0.93570829]), array([0.93958573, 0.95228131, 0.93803835, 0.91929195, 0.94274897,
       0.94983596, 0.93901732, 0.94723767, 0.9415807 , 0.940684  ]), array([0.93827784, 0.95128023, 0.93800693, 0.92143631, 0.9435623 ,
       0.94011177, 0.93540201, 0.9480219 , 0.95868111, 0.92120021])]
real metric: [array([0.95448731, 0.97502334, 0.9068865 , 0.85050258, 0.90972167,
       0.86367313, 0.82720172, 0.91004518, 0.93055787, 0.92776469]), array([0.94806929, 0.96766551, 0.91703133, 0.85732799, 0.91926883,
       0.85496041, 0.83466003, 0.92101185, 0.93623296, 0.9260097 ]), array([0.95811013, 0.97262585, 0.91505682, 0.85077633, 0.91907891,
       0.84996418, 0.82905979, 0.92678023, 0.93973638, 0.92009995]), array([0.9510594 , 0.97400596, 0.90404445, 0.85640765, 0.9161665 ,
       0.84628521, 0.82552152, 0.92644323, 0.9385005 , 0.92611566]), array([0.95658335, 0.97560008, 0.90652538, 0.85196325, 0.91765892,
       0.86439707, 0.82190344, 0.91559792, 0.93710121, 0.92540149])]

estim_algorithm = ts-model, mode = classification, metric = auc, confidence_scores = max_class_probability-conf, class_specific = True
test err: [0.052543162107919296, 0.050122352609266264, 0.052016179967763164, 0.052630620732557976, 0.05077475416250007]
estimated metric: [array([0.96832314, 0.97333696, 0.95577082, 0.92943103, 0.96189908,
       0.923729  , 0.96654742, 0.96801353, 0.96686112, 0.96401075]), array([0.96821775, 0.97208252, 0.95511763, 0.92712453, 0.96034438,
       0.93191546, 0.96757428, 0.96931906, 0.96827949, 0.96348634]), array([0.96859184, 0.97343612, 0.95621504, 0.93028996, 0.96146796,
       0.94221709, 0.96635641, 0.96802333, 0.96827133, 0.96658128]), array([0.96808553, 0.97316447, 0.95394565, 0.92528993, 0.96064889,
       0.94026097, 0.96653321, 0.96989587, 0.96639394, 0.96495484]), array([0.96778009, 0.97280154, 0.95409642, 0.92943515, 0.9607245 ,
       0.92006598, 0.96769708, 0.96834526, 0.96562829, 0.96830825])]
real metric: [array([0.95448731, 0.97502334, 0.9068865 , 0.85050258, 0.90972167,
       0.86367313, 0.82720172, 0.91004518, 0.93055787, 0.92776469]), array([0.94806929, 0.96766551, 0.91703133, 0.85732799, 0.91926883,
       0.85496041, 0.83466003, 0.92101185, 0.93623296, 0.9260097 ]), array([0.95811013, 0.97262585, 0.91505682, 0.85077633, 0.91907891,
       0.84996418, 0.82905979, 0.92678023, 0.93973638, 0.92009995]), array([0.9510594 , 0.97400596, 0.90404445, 0.85640765, 0.9161665 ,
       0.84628521, 0.82552152, 0.92644323, 0.9385005 , 0.92611566]), array([0.95658335, 0.97560008, 0.90652538, 0.85196325, 0.91765892,
       0.86439707, 0.82190344, 0.91559792, 0.93710121, 0.92540149])]

estim_algorithm = ts-model, mode = classification, metric = auc, confidence_scores = energy-conf, class_specific = False
test err: [0.0363208606308348, 0.04778625177710276, 0.05152227255012324, 0.04763313529748797, 0.05071761441503338]
estimated metric: [array([0.86617591, 0.92679459, 0.91508046, 0.86344966, 0.87411292,
       0.86652848, 0.85588351, 0.90224287, 0.86502326, 0.8627201 ]), array([0.84930976, 0.92252781, 0.87962889, 0.85199396, 0.86529107,
       0.87560255, 0.8748432 , 0.9111637 , 0.84996735, 0.84569772]), array([0.85672901, 0.90121876, 0.93366854, 0.89317673, 0.88575465,
       0.89814835, 0.86177151, 0.8908201 , 0.86471968, 0.86387454]), array([0.84781806, 0.90736086, 0.89489942, 0.84784917, 0.87813927,
       0.88453647, 0.87573304, 0.90226088, 0.86545052, 0.86109658]), array([0.85106238, 0.88430104, 0.92370385, 0.87345295, 0.86598708,
       0.87782414, 0.8695932 , 0.94254457, 0.86460912, 0.86594093])]
real metric: [array([0.95448731, 0.97502334, 0.9068865 , 0.85050258, 0.90972167,
       0.86367313, 0.82720172, 0.91004518, 0.93055787, 0.92776469]), array([0.94806929, 0.96766551, 0.91703133, 0.85732799, 0.91926883,
       0.85496041, 0.83466003, 0.92101185, 0.93623296, 0.9260097 ]), array([0.95811013, 0.97262585, 0.91505682, 0.85077633, 0.91907891,
       0.84996418, 0.82905979, 0.92678023, 0.93973638, 0.92009995]), array([0.9510594 , 0.97400596, 0.90404445, 0.85640765, 0.9161665 ,
       0.84628521, 0.82552152, 0.92644323, 0.9385005 , 0.92611566]), array([0.95658335, 0.97560008, 0.90652538, 0.85196325, 0.91765892,
       0.86439707, 0.82190344, 0.91559792, 0.93710121, 0.92540149])]

estim_algorithm = ts-model, mode = classification, metric = auc, confidence_scores = energy-conf, class_specific = True
test err: [0.06334275134408966, 0.05978750222497703, 0.06163300236800423, 0.06178316392138208, 0.06465309181846549]
estimated metric: [array([0.99633294, 0.99660383, 0.97999085, 0.94378135, 0.98156358,
       0.94464946, 0.98325038, 0.96012247, 0.94407473, 0.9589219 ]), array([0.9963107 , 0.99663552, 0.97984391, 0.94198355, 0.98153813,
       0.94761191, 0.98224296, 0.95635314, 0.94075581, 0.95683732]), array([0.99626877, 0.99655707, 0.97991373, 0.95428125, 0.98141241,
       0.95318653, 0.98277735, 0.95010053, 0.94547324, 0.95764772]), array([0.99632117, 0.99659415, 0.97957114, 0.9413618 , 0.98143087,
       0.94969361, 0.98170698, 0.95223199, 0.94416519, 0.95930482]), array([0.99626912, 0.99659388, 0.97954783, 0.94772981, 0.98131993,
       0.94744678, 0.98207565, 0.98575615, 0.94272806, 0.95979581])]
real metric: [array([0.95448731, 0.97502334, 0.9068865 , 0.85050258, 0.90972167,
       0.86367313, 0.82720172, 0.91004518, 0.93055787, 0.92776469]), array([0.94806929, 0.96766551, 0.91703133, 0.85732799, 0.91926883,
       0.85496041, 0.83466003, 0.92101185, 0.93623296, 0.9260097 ]), array([0.95811013, 0.97262585, 0.91505682, 0.85077633, 0.91907891,
       0.84996418, 0.82905979, 0.92678023, 0.93973638, 0.92009995]), array([0.9510594 , 0.97400596, 0.90404445, 0.85640765, 0.9161665 ,
       0.84628521, 0.82552152, 0.92644323, 0.9385005 , 0.92611566]), array([0.95658335, 0.97560008, 0.90652538, 0.85196325, 0.91765892,
       0.86439707, 0.82190344, 0.91559792, 0.93710121, 0.92540149])]

estim_algorithm = ts-model, mode = classification, metric = auc, confidence_scores = entropy-conf, class_specific = False
test err: [0.04074812381734142, 0.0365016118877553, 0.0440424000961651, 0.04151176080317435, 0.04204203700508967]
estimated metric: [array([0.93980725, 0.95227589, 0.93983096, 0.92255672, 0.94380068,
       0.93880886, 0.93078495, 0.94022589, 0.9479213 , 0.93247771]), array([0.9388395 , 0.95178882, 0.93870431, 0.92141492, 0.93982399,
       0.94435851, 0.9369339 , 0.95252203, 0.94479883, 0.92785625]), array([0.93900692, 0.95108184, 0.93958363, 0.92116209, 0.94498616,
       0.95036137, 0.95972346, 0.94764941, 0.95099812, 0.93586512]), array([0.94012   , 0.95251197, 0.93797039, 0.91984492, 0.94327081,
       0.95038202, 0.93969248, 0.94758489, 0.94228141, 0.94114203]), array([0.93859006, 0.95151268, 0.93817201, 0.92137789, 0.94393952,
       0.94222991, 0.93580855, 0.94833784, 0.95876967, 0.92055001])]
real metric: [array([0.95448731, 0.97502334, 0.9068865 , 0.85050258, 0.90972167,
       0.86367313, 0.82720172, 0.91004518, 0.93055787, 0.92776469]), array([0.94806929, 0.96766551, 0.91703133, 0.85732799, 0.91926883,
       0.85496041, 0.83466003, 0.92101185, 0.93623296, 0.9260097 ]), array([0.95811013, 0.97262585, 0.91505682, 0.85077633, 0.91907891,
       0.84996418, 0.82905979, 0.92678023, 0.93973638, 0.92009995]), array([0.9510594 , 0.97400596, 0.90404445, 0.85640765, 0.9161665 ,
       0.84628521, 0.82552152, 0.92644323, 0.9385005 , 0.92611566]), array([0.95658335, 0.97560008, 0.90652538, 0.85196325, 0.91765892,
       0.86439707, 0.82190344, 0.91559792, 0.93710121, 0.92540149])]

estim_algorithm = ts-model, mode = classification, metric = auc, confidence_scores = entropy-conf, class_specific = True
test err: [0.05098774416607108, 0.04891829005211791, 0.050242281615599696, 0.05084987641253208, 0.04870013807571179]
estimated metric: [array([0.96849546, 0.97308321, 0.95585285, 0.92907211, 0.96112794,
       0.91850013, 0.96608563, 0.96306099, 0.95866522, 0.96791762]), array([0.96848695, 0.97202679, 0.95504064, 0.92678995, 0.96032619,
       0.93374518, 0.96707087, 0.96565386, 0.95662716, 0.96565323]), array([0.96855828, 0.972915  , 0.95600651, 0.92957944, 0.96100354,
       0.94516225, 0.96516597, 0.96379192, 0.96117943, 0.96034902]), array([0.9681654 , 0.97273692, 0.95376568, 0.92497619, 0.96063332,
       0.93823046, 0.96431677, 0.96474199, 0.95891206, 0.96403198]), array([0.9678121 , 0.97232058, 0.95410882, 0.92877573, 0.95942997,
       0.91852312, 0.96500723, 0.96388674, 0.95685085, 0.96645935])]
real metric: [array([0.95448731, 0.97502334, 0.9068865 , 0.85050258, 0.90972167,
       0.86367313, 0.82720172, 0.91004518, 0.93055787, 0.92776469]), array([0.94806929, 0.96766551, 0.91703133, 0.85732799, 0.91926883,
       0.85496041, 0.83466003, 0.92101185, 0.93623296, 0.9260097 ]), array([0.95811013, 0.97262585, 0.91505682, 0.85077633, 0.91907891,
       0.84996418, 0.82905979, 0.92678023, 0.93973638, 0.92009995]), array([0.9510594 , 0.97400596, 0.90404445, 0.85640765, 0.9161665 ,
       0.84628521, 0.82552152, 0.92644323, 0.9385005 , 0.92611566]), array([0.95658335, 0.97560008, 0.90652538, 0.85196325, 0.91765892,
       0.86439707, 0.82190344, 0.91559792, 0.93710121, 0.92540149])]

estim_algorithm = ts-model, mode = classification, metric = auc, confidence_scores = doctor-conf, class_specific = False
test err: [0.03989233817395754, 0.036206871256661076, 0.04283278006900722, 0.0402531249212032, 0.039091451556349535]
estimated metric: [array([0.93895199, 0.95067474, 0.93980187, 0.92345666, 0.94150759,
       0.93574894, 0.92785256, 0.9370408 , 0.94515041, 0.93483398]), array([0.93716904, 0.94951735, 0.93846625, 0.92155875, 0.93844532,
       0.94355773, 0.93608176, 0.94808778, 0.9379157 , 0.91660929]), array([0.93780579, 0.94880342, 0.93983909, 0.92249276, 0.94250176,
       0.94620549, 0.95669126, 0.944885  , 0.94416599, 0.93797226]), array([0.9385169 , 0.9505722 , 0.93860832, 0.91932298, 0.93992954,
       0.94724088, 0.93586691, 0.94578057, 0.94037627, 0.93891424]), array([0.9380837 , 0.94981138, 0.93844002, 0.92351287, 0.94171574,
       0.93773089, 0.93168577, 0.94579652, 0.9425798 , 0.92508975])]
real metric: [array([0.95448731, 0.97502334, 0.9068865 , 0.85050258, 0.90972167,
       0.86367313, 0.82720172, 0.91004518, 0.93055787, 0.92776469]), array([0.94806929, 0.96766551, 0.91703133, 0.85732799, 0.91926883,
       0.85496041, 0.83466003, 0.92101185, 0.93623296, 0.9260097 ]), array([0.95811013, 0.97262585, 0.91505682, 0.85077633, 0.91907891,
       0.84996418, 0.82905979, 0.92678023, 0.93973638, 0.92009995]), array([0.9510594 , 0.97400596, 0.90404445, 0.85640765, 0.9161665 ,
       0.84628521, 0.82552152, 0.92644323, 0.9385005 , 0.92611566]), array([0.95658335, 0.97560008, 0.90652538, 0.85196325, 0.91765892,
       0.86439707, 0.82190344, 0.91559792, 0.93710121, 0.92540149])]

estim_algorithm = ts-model, mode = classification, metric = auc, confidence_scores = doctor-conf, class_specific = True
test err: [0.060424422555912335, 0.05759322563280581, 0.05892720701857644, 0.06095383241661996, 0.059719375562311175]
estimated metric: [array([0.97714443, 0.98375759, 0.97960174, 0.94184447, 0.96994233,
       0.92936327, 0.97773045, 0.97882877, 0.9578251 , 0.96407005]), array([0.97715713, 0.98346854, 0.97951721, 0.93929392, 0.96766148,
       0.94221366, 0.97752375, 0.97982006, 0.94949701, 0.96201742]), array([0.97711775, 0.98328258, 0.97929331, 0.94048928, 0.9689075 ,
       0.95017661, 0.97624922, 0.97859579, 0.9564829 , 0.95996569]), array([0.97734248, 0.98325258, 0.97909611, 0.93835171, 0.96860322,
       0.9516665 , 0.97570791, 0.98023554, 0.95465463, 0.96517772]), array([0.9764824 , 0.98333226, 0.97916549, 0.94203334, 0.96766387,
       0.93344291, 0.97798957, 0.97922754, 0.97035647, 0.960232  ])]
real metric: [array([0.95448731, 0.97502334, 0.9068865 , 0.85050258, 0.90972167,
       0.86367313, 0.82720172, 0.91004518, 0.93055787, 0.92776469]), array([0.94806929, 0.96766551, 0.91703133, 0.85732799, 0.91926883,
       0.85496041, 0.83466003, 0.92101185, 0.93623296, 0.9260097 ]), array([0.95811013, 0.97262585, 0.91505682, 0.85077633, 0.91907891,
       0.84996418, 0.82905979, 0.92678023, 0.93973638, 0.92009995]), array([0.9510594 , 0.97400596, 0.90404445, 0.85640765, 0.9161665 ,
       0.84628521, 0.82552152, 0.92644323, 0.9385005 , 0.92611566]), array([0.95658335, 0.97560008, 0.90652538, 0.85196325, 0.91765892,
       0.86439707, 0.82190344, 0.91559792, 0.93710121, 0.92540149])]

estim_algorithm = doc-model, mode = classification, metric = auc, confidence_scores = max_class_probability-conf, class_specific = False
test err: [0.04279790476049561, 0.04439844479371709, 0.047424512324614, 0.046427863976733555, 0.04491704231923068]
estimated metric: [array([0.88528711, 0.88902817, 0.88140522, 0.87586694, 0.88322903,
       0.88081481, 0.88161016, 0.88317408, 0.88254786, 0.87875054]), array([0.88532254, 0.88817674, 0.88140926, 0.87595073, 0.88273418,
       0.88224535, 0.88234855, 0.88474095, 0.88418884, 0.87832873]), array([0.88575339, 0.88936708, 0.88130113, 0.87632783, 0.88264185,
       0.88188781, 0.88125755, 0.88346727, 0.88276898, 0.88161635]), array([0.88562133, 0.88881717, 0.88046171, 0.87616013, 0.88239529,
       0.88369496, 0.88150123, 0.88513943, 0.88290382, 0.87986024]), array([0.88543009, 0.88936566, 0.88111797, 0.87599075, 0.88263545,
       0.88281971, 0.88344311, 0.88403313, 0.88323937, 0.88346605])]
real metric: [array([0.95448731, 0.97502334, 0.9068865 , 0.85050258, 0.90972167,
       0.86367313, 0.82720172, 0.91004518, 0.93055787, 0.92776469]), array([0.94806929, 0.96766551, 0.91703133, 0.85732799, 0.91926883,
       0.85496041, 0.83466003, 0.92101185, 0.93623296, 0.9260097 ]), array([0.95811013, 0.97262585, 0.91505682, 0.85077633, 0.91907891,
       0.84996418, 0.82905979, 0.92678023, 0.93973638, 0.92009995]), array([0.9510594 , 0.97400596, 0.90404445, 0.85640765, 0.9161665 ,
       0.84628521, 0.82552152, 0.92644323, 0.9385005 , 0.92611566]), array([0.95658335, 0.97560008, 0.90652538, 0.85196325, 0.91765892,
       0.86439707, 0.82190344, 0.91559792, 0.93710121, 0.92540149])]

estim_algorithm = doc-model, mode = classification, metric = auc, confidence_scores = max_class_probability-conf, class_specific = True
test err: [0.06291894157452303, 0.06064596978749034, 0.06077971845853678, 0.06246413636966251, 0.062195157879409144]
estimated metric: [array([0.98393738, 0.98319259, 0.96965518, 0.95553695, 0.96968438,
       0.94867105, 0.97166487, 0.96972403, 0.96557318, 0.96741379]), array([0.98389419, 0.98235565, 0.96970585, 0.9556071 , 0.96918134,
       0.95016288, 0.9723274 , 0.97123918, 0.96721466, 0.96700936]), array([0.98417415, 0.98354386, 0.96955343, 0.95591818, 0.96889081,
       0.94971334, 0.97129053, 0.96994921, 0.96572624, 0.97032599]), array([0.98399954, 0.98294939, 0.96862115, 0.95588469, 0.96868796,
       0.95156733, 0.97150255, 0.97160663, 0.96584546, 0.96852674]), array([0.98392872, 0.98349203, 0.96940458, 0.95584415, 0.96890899,
       0.95065731, 0.97346428, 0.9705284 , 0.96623806, 0.97221715])]
real metric: [array([0.95448731, 0.97502334, 0.9068865 , 0.85050258, 0.90972167,
       0.86367313, 0.82720172, 0.91004518, 0.93055787, 0.92776469]), array([0.94806929, 0.96766551, 0.91703133, 0.85732799, 0.91926883,
       0.85496041, 0.83466003, 0.92101185, 0.93623296, 0.9260097 ]), array([0.95811013, 0.97262585, 0.91505682, 0.85077633, 0.91907891,
       0.84996418, 0.82905979, 0.92678023, 0.93973638, 0.92009995]), array([0.9510594 , 0.97400596, 0.90404445, 0.85640765, 0.9161665 ,
       0.84628521, 0.82552152, 0.92644323, 0.9385005 , 0.92611566]), array([0.95658335, 0.97560008, 0.90652538, 0.85196325, 0.91765892,
       0.86439707, 0.82190344, 0.91559792, 0.93710121, 0.92540149])]

estim_algorithm = doc-model, mode = classification, metric = auc, confidence_scores = energy-conf, class_specific = False
test err: [0.04154774128896619, 0.047689232280229886, 0.04183736017462435, 0.04468559227338718, 0.041240304648703464]
estimated metric: [array([0.94163608, 0.94949091, 0.93582487, 0.92119578, 0.95008288,
       0.94407063, 0.90083978, 0.95798554, 0.96096458, 0.92304635]), array([0.92548854, 0.94894098, 0.93619325, 0.91757849, 0.94466077,
       0.96147167, 0.92439289, 0.96165892, 0.89359546, 0.87475569]), array([0.938477  , 0.95198019, 0.93637922, 0.91702781, 0.95113793,
       0.96049859, 0.94324343, 0.95682235, 0.94266373, 0.92087433]), array([0.93336697, 0.94983084, 0.93344751, 0.91298167, 0.95635071,
       0.95785597, 0.9224576 , 0.95883728, 0.95279459, 0.90248354]), array([0.93222589, 0.95238377, 0.93497633, 0.91906192, 0.94828284,
       0.95184686, 0.90548818, 0.95452321, 0.95535536, 0.91495973])]
real metric: [array([0.95448731, 0.97502334, 0.9068865 , 0.85050258, 0.90972167,
       0.86367313, 0.82720172, 0.91004518, 0.93055787, 0.92776469]), array([0.94806929, 0.96766551, 0.91703133, 0.85732799, 0.91926883,
       0.85496041, 0.83466003, 0.92101185, 0.93623296, 0.9260097 ]), array([0.95811013, 0.97262585, 0.91505682, 0.85077633, 0.91907891,
       0.84996418, 0.82905979, 0.92678023, 0.93973638, 0.92009995]), array([0.9510594 , 0.97400596, 0.90404445, 0.85640765, 0.9161665 ,
       0.84628521, 0.82552152, 0.92644323, 0.9385005 , 0.92611566]), array([0.95658335, 0.97560008, 0.90652538, 0.85196325, 0.91765892,
       0.86439707, 0.82190344, 0.91559792, 0.93710121, 0.92540149])]

estim_algorithm = doc-model, mode = classification, metric = auc, confidence_scores = energy-conf, class_specific = True
test err: [0.04004108752501008, 0.03566040477608764, 0.04819280515923206, 0.042608482362237465, 0.038416226398144626]
estimated metric: [array([0.95052639, 0.97273473, 0.93682663, 0.92743062, 0.95913546,
       0.93645689, 0.87499408, 0.86721562, 0.96158762, 0.97120864]), array([0.95131968, 0.97259427, 0.91907822, 0.92473601, 0.95769823,
       0.95545286, 0.89869847, 0.90041547, 0.94680252, 0.97085348]), array([0.9518622 , 0.9726954 , 0.93412144, 0.92619832, 0.96024712,
       0.95932879, 0.91774733, 0.86212171, 0.96611511, 0.97096631]), array([0.95078992, 0.97258123, 0.92790367, 0.92555302, 0.95816913,
       0.95368939, 0.89675996, 0.87429551, 0.95216271, 0.97104649]), array([0.95148701, 0.9724418 , 0.93537514, 0.92890429, 0.96119586,
       0.9451109 , 0.8796067 , 0.93641658, 0.95905035, 0.97079651])]
real metric: [array([0.95448731, 0.97502334, 0.9068865 , 0.85050258, 0.90972167,
       0.86367313, 0.82720172, 0.91004518, 0.93055787, 0.92776469]), array([0.94806929, 0.96766551, 0.91703133, 0.85732799, 0.91926883,
       0.85496041, 0.83466003, 0.92101185, 0.93623296, 0.9260097 ]), array([0.95811013, 0.97262585, 0.91505682, 0.85077633, 0.91907891,
       0.84996418, 0.82905979, 0.92678023, 0.93973638, 0.92009995]), array([0.9510594 , 0.97400596, 0.90404445, 0.85640765, 0.9161665 ,
       0.84628521, 0.82552152, 0.92644323, 0.9385005 , 0.92611566]), array([0.95658335, 0.97560008, 0.90652538, 0.85196325, 0.91765892,
       0.86439707, 0.82190344, 0.91559792, 0.93710121, 0.92540149])]

estim_algorithm = doc-model, mode = classification, metric = auc, confidence_scores = entropy-conf, class_specific = False
test err: [0.040177082559471035, 0.04179820992744069, 0.04516628896900754, 0.0441123710503641, 0.04202192053375424]
estimated metric: [array([0.88978418, 0.89551529, 0.88528765, 0.87729584, 0.88869194,
       0.88767333, 0.88959546, 0.88901697, 0.88880849, 0.88879842]), array([0.88989604, 0.89457185, 0.88541612, 0.87699693, 0.88769976,
       0.88899318, 0.88866919, 0.89064354, 0.89075664, 0.88603429]), array([0.89035008, 0.89471621, 0.88598813, 0.87719086, 0.8880254 ,
       0.88658272, 0.88817163, 0.88949814, 0.89124073, 0.88215161]), array([0.89003224, 0.89519726, 0.88448822, 0.87709161, 0.88666883,
       0.88914996, 0.88850019, 0.89052676, 0.89053447, 0.88429158]), array([0.8893305 , 0.89584005, 0.88523941, 0.8766257 , 0.88855747,
       0.88719737, 0.886539  , 0.89016684, 0.88752079, 0.88969239])]
real metric: [array([0.95448731, 0.97502334, 0.9068865 , 0.85050258, 0.90972167,
       0.86367313, 0.82720172, 0.91004518, 0.93055787, 0.92776469]), array([0.94806929, 0.96766551, 0.91703133, 0.85732799, 0.91926883,
       0.85496041, 0.83466003, 0.92101185, 0.93623296, 0.9260097 ]), array([0.95811013, 0.97262585, 0.91505682, 0.85077633, 0.91907891,
       0.84996418, 0.82905979, 0.92678023, 0.93973638, 0.92009995]), array([0.9510594 , 0.97400596, 0.90404445, 0.85640765, 0.9161665 ,
       0.84628521, 0.82552152, 0.92644323, 0.9385005 , 0.92611566]), array([0.95658335, 0.97560008, 0.90652538, 0.85196325, 0.91765892,
       0.86439707, 0.82190344, 0.91559792, 0.93710121, 0.92540149])]

estim_algorithm = doc-model, mode = classification, metric = auc, confidence_scores = entropy-conf, class_specific = True
test err: [0.061941095069848295, 0.059249388397321044, 0.05878503116531943, 0.06061608628165806, 0.05987893692064215]
estimated metric: [array([0.98231159, 0.98396279, 0.96661514, 0.95089148, 0.96830332,
       0.94824908, 0.97250277, 0.96807108, 0.96351074, 0.97085694]), array([0.98197053, 0.98360529, 0.96674982, 0.950724  , 0.96724181,
       0.94963124, 0.97151313, 0.96969639, 0.96545179, 0.9681478 ]), array([0.98205356, 0.98442857, 0.9674244 , 0.95071488, 0.96770485,
       0.94714423, 0.97104744, 0.96858024, 0.96597294, 0.96406776]), array([0.98223071, 0.9840119 , 0.9657677 , 0.95061013, 0.96617179,
       0.94967095, 0.9713067 , 0.96949334, 0.96518756, 0.96626016]), array([0.98225479, 0.98420871, 0.96664131, 0.95023027, 0.968121  ,
       0.94766232, 0.9693041 , 0.96918223, 0.96212837, 0.97178836])]
real metric: [array([0.95448731, 0.97502334, 0.9068865 , 0.85050258, 0.90972167,
       0.86367313, 0.82720172, 0.91004518, 0.93055787, 0.92776469]), array([0.94806929, 0.96766551, 0.91703133, 0.85732799, 0.91926883,
       0.85496041, 0.83466003, 0.92101185, 0.93623296, 0.9260097 ]), array([0.95811013, 0.97262585, 0.91505682, 0.85077633, 0.91907891,
       0.84996418, 0.82905979, 0.92678023, 0.93973638, 0.92009995]), array([0.9510594 , 0.97400596, 0.90404445, 0.85640765, 0.9161665 ,
       0.84628521, 0.82552152, 0.92644323, 0.9385005 , 0.92611566]), array([0.95658335, 0.97560008, 0.90652538, 0.85196325, 0.91765892,
       0.86439707, 0.82190344, 0.91559792, 0.93710121, 0.92540149])]

estim_algorithm = doc-model, mode = classification, metric = auc, confidence_scores = doctor-conf, class_specific = False
test err: [0.05008943470169626, 0.05203697634541432, 0.0555070612795943, 0.0538641069859533, 0.05219489123501923]
estimated metric: [array([0.86611629, 0.87000564, 0.86078868, 0.85692876, 0.865387  ,
       0.86489018, 0.86530954, 0.8674695 , 0.86659199, 0.86298417]), array([0.86579696, 0.86971681, 0.86073893, 0.85680986, 0.86471542,
       0.86438195, 0.8643314 , 0.86701977, 0.86648493, 0.86005796]), array([0.86417196, 0.86980888, 0.86091468, 0.8568424 , 0.86581672,
       0.86468907, 0.86422179, 0.86585607, 0.86517347, 0.86062884]), array([0.86438534, 0.86981356, 0.86001532, 0.85701585, 0.86491233,
       0.8656559 , 0.86362931, 0.86709961, 0.86666949, 0.86288565]), array([0.86590702, 0.87001004, 0.86069195, 0.85661667, 0.86533298,
       0.8643402 , 0.86176078, 0.86705209, 0.8662636 , 0.86182938])]
real metric: [array([0.95448731, 0.97502334, 0.9068865 , 0.85050258, 0.90972167,
       0.86367313, 0.82720172, 0.91004518, 0.93055787, 0.92776469]), array([0.94806929, 0.96766551, 0.91703133, 0.85732799, 0.91926883,
       0.85496041, 0.83466003, 0.92101185, 0.93623296, 0.9260097 ]), array([0.95811013, 0.97262585, 0.91505682, 0.85077633, 0.91907891,
       0.84996418, 0.82905979, 0.92678023, 0.93973638, 0.92009995]), array([0.9510594 , 0.97400596, 0.90404445, 0.85640765, 0.9161665 ,
       0.84628521, 0.82552152, 0.92644323, 0.9385005 , 0.92611566]), array([0.95658335, 0.97560008, 0.90652538, 0.85196325, 0.91765892,
       0.86439707, 0.82190344, 0.91559792, 0.93710121, 0.92540149])]

estim_algorithm = doc-model, mode = classification, metric = auc, confidence_scores = doctor-conf, class_specific = True
test err: [0.06844026597543812, 0.06551915733269623, 0.065411230157666, 0.06748696213789343, 0.06665756916039224]
estimated metric: [array([0.98887602, 0.98864705, 0.97401844, 0.96188439, 0.97577388,
       0.95479456, 0.97770713, 0.97513761, 0.9698835 , 0.97354406]), array([0.98865545, 0.98841735, 0.97403203, 0.96200388, 0.97563284,
       0.95459576, 0.9773191 , 0.97487693, 0.97028092, 0.97161523]), array([0.98882663, 0.98861679, 0.97412012, 0.96190233, 0.97608348,
       0.95468433, 0.97700915, 0.97359115, 0.96863542, 0.97193146]), array([0.98880503, 0.98860275, 0.97350539, 0.96204216, 0.97551289,
       0.95569489, 0.9766252 , 0.97463046, 0.9701661 , 0.97383482]), array([0.98873105, 0.98857104, 0.97391366, 0.96183273, 0.97576702,
       0.95438096, 0.97839005, 0.97481444, 0.96977496, 0.97313187])]
real metric: [array([0.95448731, 0.97502334, 0.9068865 , 0.85050258, 0.90972167,
       0.86367313, 0.82720172, 0.91004518, 0.93055787, 0.92776469]), array([0.94806929, 0.96766551, 0.91703133, 0.85732799, 0.91926883,
       0.85496041, 0.83466003, 0.92101185, 0.93623296, 0.9260097 ]), array([0.95811013, 0.97262585, 0.91505682, 0.85077633, 0.91907891,
       0.84996418, 0.82905979, 0.92678023, 0.93973638, 0.92009995]), array([0.9510594 , 0.97400596, 0.90404445, 0.85640765, 0.9161665 ,
       0.84628521, 0.82552152, 0.92644323, 0.9385005 , 0.92611566]), array([0.95658335, 0.97560008, 0.90652538, 0.85196325, 0.91765892,
       0.86439707, 0.82190344, 0.91559792, 0.93710121, 0.92540149])]

