estim_algorithm = ac-model, mode = classification, metric = auc, confidence_scores = max_class_probability-conf, class_specific = False
test err: [0.02811874702884084, 0.027291839652428727, 0.025293722414883823, 0.02805801694574812, 0.029854483360974217]
estimated metric: [array([0.98467278, 0.98747692, 0.98390479, 0.97770408, 0.98337649,
       0.98197094, 0.98241221, 0.98237554, 0.9824864 , 0.98351141]), array([0.98558338, 0.98780575, 0.9837437 , 0.9784391 , 0.98330859,
       0.9826894 , 0.98272823, 0.98218983, 0.98360497, 0.9828522 ]), array([0.98531661, 0.98804784, 0.98462887, 0.97826231, 0.98430077,
       0.9820234 , 0.98323746, 0.98266969, 0.98213751, 0.98364561]), array([0.9854856 , 0.98775205, 0.98336003, 0.97795301, 0.98357033,
       0.98282819, 0.98246243, 0.98288482, 0.98194789, 0.98351484]), array([0.98497628, 0.98703825, 0.98354416, 0.97733699, 0.98355249,
       0.98296303, 0.98166685, 0.98216169, 0.98259574, 0.98227531])]
real metric: [array([0.97103036, 0.99202206, 0.95273748, 0.92167932, 0.94663341,
       0.9386585 , 0.95238861, 0.95390662, 0.95917619, 0.96956182]), array([0.97852149, 0.99249773, 0.94539569, 0.91247466, 0.95105666,
       0.94264236, 0.95551948, 0.9553776 , 0.96335083, 0.9725742 ]), array([0.97597575, 0.99121871, 0.95266848, 0.92861995, 0.95340101,
       0.93192369, 0.96564139, 0.95166462, 0.9667937 , 0.9697673 ]), array([0.97552241, 0.99150185, 0.9491915 , 0.92313403, 0.94584881,
       0.93388603, 0.95629056, 0.95544715, 0.95727685, 0.97057945]), array([0.97676593, 0.99194769, 0.94792327, 0.92119409, 0.9402246 ,
       0.93325615, 0.9499079 , 0.95229705, 0.96027401, 0.96559415])]

estim_algorithm = ac-model, mode = classification, metric = auc, confidence_scores = energy-conf, class_specific = False
test err: [0.17655405555578896, 0.17641010231904716, 0.16405327722405277, 0.16836413638798087, 0.1700589209605938]
estimated metric: [array([0.75161493, 0.84270785, 0.81119126, 0.77449144, 0.79560576,
       0.72011742, 0.76016517, 0.76127634, 0.79200776, 0.78307591]), array([0.74429219, 0.82954079, 0.79026545, 0.70859689, 0.81750255,
       0.79186397, 0.72595345, 0.77355451, 0.79631866, 0.82742122]), array([0.72960491, 0.85559357, 0.78574971, 0.78119005, 0.84902998,
       0.70188451, 0.74229408, 0.79701489, 0.86293761, 0.84184251]), array([0.72454928, 0.87731497, 0.80921149, 0.79698393, 0.80151196,
       0.78578233, 0.73488932, 0.71858438, 0.8038944 , 0.82231522]), array([0.73448543, 0.83776619, 0.80078134, 0.76698025, 0.83954308,
       0.75015461, 0.78794085, 0.76504575, 0.76358147, 0.79251668])]
real metric: [array([0.97103036, 0.99202206, 0.95273748, 0.92167932, 0.94663341,
       0.9386585 , 0.95238861, 0.95390662, 0.95917619, 0.96956182]), array([0.97852149, 0.99249773, 0.94539569, 0.91247466, 0.95105666,
       0.94264236, 0.95551948, 0.9553776 , 0.96335083, 0.9725742 ]), array([0.97597575, 0.99121871, 0.95266848, 0.92861995, 0.95340101,
       0.93192369, 0.96564139, 0.95166462, 0.9667937 , 0.9697673 ]), array([0.97552241, 0.99150185, 0.9491915 , 0.92313403, 0.94584881,
       0.93388603, 0.95629056, 0.95544715, 0.95727685, 0.97057945]), array([0.97676593, 0.99194769, 0.94792327, 0.92119409, 0.9402246 ,
       0.93325615, 0.9499079 , 0.95229705, 0.96027401, 0.96559415])]

estim_algorithm = ac-model, mode = classification, metric = auc, confidence_scores = entropy-conf, class_specific = False
test err: [0.02461391436713658, 0.023817085866824274, 0.021883037197802824, 0.024723547775999066, 0.026183591782406257]
estimated metric: [array([0.98063732, 0.98430313, 0.97997609, 0.97167045, 0.97961564,
       0.97799261, 0.97847569, 0.97873544, 0.97817994, 0.97890935]), array([0.98140325, 0.98486295, 0.97976083, 0.97179158, 0.97912565,
       0.97772812, 0.97979584, 0.97943693, 0.97910656, 0.97930031]), array([0.98121328, 0.98527419, 0.98079085, 0.97280132, 0.97990047,
       0.97853009, 0.97890389, 0.97997973, 0.97799418, 0.97922793]), array([0.98132443, 0.98444186, 0.98008795, 0.97206904, 0.979839  ,
       0.97829505, 0.97739152, 0.98030424, 0.97831915, 0.97972189]), array([0.98098393, 0.98415226, 0.97974802, 0.97145442, 0.97893125,
       0.97792575, 0.97809857, 0.97867956, 0.97827085, 0.97738529])]
real metric: [array([0.97103036, 0.99202206, 0.95273748, 0.92167932, 0.94663341,
       0.9386585 , 0.95238861, 0.95390662, 0.95917619, 0.96956182]), array([0.97852149, 0.99249773, 0.94539569, 0.91247466, 0.95105666,
       0.94264236, 0.95551948, 0.9553776 , 0.96335083, 0.9725742 ]), array([0.97597575, 0.99121871, 0.95266848, 0.92861995, 0.95340101,
       0.93192369, 0.96564139, 0.95166462, 0.9667937 , 0.9697673 ]), array([0.97552241, 0.99150185, 0.9491915 , 0.92313403, 0.94584881,
       0.93388603, 0.95629056, 0.95544715, 0.95727685, 0.97057945]), array([0.97676593, 0.99194769, 0.94792327, 0.92119409, 0.9402246 ,
       0.93325615, 0.9499079 , 0.95229705, 0.96027401, 0.96559415])]

estim_algorithm = ac-model, mode = classification, metric = auc, confidence_scores = doctor-conf, class_specific = False
test err: [0.03232538632517219, 0.03154051256528031, 0.02985035652483936, 0.0324886681389084, 0.0342420238055001]
estimated metric: [array([0.98942187, 0.99200637, 0.98850011, 0.98380136, 0.98802714,
       0.986838  , 0.98783105, 0.98744718, 0.9882375 , 0.98890629]), array([0.99009293, 0.99222644, 0.98854126, 0.98428569, 0.98826229,
       0.98775547, 0.98802945, 0.98832202, 0.98865713, 0.98810057]), array([0.98967442, 0.9924031 , 0.98956784, 0.98450568, 0.9892077 ,
       0.98735471, 0.98827105, 0.98826614, 0.98788159, 0.98904592]), array([0.98980656, 0.9922333 , 0.98851001, 0.98402114, 0.9884037 ,
       0.98736649, 0.98790952, 0.98842749, 0.98812841, 0.98875869]), array([0.98967996, 0.99179541, 0.98824695, 0.98362341, 0.9884851 ,
       0.98833144, 0.98746718, 0.98768342, 0.98830159, 0.98788605])]
real metric: [array([0.97103036, 0.99202206, 0.95273748, 0.92167932, 0.94663341,
       0.9386585 , 0.95238861, 0.95390662, 0.95917619, 0.96956182]), array([0.97852149, 0.99249773, 0.94539569, 0.91247466, 0.95105666,
       0.94264236, 0.95551948, 0.9553776 , 0.96335083, 0.9725742 ]), array([0.97597575, 0.99121871, 0.95266848, 0.92861995, 0.95340101,
       0.93192369, 0.96564139, 0.95166462, 0.9667937 , 0.9697673 ]), array([0.97552241, 0.99150185, 0.9491915 , 0.92313403, 0.94584881,
       0.93388603, 0.95629056, 0.95544715, 0.95727685, 0.97057945]), array([0.97676593, 0.99194769, 0.94792327, 0.92119409, 0.9402246 ,
       0.93325615, 0.9499079 , 0.95229705, 0.96027401, 0.96559415])]

estim_algorithm = ts-model, mode = classification, metric = auc, confidence_scores = max_class_probability-conf, class_specific = False
test err: [0.011000903517721294, 0.012886163577990651, 0.01275745624299981, 0.012368952757740304, 0.014109814405221455]
estimated metric: [array([0.95101008, 0.96308928, 0.95539313, 0.94162232, 0.95401615,
       0.95117697, 0.95509355, 0.95383176, 0.95729718, 0.95566453]), array([0.95134479, 0.96228854, 0.95311366, 0.93884301, 0.95223197,
       0.95320045, 0.95439082, 0.9536207 , 0.95732756, 0.955827  ]), array([0.95144402, 0.96300491, 0.95636019, 0.94296226, 0.95450554,
       0.95056391, 0.95596224, 0.95668838, 0.95785046, 0.95636319]), array([0.95059074, 0.96234946, 0.95513273, 0.94097981, 0.95333536,
       0.95232312, 0.95385225, 0.95317686, 0.95813698, 0.95625334]), array([0.9503748 , 0.96221062, 0.95475241, 0.93981444, 0.95216028,
       0.9534201 , 0.9549857 , 0.95335018, 0.95309022, 0.95148804])]
real metric: [array([0.97103036, 0.99202206, 0.95273748, 0.92167932, 0.94663341,
       0.9386585 , 0.95238861, 0.95390662, 0.95917619, 0.96956182]), array([0.97852149, 0.99249773, 0.94539569, 0.91247466, 0.95105666,
       0.94264236, 0.95551948, 0.9553776 , 0.96335083, 0.9725742 ]), array([0.97597575, 0.99121871, 0.95266848, 0.92861995, 0.95340101,
       0.93192369, 0.96564139, 0.95166462, 0.9667937 , 0.9697673 ]), array([0.97552241, 0.99150185, 0.9491915 , 0.92313403, 0.94584881,
       0.93388603, 0.95629056, 0.95544715, 0.95727685, 0.97057945]), array([0.97676593, 0.99194769, 0.94792327, 0.92119409, 0.9402246 ,
       0.93325615, 0.9499079 , 0.95229705, 0.96027401, 0.96559415])]

estim_algorithm = ts-model, mode = classification, metric = auc, confidence_scores = max_class_probability-conf, class_specific = True
test err: [0.014579165676629046, 0.013445210476098724, 0.011093837752486447, 0.014904741357963913, 0.01662545582973357]
estimated metric: [array([0.979739  , 0.98254989, 0.96161642, 0.94850059, 0.9664305 ,
       0.9464985 , 0.97759045, 0.97142191, 0.97598971, 0.97430472]), array([0.97995589, 0.98257861, 0.9593404 , 0.94390808, 0.96566437,
       0.95268099, 0.97748056, 0.97174917, 0.97630492, 0.97436161]), array([0.98033323, 0.98317089, 0.96046569, 0.95047258, 0.96745639,
       0.9415918 , 0.97829002, 0.97090033, 0.97519362, 0.97464278]), array([0.97977471, 0.98249266, 0.96054896, 0.94907211, 0.96725244,
       0.95107113, 0.97782017, 0.97209476, 0.97478631, 0.97479442]), array([0.97942133, 0.98214357, 0.96034628, 0.94726165, 0.9665764 ,
       0.95440854, 0.97685938, 0.9706341 , 0.97544255, 0.97293736])]
real metric: [array([0.97103036, 0.99202206, 0.95273748, 0.92167932, 0.94663341,
       0.9386585 , 0.95238861, 0.95390662, 0.95917619, 0.96956182]), array([0.97852149, 0.99249773, 0.94539569, 0.91247466, 0.95105666,
       0.94264236, 0.95551948, 0.9553776 , 0.96335083, 0.9725742 ]), array([0.97597575, 0.99121871, 0.95266848, 0.92861995, 0.95340101,
       0.93192369, 0.96564139, 0.95166462, 0.9667937 , 0.9697673 ]), array([0.97552241, 0.99150185, 0.9491915 , 0.92313403, 0.94584881,
       0.93388603, 0.95629056, 0.95544715, 0.95727685, 0.97057945]), array([0.97676593, 0.99194769, 0.94792327, 0.92119409, 0.9402246 ,
       0.93325615, 0.9499079 , 0.95229705, 0.96027401, 0.96559415])]

estim_algorithm = ts-model, mode = classification, metric = auc, confidence_scores = energy-conf, class_specific = False
test err: [0.04626802120507771, 0.04419530986252438, 0.039491127015182745, 0.04174175472472284, 0.04183373549090942]
estimated metric: [array([0.87220571, 0.94328538, 0.92727856, 0.89207751, 0.91611771,
       0.88420662, 0.89313876, 0.91717882, 0.92620843, 0.92341666]), array([0.87808511, 0.93319733, 0.914551  , 0.85813272, 0.94145816,
       0.91784984, 0.87998773, 0.91454745, 0.93114446, 0.95850381]), array([0.86575419, 0.95580505, 0.90888366, 0.89315366, 0.95564243,
       0.87340497, 0.88526498, 0.93487657, 0.97559015, 0.96646341]), array([0.86994346, 0.95623503, 0.91979425, 0.90546038, 0.92129767,
       0.91508279, 0.88806863, 0.88657245, 0.93568569, 0.94312076]), array([0.87217685, 0.94289545, 0.91425457, 0.88465031, 0.95064223,
       0.90097975, 0.90605394, 0.90949577, 0.90543545, 0.95529844])]
real metric: [array([0.97103036, 0.99202206, 0.95273748, 0.92167932, 0.94663341,
       0.9386585 , 0.95238861, 0.95390662, 0.95917619, 0.96956182]), array([0.97852149, 0.99249773, 0.94539569, 0.91247466, 0.95105666,
       0.94264236, 0.95551948, 0.9553776 , 0.96335083, 0.9725742 ]), array([0.97597575, 0.99121871, 0.95266848, 0.92861995, 0.95340101,
       0.93192369, 0.96564139, 0.95166462, 0.9667937 , 0.9697673 ]), array([0.97552241, 0.99150185, 0.9491915 , 0.92313403, 0.94584881,
       0.93388603, 0.95629056, 0.95544715, 0.95727685, 0.97057945]), array([0.97676593, 0.99194769, 0.94792327, 0.92119409, 0.9402246 ,
       0.93325615, 0.9499079 , 0.95229705, 0.96027401, 0.96559415])]

estim_algorithm = ts-model, mode = classification, metric = auc, confidence_scores = energy-conf, class_specific = True
test err: [0.02539015366938071, 0.02417145934277165, 0.02175845586241636, 0.02518997980193609, 0.026466915278904414]
estimated metric: [array([0.99730338, 0.99751092, 0.97620487, 0.97159057, 0.98069145,
       0.96391328, 0.98615591, 0.97836337, 0.97903416, 0.98092801]), array([0.99727357, 0.99747582, 0.97589552, 0.96382201, 0.98026008,
       0.97344649, 0.98624908, 0.97520144, 0.97885481, 0.98264649]), array([0.99734385, 0.99753904, 0.97674643, 0.96936658, 0.98076696,
       0.9596085 , 0.98619626, 0.97867724, 0.97894167, 0.98007261]), array([0.99728586, 0.99749287, 0.97620696, 0.97131077, 0.98065861,
       0.97338095, 0.98590796, 0.96918596, 0.97910828, 0.98004023]), array([0.99729017, 0.99747496, 0.97653646, 0.96681538, 0.98047587,
       0.96644888, 0.98565207, 0.9754001 , 0.97944103, 0.97851908])]
real metric: [array([0.97103036, 0.99202206, 0.95273748, 0.92167932, 0.94663341,
       0.9386585 , 0.95238861, 0.95390662, 0.95917619, 0.96956182]), array([0.97852149, 0.99249773, 0.94539569, 0.91247466, 0.95105666,
       0.94264236, 0.95551948, 0.9553776 , 0.96335083, 0.9725742 ]), array([0.97597575, 0.99121871, 0.95266848, 0.92861995, 0.95340101,
       0.93192369, 0.96564139, 0.95166462, 0.9667937 , 0.9697673 ]), array([0.97552241, 0.99150185, 0.9491915 , 0.92313403, 0.94584881,
       0.93388603, 0.95629056, 0.95544715, 0.95727685, 0.97057945]), array([0.97676593, 0.99194769, 0.94792327, 0.92119409, 0.9402246 ,
       0.93325615, 0.9499079 , 0.95229705, 0.96027401, 0.96559415])]

estim_algorithm = ts-model, mode = classification, metric = auc, confidence_scores = entropy-conf, class_specific = False
test err: [0.010981503543795767, 0.012878730080092559, 0.012760802232553436, 0.01231819203280401, 0.014037896998833854]
estimated metric: [array([0.95159306, 0.96322617, 0.95572874, 0.94162913, 0.95425264,
       0.95154615, 0.9550744 , 0.95384747, 0.95754039, 0.95580867]), array([0.95181539, 0.96253481, 0.95347059, 0.93946373, 0.95219216,
       0.95349229, 0.95468719, 0.95385831, 0.95759977, 0.95560794]), array([0.951758  , 0.96327887, 0.95653233, 0.94316205, 0.95468683,
       0.95094272, 0.95623067, 0.9569955 , 0.95816513, 0.95639786]), array([0.95103401, 0.96253882, 0.95519475, 0.94160706, 0.95322142,
       0.95234443, 0.95418518, 0.95349923, 0.95841461, 0.9563473 ]), array([0.95062057, 0.96233228, 0.95462919, 0.93982972, 0.95213149,
       0.9536737 , 0.954638  , 0.95369034, 0.95355646, 0.95148288])]
real metric: [array([0.97103036, 0.99202206, 0.95273748, 0.92167932, 0.94663341,
       0.9386585 , 0.95238861, 0.95390662, 0.95917619, 0.96956182]), array([0.97852149, 0.99249773, 0.94539569, 0.91247466, 0.95105666,
       0.94264236, 0.95551948, 0.9553776 , 0.96335083, 0.9725742 ]), array([0.97597575, 0.99121871, 0.95266848, 0.92861995, 0.95340101,
       0.93192369, 0.96564139, 0.95166462, 0.9667937 , 0.9697673 ]), array([0.97552241, 0.99150185, 0.9491915 , 0.92313403, 0.94584881,
       0.93388603, 0.95629056, 0.95544715, 0.95727685, 0.97057945]), array([0.97676593, 0.99194769, 0.94792327, 0.92119409, 0.9402246 ,
       0.93325615, 0.9499079 , 0.95229705, 0.96027401, 0.96559415])]

estim_algorithm = ts-model, mode = classification, metric = auc, confidence_scores = entropy-conf, class_specific = True
test err: [0.014272036177951909, 0.01324831275062045, 0.011243550533256774, 0.014694264506361554, 0.016467511383403043]
estimated metric: [array([0.97889463, 0.97813692, 0.96061693, 0.94786014, 0.96564219,
       0.94683263, 0.97779947, 0.97106384, 0.97192691, 0.9739708 ]), array([0.97907412, 0.97842096, 0.95877911, 0.94408102, 0.96525998,
       0.95224166, 0.97790907, 0.97174306, 0.97233949, 0.97389183]), array([0.97978101, 0.97918649, 0.96019466, 0.94986003, 0.96675511,
       0.94344211, 0.97869005, 0.97137944, 0.97194831, 0.97480845]), array([0.978814  , 0.97777553, 0.96016691, 0.94855032, 0.96673642,
       0.95068126, 0.97793199, 0.97225981, 0.97142023, 0.97383217]), array([0.97873194, 0.97757345, 0.95978152, 0.94677079, 0.9658732 ,
       0.95408923, 0.97783569, 0.9700414 , 0.97160912, 0.97300514])]
real metric: [array([0.97103036, 0.99202206, 0.95273748, 0.92167932, 0.94663341,
       0.9386585 , 0.95238861, 0.95390662, 0.95917619, 0.96956182]), array([0.97852149, 0.99249773, 0.94539569, 0.91247466, 0.95105666,
       0.94264236, 0.95551948, 0.9553776 , 0.96335083, 0.9725742 ]), array([0.97597575, 0.99121871, 0.95266848, 0.92861995, 0.95340101,
       0.93192369, 0.96564139, 0.95166462, 0.9667937 , 0.9697673 ]), array([0.97552241, 0.99150185, 0.9491915 , 0.92313403, 0.94584881,
       0.93388603, 0.95629056, 0.95544715, 0.95727685, 0.97057945]), array([0.97676593, 0.99194769, 0.94792327, 0.92119409, 0.9402246 ,
       0.93325615, 0.9499079 , 0.95229705, 0.96027401, 0.96559415])]

estim_algorithm = ts-model, mode = classification, metric = auc, confidence_scores = doctor-conf, class_specific = False
test err: [0.011563406025984223, 0.013442400813134869, 0.013371839449499967, 0.01294359988603283, 0.01452370787414522]
estimated metric: [array([0.95467608, 0.96428588, 0.95756521, 0.94609364, 0.95589729,
       0.95240501, 0.95577418, 0.95490029, 0.95691593, 0.95691016]), array([0.95499977, 0.96385803, 0.95588969, 0.94502289, 0.95465299,
       0.95494414, 0.9569318 , 0.95523883, 0.95794833, 0.95620555]), array([0.95436332, 0.96448875, 0.9591141 , 0.94803676, 0.95685013,
       0.95275133, 0.95631579, 0.9578166 , 0.95899764, 0.95780412]), array([0.95384803, 0.96377155, 0.95694692, 0.94846864, 0.95530444,
       0.95392522, 0.95569728, 0.95389432, 0.95890467, 0.9569069 ]), array([0.95329716, 0.96372785, 0.95663334, 0.94624979, 0.95512483,
       0.95430416, 0.95406946, 0.95450969, 0.95384136, 0.95456652])]
real metric: [array([0.97103036, 0.99202206, 0.95273748, 0.92167932, 0.94663341,
       0.9386585 , 0.95238861, 0.95390662, 0.95917619, 0.96956182]), array([0.97852149, 0.99249773, 0.94539569, 0.91247466, 0.95105666,
       0.94264236, 0.95551948, 0.9553776 , 0.96335083, 0.9725742 ]), array([0.97597575, 0.99121871, 0.95266848, 0.92861995, 0.95340101,
       0.93192369, 0.96564139, 0.95166462, 0.9667937 , 0.9697673 ]), array([0.97552241, 0.99150185, 0.9491915 , 0.92313403, 0.94584881,
       0.93388603, 0.95629056, 0.95544715, 0.95727685, 0.97057945]), array([0.97676593, 0.99194769, 0.94792327, 0.92119409, 0.9402246 ,
       0.93325615, 0.9499079 , 0.95229705, 0.96027401, 0.96559415])]

estim_algorithm = ts-model, mode = classification, metric = auc, confidence_scores = doctor-conf, class_specific = True
test err: [0.018735920326109778, 0.017652682748339123, 0.015311046252564986, 0.01885730699305175, 0.020811896892362368]
estimated metric: [array([0.98170545, 0.98547983, 0.96608098, 0.95298096, 0.981609  ,
       0.9527139 , 0.98122795, 0.97292249, 0.98110766, 0.9762409 ]), array([0.98219576, 0.98564949, 0.96411437, 0.9491174 , 0.98170936,
       0.95691171, 0.98113642, 0.97335269, 0.98166136, 0.97639251]), array([0.9820761 , 0.98600003, 0.96522968, 0.95429486, 0.98269224,
       0.94634916, 0.98216771, 0.97338406, 0.98140124, 0.97675261]), array([0.98190025, 0.98541651, 0.96514734, 0.95380078, 0.98204882,
       0.95598805, 0.98137861, 0.97282743, 0.98012745, 0.97644576]), array([0.98167622, 0.98512875, 0.96527477, 0.9524907 , 0.98169022,
       0.95908615, 0.98070393, 0.97171652, 0.98140549, 0.97469315])]
real metric: [array([0.97103036, 0.99202206, 0.95273748, 0.92167932, 0.94663341,
       0.9386585 , 0.95238861, 0.95390662, 0.95917619, 0.96956182]), array([0.97852149, 0.99249773, 0.94539569, 0.91247466, 0.95105666,
       0.94264236, 0.95551948, 0.9553776 , 0.96335083, 0.9725742 ]), array([0.97597575, 0.99121871, 0.95266848, 0.92861995, 0.95340101,
       0.93192369, 0.96564139, 0.95166462, 0.9667937 , 0.9697673 ]), array([0.97552241, 0.99150185, 0.9491915 , 0.92313403, 0.94584881,
       0.93388603, 0.95629056, 0.95544715, 0.95727685, 0.97057945]), array([0.97676593, 0.99194769, 0.94792327, 0.92119409, 0.9402246 ,
       0.93325615, 0.9499079 , 0.95229705, 0.96027401, 0.96559415])]

estim_algorithm = doc-model, mode = classification, metric = auc, confidence_scores = max_class_probability-conf, class_specific = False
test err: [0.06290237217059562, 0.06373293577593946, 0.06539713998323855, 0.06279936639966671, 0.06121152874193812]
estimated metric: [array([0.89417284, 0.89834408, 0.89379465, 0.8865842 , 0.89300011,
       0.89184184, 0.89242489, 0.89237751, 0.89258064, 0.8936499 ]), array([0.89523596, 0.89873827, 0.89355632, 0.88723128, 0.89306682,
       0.89262947, 0.89271825, 0.89222652, 0.89367615, 0.89300229]), array([0.89478447, 0.89903516, 0.89471133, 0.88710356, 0.89409477,
       0.89201181, 0.89326983, 0.89267916, 0.89216565, 0.89384745]), array([0.89504126, 0.89863548, 0.89322023, 0.88665035, 0.89337391,
       0.8927379 , 0.89247003, 0.89297394, 0.89196671, 0.89361516]), array([0.89472082, 0.89790693, 0.89335961, 0.88610683, 0.89326528,
       0.89299709, 0.89169434, 0.89216995, 0.89269839, 0.89235031])]
real metric: [array([0.97103036, 0.99202206, 0.95273748, 0.92167932, 0.94663341,
       0.9386585 , 0.95238861, 0.95390662, 0.95917619, 0.96956182]), array([0.97852149, 0.99249773, 0.94539569, 0.91247466, 0.95105666,
       0.94264236, 0.95551948, 0.9553776 , 0.96335083, 0.9725742 ]), array([0.97597575, 0.99121871, 0.95266848, 0.92861995, 0.95340101,
       0.93192369, 0.96564139, 0.95166462, 0.9667937 , 0.9697673 ]), array([0.97552241, 0.99150185, 0.9491915 , 0.92313403, 0.94584881,
       0.93388603, 0.95629056, 0.95544715, 0.95727685, 0.97057945]), array([0.97676593, 0.99194769, 0.94792327, 0.92119409, 0.9402246 ,
       0.93325615, 0.9499079 , 0.95229705, 0.96027401, 0.96559415])]

estim_algorithm = doc-model, mode = classification, metric = auc, confidence_scores = max_class_probability-conf, class_specific = True
test err: [0.01894727495621088, 0.01788351887827829, 0.016038186067223393, 0.018694116829925868, 0.020489603213155894]
estimated metric: [array([0.98981991, 0.99014601, 0.96668434, 0.96058854, 0.9722317 ,
       0.95825814, 0.97909555, 0.97254841, 0.97734046, 0.97680197]), array([0.9899548 , 0.99012291, 0.96627319, 0.96107017, 0.97194569,
       0.95874286, 0.97915765, 0.97213155, 0.9782007 , 0.97589672]), array([0.99020964, 0.9904781 , 0.96734835, 0.96103677, 0.97305807,
       0.95821219, 0.9797972 , 0.97274143, 0.97686613, 0.97682738]), array([0.99000898, 0.99027242, 0.96595113, 0.96062341, 0.9722729 ,
       0.95895244, 0.97895382, 0.97289387, 0.97660887, 0.9766231 ]), array([0.98961714, 0.98981864, 0.96614465, 0.96005229, 0.97226187,
       0.95912541, 0.9781564 , 0.97216889, 0.97728348, 0.97539399])]
real metric: [array([0.97103036, 0.99202206, 0.95273748, 0.92167932, 0.94663341,
       0.9386585 , 0.95238861, 0.95390662, 0.95917619, 0.96956182]), array([0.97852149, 0.99249773, 0.94539569, 0.91247466, 0.95105666,
       0.94264236, 0.95551948, 0.9553776 , 0.96335083, 0.9725742 ]), array([0.97597575, 0.99121871, 0.95266848, 0.92861995, 0.95340101,
       0.93192369, 0.96564139, 0.95166462, 0.9667937 , 0.9697673 ]), array([0.97552241, 0.99150185, 0.9491915 , 0.92313403, 0.94584881,
       0.93388603, 0.95629056, 0.95544715, 0.95727685, 0.97057945]), array([0.97676593, 0.99194769, 0.94792327, 0.92119409, 0.9402246 ,
       0.93325615, 0.9499079 , 0.95229705, 0.96027401, 0.96559415])]

estim_algorithm = doc-model, mode = classification, metric = auc, confidence_scores = energy-conf, class_specific = False
test err: [0.011961096581342635, 0.012651481017114418, 0.012871359486833966, 0.013139046761431628, 0.015005149509891546]
estimated metric: [array([0.94332989, 0.96117062, 0.95184594, 0.9414735 , 0.95404259,
       0.95678659, 0.95387695, 0.95817121, 0.96095006, 0.96225254]), array([0.94649748, 0.96143069, 0.95528324, 0.93552218, 0.95239694,
       0.95296041, 0.95590463, 0.9590452 , 0.9581652 , 0.96298222]), array([0.94526855, 0.96157438, 0.9547393 , 0.94182144, 0.95368115,
       0.95062567, 0.95374977, 0.96095884, 0.9614756 , 0.9621636 ]), array([0.94538938, 0.96004266, 0.95307951, 0.94465388, 0.95433921,
       0.95606985, 0.95990484, 0.95390225, 0.95764896, 0.96239455]), array([0.94219745, 0.96089579, 0.95317734, 0.94123617, 0.95295834,
       0.95841025, 0.95852996, 0.9603973 , 0.95913006, 0.96221328])]
real metric: [array([0.97103036, 0.99202206, 0.95273748, 0.92167932, 0.94663341,
       0.9386585 , 0.95238861, 0.95390662, 0.95917619, 0.96956182]), array([0.97852149, 0.99249773, 0.94539569, 0.91247466, 0.95105666,
       0.94264236, 0.95551948, 0.9553776 , 0.96335083, 0.9725742 ]), array([0.97597575, 0.99121871, 0.95266848, 0.92861995, 0.95340101,
       0.93192369, 0.96564139, 0.95166462, 0.9667937 , 0.9697673 ]), array([0.97552241, 0.99150185, 0.9491915 , 0.92313403, 0.94584881,
       0.93388603, 0.95629056, 0.95544715, 0.95727685, 0.97057945]), array([0.97676593, 0.99194769, 0.94792327, 0.92119409, 0.9402246 ,
       0.93325615, 0.9499079 , 0.95229705, 0.96027401, 0.96559415])]

estim_algorithm = doc-model, mode = classification, metric = auc, confidence_scores = energy-conf, class_specific = True
test err: [0.013860024877639187, 0.013275460133604856, 0.01308979904340447, 0.0155305931913448, 0.017537992973381565]
estimated metric: [array([0.97061214, 0.98153884, 0.96170075, 0.94400024, 0.96912599,
       0.92972894, 0.978779  , 0.97017513, 0.97756143, 0.97351016]), array([0.97018169, 0.98131796, 0.96368897, 0.91728676, 0.96779209,
       0.96088334, 0.97891919, 0.97254021, 0.97726204, 0.97325393]), array([0.96935119, 0.9819389 , 0.96333523, 0.94545554, 0.96902222,
       0.91029385, 0.97969232, 0.97285033, 0.97743433, 0.97413025]), array([0.96893857, 0.98117095, 0.95993361, 0.94105367, 0.96873884,
       0.96059393, 0.97872139, 0.97153937, 0.97643709, 0.97302768]), array([0.96973028, 0.98108989, 0.96009986, 0.94240302, 0.96864043,
       0.95935685, 0.97857077, 0.97013844, 0.97635043, 0.97259791])]
real metric: [array([0.97103036, 0.99202206, 0.95273748, 0.92167932, 0.94663341,
       0.9386585 , 0.95238861, 0.95390662, 0.95917619, 0.96956182]), array([0.97852149, 0.99249773, 0.94539569, 0.91247466, 0.95105666,
       0.94264236, 0.95551948, 0.9553776 , 0.96335083, 0.9725742 ]), array([0.97597575, 0.99121871, 0.95266848, 0.92861995, 0.95340101,
       0.93192369, 0.96564139, 0.95166462, 0.9667937 , 0.9697673 ]), array([0.97552241, 0.99150185, 0.9491915 , 0.92313403, 0.94584881,
       0.93388603, 0.95629056, 0.95544715, 0.95727685, 0.97057945]), array([0.97676593, 0.99194769, 0.94792327, 0.92119409, 0.9402246 ,
       0.93325615, 0.9499079 , 0.95229705, 0.96027401, 0.96559415])]

estim_algorithm = doc-model, mode = classification, metric = auc, confidence_scores = entropy-conf, class_specific = False
test err: [0.057578613078746864, 0.05832169091681918, 0.0598711957588046, 0.05734353682353045, 0.05602344609224419]
estimated metric: [array([0.89931371, 0.90448461, 0.89933865, 0.89012725, 0.89869636,
       0.8973698 , 0.89806056, 0.89829422, 0.89777023, 0.89855285]), array([0.90028882, 0.90510697, 0.89906961, 0.89031404, 0.8982745 ,
       0.8971717 , 0.89934777, 0.89899214, 0.8987405 , 0.89888774]), array([0.89994868, 0.90553482, 0.90031178, 0.89129127, 0.89920572,
       0.89801306, 0.89858362, 0.89954307, 0.89760421, 0.89892641]), array([0.90004028, 0.90468034, 0.89930717, 0.89044656, 0.89893135,
       0.89780162, 0.89700589, 0.89986756, 0.89786775, 0.89929475]), array([0.89988354, 0.90425918, 0.89899273, 0.88975583, 0.89810637,
       0.8974865 , 0.89765832, 0.89818524, 0.89787843, 0.89694425])]
real metric: [array([0.97103036, 0.99202206, 0.95273748, 0.92167932, 0.94663341,
       0.9386585 , 0.95238861, 0.95390662, 0.95917619, 0.96956182]), array([0.97852149, 0.99249773, 0.94539569, 0.91247466, 0.95105666,
       0.94264236, 0.95551948, 0.9553776 , 0.96335083, 0.9725742 ]), array([0.97597575, 0.99121871, 0.95266848, 0.92861995, 0.95340101,
       0.93192369, 0.96564139, 0.95166462, 0.9667937 , 0.9697673 ]), array([0.97552241, 0.99150185, 0.9491915 , 0.92313403, 0.94584881,
       0.93388603, 0.95629056, 0.95544715, 0.95727685, 0.97057945]), array([0.97676593, 0.99194769, 0.94792327, 0.92119409, 0.9402246 ,
       0.93325615, 0.9499079 , 0.95229705, 0.96027401, 0.96559415])]

estim_algorithm = doc-model, mode = classification, metric = auc, confidence_scores = entropy-conf, class_specific = True
test err: [0.01784627424861691, 0.01683997348935342, 0.015088417134908272, 0.01776820232867109, 0.019193207706744608]
estimated metric: [array([0.9873417 , 0.98762764, 0.96511434, 0.95739515, 0.97118508,
       0.95731183, 0.97810983, 0.97182789, 0.97579782, 0.97575699]), array([0.9876645 , 0.98789034, 0.96466663, 0.95730136, 0.97045005,
       0.95679754, 0.97917255, 0.97228634, 0.97647207, 0.97589429]), array([0.98785624, 0.98832252, 0.96589531, 0.95846123, 0.97141258,
       0.95778965, 0.97846037, 0.97301693, 0.97554452, 0.97600704]), array([0.98765997, 0.98791618, 0.96502692, 0.95759716, 0.97124064,
       0.95748838, 0.9768515 , 0.97323752, 0.97577108, 0.97639996]), array([0.98719088, 0.98757319, 0.96466763, 0.95694714, 0.97031433,
       0.95710959, 0.97750031, 0.9715638 , 0.97568119, 0.97401984])]
real metric: [array([0.97103036, 0.99202206, 0.95273748, 0.92167932, 0.94663341,
       0.9386585 , 0.95238861, 0.95390662, 0.95917619, 0.96956182]), array([0.97852149, 0.99249773, 0.94539569, 0.91247466, 0.95105666,
       0.94264236, 0.95551948, 0.9553776 , 0.96335083, 0.9725742 ]), array([0.97597575, 0.99121871, 0.95266848, 0.92861995, 0.95340101,
       0.93192369, 0.96564139, 0.95166462, 0.9667937 , 0.9697673 ]), array([0.97552241, 0.99150185, 0.9491915 , 0.92313403, 0.94584881,
       0.93388603, 0.95629056, 0.95544715, 0.95727685, 0.97057945]), array([0.97676593, 0.99194769, 0.94792327, 0.92119409, 0.9402246 ,
       0.93325615, 0.9499079 , 0.95229705, 0.96027401, 0.96559415])]

estim_algorithm = doc-model, mode = classification, metric = auc, confidence_scores = doctor-conf, class_specific = False
test err: [0.07910479143013213, 0.0810130781584543, 0.08213559551123237, 0.07938738704601667, 0.07815889065082537]
estimated metric: [array([0.87650652, 0.88231721, 0.87552669, 0.86983735, 0.87687074,
       0.87592336, 0.87703208, 0.87671779, 0.87758769, 0.87842704]), array([0.87884139, 0.88053914, 0.87541845, 0.87013588, 0.87661254,
       0.87460259, 0.87490191, 0.87746823, 0.87555526, 0.87520454]), array([0.87694895, 0.88082756, 0.87680368, 0.87043077, 0.87633342,
       0.87421409, 0.8774953 , 0.87744102, 0.87716422, 0.87865964]), array([0.87708124, 0.8825189 , 0.87559498, 0.87006717, 0.87739426,
       0.87643198, 0.87708178, 0.87541918, 0.87501677, 0.87819851]), array([0.87699372, 0.87998149, 0.87706529, 0.8695066 , 0.87539867,
       0.87515809, 0.87434957, 0.87683391, 0.87528342, 0.87722519])]
real metric: [array([0.97103036, 0.99202206, 0.95273748, 0.92167932, 0.94663341,
       0.9386585 , 0.95238861, 0.95390662, 0.95917619, 0.96956182]), array([0.97852149, 0.99249773, 0.94539569, 0.91247466, 0.95105666,
       0.94264236, 0.95551948, 0.9553776 , 0.96335083, 0.9725742 ]), array([0.97597575, 0.99121871, 0.95266848, 0.92861995, 0.95340101,
       0.93192369, 0.96564139, 0.95166462, 0.9667937 , 0.9697673 ]), array([0.97552241, 0.99150185, 0.9491915 , 0.92313403, 0.94584881,
       0.93388603, 0.95629056, 0.95544715, 0.95727685, 0.97057945]), array([0.97676593, 0.99194769, 0.94792327, 0.92119409, 0.9402246 ,
       0.93325615, 0.9499079 , 0.95229705, 0.96027401, 0.96559415])]

estim_algorithm = doc-model, mode = classification, metric = auc, confidence_scores = doctor-conf, class_specific = True
test err: [0.019990696847105072, 0.019050137078013174, 0.01754007476620232, 0.020085569059315377, 0.021790713315281107]
estimated metric: [array([0.99076291, 0.99235059, 0.9690604 , 0.96193393, 0.97437354,
       0.95866938, 0.98094285, 0.97298164, 0.97813031, 0.9784958 ]), array([0.99091696, 0.99246693, 0.96902247, 0.96231281, 0.97454639,
       0.95952782, 0.98110651, 0.97380554, 0.97849325, 0.9776518 ]), array([0.99115117, 0.99279384, 0.97017766, 0.96259406, 0.97556065,
       0.959182  , 0.98140585, 0.97379099, 0.97776228, 0.97865684]), array([0.99099845, 0.99239516, 0.96903181, 0.96208982, 0.97473827,
       0.95914876, 0.9809706 , 0.97392133, 0.97795074, 0.97828939]), array([0.9908249 , 0.99212928, 0.96873638, 0.96164682, 0.9747362 ,
       0.96011257, 0.98051114, 0.9731281 , 0.97809813, 0.97736846])]
real metric: [array([0.97103036, 0.99202206, 0.95273748, 0.92167932, 0.94663341,
       0.9386585 , 0.95238861, 0.95390662, 0.95917619, 0.96956182]), array([0.97852149, 0.99249773, 0.94539569, 0.91247466, 0.95105666,
       0.94264236, 0.95551948, 0.9553776 , 0.96335083, 0.9725742 ]), array([0.97597575, 0.99121871, 0.95266848, 0.92861995, 0.95340101,
       0.93192369, 0.96564139, 0.95166462, 0.9667937 , 0.9697673 ]), array([0.97552241, 0.99150185, 0.9491915 , 0.92313403, 0.94584881,
       0.93388603, 0.95629056, 0.95544715, 0.95727685, 0.97057945]), array([0.97676593, 0.99194769, 0.94792327, 0.92119409, 0.9402246 ,
       0.93325615, 0.9499079 , 0.95229705, 0.96027401, 0.96559415])]

