estim_algorithm = ac-model, mode = classification, metric = f1score, confidence_scores = max_class_probability-conf, class_specific = False
test err: [0.19266477421241696, 0.19154515837952008, 0.19306574292976025, 0.17927960107976237, 0.19467839956000127]
estimated metric: [array([0.26578747, 0.31079085, 0.25795462, 0.25647214, 0.27084278,
       0.27292849, 0.28941071, 0.28292036, 0.27466973, 0.29307962]), array([0.26622024, 0.3072842 , 0.25829322, 0.25586965, 0.26976274,
       0.26977983, 0.29104049, 0.28632019, 0.28548822, 0.2911252 ]), array([0.26531654, 0.31056939, 0.25912086, 0.25785173, 0.27070403,
       0.27241709, 0.29040487, 0.28957169, 0.27260643, 0.2921579 ]), array([0.26565089, 0.30741078, 0.25929711, 0.25472317, 0.27017753,
       0.27272053, 0.29105193, 0.286827  , 0.28003195, 0.2916286 ]), array([0.26677562, 0.3075853 , 0.25823481, 0.25723258, 0.27047091,
       0.27232373, 0.29110217, 0.28854233, 0.27722181, 0.29311497])]
real metric: [array([0.4988146 , 0.72311496, 0.46259437, 0.41450777, 0.51278409,
       0.35840708, 0.45318761, 0.37528604, 0.15223097, 0.50569948]), array([0.52303523, 0.73521851, 0.44713805, 0.39968153, 0.4948605 ,
       0.32959641, 0.4470502 , 0.42990654, 0.16581633, 0.48498845]), array([0.51149695, 0.75362319, 0.46175052, 0.39043825, 0.50994318,
       0.32768362, 0.44379348, 0.43805748, 0.17174515, 0.5011236 ]), array([0.5124424 , 0.71214188, 0.47300068, 0.37253354, 0.47806354,
       0.34371396, 0.456942  , 0.40311804, 0.21823204, 0.47852761]), array([0.5098777 , 0.71409214, 0.4955265 , 0.38967527, 0.52316891,
       0.34818653, 0.45541636, 0.44096134, 0.17094017, 0.46898002])]

estim_algorithm = ac-model, mode = classification, metric = f1score, confidence_scores = energy-conf, class_specific = False
test err: [0.29565814540885704, 0.29350549557342404, 0.2951962041755383, 0.28843036543058476, 0.28215255715222587]
estimated metric: [array([0.80998563, 0.5406581 , 0.82309111, 0.82796007, 0.77712066,
       0.75438634, 0.70817953, 0.68959115, 0.60856365, 0.50264047]), array([0.8070722 , 0.55269328, 0.82194571, 0.84076352, 0.78083038,
       0.76273163, 0.70236012, 0.66903227, 0.59182739, 0.49803976]), array([0.81195489, 0.53843147, 0.82031976, 0.82626839, 0.77978784,
       0.74725226, 0.70656638, 0.65803732, 0.63907671, 0.49870818]), array([0.8073568 , 0.55254888, 0.82419064, 0.83605084, 0.77666976,
       0.75474609, 0.70363004, 0.66064217, 0.59543078, 0.50256736]), array([0.80462396, 0.54772952, 0.8225384 , 0.83477381, 0.77918676,
       0.75184025, 0.70109344, 0.66095475, 0.60972178, 0.49316259])]
real metric: [array([0.4988146 , 0.72311496, 0.46259437, 0.41450777, 0.51278409,
       0.35840708, 0.45318761, 0.37528604, 0.15223097, 0.50569948]), array([0.52303523, 0.73521851, 0.44713805, 0.39968153, 0.4948605 ,
       0.32959641, 0.4470502 , 0.42990654, 0.16581633, 0.48498845]), array([0.51149695, 0.75362319, 0.46175052, 0.39043825, 0.50994318,
       0.32768362, 0.44379348, 0.43805748, 0.17174515, 0.5011236 ]), array([0.5124424 , 0.71214188, 0.47300068, 0.37253354, 0.47806354,
       0.34371396, 0.456942  , 0.40311804, 0.21823204, 0.47852761]), array([0.5098777 , 0.71409214, 0.4955265 , 0.38967527, 0.52316891,
       0.34818653, 0.45541636, 0.44096134, 0.17094017, 0.46898002])]

estim_algorithm = ac-model, mode = classification, metric = f1score, confidence_scores = entropy-conf, class_specific = False
test err: [0.4227341146599922, 0.42264303807257486, 0.42793233958382065, 0.42180049992925817, 0.4285268218769046]
estimated metric: [array([0.01650933, 0.03487158, 0.0167404 , 0.01829087, 0.02167072,
       0.02096925, 0.02701413, 0.02390137, 0.02247281, 0.02684538]), array([0.01647313, 0.03353325, 0.01683063, 0.01846448, 0.0215989 ,
       0.01993175, 0.02768435, 0.02472897, 0.02495391, 0.02666199]), array([0.01644456, 0.03471234, 0.01718227, 0.01866261, 0.02175398,
       0.02029409, 0.02744601, 0.02544369, 0.02133891, 0.02705355]), array([0.01641174, 0.03373833, 0.01715931, 0.01812419, 0.02153007,
       0.02047564, 0.02758715, 0.02524305, 0.02366471, 0.02677652]), array([0.01655659, 0.0338699 , 0.01684481, 0.01859325, 0.02173569,
       0.02076434, 0.02759401, 0.02544348, 0.02303738, 0.02711726])]
real metric: [array([0.4988146 , 0.72311496, 0.46259437, 0.41450777, 0.51278409,
       0.35840708, 0.45318761, 0.37528604, 0.15223097, 0.50569948]), array([0.52303523, 0.73521851, 0.44713805, 0.39968153, 0.4948605 ,
       0.32959641, 0.4470502 , 0.42990654, 0.16581633, 0.48498845]), array([0.51149695, 0.75362319, 0.46175052, 0.39043825, 0.50994318,
       0.32768362, 0.44379348, 0.43805748, 0.17174515, 0.5011236 ]), array([0.5124424 , 0.71214188, 0.47300068, 0.37253354, 0.47806354,
       0.34371396, 0.456942  , 0.40311804, 0.21823204, 0.47852761]), array([0.5098777 , 0.71409214, 0.4955265 , 0.38967527, 0.52316891,
       0.34818653, 0.45541636, 0.44096134, 0.17094017, 0.46898002])]

estim_algorithm = ac-model, mode = classification, metric = f1score, confidence_scores = doctor-conf, class_specific = False
test err: [0.11167988597499293, 0.1168222489137816, 0.10866605493592454, 0.10707846150392082, 0.11598385686294177]
estimated metric: [array([0.35844788, 0.70937908, 0.35158143, 0.37443956, 0.45965577,
       0.4506992 , 0.57257665, 0.51836973, 0.48434969, 0.5773027 ]), array([0.35831107, 0.68811778, 0.35447101, 0.37650507, 0.45652456,
       0.42895175, 0.58480456, 0.53532682, 0.53849961, 0.57199336]), array([0.35652576, 0.70710326, 0.3619494 , 0.38236356, 0.46047947,
       0.43750618, 0.5800949 , 0.55079382, 0.46147404, 0.58036431]), array([0.35632913, 0.6913126 , 0.36134786, 0.36936457, 0.45598853,
       0.44105066, 0.58326497, 0.54499194, 0.51327065, 0.57490071]), array([0.36068599, 0.69329031, 0.35405266, 0.38055029, 0.45996154,
       0.446158  , 0.58346016, 0.54969052, 0.49942972, 0.58178485])]
real metric: [array([0.4988146 , 0.72311496, 0.46259437, 0.41450777, 0.51278409,
       0.35840708, 0.45318761, 0.37528604, 0.15223097, 0.50569948]), array([0.52303523, 0.73521851, 0.44713805, 0.39968153, 0.4948605 ,
       0.32959641, 0.4470502 , 0.42990654, 0.16581633, 0.48498845]), array([0.51149695, 0.75362319, 0.46175052, 0.39043825, 0.50994318,
       0.32768362, 0.44379348, 0.43805748, 0.17174515, 0.5011236 ]), array([0.5124424 , 0.71214188, 0.47300068, 0.37253354, 0.47806354,
       0.34371396, 0.456942  , 0.40311804, 0.21823204, 0.47852761]), array([0.5098777 , 0.71409214, 0.4955265 , 0.38967527, 0.52316891,
       0.34818653, 0.45541636, 0.44096134, 0.17094017, 0.46898002])]

estim_algorithm = ts-model, mode = classification, metric = f1score, confidence_scores = max_class_probability-conf, class_specific = False
test err: [0.3350804951399037, 0.3379795637725148, 0.33319043766513434, 0.33714472098094556, 0.33218174562128794]
estimated metric: [array([0.76084936, 0.87745322, 0.70381672, 0.68978554, 0.75856505,
       0.77755364, 0.82683232, 0.80702969, 0.76246159, 0.84308481]), array([0.7643811 , 0.86895995, 0.70492329, 0.68450878, 0.75271993,
       0.76214443, 0.83121243, 0.82230527, 0.81239442, 0.8335378 ]), array([0.75819624, 0.87749573, 0.70895132, 0.69923223, 0.75739141,
       0.77969525, 0.8298805 , 0.83552238, 0.75989425, 0.83530047]), array([0.76092694, 0.86713029, 0.7110783 , 0.67679555, 0.7552991 ,
       0.78085261, 0.83222331, 0.81875817, 0.78185883, 0.83523982]), array([0.76751526, 0.86715309, 0.70445967, 0.69438199, 0.75621902,
       0.77450879, 0.83231945, 0.82915443, 0.77156987, 0.84136084])]
real metric: [array([0.4988146 , 0.72311496, 0.46259437, 0.41450777, 0.51278409,
       0.35840708, 0.45318761, 0.37528604, 0.15223097, 0.50569948]), array([0.52303523, 0.73521851, 0.44713805, 0.39968153, 0.4948605 ,
       0.32959641, 0.4470502 , 0.42990654, 0.16581633, 0.48498845]), array([0.51149695, 0.75362319, 0.46175052, 0.39043825, 0.50994318,
       0.32768362, 0.44379348, 0.43805748, 0.17174515, 0.5011236 ]), array([0.5124424 , 0.71214188, 0.47300068, 0.37253354, 0.47806354,
       0.34371396, 0.456942  , 0.40311804, 0.21823204, 0.47852761]), array([0.5098777 , 0.71409214, 0.4955265 , 0.38967527, 0.52316891,
       0.34818653, 0.45541636, 0.44096134, 0.17094017, 0.46898002])]

estim_algorithm = ts-model, mode = classification, metric = f1score, confidence_scores = max_class_probability-conf, class_specific = True
test err: [0.2064064101694781, 0.2082828739567058, 0.2040067360741049, 0.20901889544755772, 0.20373322024794924]
estimated metric: [array([0.63421561, 0.75824645, 0.66266258, 0.59589679, 0.71433692,
       0.64296156, 0.74109776, 0.66386555, 0.50635929, 0.60104858]), array([0.63732591, 0.74616304, 0.66426236, 0.59109279, 0.70803854,
       0.62762716, 0.74682061, 0.67842991, 0.54766953, 0.59269064]), array([0.63170557, 0.75763952, 0.66811802, 0.60411056, 0.71290434,
       0.64152092, 0.74461538, 0.69180936, 0.49976657, 0.59753253]), array([0.63415801, 0.74604701, 0.66991417, 0.5845898 , 0.71062543,
       0.64317444, 0.74741677, 0.67874251, 0.52890315, 0.59533335]), array([0.64035077, 0.74640237, 0.6634676 , 0.59984388, 0.71157984,
       0.63915272, 0.74759489, 0.68701672, 0.5179082 , 0.60084014])]
real metric: [array([0.4988146 , 0.72311496, 0.46259437, 0.41450777, 0.51278409,
       0.35840708, 0.45318761, 0.37528604, 0.15223097, 0.50569948]), array([0.52303523, 0.73521851, 0.44713805, 0.39968153, 0.4948605 ,
       0.32959641, 0.4470502 , 0.42990654, 0.16581633, 0.48498845]), array([0.51149695, 0.75362319, 0.46175052, 0.39043825, 0.50994318,
       0.32768362, 0.44379348, 0.43805748, 0.17174515, 0.5011236 ]), array([0.5124424 , 0.71214188, 0.47300068, 0.37253354, 0.47806354,
       0.34371396, 0.456942  , 0.40311804, 0.21823204, 0.47852761]), array([0.5098777 , 0.71409214, 0.4955265 , 0.38967527, 0.52316891,
       0.34818653, 0.45541636, 0.44096134, 0.17094017, 0.46898002])]

estim_algorithm = ts-model, mode = classification, metric = f1score, confidence_scores = energy-conf, class_specific = False
test err: [0.4192572642856224, 0.4184894408863493, 0.41537500043017994, 0.41812255253639297, 0.4108834318417913]
estimated metric: [array([0.9470299 , 0.7463245 , 0.95142642, 0.94716885, 0.92038329,
       0.89720678, 0.87069501, 0.8520453 , 0.7977944 , 0.71912518]), array([0.94519585, 0.7553359 , 0.95021376, 0.95726485, 0.92279429,
       0.90553039, 0.86653787, 0.83845275, 0.78511327, 0.71574721]), array([0.94810165, 0.74468882, 0.94915507, 0.94610116, 0.92220352,
       0.89796535, 0.86962227, 0.83073944, 0.82073024, 0.71622916]), array([0.94540749, 0.75519482, 0.95163355, 0.95279286, 0.91987817,
       0.8996233 , 0.86746566, 0.83096315, 0.78790425, 0.71907798]), array([0.94392214, 0.75163645, 0.94973698, 0.95289943, 0.92196126,
       0.897558  , 0.86568694, 0.83147469, 0.7986131 , 0.71217029])]
real metric: [array([0.4988146 , 0.72311496, 0.46259437, 0.41450777, 0.51278409,
       0.35840708, 0.45318761, 0.37528604, 0.15223097, 0.50569948]), array([0.52303523, 0.73521851, 0.44713805, 0.39968153, 0.4948605 ,
       0.32959641, 0.4470502 , 0.42990654, 0.16581633, 0.48498845]), array([0.51149695, 0.75362319, 0.46175052, 0.39043825, 0.50994318,
       0.32768362, 0.44379348, 0.43805748, 0.17174515, 0.5011236 ]), array([0.5124424 , 0.71214188, 0.47300068, 0.37253354, 0.47806354,
       0.34371396, 0.456942  , 0.40311804, 0.21823204, 0.47852761]), array([0.5098777 , 0.71409214, 0.4955265 , 0.38967527, 0.52316891,
       0.34818653, 0.45541636, 0.44096134, 0.17094017, 0.46898002])]

estim_algorithm = ts-model, mode = classification, metric = f1score, confidence_scores = energy-conf, class_specific = True
test err: [0.3466506248721023, 0.34588149067307394, 0.3407302482608009, 0.3452485550808767, 0.3379397797088639]
estimated metric: [array([0.70935941, 0.85751927, 0.83248081, 0.74025342, 0.87951883,
       0.78273066, 0.84899524, 0.8477368 , 0.69202936, 0.73250943]), array([0.70592968, 0.86574648, 0.83137382, 0.7550904 , 0.88247884,
       0.79086157, 0.84446128, 0.83381204, 0.6771496 , 0.72920295]), array([0.71167177, 0.85683249, 0.82977212, 0.73845607, 0.88158067,
       0.77607785, 0.8477953 , 0.82602863, 0.71907067, 0.72967232]), array([0.70626105, 0.86492126, 0.83355509, 0.74964537, 0.87901552,
       0.78322715, 0.8454765 , 0.82625287, 0.68038279, 0.73246364]), array([0.70305301, 0.86237954, 0.8319072 , 0.74829126, 0.88106826,
       0.78045075, 0.84351493, 0.82682984, 0.69303024, 0.72569773])]
real metric: [array([0.4988146 , 0.72311496, 0.46259437, 0.41450777, 0.51278409,
       0.35840708, 0.45318761, 0.37528604, 0.15223097, 0.50569948]), array([0.52303523, 0.73521851, 0.44713805, 0.39968153, 0.4948605 ,
       0.32959641, 0.4470502 , 0.42990654, 0.16581633, 0.48498845]), array([0.51149695, 0.75362319, 0.46175052, 0.39043825, 0.50994318,
       0.32768362, 0.44379348, 0.43805748, 0.17174515, 0.5011236 ]), array([0.5124424 , 0.71214188, 0.47300068, 0.37253354, 0.47806354,
       0.34371396, 0.456942  , 0.40311804, 0.21823204, 0.47852761]), array([0.5098777 , 0.71409214, 0.4955265 , 0.38967527, 0.52316891,
       0.34818653, 0.45541636, 0.44096134, 0.17094017, 0.46898002])]

estim_algorithm = ts-model, mode = classification, metric = f1score, confidence_scores = entropy-conf, class_specific = False
test err: [0.3256896972701634, 0.3289344139370344, 0.32479934175463226, 0.32796150958477793, 0.3233413932464075]
estimated metric: [array([0.74447385, 0.88094051, 0.67918373, 0.66078823, 0.74867107,
       0.76811996, 0.82388141, 0.79872637, 0.76579677, 0.84294206]), array([0.74821813, 0.87192394, 0.68230081, 0.6533945 , 0.7429081 ,
       0.75287797, 0.82972229, 0.8173777 , 0.81342776, 0.8344847 ]), array([0.74108616, 0.88173196, 0.68880441, 0.67067058, 0.74744816,
       0.76967878, 0.82744712, 0.83364588, 0.76089234, 0.83624343]), array([0.74344712, 0.87092201, 0.68992177, 0.64461196, 0.74525014,
       0.77193129, 0.83030448, 0.81486446, 0.78059344, 0.83648412]), array([0.75131733, 0.8701879 , 0.68131203, 0.66445944, 0.74641051,
       0.76681449, 0.82996525, 0.82453076, 0.77346249, 0.84177866])]
real metric: [array([0.4988146 , 0.72311496, 0.46259437, 0.41450777, 0.51278409,
       0.35840708, 0.45318761, 0.37528604, 0.15223097, 0.50569948]), array([0.52303523, 0.73521851, 0.44713805, 0.39968153, 0.4948605 ,
       0.32959641, 0.4470502 , 0.42990654, 0.16581633, 0.48498845]), array([0.51149695, 0.75362319, 0.46175052, 0.39043825, 0.50994318,
       0.32768362, 0.44379348, 0.43805748, 0.17174515, 0.5011236 ]), array([0.5124424 , 0.71214188, 0.47300068, 0.37253354, 0.47806354,
       0.34371396, 0.456942  , 0.40311804, 0.21823204, 0.47852761]), array([0.5098777 , 0.71409214, 0.4955265 , 0.38967527, 0.52316891,
       0.34818653, 0.45541636, 0.44096134, 0.17094017, 0.46898002])]

estim_algorithm = ts-model, mode = classification, metric = f1score, confidence_scores = entropy-conf, class_specific = True
test err: [0.18211043667375387, 0.18682235540832456, 0.18251005047939522, 0.186090057339581, 0.1811964798200241]
estimated metric: [array([0.61556054, 0.74410708, 0.63838263, 0.57772304, 0.69515178,
       0.62055317, 0.72372754, 0.63570028, 0.45555961, 0.57126569]), array([0.61917706, 0.72798808, 0.64217151, 0.5706052 , 0.68831837,
       0.60179319, 0.7321385 , 0.65548981, 0.51168789, 0.56168484]), array([0.61198594, 0.7434515 , 0.64854676, 0.58720906, 0.69340618,
       0.61580065, 0.72841152, 0.67343605, 0.44226217, 0.56990272]), array([0.61444176, 0.72949325, 0.64933758, 0.56261029, 0.69078074,
       0.61908328, 0.73210931, 0.65805705, 0.48792715, 0.56577587]), array([0.62276367, 0.72958752, 0.64066858, 0.58132108, 0.69225924,
       0.61643897, 0.73208361, 0.66666583, 0.47410513, 0.5728961 ])]
real metric: [array([0.4988146 , 0.72311496, 0.46259437, 0.41450777, 0.51278409,
       0.35840708, 0.45318761, 0.37528604, 0.15223097, 0.50569948]), array([0.52303523, 0.73521851, 0.44713805, 0.39968153, 0.4948605 ,
       0.32959641, 0.4470502 , 0.42990654, 0.16581633, 0.48498845]), array([0.51149695, 0.75362319, 0.46175052, 0.39043825, 0.50994318,
       0.32768362, 0.44379348, 0.43805748, 0.17174515, 0.5011236 ]), array([0.5124424 , 0.71214188, 0.47300068, 0.37253354, 0.47806354,
       0.34371396, 0.456942  , 0.40311804, 0.21823204, 0.47852761]), array([0.5098777 , 0.71409214, 0.4955265 , 0.38967527, 0.52316891,
       0.34818653, 0.45541636, 0.44096134, 0.17094017, 0.46898002])]

estim_algorithm = ts-model, mode = classification, metric = f1score, confidence_scores = doctor-conf, class_specific = False
test err: [0.3241817463402661, 0.32852601145338955, 0.3224771954974675, 0.32745615098657066, 0.324023360237082]
estimated metric: [array([0.65844068, 0.91279364, 0.63460289, 0.65039925, 0.77138707,
       0.76755433, 0.85354144, 0.80940605, 0.78012119, 0.86019792]), array([0.65913671, 0.90181514, 0.63931777, 0.65094353, 0.76573892,
       0.74075558, 0.86452991, 0.83139704, 0.8314026 , 0.85751467]), array([0.65533786, 0.91218479, 0.64854834, 0.66051092, 0.7712287 ,
       0.75196625, 0.86065195, 0.84739918, 0.76830711, 0.85829227]), array([0.65580871, 0.90269695, 0.64770517, 0.64196563, 0.76642946,
       0.75657548, 0.86275748, 0.83426593, 0.79638244, 0.85868995]), array([0.6627205 , 0.90259689, 0.63793243, 0.65748079, 0.77067257,
       0.761638  , 0.86292847, 0.84080066, 0.79459803, 0.86569019])]
real metric: [array([0.4988146 , 0.72311496, 0.46259437, 0.41450777, 0.51278409,
       0.35840708, 0.45318761, 0.37528604, 0.15223097, 0.50569948]), array([0.52303523, 0.73521851, 0.44713805, 0.39968153, 0.4948605 ,
       0.32959641, 0.4470502 , 0.42990654, 0.16581633, 0.48498845]), array([0.51149695, 0.75362319, 0.46175052, 0.39043825, 0.50994318,
       0.32768362, 0.44379348, 0.43805748, 0.17174515, 0.5011236 ]), array([0.5124424 , 0.71214188, 0.47300068, 0.37253354, 0.47806354,
       0.34371396, 0.456942  , 0.40311804, 0.21823204, 0.47852761]), array([0.5098777 , 0.71409214, 0.4955265 , 0.38967527, 0.52316891,
       0.34818653, 0.45541636, 0.44096134, 0.17094017, 0.46898002])]

estim_algorithm = ts-model, mode = classification, metric = f1score, confidence_scores = doctor-conf, class_specific = True
test err: [0.17565728527938662, 0.18556734172995767, 0.1798033331609937, 0.1813390324815471, 0.17675865192969178]
estimated metric: [array([0.60011758, 0.71225456, 0.64300512, 0.59464298, 0.69396258,
       0.62454623, 0.70184443, 0.6256121 , 0.44481039, 0.55068308]), array([0.60063107, 0.69096178, 0.6477669 , 0.59558166, 0.68882562,
       0.59939459, 0.71504281, 0.64436075, 0.4962768 , 0.54560972]), array([0.59720818, 0.70997734, 0.65702244, 0.60443515, 0.69419582,
       0.60958427, 0.70984171, 0.66154283, 0.42283507, 0.55375423]), array([0.59753486, 0.69416123, 0.65617476, 0.58686218, 0.68897113,
       0.61382694, 0.71347568, 0.65468513, 0.47203076, 0.54842204]), array([0.60402051, 0.69613378, 0.64635337, 0.60162782, 0.69337371,
       0.61912397, 0.71369695, 0.66001449, 0.45900951, 0.55514065])]
real metric: [array([0.4988146 , 0.72311496, 0.46259437, 0.41450777, 0.51278409,
       0.35840708, 0.45318761, 0.37528604, 0.15223097, 0.50569948]), array([0.52303523, 0.73521851, 0.44713805, 0.39968153, 0.4948605 ,
       0.32959641, 0.4470502 , 0.42990654, 0.16581633, 0.48498845]), array([0.51149695, 0.75362319, 0.46175052, 0.39043825, 0.50994318,
       0.32768362, 0.44379348, 0.43805748, 0.17174515, 0.5011236 ]), array([0.5124424 , 0.71214188, 0.47300068, 0.37253354, 0.47806354,
       0.34371396, 0.456942  , 0.40311804, 0.21823204, 0.47852761]), array([0.5098777 , 0.71409214, 0.4955265 , 0.38967527, 0.52316891,
       0.34818653, 0.45541636, 0.44096134, 0.17094017, 0.46898002])]

estim_algorithm = doc-model, mode = classification, metric = f1score, confidence_scores = max_class_probability-conf, class_specific = False
test err: [0.38995446885129015, 0.3901764562495196, 0.3849198622878352, 0.39095763336401873, 0.3842875989857265]
estimated metric: [array([0.83026123, 0.85091038, 0.82670283, 0.82603052, 0.83256337,
       0.83351446, 0.84105672, 0.83808115, 0.83430902, 0.84274199]), array([0.83045814, 0.84928878, 0.82685643, 0.8257574 , 0.83207117,
       0.83207895, 0.84180505, 0.83963892, 0.83925752, 0.84184396]), array([0.83004699, 0.85080791, 0.82723198, 0.82665616, 0.83250013,
       0.83328119, 0.84151315, 0.84113061, 0.83336753, 0.84231839]), array([0.83019909, 0.84934727, 0.82731197, 0.82523785, 0.83226018,
       0.8334196 , 0.84181031, 0.83987131, 0.83675925, 0.8420752 ]), array([0.83071088, 0.84942793, 0.82682993, 0.82637533, 0.83239388,
       0.83323861, 0.84183339, 0.84065818, 0.83547456, 0.84275824])]
real metric: [array([0.4988146 , 0.72311496, 0.46259437, 0.41450777, 0.51278409,
       0.35840708, 0.45318761, 0.37528604, 0.15223097, 0.50569948]), array([0.52303523, 0.73521851, 0.44713805, 0.39968153, 0.4948605 ,
       0.32959641, 0.4470502 , 0.42990654, 0.16581633, 0.48498845]), array([0.51149695, 0.75362319, 0.46175052, 0.39043825, 0.50994318,
       0.32768362, 0.44379348, 0.43805748, 0.17174515, 0.5011236 ]), array([0.5124424 , 0.71214188, 0.47300068, 0.37253354, 0.47806354,
       0.34371396, 0.456942  , 0.40311804, 0.21823204, 0.47852761]), array([0.5098777 , 0.71409214, 0.4955265 , 0.38967527, 0.52316891,
       0.34818653, 0.45541636, 0.44096134, 0.17094017, 0.46898002])]

estim_algorithm = doc-model, mode = classification, metric = f1score, confidence_scores = max_class_probability-conf, class_specific = True
test err: [0.271367852345558, 0.27176177089450737, 0.2663486100930766, 0.2724583015235858, 0.26581424347907173]
estimated metric: [array([0.67094047, 0.80814545, 0.76108433, 0.64385739, 0.80826378,
       0.69734553, 0.80194747, 0.73531593, 0.59595116, 0.64745399]), array([0.67119467, 0.80640081, 0.7612556 , 0.64349292, 0.80775086,
       0.69555505, 0.80274714, 0.73716123, 0.60312405, 0.64622714]), array([0.6706639 , 0.80803521, 0.76167431, 0.64469219, 0.80819787,
       0.69705461, 0.80243522, 0.73892783, 0.59458505, 0.64687533]), array([0.67086026, 0.80646375, 0.76176349, 0.64279951, 0.80794782,
       0.69722723, 0.80275276, 0.73743648, 0.59950434, 0.64654308]), array([0.67152092, 0.80655053, 0.76122605, 0.6443175 , 0.80808715,
       0.69700151, 0.80277742, 0.73836837, 0.59764173, 0.64747618])]
real metric: [array([0.4988146 , 0.72311496, 0.46259437, 0.41450777, 0.51278409,
       0.35840708, 0.45318761, 0.37528604, 0.15223097, 0.50569948]), array([0.52303523, 0.73521851, 0.44713805, 0.39968153, 0.4948605 ,
       0.32959641, 0.4470502 , 0.42990654, 0.16581633, 0.48498845]), array([0.51149695, 0.75362319, 0.46175052, 0.39043825, 0.50994318,
       0.32768362, 0.44379348, 0.43805748, 0.17174515, 0.5011236 ]), array([0.5124424 , 0.71214188, 0.47300068, 0.37253354, 0.47806354,
       0.34371396, 0.456942  , 0.40311804, 0.21823204, 0.47852761]), array([0.5098777 , 0.71409214, 0.4955265 , 0.38967527, 0.52316891,
       0.34818653, 0.45541636, 0.44096134, 0.17094017, 0.46898002])]

estim_algorithm = doc-model, mode = classification, metric = f1score, confidence_scores = energy-conf, class_specific = False
test err: [0.41909343931838255, 0.41833457327996426, 0.4150677936120334, 0.41795577880801993, 0.41072238862292865]
estimated metric: [array([0.94648261, 0.74702166, 0.95095407, 0.94686689, 0.92011942,
       0.89694856, 0.87072433, 0.85193336, 0.79741176, 0.71909871]), array([0.9446388 , 0.7559041 , 0.94978266, 0.95696826, 0.92253121,
       0.90519823, 0.86660876, 0.83834142, 0.78493054, 0.71573351]), array([0.94756068, 0.74537477, 0.94871612, 0.94578815, 0.92193755,
       0.89759045, 0.86967783, 0.83069636, 0.82027236, 0.71622225]), array([0.94483508, 0.75578294, 0.9511915 , 0.95248223, 0.91960081,
       0.89929515, 0.8675328 , 0.83089341, 0.78761436, 0.71904521]), array([0.94335682, 0.75223813, 0.9492797 , 0.95259771, 0.92170415,
       0.89724371, 0.86574908, 0.83143321, 0.79827696, 0.71216935])]
real metric: [array([0.4988146 , 0.72311496, 0.46259437, 0.41450777, 0.51278409,
       0.35840708, 0.45318761, 0.37528604, 0.15223097, 0.50569948]), array([0.52303523, 0.73521851, 0.44713805, 0.39968153, 0.4948605 ,
       0.32959641, 0.4470502 , 0.42990654, 0.16581633, 0.48498845]), array([0.51149695, 0.75362319, 0.46175052, 0.39043825, 0.50994318,
       0.32768362, 0.44379348, 0.43805748, 0.17174515, 0.5011236 ]), array([0.5124424 , 0.71214188, 0.47300068, 0.37253354, 0.47806354,
       0.34371396, 0.456942  , 0.40311804, 0.21823204, 0.47852761]), array([0.5098777 , 0.71409214, 0.4955265 , 0.38967527, 0.52316891,
       0.34818653, 0.45541636, 0.44096134, 0.17094017, 0.46898002])]

estim_algorithm = doc-model, mode = classification, metric = f1score, confidence_scores = energy-conf, class_specific = True
test err: [0.3464081054728453, 0.345622074474854, 0.3404669438204822, 0.3449966044400285, 0.33767716605757797]
estimated metric: [array([0.70950315, 0.85678506, 0.83246427, 0.74033136, 0.87930882,
       0.78269031, 0.84863129, 0.84745523, 0.69165815, 0.73188039]), array([0.70607623, 0.86479584, 0.83135763, 0.75510884, 0.8822674 ,
       0.79080551, 0.84412969, 0.8335175 , 0.67687176, 0.7285821 ]), array([0.71181869, 0.85599356, 0.82975757, 0.73837705, 0.88137216,
       0.7760254 , 0.8474521 , 0.8257962 , 0.71867102, 0.72906111]), array([0.70641105, 0.86405064, 0.83354051, 0.74967237, 0.8788027 ,
       0.78317891, 0.8451419 , 0.82600218, 0.68005354, 0.73182795]), array([0.7031954 , 0.86149523, 0.83189116, 0.74819864, 0.88086359,
       0.78040542, 0.84317386, 0.82660216, 0.69268215, 0.72508899])]
real metric: [array([0.4988146 , 0.72311496, 0.46259437, 0.41450777, 0.51278409,
       0.35840708, 0.45318761, 0.37528604, 0.15223097, 0.50569948]), array([0.52303523, 0.73521851, 0.44713805, 0.39968153, 0.4948605 ,
       0.32959641, 0.4470502 , 0.42990654, 0.16581633, 0.48498845]), array([0.51149695, 0.75362319, 0.46175052, 0.39043825, 0.50994318,
       0.32768362, 0.44379348, 0.43805748, 0.17174515, 0.5011236 ]), array([0.5124424 , 0.71214188, 0.47300068, 0.37253354, 0.47806354,
       0.34371396, 0.456942  , 0.40311804, 0.21823204, 0.47852761]), array([0.5098777 , 0.71409214, 0.4955265 , 0.38967527, 0.52316891,
       0.34818653, 0.45541636, 0.44096134, 0.17094017, 0.46898002])]

estim_algorithm = doc-model, mode = classification, metric = f1score, confidence_scores = entropy-conf, class_specific = False
test err: [0.39505740478948753, 0.3950449798347569, 0.38979056388029665, 0.3958974069416911, 0.3891155837874802]
estimated metric: [array([0.83851396, 0.84483462, 0.83859319, 0.83912507, 0.84028571,
       0.84004468, 0.84212398, 0.8410526 , 0.84056135, 0.84206586]), array([0.83850155, 0.8443723 , 0.83862414, 0.83918465, 0.84026103,
       0.83968834, 0.84235484, 0.84133731, 0.84141469, 0.8420027 ]), array([0.83849175, 0.8447796 , 0.83874474, 0.83925265, 0.84031432,
       0.83981277, 0.84227274, 0.84158327, 0.84017166, 0.84213755]), array([0.8384805 , 0.84444313, 0.83873687, 0.83906788, 0.84023738,
       0.83987512, 0.84232136, 0.84151422, 0.84097119, 0.84204214]), array([0.83853017, 0.84448857, 0.838629  , 0.83922885, 0.84030804,
       0.83997429, 0.84232372, 0.8415832 , 0.84075545, 0.84215949])]
real metric: [array([0.4988146 , 0.72311496, 0.46259437, 0.41450777, 0.51278409,
       0.35840708, 0.45318761, 0.37528604, 0.15223097, 0.50569948]), array([0.52303523, 0.73521851, 0.44713805, 0.39968153, 0.4948605 ,
       0.32959641, 0.4470502 , 0.42990654, 0.16581633, 0.48498845]), array([0.51149695, 0.75362319, 0.46175052, 0.39043825, 0.50994318,
       0.32768362, 0.44379348, 0.43805748, 0.17174515, 0.5011236 ]), array([0.5124424 , 0.71214188, 0.47300068, 0.37253354, 0.47806354,
       0.34371396, 0.456942  , 0.40311804, 0.21823204, 0.47852761]), array([0.5098777 , 0.71409214, 0.4955265 , 0.38967527, 0.52316891,
       0.34818653, 0.45541636, 0.44096134, 0.17094017, 0.46898002])]

estim_algorithm = doc-model, mode = classification, metric = f1score, confidence_scores = entropy-conf, class_specific = True
test err: [0.27921776235873663, 0.27923715010184935, 0.27394641383125257, 0.2800761572870709, 0.2732991746312352]
estimated metric: [array([0.67508443, 0.81524371, 0.76927141, 0.64872032, 0.81668938,
       0.7036849 , 0.80891504, 0.74418701, 0.61185645, 0.65515195]), array([0.67506828, 0.8147574 , 0.76930616, 0.64880104, 0.81666369,
       0.70323983, 0.80915933, 0.7445213 , 0.61307947, 0.65506676]), array([0.67505553, 0.81518584, 0.76944159, 0.64889317, 0.81671917,
       0.70339525, 0.80907244, 0.74481007, 0.61129782, 0.65524866]), array([0.67504089, 0.8148319 , 0.76943275, 0.64864282, 0.81663906,
       0.70347312, 0.8091239 , 0.744729  , 0.61244387, 0.65511996]), array([0.67510552, 0.8148797 , 0.76931162, 0.64886092, 0.81671263,
       0.70359698, 0.80912639, 0.74480999, 0.61213467, 0.65527826])]
real metric: [array([0.4988146 , 0.72311496, 0.46259437, 0.41450777, 0.51278409,
       0.35840708, 0.45318761, 0.37528604, 0.15223097, 0.50569948]), array([0.52303523, 0.73521851, 0.44713805, 0.39968153, 0.4948605 ,
       0.32959641, 0.4470502 , 0.42990654, 0.16581633, 0.48498845]), array([0.51149695, 0.75362319, 0.46175052, 0.39043825, 0.50994318,
       0.32768362, 0.44379348, 0.43805748, 0.17174515, 0.5011236 ]), array([0.5124424 , 0.71214188, 0.47300068, 0.37253354, 0.47806354,
       0.34371396, 0.456942  , 0.40311804, 0.21823204, 0.47852761]), array([0.5098777 , 0.71409214, 0.4955265 , 0.38967527, 0.52316891,
       0.34818653, 0.45541636, 0.44096134, 0.17094017, 0.46898002])]

estim_algorithm = doc-model, mode = classification, metric = f1score, confidence_scores = doctor-conf, class_specific = False
test err: [0.35530473112641964, 0.35737118100042436, 0.3513097139905797, 0.35819756742486814, 0.3526010120275759]
estimated metric: [array([0.72617672, 0.91279983, 0.72204591, 0.73582726, 0.78797314,
       0.78243463, 0.85700023, 0.82452901, 0.80174995, 0.85913762]), array([0.72609434, 0.9006903 , 0.72378332, 0.73707682, 0.78603532,
       0.76904347, 0.8645874 , 0.83519801, 0.8326177 , 0.8558769 ]), array([0.7250196 , 0.91052276, 0.72828619, 0.74062484, 0.78848318,
       0.77430134, 0.86186503, 0.84496987, 0.78778842, 0.86089133]), array([0.72490127, 0.90333702, 0.72792365, 0.73276008, 0.78570376,
       0.77648354, 0.86373073, 0.84120153, 0.81761208, 0.85703772]), array([0.72752482, 0.90340168, 0.7235317 , 0.73952608, 0.78816246,
       0.7796317 , 0.86408235, 0.8444    , 0.81094439, 0.86162989])]
real metric: [array([0.4988146 , 0.72311496, 0.46259437, 0.41450777, 0.51278409,
       0.35840708, 0.45318761, 0.37528604, 0.15223097, 0.50569948]), array([0.52303523, 0.73521851, 0.44713805, 0.39968153, 0.4948605 ,
       0.32959641, 0.4470502 , 0.42990654, 0.16581633, 0.48498845]), array([0.51149695, 0.75362319, 0.46175052, 0.39043825, 0.50994318,
       0.32768362, 0.44379348, 0.43805748, 0.17174515, 0.5011236 ]), array([0.5124424 , 0.71214188, 0.47300068, 0.37253354, 0.47806354,
       0.34371396, 0.456942  , 0.40311804, 0.21823204, 0.47852761]), array([0.5098777 , 0.71409214, 0.4955265 , 0.38967527, 0.52316891,
       0.34818653, 0.45541636, 0.44096134, 0.17094017, 0.46898002])]

estim_algorithm = doc-model, mode = classification, metric = f1score, confidence_scores = doctor-conf, class_specific = True
test err: [0.20068904308698476, 0.21133823797872475, 0.2031370633784677, 0.20621545208136355, 0.20060131056943104]
estimated metric: [array([0.63471505, 0.71291348, 0.71608538, 0.62061039, 0.75172784,
       0.65415314, 0.73099998, 0.6544864 , 0.42359829, 0.54382451]), array([0.63462042, 0.69176942, 0.71783902, 0.62209796, 0.74967229,
       0.63777259, 0.74067346, 0.66848565, 0.48261029, 0.53823485]), array([0.63338572, 0.71065012, 0.72238385, 0.62632035, 0.75226884,
       0.64420874, 0.73694548, 0.68128044, 0.40043864, 0.54719772]), array([0.63324977, 0.69494651, 0.72201794, 0.61695784, 0.74932057,
       0.64687825, 0.73945448, 0.67647807, 0.45565487, 0.54152118]), array([0.63626358, 0.69690871, 0.71758504, 0.62501298, 0.75192866,
       0.65072765, 0.73960901, 0.68036695, 0.44112555, 0.54894306])]
real metric: [array([0.4988146 , 0.72311496, 0.46259437, 0.41450777, 0.51278409,
       0.35840708, 0.45318761, 0.37528604, 0.15223097, 0.50569948]), array([0.52303523, 0.73521851, 0.44713805, 0.39968153, 0.4948605 ,
       0.32959641, 0.4470502 , 0.42990654, 0.16581633, 0.48498845]), array([0.51149695, 0.75362319, 0.46175052, 0.39043825, 0.50994318,
       0.32768362, 0.44379348, 0.43805748, 0.17174515, 0.5011236 ]), array([0.5124424 , 0.71214188, 0.47300068, 0.37253354, 0.47806354,
       0.34371396, 0.456942  , 0.40311804, 0.21823204, 0.47852761]), array([0.5098777 , 0.71409214, 0.4955265 , 0.38967527, 0.52316891,
       0.34818653, 0.45541636, 0.44096134, 0.17094017, 0.46898002])]

estim_algorithm = atc-model, mode = classification, metric = f1score, confidence_scores = max_class_probability-conf, class_specific = False
test err: [0.23382622907415404, 0.24432864006030566, 0.23528575920189576, 0.23445751281295318, 0.24240372728763387]
estimated metric: [array([0.63785815, 0.87359365, 0.45911331, 0.44341086, 0.66666667,
       0.69281047, 0.78646301, 0.76254181, 0.64646468, 0.81900453]), array([0.65982143, 0.85830509, 0.4906404 , 0.40060699, 0.66198596,
       0.66666668, 0.80331754, 0.77710844, 0.7777778 , 0.80434783]), array([0.63108614, 0.88095238, 0.48454637, 0.47496424, 0.65196549,
       0.71739131, 0.79478055, 0.7948052 , 0.61702132, 0.815     ]), array([0.64362448, 0.85649203, 0.47961166, 0.40234949, 0.65611815,
       0.73049646, 0.80079909, 0.7580175 , 0.65079368, 0.81498829]), array([0.66727522, 0.86083214, 0.47070313, 0.4281525 , 0.65778689,
       0.70987655, 0.80154257, 0.78036176, 0.68468471, 0.83      ])]
real metric: [array([0.4988146 , 0.72311496, 0.46259437, 0.41450777, 0.51278409,
       0.35840708, 0.45318761, 0.37528604, 0.15223097, 0.50569948]), array([0.52303523, 0.73521851, 0.44713805, 0.39968153, 0.4948605 ,
       0.32959641, 0.4470502 , 0.42990654, 0.16581633, 0.48498845]), array([0.51149695, 0.75362319, 0.46175052, 0.39043825, 0.50994318,
       0.32768362, 0.44379348, 0.43805748, 0.17174515, 0.5011236 ]), array([0.5124424 , 0.71214188, 0.47300068, 0.37253354, 0.47806354,
       0.34371396, 0.456942  , 0.40311804, 0.21823204, 0.47852761]), array([0.5098777 , 0.71409214, 0.4955265 , 0.38967527, 0.52316891,
       0.34818653, 0.45541636, 0.44096134, 0.17094017, 0.46898002])]

estim_algorithm = atc-model, mode = classification, metric = f1score, confidence_scores = max_class_probability-conf, class_specific = True
test err: [0.06241621281344001, 0.07511078113912024, 0.06413989236440693, 0.0725350994109087, 0.07203257191476195]
estimated metric: [array([0.52191641, 0.68571429, 0.37590863, 0.40634922, 0.51916758,
       0.53479855, 0.60372157, 0.4710744 , 0.16438368, 0.47813413]), array([0.5405931 , 0.61740559, 0.41898865, 0.35825546, 0.48409091,
       0.43333336, 0.63097255, 0.51824819, 0.26315799, 0.42293909]), array([0.50816327, 0.66944213, 0.42323652, 0.43004419, 0.49464669,
       0.39090912, 0.62143826, 0.56346751, 0.08823543, 0.49044588]), array([0.52738337, 0.64324325, 0.41176471, 0.3688156 , 0.49764152,
       0.43668125, 0.62679739, 0.57525085, 0.30000007, 0.43827162]), array([0.55944746, 0.64041096, 0.40366973, 0.40238451, 0.48027843,
       0.45185187, 0.63189976, 0.54320989, 0.21951229, 0.45033114])]
real metric: [array([0.4988146 , 0.72311496, 0.46259437, 0.41450777, 0.51278409,
       0.35840708, 0.45318761, 0.37528604, 0.15223097, 0.50569948]), array([0.52303523, 0.73521851, 0.44713805, 0.39968153, 0.4948605 ,
       0.32959641, 0.4470502 , 0.42990654, 0.16581633, 0.48498845]), array([0.51149695, 0.75362319, 0.46175052, 0.39043825, 0.50994318,
       0.32768362, 0.44379348, 0.43805748, 0.17174515, 0.5011236 ]), array([0.5124424 , 0.71214188, 0.47300068, 0.37253354, 0.47806354,
       0.34371396, 0.456942  , 0.40311804, 0.21823204, 0.47852761]), array([0.5098777 , 0.71409214, 0.4955265 , 0.38967527, 0.52316891,
       0.34818653, 0.45541636, 0.44096134, 0.17094017, 0.46898002])]

estim_algorithm = atc-model, mode = classification, metric = f1score, confidence_scores = energy-conf, class_specific = False
test err: [0.44783159884326756, 0.4380670408690744, 0.45455684776576566, 0.439864267144422, 0.4287256022314409]
estimated metric: [array([1.        , 0.58637874, 0.99871959, 0.98892246, 0.99777613,
       0.9010989 , 0.92234043, 0.84375   , 0.8448276 , 0.57765669]), array([1.        , 0.63533226, 1.        , 0.98262548, 0.99774606,
       0.92877493, 0.9223793 , 0.81976745, 0.76635516, 0.58520902]), array([1.        , 0.57702583, 0.99934167, 0.98669202, 0.99714693,
       0.93373494, 0.92058433, 0.80412372, 0.89830509, 0.58507464]), array([1.        , 0.61834863, 0.99936102, 0.98978644, 0.99685039,
       0.92814371, 0.91840412, 0.80000001, 0.80281692, 0.60606062]), array([1.        , 0.63690987, 1.        , 0.9924812 , 0.99923606,
       0.91428572, 0.91949719, 0.79591837, 0.82258066, 0.56880735])]
real metric: [array([0.4988146 , 0.72311496, 0.46259437, 0.41450777, 0.51278409,
       0.35840708, 0.45318761, 0.37528604, 0.15223097, 0.50569948]), array([0.52303523, 0.73521851, 0.44713805, 0.39968153, 0.4948605 ,
       0.32959641, 0.4470502 , 0.42990654, 0.16581633, 0.48498845]), array([0.51149695, 0.75362319, 0.46175052, 0.39043825, 0.50994318,
       0.32768362, 0.44379348, 0.43805748, 0.17174515, 0.5011236 ]), array([0.5124424 , 0.71214188, 0.47300068, 0.37253354, 0.47806354,
       0.34371396, 0.456942  , 0.40311804, 0.21823204, 0.47852761]), array([0.5098777 , 0.71409214, 0.4955265 , 0.38967527, 0.52316891,
       0.34818653, 0.45541636, 0.44096134, 0.17094017, 0.46898002])]

estim_algorithm = atc-model, mode = classification, metric = f1score, confidence_scores = energy-conf, class_specific = True
test err: [0.44493899699851347, 0.44350288494614787, 0.43793152844497, 0.43947765746484047, 0.43363359992249173]
estimated metric: [array([0.84277734, 0.93425172, 0.95733333, 0.83391406, 0.95356037,
       0.83381925, 0.91773504, 0.92753623, 0.8448276 , 0.86026201]), array([0.84092664, 0.94881398, 0.94562973, 0.87991499, 0.94877857,
       0.8742515 , 0.91601825, 0.91152815, 0.76635516, 0.86010363]), array([0.8401428 , 0.94172185, 0.95172414, 0.84381779, 0.95542348,
       0.86173634, 0.91539899, 0.8627451 , 0.89830509, 0.81795512]), array([0.83607214, 0.93794076, 0.95460614, 0.85834208, 0.95402299,
       0.86708861, 0.91393125, 0.88188977, 0.80281692, 0.83678161]), array([0.83757962, 0.92991914, 0.95250836, 0.85957447, 0.95367412,
       0.86103543, 0.91427036, 0.89201878, 0.82258066, 0.83      ])]
real metric: [array([0.4988146 , 0.72311496, 0.46259437, 0.41450777, 0.51278409,
       0.35840708, 0.45318761, 0.37528604, 0.15223097, 0.50569948]), array([0.52303523, 0.73521851, 0.44713805, 0.39968153, 0.4948605 ,
       0.32959641, 0.4470502 , 0.42990654, 0.16581633, 0.48498845]), array([0.51149695, 0.75362319, 0.46175052, 0.39043825, 0.50994318,
       0.32768362, 0.44379348, 0.43805748, 0.17174515, 0.5011236 ]), array([0.5124424 , 0.71214188, 0.47300068, 0.37253354, 0.47806354,
       0.34371396, 0.456942  , 0.40311804, 0.21823204, 0.47852761]), array([0.5098777 , 0.71409214, 0.4955265 , 0.38967527, 0.52316891,
       0.34818653, 0.45541636, 0.44096134, 0.17094017, 0.46898002])]

estim_algorithm = atc-model, mode = classification, metric = f1score, confidence_scores = entropy-conf, class_specific = False
test err: [0.28704007500599293, 0.29808542821501793, 0.2898101006875573, 0.29152545534436214, 0.2965824705631924]
estimated metric: [array([0.39867477, 0.90616967, 0.44532804, 0.56776035, 0.78744395,
       0.78787879, 0.85212465, 0.79870131, 0.72380955, 0.82432433]), array([0.39893334, 0.88402916, 0.46184739, 0.5852349 , 0.77163904,
       0.74666668, 0.86548722, 0.82318841, 0.81081083, 0.84210527]), array([0.38809262, 0.90846995, 0.49056604, 0.59921157, 0.78793104,
       0.77508651, 0.85810621, 0.83123426, 0.68686872, 0.83538084]), array([0.40527183, 0.89183223, 0.45562131, 0.55702918, 0.775     ,
       0.79054055, 0.86646884, 0.78632479, 0.75000002, 0.83678161]), array([0.42417701, 0.89645587, 0.44950496, 0.58201059, 0.78703704,
       0.76331362, 0.867713  , 0.82294265, 0.77310926, 0.85294118])]
real metric: [array([0.4988146 , 0.72311496, 0.46259437, 0.41450777, 0.51278409,
       0.35840708, 0.45318761, 0.37528604, 0.15223097, 0.50569948]), array([0.52303523, 0.73521851, 0.44713805, 0.39968153, 0.4948605 ,
       0.32959641, 0.4470502 , 0.42990654, 0.16581633, 0.48498845]), array([0.51149695, 0.75362319, 0.46175052, 0.39043825, 0.50994318,
       0.32768362, 0.44379348, 0.43805748, 0.17174515, 0.5011236 ]), array([0.5124424 , 0.71214188, 0.47300068, 0.37253354, 0.47806354,
       0.34371396, 0.456942  , 0.40311804, 0.21823204, 0.47852761]), array([0.5098777 , 0.71409214, 0.4955265 , 0.38967527, 0.52316891,
       0.34818653, 0.45541636, 0.44096134, 0.17094017, 0.46898002])]

estim_algorithm = atc-model, mode = classification, metric = f1score, confidence_scores = entropy-conf, class_specific = True
test err: [0.07351909209538361, 0.09398726999209313, 0.08740041388831289, 0.09376925405196752, 0.09096097757403189]
estimated metric: [array([0.39867477, 0.65134707, 0.44532804, 0.56160459, 0.52078775,
       0.40637453, 0.59646692, 0.46473031, 0.1891893 , 0.43243245]), array([0.39893334, 0.58487395, 0.46339018, 0.5852349 , 0.47716896,
       0.31390138, 0.62444672, 0.52898552, 0.26315799, 0.42857145]), array([0.38809262, 0.63651877, 0.49355798, 0.59921157, 0.50266241,
       0.33018871, 0.61627511, 0.55451715, 0.08823543, 0.49044588]), array([0.40527183, 0.60941829, 0.45562131, 0.55702918, 0.49764152,
       0.31924886, 0.61044974, 0.58000001, 0.30000007, 0.40880505]), array([0.42417701, 0.61551875, 0.45256918, 0.58013246, 0.47674419,
       0.41666669, 0.62350937, 0.55657494, 0.21951229, 0.42424244])]
real metric: [array([0.4988146 , 0.72311496, 0.46259437, 0.41450777, 0.51278409,
       0.35840708, 0.45318761, 0.37528604, 0.15223097, 0.50569948]), array([0.52303523, 0.73521851, 0.44713805, 0.39968153, 0.4948605 ,
       0.32959641, 0.4470502 , 0.42990654, 0.16581633, 0.48498845]), array([0.51149695, 0.75362319, 0.46175052, 0.39043825, 0.50994318,
       0.32768362, 0.44379348, 0.43805748, 0.17174515, 0.5011236 ]), array([0.5124424 , 0.71214188, 0.47300068, 0.37253354, 0.47806354,
       0.34371396, 0.456942  , 0.40311804, 0.21823204, 0.47852761]), array([0.5098777 , 0.71409214, 0.4955265 , 0.38967527, 0.52316891,
       0.34818653, 0.45541636, 0.44096134, 0.17094017, 0.46898002])]

estim_algorithm = atc-model, mode = classification, metric = f1score, confidence_scores = doctor-conf, class_specific = False
test err: [0.2595491593379518, 0.2694726381396744, 0.2577339827966641, 0.2675322775499495, 0.27687221765262826]
estimated metric: [array([0.46398305, 0.90193548, 0.41218275, 0.43856922, 0.74115456,
       0.76160991, 0.83395684, 0.77483444, 0.72380955, 0.82959642]), array([0.45814073, 0.88106312, 0.42871795, 0.48563219, 0.72831268,
       0.71232878, 0.84867484, 0.79881657, 0.81081083, 0.83289125]), array([0.43301179, 0.90096286, 0.45841786, 0.47058824, 0.7535461 ,
       0.74021353, 0.84446972, 0.81329924, 0.67346942, 0.83538084]), array([0.46673707, 0.88609468, 0.43556444, 0.45892352, 0.74234946,
       0.76124568, 0.84876712, 0.77936963, 0.75000002, 0.82870371]), array([0.48783014, 0.88951049, 0.41337387, 0.49226442, 0.74760995,
       0.75964392, 0.85259869, 0.81108313, 0.77310926, 0.85012285])]
real metric: [array([0.4988146 , 0.72311496, 0.46259437, 0.41450777, 0.51278409,
       0.35840708, 0.45318761, 0.37528604, 0.15223097, 0.50569948]), array([0.52303523, 0.73521851, 0.44713805, 0.39968153, 0.4948605 ,
       0.32959641, 0.4470502 , 0.42990654, 0.16581633, 0.48498845]), array([0.51149695, 0.75362319, 0.46175052, 0.39043825, 0.50994318,
       0.32768362, 0.44379348, 0.43805748, 0.17174515, 0.5011236 ]), array([0.5124424 , 0.71214188, 0.47300068, 0.37253354, 0.47806354,
       0.34371396, 0.456942  , 0.40311804, 0.21823204, 0.47852761]), array([0.5098777 , 0.71409214, 0.4955265 , 0.38967527, 0.52316891,
       0.34818653, 0.45541636, 0.44096134, 0.17094017, 0.46898002])]

estim_algorithm = atc-model, mode = classification, metric = f1score, confidence_scores = doctor-conf, class_specific = True
test err: [0.06961358365699831, 0.09158457803674096, 0.08321143246807332, 0.08636378363712338, 0.09206593038048524]
estimated metric: [array([0.42476915, 0.66927287, 0.37590863, 0.51479291, 0.51591658,
       0.40000002, 0.59646692, 0.45833336, 0.1891893 , 0.43243245]), array([0.42497377, 0.59666667, 0.39412999, 0.53611112, 0.46136102,
       0.3214286 , 0.62491491, 0.52363638, 0.26315799, 0.40579712]), array([0.41086957, 0.65601346, 0.42159918, 0.53168045, 0.4849138 ,
       0.28155343, 0.60964762, 0.55451715, 0.08823543, 0.48562302]), array([0.43027027, 0.627165  , 0.41176471, 0.5034388 , 0.48152563,
       0.35023044, 0.61320132, 0.58471762, 0.30000007, 0.40378551]), array([0.45174974, 0.62985333, 0.38223141, 0.5414966 , 0.45153665,
       0.40458018, 0.62444672, 0.54769232, 0.21951229, 0.40816329])]
real metric: [array([0.4988146 , 0.72311496, 0.46259437, 0.41450777, 0.51278409,
       0.35840708, 0.45318761, 0.37528604, 0.15223097, 0.50569948]), array([0.52303523, 0.73521851, 0.44713805, 0.39968153, 0.4948605 ,
       0.32959641, 0.4470502 , 0.42990654, 0.16581633, 0.48498845]), array([0.51149695, 0.75362319, 0.46175052, 0.39043825, 0.50994318,
       0.32768362, 0.44379348, 0.43805748, 0.17174515, 0.5011236 ]), array([0.5124424 , 0.71214188, 0.47300068, 0.37253354, 0.47806354,
       0.34371396, 0.456942  , 0.40311804, 0.21823204, 0.47852761]), array([0.5098777 , 0.71409214, 0.4955265 , 0.38967527, 0.52316891,
       0.34818653, 0.45541636, 0.44096134, 0.17094017, 0.46898002])]

estim_algorithm = ts-atc-model, mode = classification, metric = f1score, confidence_scores = max_class_probability-conf, class_specific = False
test err: [0.2503221617198482, 0.25300430202966895, 0.2511853489761496, 0.24919277671127932, 0.2443418904017251]
estimated metric: [array([0.70246085, 0.8600134 , 0.52730697, 0.50372579, 0.66403162,
       0.70967743, 0.78646301, 0.77076413, 0.6326531 , 0.8027523 ]), array([0.7143469 , 0.84657534, 0.5339713 , 0.44542774, 0.65794769,
       0.67605635, 0.79366975, 0.7734139 , 0.754717  , 0.7912088 ]), array([0.69055083, 0.86344239, 0.5412668 , 0.54965987, 0.65454546,
       0.71739131, 0.7922734 , 0.80719795, 0.60215058, 0.80303031]), array([0.70008953, 0.84153846, 0.53507952, 0.4740533 , 0.65327696,
       0.74385966, 0.79805492, 0.7652174 , 0.64000003, 0.78947369]), array([0.72265967, 0.84425037, 0.50999049, 0.48587571, 0.65641026,
       0.69781932, 0.79618594, 0.7897436 , 0.64814818, 0.80916031])]
real metric: [array([0.4988146 , 0.72311496, 0.46259437, 0.41450777, 0.51278409,
       0.35840708, 0.45318761, 0.37528604, 0.15223097, 0.50569948]), array([0.52303523, 0.73521851, 0.44713805, 0.39968153, 0.4948605 ,
       0.32959641, 0.4470502 , 0.42990654, 0.16581633, 0.48498845]), array([0.51149695, 0.75362319, 0.46175052, 0.39043825, 0.50994318,
       0.32768362, 0.44379348, 0.43805748, 0.17174515, 0.5011236 ]), array([0.5124424 , 0.71214188, 0.47300068, 0.37253354, 0.47806354,
       0.34371396, 0.456942  , 0.40311804, 0.21823204, 0.47852761]), array([0.5098777 , 0.71409214, 0.4955265 , 0.38967527, 0.52316891,
       0.34818653, 0.45541636, 0.44096134, 0.17094017, 0.46898002])]

estim_algorithm = ts-atc-model, mode = classification, metric = f1score, confidence_scores = max_class_probability-conf, class_specific = True
test err: [0.06467414279438655, 0.0786121333997225, 0.06641286039579308, 0.07535173656116131, 0.07703100567047257]
estimated metric: [array([0.55      , 0.69578544, 0.41218275, 0.43856922, 0.51591658,
       0.54545456, 0.61232877, 0.4710744 , 0.16438368, 0.46920823]), array([0.57115659, 0.62530613, 0.46339018, 0.37094282, 0.47716896,
       0.44628101, 0.63697706, 0.52363638, 0.26315799, 0.41726621]), array([0.54018972, 0.67715232, 0.45528456, 0.46397695, 0.49141631,
       0.41964288, 0.62516915, 0.56346751, 0.11594216, 0.49523811]), array([0.55880894, 0.6529517 , 0.4448858 , 0.39290991, 0.4923077 ,
       0.45689658, 0.63482781, 0.57525085, 0.30000007, 0.43827162]), array([0.59209258, 0.64851064, 0.43400001, 0.42120767, 0.47319348,
       0.46323531, 0.63282572, 0.53416151, 0.24096395, 0.44518274])]
real metric: [array([0.4988146 , 0.72311496, 0.46259437, 0.41450777, 0.51278409,
       0.35840708, 0.45318761, 0.37528604, 0.15223097, 0.50569948]), array([0.52303523, 0.73521851, 0.44713805, 0.39968153, 0.4948605 ,
       0.32959641, 0.4470502 , 0.42990654, 0.16581633, 0.48498845]), array([0.51149695, 0.75362319, 0.46175052, 0.39043825, 0.50994318,
       0.32768362, 0.44379348, 0.43805748, 0.17174515, 0.5011236 ]), array([0.5124424 , 0.71214188, 0.47300068, 0.37253354, 0.47806354,
       0.34371396, 0.456942  , 0.40311804, 0.21823204, 0.47852761]), array([0.5098777 , 0.71409214, 0.4955265 , 0.38967527, 0.52316891,
       0.34818653, 0.45541636, 0.44096134, 0.17094017, 0.46898002])]

estim_algorithm = ts-atc-model, mode = classification, metric = f1score, confidence_scores = energy-conf, class_specific = False
test err: [0.4488444367507675, 0.43798073915825475, 0.45498810926404626, 0.4397706199334074, 0.4285508718499976]
estimated metric: [array([1.        , 0.58402663, 0.9993602 , 0.98892246, 0.99777613,
       0.9010989 , 0.9217669 , 0.84375   , 0.8448276 , 0.58536586]), array([1.        , 0.63533226, 1.        , 0.98262548, 0.99774606,
       0.92877493, 0.92151628, 0.81976745, 0.76635516, 0.58520902]), array([1.        , 0.57702583, 0.99934167, 0.98765432, 0.99714693,
       0.93373494, 0.91972355, 0.80412372, 0.89830509, 0.58928573]), array([1.        , 0.62087912, 0.99936102, 0.99165894, 0.99685039,
       0.92814371, 0.91812564, 0.80000001, 0.80281692, 0.60606062]), array([1.        , 0.63807891, 1.        , 0.9924812 , 0.99923606,
       0.91428572, 0.91891892, 0.79591837, 0.82258066, 0.56880735])]
real metric: [array([0.4988146 , 0.72311496, 0.46259437, 0.41450777, 0.51278409,
       0.35840708, 0.45318761, 0.37528604, 0.15223097, 0.50569948]), array([0.52303523, 0.73521851, 0.44713805, 0.39968153, 0.4948605 ,
       0.32959641, 0.4470502 , 0.42990654, 0.16581633, 0.48498845]), array([0.51149695, 0.75362319, 0.46175052, 0.39043825, 0.50994318,
       0.32768362, 0.44379348, 0.43805748, 0.17174515, 0.5011236 ]), array([0.5124424 , 0.71214188, 0.47300068, 0.37253354, 0.47806354,
       0.34371396, 0.456942  , 0.40311804, 0.21823204, 0.47852761]), array([0.5098777 , 0.71409214, 0.4955265 , 0.38967527, 0.52316891,
       0.34818653, 0.45541636, 0.44096134, 0.17094017, 0.46898002])]

estim_algorithm = ts-atc-model, mode = classification, metric = f1score, confidence_scores = energy-conf, class_specific = True
test err: [0.44491579343163534, 0.4450426983276742, 0.4380715123256989, 0.4396560127502208, 0.43348036940160933]
estimated metric: [array([0.84231537, 0.93558474, 0.95594126, 0.83391406, 0.95356037,
       0.83381925, 0.91802403, 0.92753623, 0.8448276 , 0.86026201]), array([0.84137399, 0.94946974, 0.94562973, 0.87872341, 0.9496063 ,
       0.8742515 , 0.91630901, 0.91152815, 0.7777778 , 0.8630491 ]), array([0.8401428 , 0.94312169, 0.95172414, 0.84381779, 0.95542348,
       0.86173634, 0.91539899, 0.8627451 , 0.89830509, 0.81795512]), array([0.83560545, 0.93794076, 0.95390782, 0.85834208, 0.95402299,
       0.86708861, 0.91421189, 0.88188977, 0.80281692, 0.83944954]), array([0.83665339, 0.92991914, 0.95250836, 0.85957447, 0.95450918,
       0.86103543, 0.91543624, 0.88941177, 0.82258066, 0.83      ])]
real metric: [array([0.4988146 , 0.72311496, 0.46259437, 0.41450777, 0.51278409,
       0.35840708, 0.45318761, 0.37528604, 0.15223097, 0.50569948]), array([0.52303523, 0.73521851, 0.44713805, 0.39968153, 0.4948605 ,
       0.32959641, 0.4470502 , 0.42990654, 0.16581633, 0.48498845]), array([0.51149695, 0.75362319, 0.46175052, 0.39043825, 0.50994318,
       0.32768362, 0.44379348, 0.43805748, 0.17174515, 0.5011236 ]), array([0.5124424 , 0.71214188, 0.47300068, 0.37253354, 0.47806354,
       0.34371396, 0.456942  , 0.40311804, 0.21823204, 0.47852761]), array([0.5098777 , 0.71409214, 0.4955265 , 0.38967527, 0.52316891,
       0.34818653, 0.45541636, 0.44096134, 0.17094017, 0.46898002])]

estim_algorithm = ts-atc-model, mode = classification, metric = f1score, confidence_scores = entropy-conf, class_specific = False
test err: [0.24827906719261286, 0.2523499775966461, 0.24636671296907395, 0.24561134756258998, 0.24531450120096565]
estimated metric: [array([0.68956168, 0.86985392, 0.50191571, 0.47647952, 0.66005947,
       0.70550163, 0.78245192, 0.77483444, 0.67326736, 0.805492  ]), array([0.70435909, 0.85286104, 0.5255053 , 0.4150376 , 0.65388497,
       0.67605635, 0.79330944, 0.76969698, 0.78899085, 0.80108992]), array([0.67752148, 0.8698727 , 0.52283771, 0.52149793, 0.65067179,
       0.71739131, 0.78903457, 0.81329924, 0.60215058, 0.80904523]), array([0.68953069, 0.85213415, 0.52542373, 0.44349071, 0.65042373,
       0.73498234, 0.79702262, 0.7652174 , 0.64000003, 0.80660378]), array([0.71478873, 0.85590778, 0.49856185, 0.45755396, 0.65226338,
       0.69375001, 0.79582712, 0.7866324 , 0.68468471, 0.83      ])]
real metric: [array([0.4988146 , 0.72311496, 0.46259437, 0.41450777, 0.51278409,
       0.35840708, 0.45318761, 0.37528604, 0.15223097, 0.50569948]), array([0.52303523, 0.73521851, 0.44713805, 0.39968153, 0.4948605 ,
       0.32959641, 0.4470502 , 0.42990654, 0.16581633, 0.48498845]), array([0.51149695, 0.75362319, 0.46175052, 0.39043825, 0.50994318,
       0.32768362, 0.44379348, 0.43805748, 0.17174515, 0.5011236 ]), array([0.5124424 , 0.71214188, 0.47300068, 0.37253354, 0.47806354,
       0.34371396, 0.456942  , 0.40311804, 0.21823204, 0.47852761]), array([0.5098777 , 0.71409214, 0.4955265 , 0.38967527, 0.52316891,
       0.34818653, 0.45541636, 0.44096134, 0.17094017, 0.46898002])]

estim_algorithm = ts-atc-model, mode = classification, metric = f1score, confidence_scores = entropy-conf, class_specific = True
test err: [0.0625797952667824, 0.07581996285848694, 0.06290889185249518, 0.07232969325108765, 0.07538285775948125]
estimated metric: [array([0.53609288, 0.68976136, 0.39918117, 0.428795  , 0.51428572,
       0.53479855, 0.61280384, 0.4710744 , 0.16438368, 0.47368423]), array([0.55673077, 0.62418301, 0.44939272, 0.36589148, 0.47716896,
       0.44628101, 0.63697706, 0.52363638, 0.26315799, 0.42293909]), array([0.52397779, 0.67495854, 0.44102565, 0.44832606, 0.49141631,
       0.40540543, 0.62423832, 0.55900622, 0.11594216, 0.49523811]), array([0.54290015, 0.64568346, 0.43556444, 0.38095239, 0.49052133,
       0.42290751, 0.63482781, 0.57525085, 0.31683175, 0.43827162]), array([0.57907543, 0.64389411, 0.42454729, 0.41185186, 0.46962617,
       0.4575646 , 0.63189976, 0.53416151, 0.24096395, 0.45033114])]
real metric: [array([0.4988146 , 0.72311496, 0.46259437, 0.41450777, 0.51278409,
       0.35840708, 0.45318761, 0.37528604, 0.15223097, 0.50569948]), array([0.52303523, 0.73521851, 0.44713805, 0.39968153, 0.4948605 ,
       0.32959641, 0.4470502 , 0.42990654, 0.16581633, 0.48498845]), array([0.51149695, 0.75362319, 0.46175052, 0.39043825, 0.50994318,
       0.32768362, 0.44379348, 0.43805748, 0.17174515, 0.5011236 ]), array([0.5124424 , 0.71214188, 0.47300068, 0.37253354, 0.47806354,
       0.34371396, 0.456942  , 0.40311804, 0.21823204, 0.47852761]), array([0.5098777 , 0.71409214, 0.4955265 , 0.38967527, 0.52316891,
       0.34818653, 0.45541636, 0.44096134, 0.17094017, 0.46898002])]

estim_algorithm = ts-atc-model, mode = classification, metric = f1score, confidence_scores = doctor-conf, class_specific = False
test err: [0.25160263698706264, 0.2518164708145526, 0.24236140984736063, 0.24596905436769764, 0.25868059077075556]
estimated metric: [array([0.51052902, 0.89838188, 0.41379311, 0.38325283, 0.71726755,
       0.74608151, 0.81762475, 0.77483444, 0.72380955, 0.8269663 ]), array([0.52045343, 0.87808128, 0.42871795, 0.36842106, 0.69853659,
       0.71232878, 0.83573487, 0.78805971, 0.81081083, 0.82978724]), array([0.49588478, 0.89944904, 0.4521385 , 0.40895523, 0.71480805,
       0.74911662, 0.83016696, 0.80719795, 0.68686872, 0.8382353 ]), array([0.51761103, 0.88444445, 0.44179105, 0.37611941, 0.71313132,
       0.73049646, 0.83762102, 0.76878613, 0.75000002, 0.82598608]), array([0.54509218, 0.88483146, 0.41977801, 0.41887906, 0.71442591,
       0.72560976, 0.83908046, 0.7897436 , 0.77310926, 0.84158416])]
real metric: [array([0.4988146 , 0.72311496, 0.46259437, 0.41450777, 0.51278409,
       0.35840708, 0.45318761, 0.37528604, 0.15223097, 0.50569948]), array([0.52303523, 0.73521851, 0.44713805, 0.39968153, 0.4948605 ,
       0.32959641, 0.4470502 , 0.42990654, 0.16581633, 0.48498845]), array([0.51149695, 0.75362319, 0.46175052, 0.39043825, 0.50994318,
       0.32768362, 0.44379348, 0.43805748, 0.17174515, 0.5011236 ]), array([0.5124424 , 0.71214188, 0.47300068, 0.37253354, 0.47806354,
       0.34371396, 0.456942  , 0.40311804, 0.21823204, 0.47852761]), array([0.5098777 , 0.71409214, 0.4955265 , 0.38967527, 0.52316891,
       0.34818653, 0.45541636, 0.44096134, 0.17094017, 0.46898002])]

estim_algorithm = ts-atc-model, mode = classification, metric = f1score, confidence_scores = doctor-conf, class_specific = True
test err: [0.07291939429230304, 0.08558083985104817, 0.07696615281502665, 0.08667139430765754, 0.09193327203538976]
estimated metric: [array([0.45002673, 0.66718873, 0.34846886, 0.47878789, 0.52240438,
       0.44961242, 0.60516351, 0.45833336, 0.1891893 , 0.43243245]), array([0.44777663, 0.59549625, 0.38736843, 0.48126802, 0.47193586,
       0.30630634, 0.63004408, 0.52363638, 0.26315799, 0.40579712]), array([0.42880172, 0.65261383, 0.40000001, 0.49647391, 0.48654468,
       0.32227491, 0.61768708, 0.55451715, 0.08823543, 0.48562302]), array([0.45367412, 0.62591241, 0.39549181, 0.46110326, 0.48513675,
       0.38738741, 0.61867193, 0.58471762, 0.30000007, 0.3987342 ]), array([0.47360168, 0.62629758, 0.36363637, 0.49859945, 0.44786731,
       0.43445695, 0.62771739, 0.55214725, 0.21951229, 0.40816329])]
real metric: [array([0.4988146 , 0.72311496, 0.46259437, 0.41450777, 0.51278409,
       0.35840708, 0.45318761, 0.37528604, 0.15223097, 0.50569948]), array([0.52303523, 0.73521851, 0.44713805, 0.39968153, 0.4948605 ,
       0.32959641, 0.4470502 , 0.42990654, 0.16581633, 0.48498845]), array([0.51149695, 0.75362319, 0.46175052, 0.39043825, 0.50994318,
       0.32768362, 0.44379348, 0.43805748, 0.17174515, 0.5011236 ]), array([0.5124424 , 0.71214188, 0.47300068, 0.37253354, 0.47806354,
       0.34371396, 0.456942  , 0.40311804, 0.21823204, 0.47852761]), array([0.5098777 , 0.71409214, 0.4955265 , 0.38967527, 0.52316891,
       0.34818653, 0.45541636, 0.44096134, 0.17094017, 0.46898002])]

