estim_algorithm = ac-model, mode = classification, metric = sensitivity, confidence_scores = max_class_probability-conf, class_specific = False
test err: [0.3003304389680258, 0.28126742129113524, 0.28639762410916053, 0.2961235178575373, 0.2855408093169899]
estimated metric: [array([0.91678798, 0.91815094, 0.84042146, 0.81891029, 0.86239117,
       0.83864928, 0.88742049, 0.87754934, 0.86406133, 0.90135162]), array([0.91211482, 0.92426973, 0.83578371, 0.83530795, 0.84446632,
       0.84213071, 0.89533915, 0.8767446 , 0.84312235, 0.8810903 ]), array([0.91409005, 0.92070677, 0.83246139, 0.8230105 , 0.85265196,
       0.85496052, 0.8862566 , 0.88833311, 0.86654693, 0.89846523]), array([0.91464933, 0.92692298, 0.84135091, 0.81863449, 0.85637924,
       0.85857563, 0.87827288, 0.86984672, 0.8617406 , 0.88803955]), array([0.91001415, 0.92377532, 0.83321226, 0.82161389, 0.85551333,
       0.84114656, 0.87909486, 0.87190038, 0.83411167, 0.87107048])]
real metric: [array([0.96590909, 0.95678092, 0.59383754, 0.53498542, 0.57954545,
       0.53605442, 0.68732782, 0.50220913, 0.13773314, 0.40350877]), array([0.96312057, 0.95225102, 0.61387632, 0.59037901, 0.61661808,
       0.52676056, 0.65753425, 0.51405622, 0.15306122, 0.44801223]), array([0.96934307, 0.94853964, 0.59180791, 0.60116448, 0.63983051,
       0.50433526, 0.69714286, 0.5064194 , 0.17914831, 0.40194715]), array([0.97035881, 0.96054422, 0.59486448, 0.57740586, 0.61971831,
       0.53203343, 0.68383405, 0.47756874, 0.13997114, 0.37553957]), array([0.96956522, 0.95522388, 0.60400616, 0.5744089 , 0.61705202,
       0.49929078, 0.68732394, 0.48656294, 0.15902579, 0.41558442])]

estim_algorithm = ac-model, mode = classification, metric = sensitivity, confidence_scores = energy-conf, class_specific = False
test err: [0.3558022351318525, 0.3688881757402417, 0.36445222165316404, 0.36174861910539474, 0.364072789324947]
estimated metric: [array([0.29150375, 0.37819425, 0.20118541, 0.18005603, 0.21393252,
       0.21622353, 0.25080647, 0.25683429, 0.31108374, 0.38675057]), array([0.29268216, 0.38541242, 0.19221331, 0.17803384, 0.2012387 ,
       0.21392846, 0.25571534, 0.25945102, 0.29434632, 0.35633635]), array([0.29218729, 0.36530005, 0.19873237, 0.17647948, 0.20886103,
       0.21887507, 0.24745653, 0.25628925, 0.29863275, 0.37131142]), array([0.28972955, 0.38587126, 0.19552543, 0.18046162, 0.20979543,
       0.22509855, 0.24345463, 0.24444447, 0.30400595, 0.36403515]), array([0.28957661, 0.38242741, 0.19870923, 0.18199044, 0.20608163,
       0.21081112, 0.24060363, 0.24486856, 0.29749844, 0.35169438])]
real metric: [array([0.96590909, 0.95678092, 0.59383754, 0.53498542, 0.57954545,
       0.53605442, 0.68732782, 0.50220913, 0.13773314, 0.40350877]), array([0.96312057, 0.95225102, 0.61387632, 0.59037901, 0.61661808,
       0.52676056, 0.65753425, 0.51405622, 0.15306122, 0.44801223]), array([0.96934307, 0.94853964, 0.59180791, 0.60116448, 0.63983051,
       0.50433526, 0.69714286, 0.5064194 , 0.17914831, 0.40194715]), array([0.97035881, 0.96054422, 0.59486448, 0.57740586, 0.61971831,
       0.53203343, 0.68383405, 0.47756874, 0.13997114, 0.37553957]), array([0.96956522, 0.95522388, 0.60400616, 0.5744089 , 0.61705202,
       0.49929078, 0.68732394, 0.48656294, 0.15902579, 0.41558442])]

estim_algorithm = ac-model, mode = classification, metric = sensitivity, confidence_scores = entropy-conf, class_specific = False
test err: [0.2859222531369309, 0.2666392203938637, 0.27072383719890386, 0.28063076299798995, 0.27082213657634324]
estimated metric: [array([0.90034594, 0.90474511, 0.81379739, 0.78995294, 0.83596176,
       0.81155858, 0.86627207, 0.85347081, 0.85203814, 0.89377357]), array([0.8945029 , 0.91390382, 0.80898521, 0.80096069, 0.8137933 ,
       0.81659313, 0.87290305, 0.85840695, 0.83667293, 0.87140998]), array([0.8987604 , 0.90566682, 0.80307966, 0.78915717, 0.8261039 ,
       0.82998746, 0.86278718, 0.86317225, 0.85269139, 0.88859977]), array([0.90011757, 0.91581397, 0.81683554, 0.78671264, 0.82959973,
       0.83449146, 0.85429016, 0.84497782, 0.84856622, 0.87679815]), array([0.8952508 , 0.91307892, 0.80512018, 0.79318236, 0.82610652,
       0.81542698, 0.85440007, 0.8496852 , 0.82483855, 0.86625708])]
real metric: [array([0.96590909, 0.95678092, 0.59383754, 0.53498542, 0.57954545,
       0.53605442, 0.68732782, 0.50220913, 0.13773314, 0.40350877]), array([0.96312057, 0.95225102, 0.61387632, 0.59037901, 0.61661808,
       0.52676056, 0.65753425, 0.51405622, 0.15306122, 0.44801223]), array([0.96934307, 0.94853964, 0.59180791, 0.60116448, 0.63983051,
       0.50433526, 0.69714286, 0.5064194 , 0.17914831, 0.40194715]), array([0.97035881, 0.96054422, 0.59486448, 0.57740586, 0.61971831,
       0.53203343, 0.68383405, 0.47756874, 0.13997114, 0.37553957]), array([0.96956522, 0.95522388, 0.60400616, 0.5744089 , 0.61705202,
       0.49929078, 0.68732394, 0.48656294, 0.15902579, 0.41558442])]

estim_algorithm = ac-model, mode = classification, metric = sensitivity, confidence_scores = doctor-conf, class_specific = False
test err: [0.326333179865127, 0.3086489281677783, 0.3122095183271144, 0.32238305915464016, 0.31469402513149136]
estimated metric: [array([0.94117356, 0.94043556, 0.88373136, 0.86533965, 0.89800167,
       0.87767897, 0.91748165, 0.90923763, 0.9129136 , 0.93306808]), array([0.9365663 , 0.94780874, 0.87983201, 0.88110558, 0.8843963 ,
       0.87946884, 0.92368668, 0.90852301, 0.89852729, 0.92025092]), array([0.93911382, 0.94327138, 0.87034599, 0.86752218, 0.88985499,
       0.89318825, 0.91847101, 0.91902437, 0.9136319 , 0.93635487]), array([0.94136341, 0.94925875, 0.88461956, 0.86207812, 0.89315335,
       0.89732615, 0.91295234, 0.90245064, 0.90800024, 0.92390489]), array([0.93780658, 0.94662464, 0.87569196, 0.87031047, 0.89322262,
       0.88655082, 0.90948681, 0.90361101, 0.89130834, 0.91965529])]
real metric: [array([0.96590909, 0.95678092, 0.59383754, 0.53498542, 0.57954545,
       0.53605442, 0.68732782, 0.50220913, 0.13773314, 0.40350877]), array([0.96312057, 0.95225102, 0.61387632, 0.59037901, 0.61661808,
       0.52676056, 0.65753425, 0.51405622, 0.15306122, 0.44801223]), array([0.96934307, 0.94853964, 0.59180791, 0.60116448, 0.63983051,
       0.50433526, 0.69714286, 0.5064194 , 0.17914831, 0.40194715]), array([0.97035881, 0.96054422, 0.59486448, 0.57740586, 0.61971831,
       0.53203343, 0.68383405, 0.47756874, 0.13997114, 0.37553957]), array([0.96956522, 0.95522388, 0.60400616, 0.5744089 , 0.61705202,
       0.49929078, 0.68732394, 0.48656294, 0.15902579, 0.41558442])]

estim_algorithm = ts-model, mode = classification, metric = sensitivity, confidence_scores = max_class_probability-conf, class_specific = False
test err: [0.1534797640976737, 0.1522583042948094, 0.16883610559692577, 0.1662217557672218, 0.15745999520933435]
estimated metric: [array([0.69612439, 0.74336633, 0.55118381, 0.51305895, 0.57500798,
       0.5581194 , 0.63292611, 0.61738923, 0.62668066, 0.70539514]), array([0.69239111, 0.75689518, 0.54367762, 0.51275187, 0.54838257,
       0.56426532, 0.63839598, 0.62383279, 0.60467471, 0.67041556]), array([0.69547359, 0.73845711, 0.54480258, 0.50926614, 0.56331684,
       0.57354358, 0.6223593 , 0.62228946, 0.62200064, 0.68822461]), array([0.69218448, 0.76126692, 0.54708877, 0.5135439 , 0.56792297,
       0.58202596, 0.61364618, 0.60118041, 0.61425139, 0.67880017]), array([0.68809313, 0.75756475, 0.54308253, 0.51692896, 0.56304246,
       0.55430541, 0.61663341, 0.60789757, 0.59376751, 0.65685851])]
real metric: [array([0.96590909, 0.95678092, 0.59383754, 0.53498542, 0.57954545,
       0.53605442, 0.68732782, 0.50220913, 0.13773314, 0.40350877]), array([0.96312057, 0.95225102, 0.61387632, 0.59037901, 0.61661808,
       0.52676056, 0.65753425, 0.51405622, 0.15306122, 0.44801223]), array([0.96934307, 0.94853964, 0.59180791, 0.60116448, 0.63983051,
       0.50433526, 0.69714286, 0.5064194 , 0.17914831, 0.40194715]), array([0.97035881, 0.96054422, 0.59486448, 0.57740586, 0.61971831,
       0.53203343, 0.68383405, 0.47756874, 0.13997114, 0.37553957]), array([0.96956522, 0.95522388, 0.60400616, 0.5744089 , 0.61705202,
       0.49929078, 0.68732394, 0.48656294, 0.15902579, 0.41558442])]

estim_algorithm = ts-model, mode = classification, metric = sensitivity, confidence_scores = max_class_probability-conf, class_specific = True
test err: [0.08701957105183658, 0.07085121500106417, 0.06642741561311584, 0.07885402874138905, 0.07569509309744012]
estimated metric: [array([0.94388932, 0.95965104, 0.73927045, 0.68590731, 0.73505611,
       0.46282626, 0.62662317, 0.54318328, 0.34492691, 0.4148484 ]), array([0.94050914, 0.96228766, 0.73336186, 0.69427191, 0.70773701,
       0.46625942, 0.63200963, 0.54935123, 0.33510394, 0.390009  ]), array([0.9410352 , 0.96379275, 0.73013167, 0.68526652, 0.72264885,
       0.47277824, 0.61606408, 0.54717389, 0.33918112, 0.39990121]), array([0.94126077, 0.96442954, 0.74030902, 0.68480374, 0.72714197,
       0.48171642, 0.60745044, 0.52768518, 0.33933097, 0.39465351]), array([0.93773508, 0.96264257, 0.72953528, 0.68923733, 0.72376059,
       0.45747864, 0.61034819, 0.53295147, 0.3329624 , 0.38406145])]
real metric: [array([0.96590909, 0.95678092, 0.59383754, 0.53498542, 0.57954545,
       0.53605442, 0.68732782, 0.50220913, 0.13773314, 0.40350877]), array([0.96312057, 0.95225102, 0.61387632, 0.59037901, 0.61661808,
       0.52676056, 0.65753425, 0.51405622, 0.15306122, 0.44801223]), array([0.96934307, 0.94853964, 0.59180791, 0.60116448, 0.63983051,
       0.50433526, 0.69714286, 0.5064194 , 0.17914831, 0.40194715]), array([0.97035881, 0.96054422, 0.59486448, 0.57740586, 0.61971831,
       0.53203343, 0.68383405, 0.47756874, 0.13997114, 0.37553957]), array([0.96956522, 0.95522388, 0.60400616, 0.5744089 , 0.61705202,
       0.49929078, 0.68732394, 0.48656294, 0.15902579, 0.41558442])]

estim_algorithm = ts-model, mode = classification, metric = sensitivity, confidence_scores = energy-conf, class_specific = False
test err: [0.2016622745228926, 0.18104061118370093, 0.18755616449594734, 0.19771931837040593, 0.19303006809563955]
estimated metric: [array([0.68275037, 0.71984803, 0.66047285, 0.65637061, 0.66399519,
       0.66768626, 0.67322917, 0.68036628, 0.70508407, 0.7363311 ]), array([0.68378561, 0.72073534, 0.65726158, 0.65579607, 0.66192341,
       0.66534624, 0.67500025, 0.6797963 , 0.69976052, 0.724969  ]), array([0.6831206 , 0.71350375, 0.66016063, 0.65546008, 0.66316919,
       0.6666653 , 0.67323457, 0.67914079, 0.70015921, 0.73029283]), array([0.68228751, 0.72035613, 0.65828851, 0.65690375, 0.66299569,
       0.66817274, 0.67260747, 0.67652181, 0.70393145, 0.72799479]), array([0.6830464 , 0.7188712 , 0.66040519, 0.65663957, 0.66202305,
       0.6652987 , 0.67075339, 0.67544233, 0.70268123, 0.72429957])]
real metric: [array([0.96590909, 0.95678092, 0.59383754, 0.53498542, 0.57954545,
       0.53605442, 0.68732782, 0.50220913, 0.13773314, 0.40350877]), array([0.96312057, 0.95225102, 0.61387632, 0.59037901, 0.61661808,
       0.52676056, 0.65753425, 0.51405622, 0.15306122, 0.44801223]), array([0.96934307, 0.94853964, 0.59180791, 0.60116448, 0.63983051,
       0.50433526, 0.69714286, 0.5064194 , 0.17914831, 0.40194715]), array([0.97035881, 0.96054422, 0.59486448, 0.57740586, 0.61971831,
       0.53203343, 0.68383405, 0.47756874, 0.13997114, 0.37553957]), array([0.96956522, 0.95522388, 0.60400616, 0.5744089 , 0.61705202,
       0.49929078, 0.68732394, 0.48656294, 0.15902579, 0.41558442])]

estim_algorithm = ts-model, mode = classification, metric = sensitivity, confidence_scores = energy-conf, class_specific = True
test err: [0.10205995185413934, 0.09310591036897323, 0.08888571307082514, 0.09665625505312811, 0.09824377555318557]
estimated metric: [array([0.9474933 , 0.96627808, 0.80834351, 0.76614031, 0.79319145,
       0.54694135, 0.67188153, 0.57280688, 0.36849483, 0.40919582]), array([0.94813437, 0.96744636, 0.80610058, 0.76572723, 0.79172737,
       0.54433174, 0.67343437, 0.57227031, 0.35919619, 0.38763679]), array([0.94781812, 0.96508118, 0.80815411, 0.76548539, 0.79265358,
       0.54571109, 0.67195479, 0.57157372, 0.35996984, 0.39718642]), array([0.9474397 , 0.96805753, 0.80684796, 0.76650801, 0.79246351,
       0.54744267, 0.67140134, 0.56894254, 0.36572516, 0.39286909]), array([0.94759341, 0.96728087, 0.80830662, 0.76634311, 0.79175724,
       0.54422644, 0.66977911, 0.56772872, 0.3631476 , 0.38588343])]
real metric: [array([0.96590909, 0.95678092, 0.59383754, 0.53498542, 0.57954545,
       0.53605442, 0.68732782, 0.50220913, 0.13773314, 0.40350877]), array([0.96312057, 0.95225102, 0.61387632, 0.59037901, 0.61661808,
       0.52676056, 0.65753425, 0.51405622, 0.15306122, 0.44801223]), array([0.96934307, 0.94853964, 0.59180791, 0.60116448, 0.63983051,
       0.50433526, 0.69714286, 0.5064194 , 0.17914831, 0.40194715]), array([0.97035881, 0.96054422, 0.59486448, 0.57740586, 0.61971831,
       0.53203343, 0.68383405, 0.47756874, 0.13997114, 0.37553957]), array([0.96956522, 0.95522388, 0.60400616, 0.5744089 , 0.61705202,
       0.49929078, 0.68732394, 0.48656294, 0.15902579, 0.41558442])]

estim_algorithm = ts-model, mode = classification, metric = sensitivity, confidence_scores = entropy-conf, class_specific = False
test err: [0.1630372847162886, 0.16222216451997537, 0.17789531051905574, 0.17525032136930307, 0.16730999829467558]
estimated metric: [array([0.6891358 , 0.73975774, 0.53071146, 0.48995533, 0.556275  ,
       0.54059145, 0.61985669, 0.60350885, 0.65047768, 0.7226061 ]), array([0.68482661, 0.7558273 , 0.52068356, 0.4853235 , 0.52596423,
       0.54752199, 0.62703811, 0.61250456, 0.62187466, 0.68809474]), array([0.68917259, 0.73462544, 0.52410719, 0.48271893, 0.54484643,
       0.55824452, 0.61027701, 0.60555424, 0.636885  , 0.70803859]), array([0.68649096, 0.76081588, 0.52580941, 0.48644128, 0.54777066,
       0.56786428, 0.600119  , 0.5826521 , 0.63104185, 0.69677933]), array([0.68176362, 0.75788087, 0.52173205, 0.4952872 , 0.54148919,
       0.53844055, 0.60226853, 0.59143847, 0.61900368, 0.67752254])]
real metric: [array([0.96590909, 0.95678092, 0.59383754, 0.53498542, 0.57954545,
       0.53605442, 0.68732782, 0.50220913, 0.13773314, 0.40350877]), array([0.96312057, 0.95225102, 0.61387632, 0.59037901, 0.61661808,
       0.52676056, 0.65753425, 0.51405622, 0.15306122, 0.44801223]), array([0.96934307, 0.94853964, 0.59180791, 0.60116448, 0.63983051,
       0.50433526, 0.69714286, 0.5064194 , 0.17914831, 0.40194715]), array([0.97035881, 0.96054422, 0.59486448, 0.57740586, 0.61971831,
       0.53203343, 0.68383405, 0.47756874, 0.13997114, 0.37553957]), array([0.96956522, 0.95522388, 0.60400616, 0.5744089 , 0.61705202,
       0.49929078, 0.68732394, 0.48656294, 0.15902579, 0.41558442])]

estim_algorithm = ts-model, mode = classification, metric = sensitivity, confidence_scores = entropy-conf, class_specific = True
test err: [0.08833411961959953, 0.07350545999928242, 0.06774303215066094, 0.07777708074231333, 0.07880997022511041]
estimated metric: [array([0.94335873, 0.95721047, 0.73374095, 0.68324231, 0.73082916,
       0.42860134, 0.6166923 , 0.53510649, 0.34414776, 0.39999208]), array([0.93970941, 0.96074467, 0.72724137, 0.68744564, 0.70143872,
       0.43268213, 0.62385239, 0.54364811, 0.32618225, 0.37058795]), array([0.94127412, 0.9600515 , 0.72313143, 0.67873149, 0.71914328,
       0.4403465 , 0.60711711, 0.53617277, 0.32929073, 0.38621122]), array([0.94237734, 0.96229316, 0.73524789, 0.67869809, 0.72265126,
       0.45117167, 0.59698512, 0.51387994, 0.33616546, 0.37875516]), array([0.93899573, 0.96029107, 0.72331295, 0.687573  , 0.71743948,
       0.42404369, 0.59911016, 0.52100996, 0.32890141, 0.36376325])]
real metric: [array([0.96590909, 0.95678092, 0.59383754, 0.53498542, 0.57954545,
       0.53605442, 0.68732782, 0.50220913, 0.13773314, 0.40350877]), array([0.96312057, 0.95225102, 0.61387632, 0.59037901, 0.61661808,
       0.52676056, 0.65753425, 0.51405622, 0.15306122, 0.44801223]), array([0.96934307, 0.94853964, 0.59180791, 0.60116448, 0.63983051,
       0.50433526, 0.69714286, 0.5064194 , 0.17914831, 0.40194715]), array([0.97035881, 0.96054422, 0.59486448, 0.57740586, 0.61971831,
       0.53203343, 0.68383405, 0.47756874, 0.13997114, 0.37553957]), array([0.96956522, 0.95522388, 0.60400616, 0.5744089 , 0.61705202,
       0.49929078, 0.68732394, 0.48656294, 0.15902579, 0.41558442])]

estim_algorithm = ts-model, mode = classification, metric = sensitivity, confidence_scores = doctor-conf, class_specific = False
test err: [0.18385118403715037, 0.17944148809458044, 0.19165478916647657, 0.18950215302000126, 0.180726983738208]
estimated metric: [array([0.68660809, 0.73359507, 0.4821036 , 0.43225918, 0.52309032,
       0.49542842, 0.59952309, 0.57817162, 0.66065084, 0.74130752]), array([0.6803778 , 0.75315515, 0.46744213, 0.42881722, 0.47989179,
       0.50538532, 0.61211125, 0.59332309, 0.62113494, 0.7017274 ]), array([0.68574804, 0.72999559, 0.47614622, 0.42376336, 0.50876466,
       0.52468556, 0.59249851, 0.58083692, 0.64184502, 0.73011843]), array([0.68442976, 0.75832915, 0.48131423, 0.42245529, 0.50800559,
       0.53412052, 0.57353045, 0.55155165, 0.6423997 , 0.71340128]), array([0.67714583, 0.75513959, 0.46864655, 0.43699639, 0.50488754,
       0.49150683, 0.57720831, 0.56411906, 0.62127541, 0.68770864])]
real metric: [array([0.96590909, 0.95678092, 0.59383754, 0.53498542, 0.57954545,
       0.53605442, 0.68732782, 0.50220913, 0.13773314, 0.40350877]), array([0.96312057, 0.95225102, 0.61387632, 0.59037901, 0.61661808,
       0.52676056, 0.65753425, 0.51405622, 0.15306122, 0.44801223]), array([0.96934307, 0.94853964, 0.59180791, 0.60116448, 0.63983051,
       0.50433526, 0.69714286, 0.5064194 , 0.17914831, 0.40194715]), array([0.97035881, 0.96054422, 0.59486448, 0.57740586, 0.61971831,
       0.53203343, 0.68383405, 0.47756874, 0.13997114, 0.37553957]), array([0.96956522, 0.95522388, 0.60400616, 0.5744089 , 0.61705202,
       0.49929078, 0.68732394, 0.48656294, 0.15902579, 0.41558442])]

estim_algorithm = ts-model, mode = classification, metric = sensitivity, confidence_scores = doctor-conf, class_specific = True
test err: [0.09200419959362355, 0.07555925294594834, 0.06896259484380374, 0.07851229700433832, 0.08192210619410187]
estimated metric: [array([0.94179513, 0.95460112, 0.7284046 , 0.67430895, 0.72459705,
       0.39303185, 0.60257471, 0.5230972 , 0.34562705, 0.38526037]), array([0.93735884, 0.96041288, 0.71931807, 0.67607639, 0.69391197,
       0.39763826, 0.61340703, 0.532543  , 0.31794804, 0.35139943]), array([0.94067291, 0.95613181, 0.71765248, 0.66714027, 0.71419184,
       0.40825098, 0.59752837, 0.52098963, 0.3262745 , 0.37216041]), array([0.94264475, 0.9613735 , 0.72875942, 0.66458787, 0.71518288,
       0.42013156, 0.5838411 , 0.49528892, 0.33901407, 0.36415939]), array([0.93938774, 0.95974041, 0.71826478, 0.67944863, 0.70840822,
       0.38814868, 0.58374625, 0.50236874, 0.32453203, 0.33774374])]
real metric: [array([0.96590909, 0.95678092, 0.59383754, 0.53498542, 0.57954545,
       0.53605442, 0.68732782, 0.50220913, 0.13773314, 0.40350877]), array([0.96312057, 0.95225102, 0.61387632, 0.59037901, 0.61661808,
       0.52676056, 0.65753425, 0.51405622, 0.15306122, 0.44801223]), array([0.96934307, 0.94853964, 0.59180791, 0.60116448, 0.63983051,
       0.50433526, 0.69714286, 0.5064194 , 0.17914831, 0.40194715]), array([0.97035881, 0.96054422, 0.59486448, 0.57740586, 0.61971831,
       0.53203343, 0.68383405, 0.47756874, 0.13997114, 0.37553957]), array([0.96956522, 0.95522388, 0.60400616, 0.5744089 , 0.61705202,
       0.49929078, 0.68732394, 0.48656294, 0.15902579, 0.41558442])]

estim_algorithm = doc-model, mode = classification, metric = sensitivity, confidence_scores = max_class_probability-conf, class_specific = False
test err: [0.17636220958251744, 0.15534287659310336, 0.16462518012129956, 0.1732860552232303, 0.16323693002755557]
estimated metric: [array([0.70691373, 0.70827669, 0.63054721, 0.60903605, 0.65251692,
       0.62877504, 0.67754625, 0.6676751 , 0.6541871 , 0.69147738]), array([0.70224057, 0.71439549, 0.62590946, 0.6254337 , 0.63459207,
       0.63225646, 0.68546491, 0.66687035, 0.63324812, 0.67121605]), array([0.7042158 , 0.71083252, 0.62258715, 0.61313626, 0.64277771,
       0.64508628, 0.67638235, 0.67845887, 0.6566727 , 0.68859098]), array([0.70477509, 0.71704873, 0.63147667, 0.60876024, 0.646505  ,
       0.64870138, 0.66839864, 0.65997248, 0.65186637, 0.67816531]), array([0.70013991, 0.71390108, 0.62333802, 0.61173965, 0.64563909,
       0.63127232, 0.66922062, 0.66202613, 0.62423744, 0.66119624])]
real metric: [array([0.96590909, 0.95678092, 0.59383754, 0.53498542, 0.57954545,
       0.53605442, 0.68732782, 0.50220913, 0.13773314, 0.40350877]), array([0.96312057, 0.95225102, 0.61387632, 0.59037901, 0.61661808,
       0.52676056, 0.65753425, 0.51405622, 0.15306122, 0.44801223]), array([0.96934307, 0.94853964, 0.59180791, 0.60116448, 0.63983051,
       0.50433526, 0.69714286, 0.5064194 , 0.17914831, 0.40194715]), array([0.97035881, 0.96054422, 0.59486448, 0.57740586, 0.61971831,
       0.53203343, 0.68383405, 0.47756874, 0.13997114, 0.37553957]), array([0.96956522, 0.95522388, 0.60400616, 0.5744089 , 0.61705202,
       0.49929078, 0.68732394, 0.48656294, 0.15902579, 0.41558442])]

estim_algorithm = doc-model, mode = classification, metric = sensitivity, confidence_scores = max_class_probability-conf, class_specific = True
test err: [0.090530045747888, 0.07360398944740909, 0.08077775580483289, 0.08797341912512899, 0.08025441721791642]
estimated metric: [array([0.94351531, 0.95685642, 0.77049462, 0.71402996, 0.76731756,
       0.53849173, 0.65858739, 0.55978259, 0.35324175, 0.43860642]), array([0.9395755 , 0.96032069, 0.76585687, 0.73042761, 0.74939271,
       0.5420423 , 0.66650605, 0.55916573, 0.33319684, 0.41788953]), array([0.9409666 , 0.95934538, 0.76253456, 0.71813017, 0.75757835,
       0.55479138, 0.6574235 , 0.57059333, 0.35541656, 0.43448466]), array([0.94186016, 0.96170006, 0.77142408, 0.71375416, 0.76130564,
       0.55852654, 0.64943979, 0.5522774 , 0.35103827, 0.42446086]), array([0.93781253, 0.9609049 , 0.76328543, 0.71673356, 0.76043973,
       0.54104903, 0.65026176, 0.55428428, 0.32398849, 0.40697005])]
real metric: [array([0.96590909, 0.95678092, 0.59383754, 0.53498542, 0.57954545,
       0.53605442, 0.68732782, 0.50220913, 0.13773314, 0.40350877]), array([0.96312057, 0.95225102, 0.61387632, 0.59037901, 0.61661808,
       0.52676056, 0.65753425, 0.51405622, 0.15306122, 0.44801223]), array([0.96934307, 0.94853964, 0.59180791, 0.60116448, 0.63983051,
       0.50433526, 0.69714286, 0.5064194 , 0.17914831, 0.40194715]), array([0.97035881, 0.96054422, 0.59486448, 0.57740586, 0.61971831,
       0.53203343, 0.68383405, 0.47756874, 0.13997114, 0.37553957]), array([0.96956522, 0.95522388, 0.60400616, 0.5744089 , 0.61705202,
       0.49929078, 0.68732394, 0.48656294, 0.15902579, 0.41558442])]

estim_algorithm = doc-model, mode = classification, metric = sensitivity, confidence_scores = energy-conf, class_specific = False
test err: [0.17124307983797166, 0.1615289133693848, 0.17550853330079116, 0.1758253789808606, 0.16919647484371295]
estimated metric: [array([0.67184208, 0.74055745, 0.58173444, 0.56128912, 0.59504533,
       0.59599573, 0.63199455, 0.63603538, 0.69012888, 0.75024583]), array([0.67324889, 0.74862262, 0.57342461, 0.55957873, 0.58149795,
       0.59515879, 0.63626831, 0.63944188, 0.67421195, 0.72722862]), array([0.67277626, 0.73068165, 0.57941252, 0.55808957, 0.59017166,
       0.59940593, 0.62883976, 0.63605742, 0.67960402, 0.74401103]), array([0.67023136, 0.75071918, 0.57673106, 0.5619438 , 0.59114896,
       0.6057653 , 0.62450271, 0.62385022, 0.68566428, 0.7366382 ]), array([0.66958331, 0.74760441, 0.57937642, 0.56361763, 0.58728419,
       0.59172831, 0.62208697, 0.62366067, 0.67761664, 0.72139586])]
real metric: [array([0.96590909, 0.95678092, 0.59383754, 0.53498542, 0.57954545,
       0.53605442, 0.68732782, 0.50220913, 0.13773314, 0.40350877]), array([0.96312057, 0.95225102, 0.61387632, 0.59037901, 0.61661808,
       0.52676056, 0.65753425, 0.51405622, 0.15306122, 0.44801223]), array([0.96934307, 0.94853964, 0.59180791, 0.60116448, 0.63983051,
       0.50433526, 0.69714286, 0.5064194 , 0.17914831, 0.40194715]), array([0.97035881, 0.96054422, 0.59486448, 0.57740586, 0.61971831,
       0.53203343, 0.68383405, 0.47756874, 0.13997114, 0.37553957]), array([0.96956522, 0.95522388, 0.60400616, 0.5744089 , 0.61705202,
       0.49929078, 0.68732394, 0.48656294, 0.15902579, 0.41558442])]

estim_algorithm = doc-model, mode = classification, metric = sensitivity, confidence_scores = energy-conf, class_specific = True
test err: [0.09090285323541278, 0.07680890333242475, 0.07137324846764428, 0.08136510250970778, 0.08136463112534724]
estimated metric: [array([0.93745521, 0.95367632, 0.75423903, 0.71129644, 0.7462293 ,
       0.47859769, 0.63275214, 0.54503272, 0.35501493, 0.40157287]), array([0.93556542, 0.95754183, 0.74750812, 0.70963303, 0.73235139,
       0.47682783, 0.63702402, 0.54831858, 0.33827751, 0.37130989]), array([0.93749395, 0.95326899, 0.75248409, 0.70825501, 0.74120763,
       0.48131866, 0.62960386, 0.54479617, 0.34256395, 0.38628497]), array([0.93782274, 0.96027729, 0.75042814, 0.71083978, 0.74184902,
       0.48754929, 0.62526167, 0.53279682, 0.34793714, 0.37900869]), array([0.93524485, 0.95930346, 0.75097388, 0.71387612, 0.73756331,
       0.4735084 , 0.62284727, 0.53320021, 0.34142963, 0.36658445])]
real metric: [array([0.96590909, 0.95678092, 0.59383754, 0.53498542, 0.57954545,
       0.53605442, 0.68732782, 0.50220913, 0.13773314, 0.40350877]), array([0.96312057, 0.95225102, 0.61387632, 0.59037901, 0.61661808,
       0.52676056, 0.65753425, 0.51405622, 0.15306122, 0.44801223]), array([0.96934307, 0.94853964, 0.59180791, 0.60116448, 0.63983051,
       0.50433526, 0.69714286, 0.5064194 , 0.17914831, 0.40194715]), array([0.97035881, 0.96054422, 0.59486448, 0.57740586, 0.61971831,
       0.53203343, 0.68383405, 0.47756874, 0.13997114, 0.37553957]), array([0.96956522, 0.95522388, 0.60400616, 0.5744089 , 0.61705202,
       0.49929078, 0.68732394, 0.48656294, 0.15902579, 0.41558442])]

estim_algorithm = doc-model, mode = classification, metric = sensitivity, confidence_scores = entropy-conf, class_specific = False
test err: [0.17183053905738313, 0.14931349420208534, 0.1627243973229154, 0.16823850171970928, 0.15910125024100735]
estimated metric: [array([0.70458178, 0.70898095, 0.61803323, 0.59421674, 0.6401976 ,
       0.61579443, 0.67050791, 0.65770666, 0.656274  , 0.69800942]), array([0.69873874, 0.71814171, 0.61322105, 0.60519653, 0.61802914,
       0.62084814, 0.67713889, 0.6626428 , 0.64090879, 0.67564582]), array([0.70299624, 0.70990266, 0.6074253 , 0.5935105 , 0.63050568,
       0.63422331, 0.66702303, 0.6674081 , 0.65692724, 0.69283561]), array([0.70435341, 0.72004981, 0.6211134 , 0.59095266, 0.63383557,
       0.63872731, 0.658526  , 0.64921366, 0.65280208, 0.681034  ]), array([0.69948664, 0.71731476, 0.60935602, 0.59741821, 0.63034237,
       0.61966283, 0.65863592, 0.65392104, 0.62907441, 0.67049293])]
real metric: [array([0.96590909, 0.95678092, 0.59383754, 0.53498542, 0.57954545,
       0.53605442, 0.68732782, 0.50220913, 0.13773314, 0.40350877]), array([0.96312057, 0.95225102, 0.61387632, 0.59037901, 0.61661808,
       0.52676056, 0.65753425, 0.51405622, 0.15306122, 0.44801223]), array([0.96934307, 0.94853964, 0.59180791, 0.60116448, 0.63983051,
       0.50433526, 0.69714286, 0.5064194 , 0.17914831, 0.40194715]), array([0.97035881, 0.96054422, 0.59486448, 0.57740586, 0.61971831,
       0.53203343, 0.68383405, 0.47756874, 0.13997114, 0.37553957]), array([0.96956522, 0.95522388, 0.60400616, 0.5744089 , 0.61705202,
       0.49929078, 0.68732394, 0.48656294, 0.15902579, 0.41558442])]

estim_algorithm = doc-model, mode = classification, metric = sensitivity, confidence_scores = entropy-conf, class_specific = True
test err: [0.08876317703340322, 0.06981961299189812, 0.074103733058331, 0.08248764689605503, 0.07652717532353014]
estimated metric: [array([0.9422915 , 0.95310317, 0.75901404, 0.70805244, 0.75855573,
       0.51956392, 0.65394212, 0.55899838, 0.34844887, 0.42921021]), array([0.93732321, 0.95888733, 0.75420186, 0.71906019, 0.73638727,
       0.52482595, 0.66057309, 0.56368443, 0.33546657, 0.40803268]), array([0.94069446, 0.95470567, 0.74829631, 0.70725667, 0.74869787,
       0.53798437, 0.65045723, 0.56844487, 0.35031112, 0.42319887]), array([0.94285037, 0.95938639, 0.7620522 , 0.70481214, 0.75219371,
       0.54264745, 0.6419602 , 0.5504331 , 0.34640623, 0.41289304]), array([0.93864042, 0.95910387, 0.75033684, 0.71128186, 0.7487005 ,
       0.52345124, 0.64207012, 0.55495363, 0.32177615, 0.4005249 ])]
real metric: [array([0.96590909, 0.95678092, 0.59383754, 0.53498542, 0.57954545,
       0.53605442, 0.68732782, 0.50220913, 0.13773314, 0.40350877]), array([0.96312057, 0.95225102, 0.61387632, 0.59037901, 0.61661808,
       0.52676056, 0.65753425, 0.51405622, 0.15306122, 0.44801223]), array([0.96934307, 0.94853964, 0.59180791, 0.60116448, 0.63983051,
       0.50433526, 0.69714286, 0.5064194 , 0.17914831, 0.40194715]), array([0.97035881, 0.96054422, 0.59486448, 0.57740586, 0.61971831,
       0.53203343, 0.68383405, 0.47756874, 0.13997114, 0.37553957]), array([0.96956522, 0.95522388, 0.60400616, 0.5744089 , 0.61705202,
       0.49929078, 0.68732394, 0.48656294, 0.15902579, 0.41558442])]

estim_algorithm = doc-model, mode = classification, metric = sensitivity, confidence_scores = doctor-conf, class_specific = False
test err: [0.18525770549553067, 0.16630536633378049, 0.17316393549958628, 0.18182622564057282, 0.17525054360281017]
estimated metric: [array([0.70370514, 0.70253767, 0.6458511 , 0.62814568, 0.66033641,
       0.64024933, 0.67994043, 0.67216807, 0.67484667, 0.69501907]), array([0.6987822 , 0.70999011, 0.64247262, 0.64364297, 0.64751722,
       0.6429642 , 0.68598662, 0.67118636, 0.66046035, 0.68252195]), array([0.70159554, 0.70552366, 0.6341388 , 0.63060683, 0.65316909,
       0.65577838, 0.68061816, 0.68145819, 0.67556496, 0.69828792]), array([0.70355721, 0.71133417, 0.64732954, 0.62536704, 0.65587508,
       0.66048961, 0.67511445, 0.66553891, 0.6699333 , 0.68609903]), array([0.69988596, 0.70936861, 0.63849223, 0.63242375, 0.65569273,
       0.6493475 , 0.67157351, 0.66636553, 0.6532414 , 0.68158834])]
real metric: [array([0.96590909, 0.95678092, 0.59383754, 0.53498542, 0.57954545,
       0.53605442, 0.68732782, 0.50220913, 0.13773314, 0.40350877]), array([0.96312057, 0.95225102, 0.61387632, 0.59037901, 0.61661808,
       0.52676056, 0.65753425, 0.51405622, 0.15306122, 0.44801223]), array([0.96934307, 0.94853964, 0.59180791, 0.60116448, 0.63983051,
       0.50433526, 0.69714286, 0.5064194 , 0.17914831, 0.40194715]), array([0.97035881, 0.96054422, 0.59486448, 0.57740586, 0.61971831,
       0.53203343, 0.68383405, 0.47756874, 0.13997114, 0.37553957]), array([0.96956522, 0.95522388, 0.60400616, 0.5744089 , 0.61705202,
       0.49929078, 0.68732394, 0.48656294, 0.15902579, 0.41558442])]

estim_algorithm = doc-model, mode = classification, metric = sensitivity, confidence_scores = doctor-conf, class_specific = True
test err: [0.09508392249895403, 0.08092806920264786, 0.08403829577795977, 0.09179358456720237, 0.08582206775878994]
estimated metric: [array([0.94100027, 0.95310468, 0.78248453, 0.72628353, 0.77448504,
       0.54471961, 0.66540603, 0.56671727, 0.36332706, 0.43018921]), array([0.93639293, 0.95956084, 0.77887159, 0.74194099, 0.76114339,
       0.54807189, 0.67143143, 0.56641379, 0.35043163, 0.41878804]), array([0.93894063, 0.95611309, 0.76969651, 0.72858468, 0.76693565,
       0.56033397, 0.66603482, 0.57537528, 0.3635399 , 0.43148607]), array([0.94119003, 0.96066128, 0.78351354, 0.72323456, 0.7697254 ,
       0.56491887, 0.66053054, 0.56051688, 0.35918461, 0.42135415]), array([0.93763311, 0.95869903, 0.77458096, 0.73090192, 0.76979908,
       0.5533859 , 0.65698956, 0.56127927, 0.34204511, 0.41475103])]
real metric: [array([0.96590909, 0.95678092, 0.59383754, 0.53498542, 0.57954545,
       0.53605442, 0.68732782, 0.50220913, 0.13773314, 0.40350877]), array([0.96312057, 0.95225102, 0.61387632, 0.59037901, 0.61661808,
       0.52676056, 0.65753425, 0.51405622, 0.15306122, 0.44801223]), array([0.96934307, 0.94853964, 0.59180791, 0.60116448, 0.63983051,
       0.50433526, 0.69714286, 0.5064194 , 0.17914831, 0.40194715]), array([0.97035881, 0.96054422, 0.59486448, 0.57740586, 0.61971831,
       0.53203343, 0.68383405, 0.47756874, 0.13997114, 0.37553957]), array([0.96956522, 0.95522388, 0.60400616, 0.5744089 , 0.61705202,
       0.49929078, 0.68732394, 0.48656294, 0.15902579, 0.41558442])]

estim_algorithm = atc-model, mode = classification, metric = sensitivity, confidence_scores = max_class_probability-conf, class_specific = False
test err: [0.1578353005392998, 0.15191374687109077, 0.16722550635958375, 0.16500006885904978, 0.14925422328539367]
estimated metric: [array([0.7135362 , 0.7284287 , 0.48780489, 0.43526172, 0.54889591,
       0.49469966, 0.63422819, 0.59736843, 0.53608252, 0.67676769]), array([0.69955407, 0.7522686 , 0.47100425, 0.44356956, 0.50289018,
       0.52107281, 0.63668431, 0.63023257, 0.51818186, 0.5923567 ]), array([0.7065277 , 0.73623446, 0.48359487, 0.43026317, 0.51878613,
       0.52500001, 0.61279462, 0.61577609, 0.52343754, 0.64026404]), array([0.70660011, 0.75964912, 0.50208624, 0.43807041, 0.53587116,
       0.51532568, 0.5923461 , 0.5894737 , 0.53846158, 0.62633453]), array([0.69389978, 0.73799127, 0.46962964, 0.43506494, 0.52314816,
       0.46783627, 0.59900991, 0.59067359, 0.41739136, 0.56535949])]
real metric: [array([0.96590909, 0.95678092, 0.59383754, 0.53498542, 0.57954545,
       0.53605442, 0.68732782, 0.50220913, 0.13773314, 0.40350877]), array([0.96312057, 0.95225102, 0.61387632, 0.59037901, 0.61661808,
       0.52676056, 0.65753425, 0.51405622, 0.15306122, 0.44801223]), array([0.96934307, 0.94853964, 0.59180791, 0.60116448, 0.63983051,
       0.50433526, 0.69714286, 0.5064194 , 0.17914831, 0.40194715]), array([0.97035881, 0.96054422, 0.59486448, 0.57740586, 0.61971831,
       0.53203343, 0.68383405, 0.47756874, 0.13997114, 0.37553957]), array([0.96956522, 0.95522388, 0.60400616, 0.5744089 , 0.61705202,
       0.49929078, 0.68732394, 0.48656294, 0.15902579, 0.41558442])]

estim_algorithm = atc-model, mode = classification, metric = sensitivity, confidence_scores = max_class_probability-conf, class_specific = True
test err: [0.0783629596678439, 0.056003868039946614, 0.05908094442054061, 0.05919710218678635, 0.06373190967981128]
estimated metric: [array([0.93389297, 0.95004541, 0.71449068, 0.62947659, 0.70662461,
       0.40636043, 0.60067115, 0.52105264, 0.24742276, 0.46127948]), array([0.92586399, 0.96098004, 0.71145686, 0.65354331, 0.64739885,
       0.4329502 , 0.60493828, 0.56511629, 0.20909098, 0.37898091]), array([0.92978607, 0.95914742, 0.72039943, 0.62236843, 0.68930636,
       0.45208334, 0.55050506, 0.54452927, 0.25781256, 0.37623764]), array([0.92789795, 0.95964912, 0.72600835, 0.61538462, 0.68374817,
       0.44444446, 0.54242929, 0.50789475, 0.173077  , 0.39857653]), array([0.91993464, 0.95895197, 0.72      , 0.62597403, 0.68209877,
       0.40155947, 0.56105611, 0.52331607, 0.17391312, 0.3398693 ])]
real metric: [array([0.96590909, 0.95678092, 0.59383754, 0.53498542, 0.57954545,
       0.53605442, 0.68732782, 0.50220913, 0.13773314, 0.40350877]), array([0.96312057, 0.95225102, 0.61387632, 0.59037901, 0.61661808,
       0.52676056, 0.65753425, 0.51405622, 0.15306122, 0.44801223]), array([0.96934307, 0.94853964, 0.59180791, 0.60116448, 0.63983051,
       0.50433526, 0.69714286, 0.5064194 , 0.17914831, 0.40194715]), array([0.97035881, 0.96054422, 0.59486448, 0.57740586, 0.61971831,
       0.53203343, 0.68383405, 0.47756874, 0.13997114, 0.37553957]), array([0.96956522, 0.95522388, 0.60400616, 0.5744089 , 0.61705202,
       0.49929078, 0.68732394, 0.48656294, 0.15902579, 0.41558442])]

estim_algorithm = atc-model, mode = classification, metric = sensitivity, confidence_scores = energy-conf, class_specific = False
test err: [0.24118535460688423, 0.239524016976979, 0.24489409823415453, 0.24724982737265724, 0.23955180464968553]
estimated metric: [array([0.6636936 , 0.72388738, 0.39311335, 0.30991736, 0.43217667,
       0.42402828, 0.54697987, 0.53421054, 0.74226807, 0.81818182]), array([0.65217391, 0.73139746, 0.35643565, 0.30446195, 0.39017342,
       0.43869733, 0.54673722, 0.54418606, 0.6727273 , 0.79299364]), array([0.66538673, 0.72024867, 0.37803139, 0.3131579 , 0.41473989,
       0.45416668, 0.52356903, 0.52417304, 0.71093752, 0.81848185]), array([0.66222962, 0.76052632, 0.3574409 , 0.32724903, 0.42020499,
       0.47318009, 0.51081532, 0.49736843, 0.74038464, 0.80071175]), array([0.64215686, 0.75021834, 0.36296297, 0.33376624, 0.4197531 ,
       0.42105264, 0.51485149, 0.48963732, 0.73043481, 0.77450981])]
real metric: [array([0.96590909, 0.95678092, 0.59383754, 0.53498542, 0.57954545,
       0.53605442, 0.68732782, 0.50220913, 0.13773314, 0.40350877]), array([0.96312057, 0.95225102, 0.61387632, 0.59037901, 0.61661808,
       0.52676056, 0.65753425, 0.51405622, 0.15306122, 0.44801223]), array([0.96934307, 0.94853964, 0.59180791, 0.60116448, 0.63983051,
       0.50433526, 0.69714286, 0.5064194 , 0.17914831, 0.40194715]), array([0.97035881, 0.96054422, 0.59486448, 0.57740586, 0.61971831,
       0.53203343, 0.68383405, 0.47756874, 0.13997114, 0.37553957]), array([0.96956522, 0.95522388, 0.60400616, 0.5744089 , 0.61705202,
       0.49929078, 0.68732394, 0.48656294, 0.15902579, 0.41558442])]

estim_algorithm = atc-model, mode = classification, metric = sensitivity, confidence_scores = energy-conf, class_specific = True
test err: [0.08267988959425407, 0.07674649565987704, 0.06731165350712517, 0.07506293775111748, 0.07134941807315084]
estimated metric: [array([0.91972718, 0.92098093, 0.61979914, 0.5909091 , 0.60410095,
       0.28621909, 0.5318792 , 0.51315791, 0.34020625, 0.3838384 ]), array([0.91192865, 0.93829401, 0.60537483, 0.5800525 , 0.56213873,
       0.30268201, 0.53968255, 0.52558141, 0.31818188, 0.33757964]), array([0.9171695 , 0.92984014, 0.61911555, 0.57236843, 0.60115608,
       0.32916668, 0.51851853, 0.49618322, 0.29687505, 0.37623764]), array([0.92789795, 0.93596491, 0.63282337, 0.55019557, 0.59297219,
       0.33908047, 0.49916806, 0.47894738, 0.33653853, 0.35943063]), array([0.9204793 , 0.94847162, 0.5925926 , 0.58831169, 0.60030865,
       0.31189085, 0.50330034, 0.46891193, 0.28695658, 0.31699349])]
real metric: [array([0.96590909, 0.95678092, 0.59383754, 0.53498542, 0.57954545,
       0.53605442, 0.68732782, 0.50220913, 0.13773314, 0.40350877]), array([0.96312057, 0.95225102, 0.61387632, 0.59037901, 0.61661808,
       0.52676056, 0.65753425, 0.51405622, 0.15306122, 0.44801223]), array([0.96934307, 0.94853964, 0.59180791, 0.60116448, 0.63983051,
       0.50433526, 0.69714286, 0.5064194 , 0.17914831, 0.40194715]), array([0.97035881, 0.96054422, 0.59486448, 0.57740586, 0.61971831,
       0.53203343, 0.68383405, 0.47756874, 0.13997114, 0.37553957]), array([0.96956522, 0.95522388, 0.60400616, 0.5744089 , 0.61705202,
       0.49929078, 0.68732394, 0.48656294, 0.15902579, 0.41558442])]

estim_algorithm = atc-model, mode = classification, metric = sensitivity, confidence_scores = entropy-conf, class_specific = False
test err: [0.1560619585251088, 0.15487836410207173, 0.1731617732545055, 0.16893238296839588, 0.15460753269055627]
estimated metric: [array([0.71301154, 0.73024523, 0.48923961, 0.43250689, 0.55362777,
       0.49646644, 0.63255034, 0.59473685, 0.52577324, 0.67676769]), array([0.70457079, 0.75136116, 0.46958982, 0.43832022, 0.49421966,
       0.53256706, 0.64021165, 0.63023257, 0.52727277, 0.60509555]), array([0.70488206, 0.73623446, 0.47075607, 0.42105264, 0.51011561,
       0.52291668, 0.60606061, 0.61832062, 0.52343754, 0.66006602]), array([0.70604548, 0.7631579 , 0.48956885, 0.42633638, 0.53147878,
       0.52107281, 0.5923461 , 0.57894738, 0.55769235, 0.63701069]), array([0.70098039, 0.74235808, 0.46222223, 0.42467533, 0.52469137,
       0.46978559, 0.6039604 , 0.59844561, 0.45217396, 0.57843139])]
real metric: [array([0.96590909, 0.95678092, 0.59383754, 0.53498542, 0.57954545,
       0.53605442, 0.68732782, 0.50220913, 0.13773314, 0.40350877]), array([0.96312057, 0.95225102, 0.61387632, 0.59037901, 0.61661808,
       0.52676056, 0.65753425, 0.51405622, 0.15306122, 0.44801223]), array([0.96934307, 0.94853964, 0.59180791, 0.60116448, 0.63983051,
       0.50433526, 0.69714286, 0.5064194 , 0.17914831, 0.40194715]), array([0.97035881, 0.96054422, 0.59486448, 0.57740586, 0.61971831,
       0.53203343, 0.68383405, 0.47756874, 0.13997114, 0.37553957]), array([0.96956522, 0.95522388, 0.60400616, 0.5744089 , 0.61705202,
       0.49929078, 0.68732394, 0.48656294, 0.15902579, 0.41558442])]

estim_algorithm = atc-model, mode = classification, metric = sensitivity, confidence_scores = entropy-conf, class_specific = True
test err: [0.08009011357793563, 0.05933496723450986, 0.061966190925229536, 0.0628417943990625, 0.06318518610134766]
estimated metric: [array([0.92917104, 0.94459582, 0.71162124, 0.62534436, 0.70977918,
       0.39752651, 0.60067115, 0.53684212, 0.23711348, 0.45791248]), array([0.92642141, 0.95825771, 0.7029703 , 0.65616798, 0.6632948 ,
       0.41379311, 0.60493828, 0.59069768, 0.19090916, 0.37898091]), array([0.93362589, 0.94760213, 0.71611983, 0.63421053, 0.70375723,
       0.44166668, 0.55387206, 0.56234098, 0.25000006, 0.37293731]), array([0.932335  , 0.95438597, 0.72600835, 0.61929596, 0.68960469,
       0.43678162, 0.53910151, 0.5263158 , 0.173077  , 0.39501782]), array([0.93082789, 0.96157205, 0.6962963 , 0.63246754, 0.69444445,
       0.38986356, 0.57260727, 0.53626944, 0.16521746, 0.33660133])]
real metric: [array([0.96590909, 0.95678092, 0.59383754, 0.53498542, 0.57954545,
       0.53605442, 0.68732782, 0.50220913, 0.13773314, 0.40350877]), array([0.96312057, 0.95225102, 0.61387632, 0.59037901, 0.61661808,
       0.52676056, 0.65753425, 0.51405622, 0.15306122, 0.44801223]), array([0.96934307, 0.94853964, 0.59180791, 0.60116448, 0.63983051,
       0.50433526, 0.69714286, 0.5064194 , 0.17914831, 0.40194715]), array([0.97035881, 0.96054422, 0.59486448, 0.57740586, 0.61971831,
       0.53203343, 0.68383405, 0.47756874, 0.13997114, 0.37553957]), array([0.96956522, 0.95522388, 0.60400616, 0.5744089 , 0.61705202,
       0.49929078, 0.68732394, 0.48656294, 0.15902579, 0.41558442])]

estim_algorithm = atc-model, mode = classification, metric = sensitivity, confidence_scores = doctor-conf, class_specific = False
test err: [0.1578353005392998, 0.1517269837566236, 0.16781354355102404, 0.16509819077307314, 0.15027230465717176]
estimated metric: [array([0.7135362 , 0.7284287 , 0.48780489, 0.43526172, 0.54889591,
       0.49469966, 0.63422819, 0.59736843, 0.53608252, 0.67676769]), array([0.69955407, 0.7522686 , 0.47241868, 0.4448819 , 0.50289018,
       0.52107281, 0.63668431, 0.62790699, 0.51818186, 0.59554141]), array([0.70707625, 0.73623446, 0.48359487, 0.43026317, 0.51734105,
       0.52500001, 0.61111112, 0.61577609, 0.52343754, 0.64356437]), array([0.70604548, 0.76052632, 0.50208624, 0.43676663, 0.53587116,
       0.51532568, 0.5923461 , 0.5894737 , 0.53846158, 0.62633453]), array([0.69389978, 0.73799127, 0.46962964, 0.43246754, 0.52469137,
       0.46783627, 0.59900991, 0.59326426, 0.41739136, 0.57189544])]
real metric: [array([0.96590909, 0.95678092, 0.59383754, 0.53498542, 0.57954545,
       0.53605442, 0.68732782, 0.50220913, 0.13773314, 0.40350877]), array([0.96312057, 0.95225102, 0.61387632, 0.59037901, 0.61661808,
       0.52676056, 0.65753425, 0.51405622, 0.15306122, 0.44801223]), array([0.96934307, 0.94853964, 0.59180791, 0.60116448, 0.63983051,
       0.50433526, 0.69714286, 0.5064194 , 0.17914831, 0.40194715]), array([0.97035881, 0.96054422, 0.59486448, 0.57740586, 0.61971831,
       0.53203343, 0.68383405, 0.47756874, 0.13997114, 0.37553957]), array([0.96956522, 0.95522388, 0.60400616, 0.5744089 , 0.61705202,
       0.49929078, 0.68732394, 0.48656294, 0.15902579, 0.41558442])]

estim_algorithm = atc-model, mode = classification, metric = sensitivity, confidence_scores = doctor-conf, class_specific = True
test err: [0.08141604683334154, 0.057391548873519604, 0.059108353445500694, 0.06057675037466907, 0.0619604501600346]
estimated metric: [array([0.92549843, 0.93823797, 0.71305596, 0.62258954, 0.70662461,
       0.40636043, 0.6057047 , 0.54473685, 0.24742276, 0.46127948]), array([0.91973244, 0.95099819, 0.71004244, 0.65091864, 0.65173411,
       0.43486591, 0.60670195, 0.58372094, 0.20909098, 0.37898091]), array([0.92814043, 0.94404973, 0.7189729 , 0.62236843, 0.69075145,
       0.45416668, 0.55387206, 0.55470739, 0.25781256, 0.37623764]), array([0.92623405, 0.94736842, 0.72322671, 0.6101695 , 0.68081992,
       0.44636016, 0.54908487, 0.52368422, 0.173077  , 0.40213525]), array([0.92211329, 0.95458515, 0.7125926 , 0.62467533, 0.68055556,
       0.40350878, 0.57425743, 0.53626944, 0.17391312, 0.3398693 ])]
real metric: [array([0.96590909, 0.95678092, 0.59383754, 0.53498542, 0.57954545,
       0.53605442, 0.68732782, 0.50220913, 0.13773314, 0.40350877]), array([0.96312057, 0.95225102, 0.61387632, 0.59037901, 0.61661808,
       0.52676056, 0.65753425, 0.51405622, 0.15306122, 0.44801223]), array([0.96934307, 0.94853964, 0.59180791, 0.60116448, 0.63983051,
       0.50433526, 0.69714286, 0.5064194 , 0.17914831, 0.40194715]), array([0.97035881, 0.96054422, 0.59486448, 0.57740586, 0.61971831,
       0.53203343, 0.68383405, 0.47756874, 0.13997114, 0.37553957]), array([0.96956522, 0.95522388, 0.60400616, 0.5744089 , 0.61705202,
       0.49929078, 0.68732394, 0.48656294, 0.15902579, 0.41558442])]

estim_algorithm = ts-atc-model, mode = classification, metric = sensitivity, confidence_scores = max_class_probability-conf, class_specific = False
test err: [0.1887279236949671, 0.1868538602214826, 0.200111970914484, 0.201797461164983, 0.18548461725098866]
estimated metric: [array([0.69254984, 0.74659401, 0.44189384, 0.39531681, 0.47318613,
       0.46113075, 0.5989933 , 0.57105264, 0.58762891, 0.72727274]), array([0.68896321, 0.75136116, 0.42715701, 0.37795276, 0.44942197,
       0.48467434, 0.61199295, 0.59767443, 0.58181822, 0.67515925]), array([0.69610532, 0.73445826, 0.42368046, 0.37894738, 0.46242775,
       0.48333334, 0.57407408, 0.57506362, 0.60156253, 0.7128713 ]), array([0.68996118, 0.75701755, 0.43115439, 0.37679271, 0.48023427,
       0.50383143, 0.54742097, 0.53157896, 0.61538465, 0.71174378]), array([0.68082789, 0.74759826, 0.42074075, 0.38051949, 0.47993828,
       0.4385965 , 0.5709571 , 0.5595855 , 0.54782613, 0.62091505])]
real metric: [array([0.96590909, 0.95678092, 0.59383754, 0.53498542, 0.57954545,
       0.53605442, 0.68732782, 0.50220913, 0.13773314, 0.40350877]), array([0.96312057, 0.95225102, 0.61387632, 0.59037901, 0.61661808,
       0.52676056, 0.65753425, 0.51405622, 0.15306122, 0.44801223]), array([0.96934307, 0.94853964, 0.59180791, 0.60116448, 0.63983051,
       0.50433526, 0.69714286, 0.5064194 , 0.17914831, 0.40194715]), array([0.97035881, 0.96054422, 0.59486448, 0.57740586, 0.61971831,
       0.53203343, 0.68383405, 0.47756874, 0.13997114, 0.37553957]), array([0.96956522, 0.95522388, 0.60400616, 0.5744089 , 0.61705202,
       0.49929078, 0.68732394, 0.48656294, 0.15902579, 0.41558442])]

estim_algorithm = ts-atc-model, mode = classification, metric = sensitivity, confidence_scores = max_class_probability-conf, class_specific = True
test err: [0.08431284831902766, 0.06855420265686103, 0.06629115881214867, 0.07582934883485982, 0.07727500693886416]
estimated metric: [array([0.9412382 , 0.96276113, 0.70588236, 0.62121213, 0.70189275,
       0.33568906, 0.57718122, 0.51842107, 0.29896914, 0.40740743]), array([0.93255295, 0.96279492, 0.70438473, 0.6456693 , 0.65173411,
       0.35057473, 0.57671958, 0.52093024, 0.24545461, 0.34076435]), array([0.93472298, 0.97158082, 0.71754637, 0.62368422, 0.6965318 ,
       0.37083335, 0.55387206, 0.51653945, 0.27343756, 0.3828383 ]), array([0.93566278, 0.96842105, 0.72322671, 0.61147328, 0.68960469,
       0.37931036, 0.52412646, 0.47894738, 0.30769237, 0.3736655 ]), array([0.92538126, 0.97117904, 0.70222223, 0.61818182, 0.69444445,
       0.32943471, 0.54125413, 0.50259069, 0.23478268, 0.33006538])]
real metric: [array([0.96590909, 0.95678092, 0.59383754, 0.53498542, 0.57954545,
       0.53605442, 0.68732782, 0.50220913, 0.13773314, 0.40350877]), array([0.96312057, 0.95225102, 0.61387632, 0.59037901, 0.61661808,
       0.52676056, 0.65753425, 0.51405622, 0.15306122, 0.44801223]), array([0.96934307, 0.94853964, 0.59180791, 0.60116448, 0.63983051,
       0.50433526, 0.69714286, 0.5064194 , 0.17914831, 0.40194715]), array([0.97035881, 0.96054422, 0.59486448, 0.57740586, 0.61971831,
       0.53203343, 0.68383405, 0.47756874, 0.13997114, 0.37553957]), array([0.96956522, 0.95522388, 0.60400616, 0.5744089 , 0.61705202,
       0.49929078, 0.68732394, 0.48656294, 0.15902579, 0.41558442])]

estim_algorithm = ts-atc-model, mode = classification, metric = sensitivity, confidence_scores = energy-conf, class_specific = False
test err: [0.2663943166378414, 0.255589775644001, 0.25670880208667857, 0.2662633893737277, 0.2570092011713426]
estimated metric: [array([0.60807975, 0.70118075, 0.36011479, 0.33884298, 0.41955837,
       0.41166079, 0.5285235 , 0.54473685, 0.80412373, 0.87205388]), array([0.61092531, 0.71324864, 0.32814711, 0.32939633, 0.39306359,
       0.42911878, 0.55379189, 0.54651164, 0.72727275, 0.83439491]), array([0.61217773, 0.69005329, 0.37803139, 0.32500001, 0.4031792 ,
       0.45208334, 0.54545455, 0.50381681, 0.75781252, 0.84158416]), array([0.61231281, 0.73684211, 0.34353269, 0.33116037, 0.39092241,
       0.46360154, 0.51747089, 0.4894737 , 0.76923079, 0.85409253]), array([0.59531591, 0.73013101, 0.36444445, 0.33246754, 0.39660495,
       0.4269006 , 0.51320133, 0.47409328, 0.74782611, 0.83660131])]
real metric: [array([0.96590909, 0.95678092, 0.59383754, 0.53498542, 0.57954545,
       0.53605442, 0.68732782, 0.50220913, 0.13773314, 0.40350877]), array([0.96312057, 0.95225102, 0.61387632, 0.59037901, 0.61661808,
       0.52676056, 0.65753425, 0.51405622, 0.15306122, 0.44801223]), array([0.96934307, 0.94853964, 0.59180791, 0.60116448, 0.63983051,
       0.50433526, 0.69714286, 0.5064194 , 0.17914831, 0.40194715]), array([0.97035881, 0.96054422, 0.59486448, 0.57740586, 0.61971831,
       0.53203343, 0.68383405, 0.47756874, 0.13997114, 0.37553957]), array([0.96956522, 0.95522388, 0.60400616, 0.5744089 , 0.61705202,
       0.49929078, 0.68732394, 0.48656294, 0.15902579, 0.41558442])]

estim_algorithm = ts-atc-model, mode = classification, metric = sensitivity, confidence_scores = energy-conf, class_specific = True
test err: [0.09344910660158465, 0.08871135518954057, 0.08080119497188995, 0.0903640850765564, 0.08875376973594687]
estimated metric: [array([0.91448059, 0.91553134, 0.64992827, 0.58677687, 0.60567824,
       0.27738517, 0.52348994, 0.46578949, 0.32989698, 0.34680137]), array([0.91583055, 0.93557169, 0.61669025, 0.56692914, 0.55346821,
       0.2586207 , 0.54320988, 0.4883721 , 0.3363637 , 0.30573251]), array([0.91058695, 0.91030195, 0.63338089, 0.5881579 , 0.59971099,
       0.28541668, 0.52861954, 0.44529263, 0.30468755, 0.35973599]), array([0.92789795, 0.92982456, 0.6481224 , 0.55410692, 0.60029283,
       0.2796935 , 0.50582364, 0.44736844, 0.39423083, 0.35587191]), array([0.91666667, 0.93886463, 0.64592593, 0.5935065 , 0.59876544,
       0.26705654, 0.50660067, 0.41968913, 0.31304354, 0.31045754])]
real metric: [array([0.96590909, 0.95678092, 0.59383754, 0.53498542, 0.57954545,
       0.53605442, 0.68732782, 0.50220913, 0.13773314, 0.40350877]), array([0.96312057, 0.95225102, 0.61387632, 0.59037901, 0.61661808,
       0.52676056, 0.65753425, 0.51405622, 0.15306122, 0.44801223]), array([0.96934307, 0.94853964, 0.59180791, 0.60116448, 0.63983051,
       0.50433526, 0.69714286, 0.5064194 , 0.17914831, 0.40194715]), array([0.97035881, 0.96054422, 0.59486448, 0.57740586, 0.61971831,
       0.53203343, 0.68383405, 0.47756874, 0.13997114, 0.37553957]), array([0.96956522, 0.95522388, 0.60400616, 0.5744089 , 0.61705202,
       0.49929078, 0.68732394, 0.48656294, 0.15902579, 0.41558442])]

estim_algorithm = ts-atc-model, mode = classification, metric = sensitivity, confidence_scores = entropy-conf, class_specific = False
test err: [0.2158042850113318, 0.2164229981183084, 0.2249579993662431, 0.21833125217423938, 0.21256492301435853]
estimated metric: [array([0.6867786 , 0.73751136, 0.42180776, 0.35812673, 0.45899054,
       0.43109542, 0.56040269, 0.53684212, 0.6804124 , 0.78451179]), array([0.68227425, 0.7477314 , 0.39179633, 0.328084  , 0.4031792 ,
       0.45593871, 0.57848325, 0.56744187, 0.62727276, 0.75159236]), array([0.68842567, 0.72468917, 0.403709  , 0.3381579 , 0.43208093,
       0.47291668, 0.54377105, 0.54452927, 0.67187503, 0.77227724]), array([0.68386023, 0.76666667, 0.40055634, 0.34028684, 0.44655931,
       0.49616859, 0.52246257, 0.50263159, 0.6442308 , 0.74733097]), array([0.66394336, 0.75720524, 0.39555556, 0.35844157, 0.44290124,
       0.4385965 , 0.53300331, 0.51813473, 0.6782609 , 0.67320263])]
real metric: [array([0.96590909, 0.95678092, 0.59383754, 0.53498542, 0.57954545,
       0.53605442, 0.68732782, 0.50220913, 0.13773314, 0.40350877]), array([0.96312057, 0.95225102, 0.61387632, 0.59037901, 0.61661808,
       0.52676056, 0.65753425, 0.51405622, 0.15306122, 0.44801223]), array([0.96934307, 0.94853964, 0.59180791, 0.60116448, 0.63983051,
       0.50433526, 0.69714286, 0.5064194 , 0.17914831, 0.40194715]), array([0.97035881, 0.96054422, 0.59486448, 0.57740586, 0.61971831,
       0.53203343, 0.68383405, 0.47756874, 0.13997114, 0.37553957]), array([0.96956522, 0.95522388, 0.60400616, 0.5744089 , 0.61705202,
       0.49929078, 0.68732394, 0.48656294, 0.15902579, 0.41558442])]

estim_algorithm = ts-atc-model, mode = classification, metric = sensitivity, confidence_scores = entropy-conf, class_specific = True
test err: [0.09514169040069963, 0.07409491239982349, 0.0689056193596815, 0.08130240528639612, 0.07920307224593001]
estimated metric: [array([0.92812172, 0.95367847, 0.69010043, 0.6170799 , 0.70189275,
       0.2968198 , 0.54194632, 0.51578949, 0.3195877 , 0.37373739]), array([0.91973244, 0.96370236, 0.66478077, 0.64304462, 0.64595376,
       0.31992338, 0.56613757, 0.53255815, 0.27272734, 0.33121021]), array([0.92649479, 0.96447602, 0.66619116, 0.60657895, 0.69219654,
       0.32291668, 0.53367004, 0.49872775, 0.28906256, 0.36633665]), array([0.9234609 , 0.96491228, 0.69680112, 0.59452413, 0.67642753,
       0.33908047, 0.50748753, 0.47105265, 0.32692314, 0.35231319]), array([0.91775599, 0.96419214, 0.65185186, 0.62857143, 0.6712963 ,
       0.30214426, 0.50825083, 0.47409328, 0.24347833, 0.31372551])]
real metric: [array([0.96590909, 0.95678092, 0.59383754, 0.53498542, 0.57954545,
       0.53605442, 0.68732782, 0.50220913, 0.13773314, 0.40350877]), array([0.96312057, 0.95225102, 0.61387632, 0.59037901, 0.61661808,
       0.52676056, 0.65753425, 0.51405622, 0.15306122, 0.44801223]), array([0.96934307, 0.94853964, 0.59180791, 0.60116448, 0.63983051,
       0.50433526, 0.69714286, 0.5064194 , 0.17914831, 0.40194715]), array([0.97035881, 0.96054422, 0.59486448, 0.57740586, 0.61971831,
       0.53203343, 0.68383405, 0.47756874, 0.13997114, 0.37553957]), array([0.96956522, 0.95522388, 0.60400616, 0.5744089 , 0.61705202,
       0.49929078, 0.68732394, 0.48656294, 0.15902579, 0.41558442])]

estim_algorithm = ts-atc-model, mode = classification, metric = sensitivity, confidence_scores = doctor-conf, class_specific = False
test err: [0.21031813813628464, 0.21041160040178028, 0.21995511371597817, 0.21381762108354904, 0.2083912896956815]
estimated metric: [array([0.68782791, 0.73932789, 0.4318508 , 0.36088155, 0.45899054,
       0.4328622 , 0.5671141 , 0.53684212, 0.65979385, 0.77441078]), array([0.68227425, 0.75045372, 0.39321076, 0.33727035, 0.41184972,
       0.46551725, 0.58201059, 0.56744187, 0.61818185, 0.7356688 ]), array([0.69061986, 0.72646537, 0.4079886 , 0.34605264, 0.43641619,
       0.47708334, 0.55050506, 0.55470739, 0.65625003, 0.75907592]), array([0.68552413, 0.76403509, 0.40890126, 0.34419818, 0.45241582,
       0.49425288, 0.52246257, 0.50263159, 0.62500004, 0.73665481]), array([0.66830066, 0.75720524, 0.40148149, 0.36363637, 0.44290124,
       0.44054582, 0.53135314, 0.52590675, 0.66086959, 0.65686276])]
real metric: [array([0.96590909, 0.95678092, 0.59383754, 0.53498542, 0.57954545,
       0.53605442, 0.68732782, 0.50220913, 0.13773314, 0.40350877]), array([0.96312057, 0.95225102, 0.61387632, 0.59037901, 0.61661808,
       0.52676056, 0.65753425, 0.51405622, 0.15306122, 0.44801223]), array([0.96934307, 0.94853964, 0.59180791, 0.60116448, 0.63983051,
       0.50433526, 0.69714286, 0.5064194 , 0.17914831, 0.40194715]), array([0.97035881, 0.96054422, 0.59486448, 0.57740586, 0.61971831,
       0.53203343, 0.68383405, 0.47756874, 0.13997114, 0.37553957]), array([0.96956522, 0.95522388, 0.60400616, 0.5744089 , 0.61705202,
       0.49929078, 0.68732394, 0.48656294, 0.15902579, 0.41558442])]

estim_algorithm = ts-atc-model, mode = classification, metric = sensitivity, confidence_scores = doctor-conf, class_specific = True
test err: [0.08960632221516655, 0.06289223363115284, 0.06021926091877774, 0.0700052790739162, 0.06820904410449549]
estimated metric: [array([0.92549843, 0.9400545 , 0.64275467, 0.60881543, 0.69242903,
       0.2968198 , 0.54026846, 0.52105264, 0.3195877 , 0.38720541]), array([0.91694537, 0.95644283, 0.6195191 , 0.62204725, 0.6199422 ,
       0.31992338, 0.56084657, 0.52790699, 0.27272734, 0.34713378]), array([0.92704334, 0.94671403, 0.63338089, 0.5881579 , 0.67919076,
       0.33750001, 0.53535354, 0.49872775, 0.28125006, 0.37623764]), array([0.92734332, 0.95263158, 0.65229486, 0.58018253, 0.66178624,
       0.34674331, 0.51247921, 0.47894738, 0.32692314, 0.3736655 ]), array([0.92429194, 0.95545852, 0.60592593, 0.60519481, 0.66049383,
       0.30994153, 0.51650166, 0.4715026 , 0.25217398, 0.32352943])]
real metric: [array([0.96590909, 0.95678092, 0.59383754, 0.53498542, 0.57954545,
       0.53605442, 0.68732782, 0.50220913, 0.13773314, 0.40350877]), array([0.96312057, 0.95225102, 0.61387632, 0.59037901, 0.61661808,
       0.52676056, 0.65753425, 0.51405622, 0.15306122, 0.44801223]), array([0.96934307, 0.94853964, 0.59180791, 0.60116448, 0.63983051,
       0.50433526, 0.69714286, 0.5064194 , 0.17914831, 0.40194715]), array([0.97035881, 0.96054422, 0.59486448, 0.57740586, 0.61971831,
       0.53203343, 0.68383405, 0.47756874, 0.13997114, 0.37553957]), array([0.96956522, 0.95522388, 0.60400616, 0.5744089 , 0.61705202,
       0.49929078, 0.68732394, 0.48656294, 0.15902579, 0.41558442])]

