estim_algorithm = moval-ensemble-cls-auc, mode = classification, metric = auc
test err: [0.03079392062211056, 0.0322506363232028, 0.03835737110436029, 0.0369080794870983, 0.03457049245175063]
estimated metric: [array([0.94950327, 0.95265764, 0.92447739, 0.92173939, 0.94830913,
       0.95473257, 0.94835852, 0.95807287, 0.95483458, 0.96348899]), array([0.94674974, 0.95262993, 0.94941656, 0.93340555, 0.9495682 ,
       0.94115876, 0.94730279, 0.95129738, 0.95839689, 0.96275704]), array([0.94748387, 0.95394774, 0.94884759, 0.94001376, 0.94836358,
       0.95811883, 0.95157551, 0.95775216, 0.94532729, 0.96083174]), array([0.94793664, 0.95309821, 0.94475283, 0.94287143, 0.95364438,
       0.95850857, 0.95094178, 0.95571349, 0.95312919, 0.96345485]), array([0.94250265, 0.95158595, 0.90060445, 0.9299519 , 0.94705794,
       0.95786953, 0.94790879, 0.95554555, 0.9644426 , 0.96124237])]
real metric: [array([0.95515385, 0.98000492, 0.89848016, 0.89331371, 0.92148504,
       0.89733205, 0.93768002, 0.9142307 , 0.89383878, 0.94271164]), array([0.94947756, 0.97599132, 0.90574345, 0.89122313, 0.91597367,
       0.89977912, 0.93457741, 0.91804362, 0.8918741 , 0.93967153]), array([0.95476248, 0.98067366, 0.90040693, 0.88898264, 0.89692095,
       0.89494807, 0.94143069, 0.91029938, 0.89089763, 0.93737497]), array([0.9576169 , 0.98234108, 0.90777698, 0.89358441, 0.90878349,
       0.89696858, 0.93010567, 0.91790505, 0.89747374, 0.94026091]), array([0.94837292, 0.97774989, 0.90036287, 0.88588372, 0.9107612 ,
       0.89658881, 0.92343474, 0.91817395, 0.88515705, 0.93059003])]

