estim_algorithm = ac-model, mode = classification, metric = sensitivity, confidence_scores = max_class_probability-conf, class_specific = False
test err: [0.3882912350718285, 0.400558911590377, 0.38916373734720006, 0.39582162624177125, 0.38277435660377845]
estimated metric: [array([0.85829406, 0.91176296, 0.84058691, 0.82768176, 0.80031281,
       0.80497949, 0.85892886, 0.86109369, 0.84973375, 0.85813213]), array([0.85974867, 0.91303642, 0.84071466, 0.82839724, 0.84887649,
       0.80258371, 0.90478774, 0.8546975 , 0.85079137, 0.84621338]), array([0.85487554, 0.91220231, 0.84822097, 0.82011465, 0.81334901,
       0.80462756, 0.91008447, 0.88992125, 0.82754007, 0.82790826]), array([0.8553915 , 0.91566308, 0.83861306, 0.83035695, 0.81668839,
       0.81870827, 0.8583124 , 0.88471865, 0.82083884, 0.87480388]), array([0.85911161, 0.91975972, 0.83952492, 0.82982603, 0.80517426,
       0.8103666 , 0.87048847, 0.85988024, 0.85595092, 0.84924081])]
real metric: [array([0.86795252, 0.63150492, 0.78428571, 0.69879518, 0.35483871,
       0.26969697, 0.16174402, 0.30606488, 0.29519774, 0.23783032]), array([0.854314  , 0.61965812, 0.80454545, 0.66964286, 0.40670554,
       0.24380165, 0.16402878, 0.3106383 , 0.25753425, 0.21338912]), array([0.86259542, 0.64346591, 0.8       , 0.69827586, 0.39198856,
       0.27673797, 0.17193948, 0.30898876, 0.26883309, 0.20982143]), array([0.87571429, 0.62938005, 0.80542986, 0.70652174, 0.41052632,
       0.26542324, 0.13950276, 0.28612303, 0.26176471, 0.21613833]), array([0.85486212, 0.63586957, 0.8034188 , 0.74415406, 0.39943343,
       0.26748971, 0.1440678 , 0.32285714, 0.28636364, 0.21306376])]

estim_algorithm = ac-model, mode = classification, metric = sensitivity, confidence_scores = energy-conf, class_specific = False
test err: [0.2427734586609016, 0.2450618773404031, 0.2462762930142824, 0.25038777771410675, 0.25625070404342354]
estimated metric: [array([0.19734772, 0.30137615, 0.22691349, 0.18912362, 0.24841743,
       0.25901276, 0.25785866, 0.26483037, 0.22252049, 0.27065566]), array([0.19621103, 0.28996561, 0.22375417, 0.1863336 , 0.26630321,
       0.25109579, 0.28288142, 0.2655817 , 0.22672245, 0.26969436]), array([0.19639975, 0.29430871, 0.2269182 , 0.18711889, 0.24593973,
       0.26752346, 0.28339162, 0.29550743, 0.22691511, 0.25087793]), array([0.20027401, 0.29960141, 0.22349494, 0.18822559, 0.25783027,
       0.27226544, 0.27036575, 0.28491999, 0.21950926, 0.28070641]), array([0.19647819, 0.29881721, 0.22618488, 0.19339607, 0.24931333,
       0.25862681, 0.25709371, 0.27490243, 0.22477774, 0.27059309])]
real metric: [array([0.86795252, 0.63150492, 0.78428571, 0.69879518, 0.35483871,
       0.26969697, 0.16174402, 0.30606488, 0.29519774, 0.23783032]), array([0.854314  , 0.61965812, 0.80454545, 0.66964286, 0.40670554,
       0.24380165, 0.16402878, 0.3106383 , 0.25753425, 0.21338912]), array([0.86259542, 0.64346591, 0.8       , 0.69827586, 0.39198856,
       0.27673797, 0.17193948, 0.30898876, 0.26883309, 0.20982143]), array([0.87571429, 0.62938005, 0.80542986, 0.70652174, 0.41052632,
       0.26542324, 0.13950276, 0.28612303, 0.26176471, 0.21613833]), array([0.85486212, 0.63586957, 0.8034188 , 0.74415406, 0.39943343,
       0.26748971, 0.1440678 , 0.32285714, 0.28636364, 0.21306376])]

estim_algorithm = ac-model, mode = classification, metric = sensitivity, confidence_scores = entropy-conf, class_specific = False
test err: [0.3723539692117657, 0.38443281000802754, 0.3745897128858504, 0.38211924518831936, 0.36655155407146545]
estimated metric: [array([0.83380644, 0.89542535, 0.82125699, 0.79617229, 0.78821159,
       0.79470135, 0.83990867, 0.82958664, 0.82973994, 0.83434924]), array([0.83243589, 0.8966635 , 0.82182122, 0.79647615, 0.83287573,
       0.79375291, 0.8794782 , 0.8285557 , 0.83426019, 0.82851046]), array([0.83350163, 0.89541172, 0.82788031, 0.7903723 , 0.79539654,
       0.80110091, 0.89026098, 0.86899499, 0.81436989, 0.80306676]), array([0.83219892, 0.89890431, 0.8207051 , 0.79959714, 0.80895334,
       0.8080129 , 0.8408889 , 0.85693755, 0.80629022, 0.85819767]), array([0.83343437, 0.90245332, 0.82187206, 0.80106363, 0.79098955,
       0.80006817, 0.84708795, 0.83472698, 0.836958  , 0.82558603])]
real metric: [array([0.86795252, 0.63150492, 0.78428571, 0.69879518, 0.35483871,
       0.26969697, 0.16174402, 0.30606488, 0.29519774, 0.23783032]), array([0.854314  , 0.61965812, 0.80454545, 0.66964286, 0.40670554,
       0.24380165, 0.16402878, 0.3106383 , 0.25753425, 0.21338912]), array([0.86259542, 0.64346591, 0.8       , 0.69827586, 0.39198856,
       0.27673797, 0.17193948, 0.30898876, 0.26883309, 0.20982143]), array([0.87571429, 0.62938005, 0.80542986, 0.70652174, 0.41052632,
       0.26542324, 0.13950276, 0.28612303, 0.26176471, 0.21613833]), array([0.85486212, 0.63586957, 0.8034188 , 0.74415406, 0.39943343,
       0.26748971, 0.1440678 , 0.32285714, 0.28636364, 0.21306376])]

estim_algorithm = ac-model, mode = classification, metric = sensitivity, confidence_scores = doctor-conf, class_specific = False
test err: [0.46348038809025616, 0.4752192923555336, 0.4635429187919792, 0.4670132019067667, 0.4591959002992271]
estimated metric: [array([0.93216886, 0.95547935, 0.92348645, 0.91589107, 0.89817173,
       0.90396018, 0.93198346, 0.93088779, 0.92414192, 0.92654406]), array([0.93124887, 0.9567018 , 0.9233807 , 0.91708976, 0.92732364,
       0.90392881, 0.95802951, 0.92433058, 0.92922485, 0.92519247]), array([0.93037208, 0.95381767, 0.92735625, 0.91121496, 0.9076157 ,
       0.90680017, 0.95687342, 0.94473377, 0.91564274, 0.91364889]), array([0.93043193, 0.95761839, 0.92353633, 0.91763654, 0.91063581,
       0.90761349, 0.92687464, 0.9403776 , 0.91195876, 0.93997287]), array([0.93277653, 0.95958592, 0.92331915, 0.91783381, 0.902526  ,
       0.90970079, 0.93725873, 0.92425633, 0.93291491, 0.92336684])]
real metric: [array([0.86795252, 0.63150492, 0.78428571, 0.69879518, 0.35483871,
       0.26969697, 0.16174402, 0.30606488, 0.29519774, 0.23783032]), array([0.854314  , 0.61965812, 0.80454545, 0.66964286, 0.40670554,
       0.24380165, 0.16402878, 0.3106383 , 0.25753425, 0.21338912]), array([0.86259542, 0.64346591, 0.8       , 0.69827586, 0.39198856,
       0.27673797, 0.17193948, 0.30898876, 0.26883309, 0.20982143]), array([0.87571429, 0.62938005, 0.80542986, 0.70652174, 0.41052632,
       0.26542324, 0.13950276, 0.28612303, 0.26176471, 0.21613833]), array([0.85486212, 0.63586957, 0.8034188 , 0.74415406, 0.39943343,
       0.26748971, 0.1440678 , 0.32285714, 0.28636364, 0.21306376])]

estim_algorithm = ts-model, mode = classification, metric = sensitivity, confidence_scores = max_class_probability-conf, class_specific = False
test err: [0.2840267345026947, 0.29502979364160237, 0.29241246610392574, 0.3007787966709977, 0.29048535725900015]
estimated metric: [array([0.62697193, 0.75485214, 0.62453196, 0.57087754, 0.60221578,
       0.61267882, 0.65111373, 0.64648631, 0.63855513, 0.66259101]), array([0.62753074, 0.7517313 , 0.62402617, 0.56945603, 0.65252887,
       0.60606067, 0.70325461, 0.64832207, 0.64719366, 0.64947313]), array([0.62735302, 0.75487148, 0.62987493, 0.56621992, 0.60971239,
       0.62211217, 0.72138885, 0.70707179, 0.62452075, 0.61879903]), array([0.63108401, 0.75977102, 0.62322677, 0.57329491, 0.62210652,
       0.63294931, 0.6651417 , 0.68036367, 0.61526924, 0.68098474]), array([0.62680467, 0.76087726, 0.62674983, 0.57811307, 0.60562381,
       0.61424291, 0.66575245, 0.66422931, 0.64377132, 0.64873414])]
real metric: [array([0.86795252, 0.63150492, 0.78428571, 0.69879518, 0.35483871,
       0.26969697, 0.16174402, 0.30606488, 0.29519774, 0.23783032]), array([0.854314  , 0.61965812, 0.80454545, 0.66964286, 0.40670554,
       0.24380165, 0.16402878, 0.3106383 , 0.25753425, 0.21338912]), array([0.86259542, 0.64346591, 0.8       , 0.69827586, 0.39198856,
       0.27673797, 0.17193948, 0.30898876, 0.26883309, 0.20982143]), array([0.87571429, 0.62938005, 0.80542986, 0.70652174, 0.41052632,
       0.26542324, 0.13950276, 0.28612303, 0.26176471, 0.21613833]), array([0.85486212, 0.63586957, 0.8034188 , 0.74415406, 0.39943343,
       0.26748971, 0.1440678 , 0.32285714, 0.28636364, 0.21306376])]

estim_algorithm = ts-model, mode = classification, metric = sensitivity, confidence_scores = max_class_probability-conf, class_specific = True
test err: [0.21062196574167036, 0.2292310128914306, 0.2195638204137706, 0.22366594529645129, 0.21051834928678873]
estimated metric: [array([0.95400317, 0.95768719, 0.79511253, 0.78212081, 0.71387666,
       0.56192351, 0.62877018, 0.53718574, 0.33969621, 0.44375465]), array([0.95777942, 0.9589012 , 0.79561607, 0.78241447, 0.76641526,
       0.55397227, 0.68083194, 0.54000638, 0.34578332, 0.43698909]), array([0.94819255, 0.95634864, 0.80296987, 0.7749198 , 0.72360858,
       0.57273288, 0.69836585, 0.59458833, 0.34187428, 0.41468389]), array([0.95334595, 0.96078969, 0.79339904, 0.78528521, 0.73456607,
       0.58249167, 0.64358753, 0.56842981, 0.33387876, 0.45334841]), array([0.95599455, 0.96335254, 0.79497609, 0.78577269, 0.71709356,
       0.56322972, 0.64313742, 0.55604354, 0.34386069, 0.43641729])]
real metric: [array([0.86795252, 0.63150492, 0.78428571, 0.69879518, 0.35483871,
       0.26969697, 0.16174402, 0.30606488, 0.29519774, 0.23783032]), array([0.854314  , 0.61965812, 0.80454545, 0.66964286, 0.40670554,
       0.24380165, 0.16402878, 0.3106383 , 0.25753425, 0.21338912]), array([0.86259542, 0.64346591, 0.8       , 0.69827586, 0.39198856,
       0.27673797, 0.17193948, 0.30898876, 0.26883309, 0.20982143]), array([0.87571429, 0.62938005, 0.80542986, 0.70652174, 0.41052632,
       0.26542324, 0.13950276, 0.28612303, 0.26176471, 0.21613833]), array([0.85486212, 0.63586957, 0.8034188 , 0.74415406, 0.39943343,
       0.26748971, 0.1440678 , 0.32285714, 0.28636364, 0.21306376])]

estim_algorithm = ts-model, mode = classification, metric = sensitivity, confidence_scores = energy-conf, class_specific = False
test err: [0.3072396802414714, 0.3150063087625866, 0.3072999841839614, 0.31610502607665014, 0.30968067328902127]
estimated metric: [array([0.7006059 , 0.72938641, 0.71409674, 0.70572617, 0.72674341,
       0.72866069, 0.72671715, 0.73194582, 0.71025906, 0.73109526]), array([0.70025716, 0.72531116, 0.71293697, 0.70478711, 0.72942019,
       0.72633202, 0.73168123, 0.73128759, 0.71003943, 0.73093764]), array([0.70010971, 0.72585919, 0.71376069, 0.70531251, 0.72490031,
       0.73107825, 0.73029498, 0.73818533, 0.71232946, 0.72636584]), array([0.70107668, 0.72831545, 0.71273256, 0.70515535, 0.72891699,
       0.73253123, 0.73080929, 0.7370803 , 0.71051634, 0.73303781]), array([0.70023309, 0.72781741, 0.71347135, 0.70677624, 0.72651397,
       0.72848599, 0.72508161, 0.73382605, 0.7097704 , 0.73250205])]
real metric: [array([0.86795252, 0.63150492, 0.78428571, 0.69879518, 0.35483871,
       0.26969697, 0.16174402, 0.30606488, 0.29519774, 0.23783032]), array([0.854314  , 0.61965812, 0.80454545, 0.66964286, 0.40670554,
       0.24380165, 0.16402878, 0.3106383 , 0.25753425, 0.21338912]), array([0.86259542, 0.64346591, 0.8       , 0.69827586, 0.39198856,
       0.27673797, 0.17193948, 0.30898876, 0.26883309, 0.20982143]), array([0.87571429, 0.62938005, 0.80542986, 0.70652174, 0.41052632,
       0.26542324, 0.13950276, 0.28612303, 0.26176471, 0.21613833]), array([0.85486212, 0.63586957, 0.8034188 , 0.74415406, 0.39943343,
       0.26748971, 0.1440678 , 0.32285714, 0.28636364, 0.21306376])]

estim_algorithm = ts-model, mode = classification, metric = sensitivity, confidence_scores = energy-conf, class_specific = True
test err: [0.25717890095769824, 0.2636160018005129, 0.25555529763918294, 0.26020837506120725, 0.2510240412556079]
estimated metric: [array([0.95096847, 0.96180728, 0.85545483, 0.80585637, 0.82981505,
       0.61337084, 0.70684201, 0.61156712, 0.3678642 , 0.47615384]), array([0.95069118, 0.95998389, 0.85453232, 0.80503975, 0.83212352,
       0.61048636, 0.71200893, 0.61072758, 0.36879304, 0.47603152]), array([0.95065478, 0.96165484, 0.85521451, 0.80549284, 0.82826806,
       0.61634465, 0.71056503, 0.6193153 , 0.3724144 , 0.46827503]), array([0.95124638, 0.96114432, 0.85439948, 0.8053557 , 0.83173327,
       0.61811311, 0.71107559, 0.6178545 , 0.36818202, 0.47950371]), array([0.95082556, 0.96131611, 0.85500376, 0.80674674, 0.8296381 ,
       0.61319548, 0.70516249, 0.61386456, 0.36806753, 0.47800011])]
real metric: [array([0.86795252, 0.63150492, 0.78428571, 0.69879518, 0.35483871,
       0.26969697, 0.16174402, 0.30606488, 0.29519774, 0.23783032]), array([0.854314  , 0.61965812, 0.80454545, 0.66964286, 0.40670554,
       0.24380165, 0.16402878, 0.3106383 , 0.25753425, 0.21338912]), array([0.86259542, 0.64346591, 0.8       , 0.69827586, 0.39198856,
       0.27673797, 0.17193948, 0.30898876, 0.26883309, 0.20982143]), array([0.87571429, 0.62938005, 0.80542986, 0.70652174, 0.41052632,
       0.26542324, 0.13950276, 0.28612303, 0.26176471, 0.21613833]), array([0.85486212, 0.63586957, 0.8034188 , 0.74415406, 0.39943343,
       0.26748971, 0.1440678 , 0.32285714, 0.28636364, 0.21306376])]

estim_algorithm = ts-model, mode = classification, metric = sensitivity, confidence_scores = entropy-conf, class_specific = False
test err: [0.2877764010109312, 0.2995638376052989, 0.297055624210693, 0.30541101313061286, 0.29382124022090483]
estimated metric: [array([0.61409576, 0.74451269, 0.62466368, 0.55843733, 0.61597966,
       0.6347764 , 0.65261477, 0.63759907, 0.634427  , 0.66089534]), array([0.61360161, 0.74082851, 0.6231414 , 0.55615625, 0.66168586,
       0.62602146, 0.70058779, 0.64411143, 0.64588949, 0.65666653]), array([0.61606702, 0.74334897, 0.62916209, 0.55366172, 0.62028305,
       0.64568654, 0.7200613 , 0.70369876, 0.62818058, 0.61909179]), array([0.62094788, 0.74891299, 0.62339846, 0.56145631, 0.63608457,
       0.65231159, 0.66703956, 0.67421859, 0.61620209, 0.68633594]), array([0.61452181, 0.74925858, 0.6275697 , 0.56738134, 0.61734163,
       0.63334453, 0.66311717, 0.65974294, 0.6416859 , 0.64990457])]
real metric: [array([0.86795252, 0.63150492, 0.78428571, 0.69879518, 0.35483871,
       0.26969697, 0.16174402, 0.30606488, 0.29519774, 0.23783032]), array([0.854314  , 0.61965812, 0.80454545, 0.66964286, 0.40670554,
       0.24380165, 0.16402878, 0.3106383 , 0.25753425, 0.21338912]), array([0.86259542, 0.64346591, 0.8       , 0.69827586, 0.39198856,
       0.27673797, 0.17193948, 0.30898876, 0.26883309, 0.20982143]), array([0.87571429, 0.62938005, 0.80542986, 0.70652174, 0.41052632,
       0.26542324, 0.13950276, 0.28612303, 0.26176471, 0.21613833]), array([0.85486212, 0.63586957, 0.8034188 , 0.74415406, 0.39943343,
       0.26748971, 0.1440678 , 0.32285714, 0.28636364, 0.21306376])]

estim_algorithm = ts-model, mode = classification, metric = sensitivity, confidence_scores = entropy-conf, class_specific = True
test err: [0.2065137408460623, 0.2232359416737748, 0.21638432341282182, 0.21880595456953839, 0.20498677038382906]
estimated metric: [array([0.95121625, 0.95772089, 0.80471642, 0.78226189, 0.73062849,
       0.57363279, 0.63074644, 0.52867847, 0.29476326, 0.41781452]), array([0.95387055, 0.95862994, 0.80529732, 0.78239899, 0.77696011,
       0.56249456, 0.67912261, 0.53592252, 0.30542839, 0.41649248]), array([0.94738074, 0.95655326, 0.81131213, 0.77653409, 0.73635026,
       0.58592574, 0.69817403, 0.59448253, 0.30248007, 0.38729685]), array([0.95032984, 0.96038461, 0.80417886, 0.78586395, 0.7525363 ,
       0.59241496, 0.64596848, 0.56448969, 0.29232482, 0.43359036]), array([0.95308171, 0.96255833, 0.80571938, 0.78758213, 0.73190608,
       0.57159273, 0.64113435, 0.55253285, 0.30096804, 0.41437211])]
real metric: [array([0.86795252, 0.63150492, 0.78428571, 0.69879518, 0.35483871,
       0.26969697, 0.16174402, 0.30606488, 0.29519774, 0.23783032]), array([0.854314  , 0.61965812, 0.80454545, 0.66964286, 0.40670554,
       0.24380165, 0.16402878, 0.3106383 , 0.25753425, 0.21338912]), array([0.86259542, 0.64346591, 0.8       , 0.69827586, 0.39198856,
       0.27673797, 0.17193948, 0.30898876, 0.26883309, 0.20982143]), array([0.87571429, 0.62938005, 0.80542986, 0.70652174, 0.41052632,
       0.26542324, 0.13950276, 0.28612303, 0.26176471, 0.21613833]), array([0.85486212, 0.63586957, 0.8034188 , 0.74415406, 0.39943343,
       0.26748971, 0.1440678 , 0.32285714, 0.28636364, 0.21306376])]

estim_algorithm = ts-model, mode = classification, metric = sensitivity, confidence_scores = doctor-conf, class_specific = False
test err: [0.29163103720740824, 0.3055107610391249, 0.30157124994306383, 0.3112131421450171, 0.2971463249908985]
estimated metric: [array([0.59111392, 0.72326359, 0.62164446, 0.54272808, 0.62605952,
       0.65505303, 0.66160016, 0.63233412, 0.6216493 , 0.65768126]), array([0.58959188, 0.71871593, 0.6179483 , 0.53917671, 0.67519384,
       0.6442919 , 0.71095533, 0.64329391, 0.63318237, 0.66344466]), array([0.59382938, 0.72085986, 0.62693416, 0.53505104, 0.62938643,
       0.66566502, 0.73036699, 0.70582058, 0.61677427, 0.61355784]), array([0.59882557, 0.72706626, 0.61835457, 0.546878  , 0.64926097,
       0.67078117, 0.6734789 , 0.67817508, 0.60148062, 0.69713913]), array([0.59298722, 0.72846047, 0.62351853, 0.55317315, 0.62592545,
       0.65107263, 0.66603171, 0.65588525, 0.63177055, 0.64870615])]
real metric: [array([0.86795252, 0.63150492, 0.78428571, 0.69879518, 0.35483871,
       0.26969697, 0.16174402, 0.30606488, 0.29519774, 0.23783032]), array([0.854314  , 0.61965812, 0.80454545, 0.66964286, 0.40670554,
       0.24380165, 0.16402878, 0.3106383 , 0.25753425, 0.21338912]), array([0.86259542, 0.64346591, 0.8       , 0.69827586, 0.39198856,
       0.27673797, 0.17193948, 0.30898876, 0.26883309, 0.20982143]), array([0.87571429, 0.62938005, 0.80542986, 0.70652174, 0.41052632,
       0.26542324, 0.13950276, 0.28612303, 0.26176471, 0.21613833]), array([0.85486212, 0.63586957, 0.8034188 , 0.74415406, 0.39943343,
       0.26748971, 0.1440678 , 0.32285714, 0.28636364, 0.21306376])]

estim_algorithm = ts-model, mode = classification, metric = sensitivity, confidence_scores = doctor-conf, class_specific = True
test err: [0.20962401069616687, 0.2159572906798294, 0.21390453660033346, 0.21756487660614487, 0.20534602057287446]
estimated metric: [array([0.94909339, 0.95639184, 0.81448699, 0.77863435, 0.75434447,
       0.57805393, 0.634603  , 0.50706634, 0.23321511, 0.3742964 ]), array([0.94893638, 0.95760039, 0.81373777, 0.77870692, 0.79775157,
       0.56506997, 0.68534272, 0.51992977, 0.25333059, 0.37501758]), array([0.94698406, 0.95473763, 0.82005451, 0.772508  , 0.75961714,
       0.59222502, 0.70529546, 0.59005387, 0.23870198, 0.33125196]), array([0.94754192, 0.95852095, 0.81350397, 0.7827338 , 0.77586007,
       0.59722566, 0.64824752, 0.55672123, 0.22981714, 0.39810571]), array([0.94981149, 0.96045107, 0.81568664, 0.78511097, 0.75523771,
       0.57301085, 0.6393959 , 0.53667573, 0.23859964, 0.37553223])]
real metric: [array([0.86795252, 0.63150492, 0.78428571, 0.69879518, 0.35483871,
       0.26969697, 0.16174402, 0.30606488, 0.29519774, 0.23783032]), array([0.854314  , 0.61965812, 0.80454545, 0.66964286, 0.40670554,
       0.24380165, 0.16402878, 0.3106383 , 0.25753425, 0.21338912]), array([0.86259542, 0.64346591, 0.8       , 0.69827586, 0.39198856,
       0.27673797, 0.17193948, 0.30898876, 0.26883309, 0.20982143]), array([0.87571429, 0.62938005, 0.80542986, 0.70652174, 0.41052632,
       0.26542324, 0.13950276, 0.28612303, 0.26176471, 0.21613833]), array([0.85486212, 0.63586957, 0.8034188 , 0.74415406, 0.39943343,
       0.26748971, 0.1440678 , 0.32285714, 0.28636364, 0.21306376])]

estim_algorithm = doc-model, mode = classification, metric = sensitivity, confidence_scores = max_class_probability-conf, class_specific = False
test err: [0.2857673502199113, 0.29500092972818504, 0.2896654538094854, 0.29893161430227627, 0.2920825096650732]
estimated metric: [array([0.69457823, 0.74804712, 0.67687107, 0.66396592, 0.63659698,
       0.64126366, 0.69521303, 0.69737785, 0.68601792, 0.6944163 ]), array([0.69603283, 0.74932059, 0.67699882, 0.6646814 , 0.68516066,
       0.63886788, 0.74107192, 0.69098167, 0.68707554, 0.68249755]), array([0.6911597 , 0.74848647, 0.68450514, 0.65639881, 0.64963317,
       0.64091172, 0.74636864, 0.72620542, 0.66382424, 0.66419244]), array([0.69167566, 0.75194724, 0.67489722, 0.66664111, 0.65297256,
       0.65499244, 0.69459657, 0.72100282, 0.65712301, 0.71108805]), array([0.69539577, 0.75604389, 0.67580909, 0.66611019, 0.64145843,
       0.64665076, 0.70677265, 0.69616441, 0.69223509, 0.68552498])]
real metric: [array([0.86795252, 0.63150492, 0.78428571, 0.69879518, 0.35483871,
       0.26969697, 0.16174402, 0.30606488, 0.29519774, 0.23783032]), array([0.854314  , 0.61965812, 0.80454545, 0.66964286, 0.40670554,
       0.24380165, 0.16402878, 0.3106383 , 0.25753425, 0.21338912]), array([0.86259542, 0.64346591, 0.8       , 0.69827586, 0.39198856,
       0.27673797, 0.17193948, 0.30898876, 0.26883309, 0.20982143]), array([0.87571429, 0.62938005, 0.80542986, 0.70652174, 0.41052632,
       0.26542324, 0.13950276, 0.28612303, 0.26176471, 0.21613833]), array([0.85486212, 0.63586957, 0.8034188 , 0.74415406, 0.39943343,
       0.26748971, 0.1440678 , 0.32285714, 0.28636364, 0.21306376])]

estim_algorithm = doc-model, mode = classification, metric = sensitivity, confidence_scores = max_class_probability-conf, class_specific = True
test err: [0.23006348424040318, 0.24399361730343805, 0.23115261521588654, 0.2352436644295388, 0.22606414888711282]
estimated metric: [array([0.95024674, 0.95476605, 0.80721202, 0.78908837, 0.73911086,
       0.57298926, 0.66803332, 0.57549285, 0.38312564, 0.46848072]), array([0.95207445, 0.95655604, 0.80733978, 0.78980385, 0.78767454,
       0.57059348, 0.7138922 , 0.56909666, 0.38108267, 0.45608058]), array([0.94719018, 0.95396763, 0.81484609, 0.78152126, 0.75214706,
       0.57263732, 0.71918893, 0.60432041, 0.36006941, 0.43828433]), array([0.94967099, 0.95726765, 0.80523818, 0.79176357, 0.75548644,
       0.58671804, 0.66741686, 0.59911781, 0.35138404, 0.48451403]), array([0.95266693, 0.96099383, 0.80615004, 0.79123264, 0.74397231,
       0.57837636, 0.67959293, 0.5742794 , 0.38545181, 0.45950527])]
real metric: [array([0.86795252, 0.63150492, 0.78428571, 0.69879518, 0.35483871,
       0.26969697, 0.16174402, 0.30606488, 0.29519774, 0.23783032]), array([0.854314  , 0.61965812, 0.80454545, 0.66964286, 0.40670554,
       0.24380165, 0.16402878, 0.3106383 , 0.25753425, 0.21338912]), array([0.86259542, 0.64346591, 0.8       , 0.69827586, 0.39198856,
       0.27673797, 0.17193948, 0.30898876, 0.26883309, 0.20982143]), array([0.87571429, 0.62938005, 0.80542986, 0.70652174, 0.41052632,
       0.26542324, 0.13950276, 0.28612303, 0.26176471, 0.21613833]), array([0.85486212, 0.63586957, 0.8034188 , 0.74415406, 0.39943343,
       0.26748971, 0.1440678 , 0.32285714, 0.28636364, 0.21306376])]

estim_algorithm = doc-model, mode = classification, metric = sensitivity, confidence_scores = energy-conf, class_specific = False
test err: [0.3024707671824841, 0.30829780559135606, 0.3071884264521031, 0.3169340119869116, 0.30755574454388535]
estimated metric: [array([0.63253524, 0.7262236 , 0.66108171, 0.62439244, 0.68238721,
       0.69298273, 0.69319693, 0.69323113, 0.65637684, 0.70416278]), array([0.63133257, 0.71599372, 0.65787836, 0.62160006, 0.70100103,
       0.68590396, 0.71637112, 0.69754271, 0.66203645, 0.70219349]), array([0.63172395, 0.72386199, 0.66097763, 0.62228628, 0.68093642,
       0.70222926, 0.71845729, 0.72806163, 0.65983151, 0.68439792]), array([0.63539473, 0.72436119, 0.65799654, 0.62334011, 0.6910331 ,
       0.70699408, 0.70286082, 0.71393991, 0.65398314, 0.71409182]), array([0.6317955 , 0.72443966, 0.66092607, 0.62850508, 0.68341726,
       0.69332792, 0.69243197, 0.70661737, 0.65972194, 0.70353804])]
real metric: [array([0.86795252, 0.63150492, 0.78428571, 0.69879518, 0.35483871,
       0.26969697, 0.16174402, 0.30606488, 0.29519774, 0.23783032]), array([0.854314  , 0.61965812, 0.80454545, 0.66964286, 0.40670554,
       0.24380165, 0.16402878, 0.3106383 , 0.25753425, 0.21338912]), array([0.86259542, 0.64346591, 0.8       , 0.69827586, 0.39198856,
       0.27673797, 0.17193948, 0.30898876, 0.26883309, 0.20982143]), array([0.87571429, 0.62938005, 0.80542986, 0.70652174, 0.41052632,
       0.26542324, 0.13950276, 0.28612303, 0.26176471, 0.21613833]), array([0.85486212, 0.63586957, 0.8034188 , 0.74415406, 0.39943343,
       0.26748971, 0.1440678 , 0.32285714, 0.28636364, 0.21306376])]

estim_algorithm = doc-model, mode = classification, metric = sensitivity, confidence_scores = energy-conf, class_specific = True
test err: [0.22684729876736362, 0.23676260940088878, 0.2292794121106842, 0.2340251246788792, 0.22235797636560267]
estimated metric: [array([0.92485888, 0.94161701, 0.82099752, 0.77534999, 0.79533702,
       0.59419904, 0.67850338, 0.56798277, 0.33311828, 0.44442007]), array([0.92467121, 0.94114867, 0.81839428, 0.7730879 , 0.81418883,
       0.58660736, 0.70211101, 0.57089589, 0.33732024, 0.44345877]), array([0.92513323, 0.94142527, 0.82154143, 0.77309186, 0.79452926,
       0.60303504, 0.70393235, 0.60059692, 0.33751291, 0.42464233]), array([0.92748144, 0.94313306, 0.81884313, 0.77459941, 0.80284655,
       0.60777701, 0.68858709, 0.58893001, 0.33010705, 0.45447082]), array([0.92556608, 0.94238488, 0.82146889, 0.77936023, 0.79509634,
       0.59413838, 0.67773843, 0.57981008, 0.33537554, 0.44422094])]
real metric: [array([0.86795252, 0.63150492, 0.78428571, 0.69879518, 0.35483871,
       0.26969697, 0.16174402, 0.30606488, 0.29519774, 0.23783032]), array([0.854314  , 0.61965812, 0.80454545, 0.66964286, 0.40670554,
       0.24380165, 0.16402878, 0.3106383 , 0.25753425, 0.21338912]), array([0.86259542, 0.64346591, 0.8       , 0.69827586, 0.39198856,
       0.27673797, 0.17193948, 0.30898876, 0.26883309, 0.20982143]), array([0.87571429, 0.62938005, 0.80542986, 0.70652174, 0.41052632,
       0.26542324, 0.13950276, 0.28612303, 0.26176471, 0.21613833]), array([0.85486212, 0.63586957, 0.8034188 , 0.74415406, 0.39943343,
       0.26748971, 0.1440678 , 0.32285714, 0.28636364, 0.21306376])]

estim_algorithm = doc-model, mode = classification, metric = sensitivity, confidence_scores = entropy-conf, class_specific = False
test err: [0.2865419966130222, 0.2966687032954872, 0.2916520691661173, 0.3015068246566105, 0.2925366936838124]
estimated metric: [array([0.6864507 , 0.74806961, 0.67390125, 0.64881654, 0.64085585,
       0.64734561, 0.69255294, 0.6822309 , 0.6823842 , 0.6869935 ]), array([0.68508014, 0.74930775, 0.67446548, 0.64912041, 0.68551998,
       0.64639717, 0.73212247, 0.68119996, 0.68690445, 0.68115472]), array([0.68614589, 0.74805598, 0.68052456, 0.64301655, 0.6480408 ,
       0.65374516, 0.74290524, 0.72163924, 0.66701415, 0.65571102]), array([0.68484318, 0.75154857, 0.67334935, 0.65224139, 0.6615976 ,
       0.66065716, 0.69353317, 0.70958181, 0.65893448, 0.71084193]), array([0.68607862, 0.75509757, 0.67451632, 0.65370788, 0.64363381,
       0.65271243, 0.69973221, 0.68737124, 0.68960226, 0.67823029])]
real metric: [array([0.86795252, 0.63150492, 0.78428571, 0.69879518, 0.35483871,
       0.26969697, 0.16174402, 0.30606488, 0.29519774, 0.23783032]), array([0.854314  , 0.61965812, 0.80454545, 0.66964286, 0.40670554,
       0.24380165, 0.16402878, 0.3106383 , 0.25753425, 0.21338912]), array([0.86259542, 0.64346591, 0.8       , 0.69827586, 0.39198856,
       0.27673797, 0.17193948, 0.30898876, 0.26883309, 0.20982143]), array([0.87571429, 0.62938005, 0.80542986, 0.70652174, 0.41052632,
       0.26542324, 0.13950276, 0.28612303, 0.26176471, 0.21613833]), array([0.85486212, 0.63586957, 0.8034188 , 0.74415406, 0.39943343,
       0.26748971, 0.1440678 , 0.32285714, 0.28636364, 0.21306376])]

estim_algorithm = doc-model, mode = classification, metric = sensitivity, confidence_scores = entropy-conf, class_specific = True
test err: [0.22681431734968985, 0.24097236219325896, 0.22964067747370667, 0.23435198727825074, 0.22325402115192738]
estimated metric: [array([0.94673291, 0.95109179, 0.80879724, 0.78464924, 0.74256321,
       0.57592675, 0.66687449, 0.56541029, 0.37289396, 0.46111428]), array([0.94491425, 0.95310101, 0.80936147, 0.7849531 , 0.78722734,
       0.57497832, 0.70644402, 0.56437934, 0.37376535, 0.4548575 ]), array([0.94590534, 0.95017399, 0.81542056, 0.77884924, 0.74974816,
       0.58232631, 0.7172268 , 0.60481863, 0.3552232 , 0.42936102]), array([0.94561057, 0.95299171, 0.80824535, 0.78807408, 0.76330496,
       0.5892383 , 0.66785473, 0.59276119, 0.34760423, 0.48435908]), array([0.94799714, 0.95699814, 0.80941231, 0.78954057, 0.74534117,
       0.58129358, 0.67405377, 0.57055063, 0.37695211, 0.45198083])]
real metric: [array([0.86795252, 0.63150492, 0.78428571, 0.69879518, 0.35483871,
       0.26969697, 0.16174402, 0.30606488, 0.29519774, 0.23783032]), array([0.854314  , 0.61965812, 0.80454545, 0.66964286, 0.40670554,
       0.24380165, 0.16402878, 0.3106383 , 0.25753425, 0.21338912]), array([0.86259542, 0.64346591, 0.8       , 0.69827586, 0.39198856,
       0.27673797, 0.17193948, 0.30898876, 0.26883309, 0.20982143]), array([0.87571429, 0.62938005, 0.80542986, 0.70652174, 0.41052632,
       0.26542324, 0.13950276, 0.28612303, 0.26176471, 0.21613833]), array([0.85486212, 0.63586957, 0.8034188 , 0.74415406, 0.39943343,
       0.26748971, 0.1440678 , 0.32285714, 0.28636364, 0.21306376])]

estim_algorithm = doc-model, mode = classification, metric = sensitivity, confidence_scores = doctor-conf, class_specific = False
test err: [0.2939535585539249, 0.3072218547135125, 0.2960313206658653, 0.30432574321514894, 0.2990013891347575]
estimated metric: [array([0.71742982, 0.74074032, 0.70874742, 0.70115204, 0.6834327 ,
       0.68922115, 0.71724444, 0.71614876, 0.70940289, 0.71180504]), array([0.71650983, 0.74196277, 0.70864166, 0.70235072, 0.71258461,
       0.68918978, 0.74329049, 0.70959156, 0.71448582, 0.71045345]), array([0.71563305, 0.73907864, 0.71261722, 0.6964918 , 0.69287666,
       0.69206114, 0.7421344 , 0.72999474, 0.70090371, 0.69890987]), array([0.71573358, 0.74287935, 0.70879729, 0.70289751, 0.69589678,
       0.69287446, 0.71213563, 0.72563857, 0.69721973, 0.72523384]), array([0.7180375 , 0.74484689, 0.70858012, 0.70309477, 0.68778697,
       0.69496176, 0.72251971, 0.7095173 , 0.71817589, 0.70862782])]
real metric: [array([0.86795252, 0.63150492, 0.78428571, 0.69879518, 0.35483871,
       0.26969697, 0.16174402, 0.30606488, 0.29519774, 0.23783032]), array([0.854314  , 0.61965812, 0.80454545, 0.66964286, 0.40670554,
       0.24380165, 0.16402878, 0.3106383 , 0.25753425, 0.21338912]), array([0.86259542, 0.64346591, 0.8       , 0.69827586, 0.39198856,
       0.27673797, 0.17193948, 0.30898876, 0.26883309, 0.20982143]), array([0.87571429, 0.62938005, 0.80542986, 0.70652174, 0.41052632,
       0.26542324, 0.13950276, 0.28612303, 0.26176471, 0.21613833]), array([0.85486212, 0.63586957, 0.8034188 , 0.74415406, 0.39943343,
       0.26748971, 0.1440678 , 0.32285714, 0.28636364, 0.21306376])]

estim_algorithm = doc-model, mode = classification, metric = sensitivity, confidence_scores = doctor-conf, class_specific = True
test err: [0.2504024155827796, 0.2619697524328654, 0.25029320125834464, 0.25380262585598157, 0.24598242899886893]
estimated metric: [array([0.94893067, 0.95613407, 0.84188617, 0.8032299 , 0.78896725,
       0.59742209, 0.69196921, 0.6013548 , 0.399378  , 0.48266299]), array([0.94789446, 0.95737522, 0.84178042, 0.80442859, 0.81811916,
       0.59739072, 0.71801526, 0.59479759, 0.4029294 , 0.48122477]), array([0.94701665, 0.95449033, 0.84575597, 0.79855379, 0.79841122,
       0.60026208, 0.71685918, 0.61520078, 0.3893473 , 0.4696812 ]), array([0.94710872, 0.95826797, 0.84193605, 0.80497537, 0.80143133,
       0.60107539, 0.6868604 , 0.61084461, 0.38604557, 0.49600517]), array([0.94979761, 0.96024453, 0.84171887, 0.80517264, 0.79332152,
       0.6031627 , 0.69724449, 0.59472334, 0.40661947, 0.47939915])]
real metric: [array([0.86795252, 0.63150492, 0.78428571, 0.69879518, 0.35483871,
       0.26969697, 0.16174402, 0.30606488, 0.29519774, 0.23783032]), array([0.854314  , 0.61965812, 0.80454545, 0.66964286, 0.40670554,
       0.24380165, 0.16402878, 0.3106383 , 0.25753425, 0.21338912]), array([0.86259542, 0.64346591, 0.8       , 0.69827586, 0.39198856,
       0.27673797, 0.17193948, 0.30898876, 0.26883309, 0.20982143]), array([0.87571429, 0.62938005, 0.80542986, 0.70652174, 0.41052632,
       0.26542324, 0.13950276, 0.28612303, 0.26176471, 0.21613833]), array([0.85486212, 0.63586957, 0.8034188 , 0.74415406, 0.39943343,
       0.26748971, 0.1440678 , 0.32285714, 0.28636364, 0.21306376])]

estim_algorithm = atc-model, mode = classification, metric = sensitivity, confidence_scores = max_class_probability-conf, class_specific = False
test err: [0.26173017496182716, 0.27832140737227895, 0.2747779453400492, 0.29250359343355764, 0.2740941523786308]
estimated metric: [array([0.62962963, 0.77345133, 0.58571429, 0.54341004, 0.51052633,
       0.48425199, 0.64227645, 0.63555557, 0.60000002, 0.63583817]), array([0.62635771, 0.77072311, 0.5882688 , 0.5408837 , 0.60533334,
       0.49799199, 0.72500002, 0.627193  , 0.60101012, 0.59872614]), array([0.62423313, 0.78787879, 0.60383562, 0.53169014, 0.49728262,
       0.5114504 , 0.8139535 , 0.72123895, 0.56250002, 0.52413796]), array([0.61266014, 0.78222997, 0.57111356, 0.54731076, 0.54246577,
       0.5393701 , 0.67619051, 0.70192309, 0.54639178, 0.68874174]), array([0.62653375, 0.7993139 , 0.56776766, 0.550316  , 0.50540542,
       0.50800002, 0.67289723, 0.65665238, 0.61000002, 0.60000003])]
real metric: [array([0.86795252, 0.63150492, 0.78428571, 0.69879518, 0.35483871,
       0.26969697, 0.16174402, 0.30606488, 0.29519774, 0.23783032]), array([0.854314  , 0.61965812, 0.80454545, 0.66964286, 0.40670554,
       0.24380165, 0.16402878, 0.3106383 , 0.25753425, 0.21338912]), array([0.86259542, 0.64346591, 0.8       , 0.69827586, 0.39198856,
       0.27673797, 0.17193948, 0.30898876, 0.26883309, 0.20982143]), array([0.87571429, 0.62938005, 0.80542986, 0.70652174, 0.41052632,
       0.26542324, 0.13950276, 0.28612303, 0.26176471, 0.21613833]), array([0.85486212, 0.63586957, 0.8034188 , 0.74415406, 0.39943343,
       0.26748971, 0.1440678 , 0.32285714, 0.28636364, 0.21306376])]

estim_algorithm = atc-model, mode = classification, metric = sensitivity, confidence_scores = max_class_probability-conf, class_specific = True
test err: [0.1898999911778066, 0.20769440721669966, 0.19947391570241252, 0.20810758503923082, 0.18731258674601498]
estimated metric: [array([0.94028723, 0.94336283, 0.75439561, 0.78556485, 0.63947369,
       0.49606301, 0.64227645, 0.48444447, 0.28000003, 0.45086708]), array([0.94858798, 0.94885362, 0.75911162, 0.79024886, 0.74133334,
       0.50200805, 0.70000002, 0.48684213, 0.30303034, 0.35031851]), array([0.94325153, 0.92513369, 0.77643836, 0.76509054, 0.66576088,
       0.51526719, 0.78294575, 0.60619471, 0.2760417 , 0.32413798]), array([0.94574228, 0.94076655, 0.75799339, 0.7938247 , 0.67671234,
       0.5393701 , 0.65714289, 0.54326925, 0.25257736, 0.45695368]), array([0.94555215, 0.95025729, 0.76138952, 0.78609626, 0.64054055,
       0.51200002, 0.65420564, 0.51502148, 0.27000004, 0.39285719])]
real metric: [array([0.86795252, 0.63150492, 0.78428571, 0.69879518, 0.35483871,
       0.26969697, 0.16174402, 0.30606488, 0.29519774, 0.23783032]), array([0.854314  , 0.61965812, 0.80454545, 0.66964286, 0.40670554,
       0.24380165, 0.16402878, 0.3106383 , 0.25753425, 0.21338912]), array([0.86259542, 0.64346591, 0.8       , 0.69827586, 0.39198856,
       0.27673797, 0.17193948, 0.30898876, 0.26883309, 0.20982143]), array([0.87571429, 0.62938005, 0.80542986, 0.70652174, 0.41052632,
       0.26542324, 0.13950276, 0.28612303, 0.26176471, 0.21613833]), array([0.85486212, 0.63586957, 0.8034188 , 0.74415406, 0.39943343,
       0.26748971, 0.1440678 , 0.32285714, 0.28636364, 0.21306376])]

estim_algorithm = atc-model, mode = classification, metric = sensitivity, confidence_scores = energy-conf, class_specific = False
test err: [0.3141167635457601, 0.33409206892100624, 0.32873390580750794, 0.34302952796888814, 0.3083368222828257]
estimated metric: [array([0.38926682, 0.62477877, 0.51538462, 0.40742678, 0.65789475,
       0.67322836, 0.67479677, 0.59111113, 0.51111113, 0.61271679]), array([0.39319334, 0.63492064, 0.51993167, 0.38344338, 0.70133334,
       0.66265062, 0.71666669, 0.6140351 , 0.54545457, 0.64968155]), array([0.39187117, 0.6452763 , 0.54082192, 0.38732395, 0.63586958,
       0.67557253, 0.77519382, 0.71238939, 0.47395836, 0.60000003]), array([0.42275811, 0.66202091, 0.50826902, 0.3934263 , 0.69589042,
       0.67716537, 0.70476193, 0.68269232, 0.48453611, 0.66887419]), array([0.40337424, 0.63979417, 0.53473804, 0.42294604, 0.62432433,
       0.62400002, 0.66355143, 0.62660946, 0.49000003, 0.64285717])]
real metric: [array([0.86795252, 0.63150492, 0.78428571, 0.69879518, 0.35483871,
       0.26969697, 0.16174402, 0.30606488, 0.29519774, 0.23783032]), array([0.854314  , 0.61965812, 0.80454545, 0.66964286, 0.40670554,
       0.24380165, 0.16402878, 0.3106383 , 0.25753425, 0.21338912]), array([0.86259542, 0.64346591, 0.8       , 0.69827586, 0.39198856,
       0.27673797, 0.17193948, 0.30898876, 0.26883309, 0.20982143]), array([0.87571429, 0.62938005, 0.80542986, 0.70652174, 0.41052632,
       0.26542324, 0.13950276, 0.28612303, 0.26176471, 0.21613833]), array([0.85486212, 0.63586957, 0.8034188 , 0.74415406, 0.39943343,
       0.26748971, 0.1440678 , 0.32285714, 0.28636364, 0.21306376])]

estim_algorithm = atc-model, mode = classification, metric = sensitivity, confidence_scores = energy-conf, class_specific = True
test err: [0.1977402624782544, 0.2020733301830046, 0.21530009392738006, 0.21827878601110653, 0.20078388203731184]
estimated metric: [array([0.96598639, 0.95575221, 0.82582418, 0.71443515, 0.8131579 ,
       0.52362207, 0.60975613, 0.42666669, 0.20444448, 0.36416189]), array([0.96451847, 0.94003527, 0.80865604, 0.71660742, 0.864     ,
       0.53815263, 0.67500003, 0.45175441, 0.22727277, 0.31847138]), array([0.9654908 , 0.93582888, 0.83013699, 0.72032193, 0.80434783,
       0.58015269, 0.73643413, 0.60619471, 0.23437504, 0.30344832]), array([0.96608892, 0.94599303, 0.81422271, 0.7375498 , 0.8520548 ,
       0.60236222, 0.61904766, 0.50961541, 0.17525777, 0.384106  ]), array([0.97699387, 0.94339623, 0.82004556, 0.73359261, 0.82162163,
       0.52400002, 0.58878509, 0.49356225, 0.19500004, 0.37857147])]
real metric: [array([0.86795252, 0.63150492, 0.78428571, 0.69879518, 0.35483871,
       0.26969697, 0.16174402, 0.30606488, 0.29519774, 0.23783032]), array([0.854314  , 0.61965812, 0.80454545, 0.66964286, 0.40670554,
       0.24380165, 0.16402878, 0.3106383 , 0.25753425, 0.21338912]), array([0.86259542, 0.64346591, 0.8       , 0.69827586, 0.39198856,
       0.27673797, 0.17193948, 0.30898876, 0.26883309, 0.20982143]), array([0.87571429, 0.62938005, 0.80542986, 0.70652174, 0.41052632,
       0.26542324, 0.13950276, 0.28612303, 0.26176471, 0.21613833]), array([0.85486212, 0.63586957, 0.8034188 , 0.74415406, 0.39943343,
       0.26748971, 0.1440678 , 0.32285714, 0.28636364, 0.21306376])]

estim_algorithm = atc-model, mode = classification, metric = sensitivity, confidence_scores = entropy-conf, class_specific = False
test err: [0.26442912564346166, 0.27682359773466475, 0.2781789786473674, 0.28999173825773417, 0.2714767145637798]
estimated metric: [array([0.63114135, 0.7681416 , 0.58351649, 0.53138076, 0.50789475,
       0.51181104, 0.64227645, 0.62222224, 0.63111113, 0.61271679]), array([0.61766836, 0.7654321 , 0.5905467 , 0.52767903, 0.60266668,
       0.50602412, 0.72500002, 0.60526318, 0.60101012, 0.58598729]), array([0.62269939, 0.77361854, 0.6060274 , 0.51408451, 0.49184784,
       0.52290078, 0.80620157, 0.73008851, 0.57291669, 0.53793107]), array([0.60964582, 0.78048781, 0.57331864, 0.54083666, 0.54246577,
       0.54724411, 0.64761908, 0.6971154 , 0.54123714, 0.68874174]), array([0.625     , 0.78730704, 0.56492028, 0.53719008, 0.50000001,
       0.50400002, 0.65420564, 0.65236053, 0.62500002, 0.58571432])]
real metric: [array([0.86795252, 0.63150492, 0.78428571, 0.69879518, 0.35483871,
       0.26969697, 0.16174402, 0.30606488, 0.29519774, 0.23783032]), array([0.854314  , 0.61965812, 0.80454545, 0.66964286, 0.40670554,
       0.24380165, 0.16402878, 0.3106383 , 0.25753425, 0.21338912]), array([0.86259542, 0.64346591, 0.8       , 0.69827586, 0.39198856,
       0.27673797, 0.17193948, 0.30898876, 0.26883309, 0.20982143]), array([0.87571429, 0.62938005, 0.80542986, 0.70652174, 0.41052632,
       0.26542324, 0.13950276, 0.28612303, 0.26176471, 0.21613833]), array([0.85486212, 0.63586957, 0.8034188 , 0.74415406, 0.39943343,
       0.26748971, 0.1440678 , 0.32285714, 0.28636364, 0.21306376])]

estim_algorithm = atc-model, mode = classification, metric = sensitivity, confidence_scores = entropy-conf, class_specific = True
test err: [0.18934720439652458, 0.20498150711301646, 0.20484158278878523, 0.2094578826032832, 0.18314647040893525]
estimated metric: [array([0.95389267, 0.93097345, 0.80439561, 0.76359833, 0.71578948,
       0.50393703, 0.60975613, 0.47111113, 0.29333336, 0.45086708]), array([0.95003621, 0.94003527, 0.80410023, 0.76434739, 0.81333334,
       0.49799199, 0.66666669, 0.4780702 , 0.32828286, 0.35031851]), array([0.95015337, 0.92156863, 0.81863014, 0.73138833, 0.74456522,
       0.5114504 , 0.77519382, 0.61061949, 0.28645837, 0.33103453]), array([0.95252449, 0.93031359, 0.80705623, 0.77241036, 0.78082192,
       0.53543309, 0.64761908, 0.53846156, 0.26288664, 0.46357619]), array([0.96088957, 0.93825043, 0.80523918, 0.76616432, 0.72162163,
       0.50400002, 0.62616826, 0.4978541 , 0.29000004, 0.39285719])]
real metric: [array([0.86795252, 0.63150492, 0.78428571, 0.69879518, 0.35483871,
       0.26969697, 0.16174402, 0.30606488, 0.29519774, 0.23783032]), array([0.854314  , 0.61965812, 0.80454545, 0.66964286, 0.40670554,
       0.24380165, 0.16402878, 0.3106383 , 0.25753425, 0.21338912]), array([0.86259542, 0.64346591, 0.8       , 0.69827586, 0.39198856,
       0.27673797, 0.17193948, 0.30898876, 0.26883309, 0.20982143]), array([0.87571429, 0.62938005, 0.80542986, 0.70652174, 0.41052632,
       0.26542324, 0.13950276, 0.28612303, 0.26176471, 0.21613833]), array([0.85486212, 0.63586957, 0.8034188 , 0.74415406, 0.39943343,
       0.26748971, 0.1440678 , 0.32285714, 0.28636364, 0.21306376])]

estim_algorithm = atc-model, mode = classification, metric = sensitivity, confidence_scores = doctor-conf, class_specific = False
test err: [0.26305603627296825, 0.27790913933144973, 0.2737580728114266, 0.29211631282804545, 0.2718711700034856]
estimated metric: [array([0.62887377, 0.77345133, 0.58131868, 0.54184101, 0.51052633,
       0.492126  , 0.64227645, 0.63555557, 0.60444446, 0.63005782]), array([0.6256336 , 0.77248678, 0.58769932, 0.53834434, 0.60000001,
       0.49799199, 0.72500002, 0.62280703, 0.60101012, 0.59872614]), array([0.62346626, 0.7825312 , 0.60493151, 0.52967807, 0.49456523,
       0.50763361, 0.8139535 , 0.72123895, 0.56250002, 0.52413796]), array([0.61115298, 0.78222997, 0.56945976, 0.54482072, 0.54246577,
       0.5393701 , 0.6666667 , 0.70192309, 0.54639178, 0.68874174]), array([0.62883436, 0.7993139 , 0.56605923, 0.550316  , 0.50540542,
       0.50000002, 0.66355143, 0.65236053, 0.61000002, 0.60000003])]
real metric: [array([0.86795252, 0.63150492, 0.78428571, 0.69879518, 0.35483871,
       0.26969697, 0.16174402, 0.30606488, 0.29519774, 0.23783032]), array([0.854314  , 0.61965812, 0.80454545, 0.66964286, 0.40670554,
       0.24380165, 0.16402878, 0.3106383 , 0.25753425, 0.21338912]), array([0.86259542, 0.64346591, 0.8       , 0.69827586, 0.39198856,
       0.27673797, 0.17193948, 0.30898876, 0.26883309, 0.20982143]), array([0.87571429, 0.62938005, 0.80542986, 0.70652174, 0.41052632,
       0.26542324, 0.13950276, 0.28612303, 0.26176471, 0.21613833]), array([0.85486212, 0.63586957, 0.8034188 , 0.74415406, 0.39943343,
       0.26748971, 0.1440678 , 0.32285714, 0.28636364, 0.21306376])]

estim_algorithm = atc-model, mode = classification, metric = sensitivity, confidence_scores = doctor-conf, class_specific = True
test err: [0.18563297787287497, 0.20624555926886873, 0.1969109777560889, 0.2050715175981944, 0.18237799038872002]
estimated metric: [array([0.93726379, 0.95044248, 0.77802198, 0.78922594, 0.63684211,
       0.47637797, 0.64227645, 0.48444447, 0.28444448, 0.45086708]), array([0.93917451, 0.95767196, 0.78246014, 0.78923311, 0.74133334,
       0.49799199, 0.70000002, 0.49122809, 0.31313135, 0.35031851]), array([0.93788344, 0.93048128, 0.79890411, 0.76509054, 0.66304349,
       0.50000002, 0.78294575, 0.61061949, 0.28645837, 0.32413798]), array([0.93594574, 0.94773519, 0.77894157, 0.79282869, 0.68493152,
       0.53543309, 0.64761908, 0.54807694, 0.257732  , 0.45695368]), array([0.94478528, 0.95197256, 0.78473804, 0.78609626, 0.64864866,
       0.49200002, 0.64485985, 0.51931333, 0.28000004, 0.39285719])]
real metric: [array([0.86795252, 0.63150492, 0.78428571, 0.69879518, 0.35483871,
       0.26969697, 0.16174402, 0.30606488, 0.29519774, 0.23783032]), array([0.854314  , 0.61965812, 0.80454545, 0.66964286, 0.40670554,
       0.24380165, 0.16402878, 0.3106383 , 0.25753425, 0.21338912]), array([0.86259542, 0.64346591, 0.8       , 0.69827586, 0.39198856,
       0.27673797, 0.17193948, 0.30898876, 0.26883309, 0.20982143]), array([0.87571429, 0.62938005, 0.80542986, 0.70652174, 0.41052632,
       0.26542324, 0.13950276, 0.28612303, 0.26176471, 0.21613833]), array([0.85486212, 0.63586957, 0.8034188 , 0.74415406, 0.39943343,
       0.26748971, 0.1440678 , 0.32285714, 0.28636364, 0.21306376])]

estim_algorithm = ts-atc-model, mode = classification, metric = sensitivity, confidence_scores = max_class_probability-conf, class_specific = False
test err: [0.27288732807762983, 0.28639464845421553, 0.28353707702879277, 0.29985668548703553, 0.27666239057070385]
estimated metric: [array([0.5835223 , 0.74867257, 0.56153846, 0.48483264, 0.51052633,
       0.55511813, 0.62601629, 0.5777778 , 0.62222224, 0.62427748]), array([0.57711803, 0.74603175, 0.57801823, 0.47384459, 0.58666668,
       0.54618476, 0.69166669, 0.59210528, 0.60606063, 0.61146499]), array([0.57285276, 0.75044564, 0.5830137 , 0.46830986, 0.50000001,
       0.54961834, 0.78294575, 0.69911506, 0.55729169, 0.53103452]), array([0.56292389, 0.7456446 , 0.55347299, 0.49103586, 0.54794522,
       0.58661419, 0.64761908, 0.67307694, 0.53092786, 0.69536426]), array([0.56441718, 0.75986278, 0.55979499, 0.4929509 , 0.49729731,
       0.55200002, 0.62616826, 0.61802577, 0.59000002, 0.60714289])]
real metric: [array([0.86795252, 0.63150492, 0.78428571, 0.69879518, 0.35483871,
       0.26969697, 0.16174402, 0.30606488, 0.29519774, 0.23783032]), array([0.854314  , 0.61965812, 0.80454545, 0.66964286, 0.40670554,
       0.24380165, 0.16402878, 0.3106383 , 0.25753425, 0.21338912]), array([0.86259542, 0.64346591, 0.8       , 0.69827586, 0.39198856,
       0.27673797, 0.17193948, 0.30898876, 0.26883309, 0.20982143]), array([0.87571429, 0.62938005, 0.80542986, 0.70652174, 0.41052632,
       0.26542324, 0.13950276, 0.28612303, 0.26176471, 0.21613833]), array([0.85486212, 0.63586957, 0.8034188 , 0.74415406, 0.39943343,
       0.26748971, 0.1440678 , 0.32285714, 0.28636364, 0.21306376])]

estim_algorithm = ts-atc-model, mode = classification, metric = sensitivity, confidence_scores = max_class_probability-conf, class_specific = True
test err: [0.1910855558254667, 0.20475275472430124, 0.20249014044586996, 0.20904313084805243, 0.19583130558500625]
estimated metric: [array([0.96598639, 0.95044248, 0.78076923, 0.78661088, 0.68684211,
       0.53543309, 0.60975613, 0.47555558, 0.24000003, 0.36994223]), array([0.96307024, 0.96296296, 0.78530752, 0.78974099, 0.77866667,
       0.53413656, 0.69166669, 0.46929827, 0.27272731, 0.30573253]), array([0.95552147, 0.93582888, 0.8       , 0.77112676, 0.71195653,
       0.54580154, 0.72868219, 0.61061949, 0.25000004, 0.31034488]), array([0.96006029, 0.96341463, 0.7800441 , 0.78984064, 0.72328768,
       0.58661419, 0.63809527, 0.50000002, 0.20618561, 0.37748348]), array([0.96242331, 0.96569468, 0.78644647, 0.78852698, 0.70000001,
       0.54400002, 0.61682247, 0.51502148, 0.22000004, 0.36428576])]
real metric: [array([0.86795252, 0.63150492, 0.78428571, 0.69879518, 0.35483871,
       0.26969697, 0.16174402, 0.30606488, 0.29519774, 0.23783032]), array([0.854314  , 0.61965812, 0.80454545, 0.66964286, 0.40670554,
       0.24380165, 0.16402878, 0.3106383 , 0.25753425, 0.21338912]), array([0.86259542, 0.64346591, 0.8       , 0.69827586, 0.39198856,
       0.27673797, 0.17193948, 0.30898876, 0.26883309, 0.20982143]), array([0.87571429, 0.62938005, 0.80542986, 0.70652174, 0.41052632,
       0.26542324, 0.13950276, 0.28612303, 0.26176471, 0.21613833]), array([0.85486212, 0.63586957, 0.8034188 , 0.74415406, 0.39943343,
       0.26748971, 0.1440678 , 0.32285714, 0.28636364, 0.21306376])]

estim_algorithm = ts-atc-model, mode = classification, metric = sensitivity, confidence_scores = energy-conf, class_specific = False
test err: [0.36888230859948135, 0.38133462517842986, 0.38330605886084423, 0.375344433639601, 0.36193297022953314]
estimated metric: [array([0.28722601, 0.52566373, 0.55549451, 0.42625523, 0.76052632,
       0.81889764, 0.77235774, 0.6888889 , 0.42666669, 0.65895956]), array([0.29181753, 0.54497355, 0.52847381, 0.40274251, 0.81066667,
       0.7871486 , 0.76666669, 0.72368422, 0.45959599, 0.68152868]), array([0.28144172, 0.55080215, 0.55287671, 0.41046278, 0.76358696,
       0.83206108, 0.82170544, 0.77876107, 0.44270836, 0.61379313]), array([0.31198192, 0.5574913 , 0.52094818, 0.42081674, 0.79178083,
       0.76771654, 0.71428574, 0.75000001, 0.42783508, 0.67549671]), array([0.29294479, 0.54202402, 0.54954442, 0.43753039, 0.77567568,
       0.72000001, 0.71962619, 0.72961375, 0.42000003, 0.67142859])]
real metric: [array([0.86795252, 0.63150492, 0.78428571, 0.69879518, 0.35483871,
       0.26969697, 0.16174402, 0.30606488, 0.29519774, 0.23783032]), array([0.854314  , 0.61965812, 0.80454545, 0.66964286, 0.40670554,
       0.24380165, 0.16402878, 0.3106383 , 0.25753425, 0.21338912]), array([0.86259542, 0.64346591, 0.8       , 0.69827586, 0.39198856,
       0.27673797, 0.17193948, 0.30898876, 0.26883309, 0.20982143]), array([0.87571429, 0.62938005, 0.80542986, 0.70652174, 0.41052632,
       0.26542324, 0.13950276, 0.28612303, 0.26176471, 0.21613833]), array([0.85486212, 0.63586957, 0.8034188 , 0.74415406, 0.39943343,
       0.26748971, 0.1440678 , 0.32285714, 0.28636364, 0.21306376])]

estim_algorithm = ts-atc-model, mode = classification, metric = sensitivity, confidence_scores = energy-conf, class_specific = True
test err: [0.208770792143452, 0.20851766210558614, 0.2153393926132945, 0.221477578730895, 0.21655716174915413]
estimated metric: [array([0.94633409, 0.95575221, 0.78296703, 0.6956067 , 0.83157895,
       0.57874017, 0.65040653, 0.47111113, 0.16888893, 0.35260119]), array([0.95003621, 0.93474427, 0.77220957, 0.69629254, 0.89333334,
       0.53815263, 0.63333336, 0.50877195, 0.20202024, 0.32484081]), array([0.9493865 , 0.93226382, 0.79506849, 0.6916499 , 0.83967392,
       0.58396948, 0.72868219, 0.59734515, 0.20312504, 0.31034488]), array([0.94574228, 0.95644599, 0.78390298, 0.6997012 , 0.86575343,
       0.58661419, 0.63809527, 0.56730771, 0.17010314, 0.35761594]), array([0.95782209, 0.95025729, 0.79897494, 0.70782693, 0.85945946,
       0.54800002, 0.63551405, 0.51931333, 0.18000004, 0.38571433])]
real metric: [array([0.86795252, 0.63150492, 0.78428571, 0.69879518, 0.35483871,
       0.26969697, 0.16174402, 0.30606488, 0.29519774, 0.23783032]), array([0.854314  , 0.61965812, 0.80454545, 0.66964286, 0.40670554,
       0.24380165, 0.16402878, 0.3106383 , 0.25753425, 0.21338912]), array([0.86259542, 0.64346591, 0.8       , 0.69827586, 0.39198856,
       0.27673797, 0.17193948, 0.30898876, 0.26883309, 0.20982143]), array([0.87571429, 0.62938005, 0.80542986, 0.70652174, 0.41052632,
       0.26542324, 0.13950276, 0.28612303, 0.26176471, 0.21613833]), array([0.85486212, 0.63586957, 0.8034188 , 0.74415406, 0.39943343,
       0.26748971, 0.1440678 , 0.32285714, 0.28636364, 0.21306376])]

estim_algorithm = ts-atc-model, mode = classification, metric = sensitivity, confidence_scores = entropy-conf, class_specific = False
test err: [0.27521076828758245, 0.2943737751125412, 0.2947766771738683, 0.3135309791443705, 0.2820108284204127]
estimated metric: [array([0.52910053, 0.72035399, 0.53571429, 0.44037657, 0.52894738,
       0.57874017, 0.59349597, 0.53333335, 0.59555557, 0.61271679]), array([0.52353367, 0.71604939, 0.54954442, 0.41594718, 0.59733334,
       0.56626508, 0.6416667 , 0.55701756, 0.61111113, 0.63057327]), array([0.53604295, 0.72014261, 0.5660274 , 0.40945674, 0.51630436,
       0.59541986, 0.73643413, 0.68584072, 0.57812502, 0.53793107]), array([0.53730219, 0.72473868, 0.54575524, 0.43625498, 0.5780822 ,
       0.62992127, 0.65714289, 0.6346154 , 0.5360825 , 0.71523181]), array([0.52684049, 0.72727273, 0.54783599, 0.44336413, 0.51351353,
       0.58000002, 0.61682247, 0.57510731, 0.58500002, 0.60714289])]
real metric: [array([0.86795252, 0.63150492, 0.78428571, 0.69879518, 0.35483871,
       0.26969697, 0.16174402, 0.30606488, 0.29519774, 0.23783032]), array([0.854314  , 0.61965812, 0.80454545, 0.66964286, 0.40670554,
       0.24380165, 0.16402878, 0.3106383 , 0.25753425, 0.21338912]), array([0.86259542, 0.64346591, 0.8       , 0.69827586, 0.39198856,
       0.27673797, 0.17193948, 0.30898876, 0.26883309, 0.20982143]), array([0.87571429, 0.62938005, 0.80542986, 0.70652174, 0.41052632,
       0.26542324, 0.13950276, 0.28612303, 0.26176471, 0.21613833]), array([0.85486212, 0.63586957, 0.8034188 , 0.74415406, 0.39943343,
       0.26748971, 0.1440678 , 0.32285714, 0.28636364, 0.21306376])]

estim_algorithm = ts-atc-model, mode = classification, metric = sensitivity, confidence_scores = entropy-conf, class_specific = True
test err: [0.185557694327211, 0.19479630689816824, 0.20313734687167795, 0.21374092741070663, 0.190118000146776]
estimated metric: [array([0.95918367, 0.94513274, 0.81098901, 0.75732218, 0.7131579 ,
       0.5393701 , 0.56910573, 0.4177778 , 0.20888892, 0.36994223]), array([0.96234613, 0.95590829, 0.80865604, 0.76028441, 0.81333334,
       0.53413656, 0.6416667 , 0.42982459, 0.24747479, 0.31847138]), array([0.95552147, 0.92869875, 0.81917808, 0.72887324, 0.73369566,
       0.5725191 , 0.72093025, 0.58407081, 0.23437504, 0.31724143]), array([0.95704597, 0.94425087, 0.81367145, 0.76643426, 0.76712329,
       0.60629923, 0.64761908, 0.47115387, 0.18041241, 0.41721858]), array([0.96165644, 0.95197256, 0.81093394, 0.76081672, 0.71621622,
       0.53600002, 0.60747667, 0.47210303, 0.21000004, 0.39285719])]
real metric: [array([0.86795252, 0.63150492, 0.78428571, 0.69879518, 0.35483871,
       0.26969697, 0.16174402, 0.30606488, 0.29519774, 0.23783032]), array([0.854314  , 0.61965812, 0.80454545, 0.66964286, 0.40670554,
       0.24380165, 0.16402878, 0.3106383 , 0.25753425, 0.21338912]), array([0.86259542, 0.64346591, 0.8       , 0.69827586, 0.39198856,
       0.27673797, 0.17193948, 0.30898876, 0.26883309, 0.20982143]), array([0.87571429, 0.62938005, 0.80542986, 0.70652174, 0.41052632,
       0.26542324, 0.13950276, 0.28612303, 0.26176471, 0.21613833]), array([0.85486212, 0.63586957, 0.8034188 , 0.74415406, 0.39943343,
       0.26748971, 0.1440678 , 0.32285714, 0.28636364, 0.21306376])]

estim_algorithm = ts-atc-model, mode = classification, metric = sensitivity, confidence_scores = doctor-conf, class_specific = False
test err: [0.2771517792018845, 0.30150919420459765, 0.3003002943794612, 0.3163149376978283, 0.28256735840587754]
estimated metric: [array([0.49508693, 0.68849558, 0.52142857, 0.41474896, 0.54210528,
       0.59842521, 0.56910573, 0.53333335, 0.56444446, 0.61271679]), array([0.48805214, 0.70017637, 0.53758542, 0.39766379, 0.60800001,
       0.57028114, 0.65000003, 0.54385967, 0.59090911, 0.6624204 ]), array([0.49463191, 0.69518717, 0.55287671, 0.38531187, 0.52173914,
       0.61068704, 0.72868219, 0.68141594, 0.55729169, 0.55172417]), array([0.50414469, 0.71254356, 0.53528115, 0.40936255, 0.5780822 ,
       0.62992127, 0.64761908, 0.63942309, 0.5103093 , 0.71523181]), array([0.49156442, 0.70325901, 0.53359909, 0.42586291, 0.51891893,
       0.58800002, 0.59813088, 0.57081547, 0.55000002, 0.61428574])]
real metric: [array([0.86795252, 0.63150492, 0.78428571, 0.69879518, 0.35483871,
       0.26969697, 0.16174402, 0.30606488, 0.29519774, 0.23783032]), array([0.854314  , 0.61965812, 0.80454545, 0.66964286, 0.40670554,
       0.24380165, 0.16402878, 0.3106383 , 0.25753425, 0.21338912]), array([0.86259542, 0.64346591, 0.8       , 0.69827586, 0.39198856,
       0.27673797, 0.17193948, 0.30898876, 0.26883309, 0.20982143]), array([0.87571429, 0.62938005, 0.80542986, 0.70652174, 0.41052632,
       0.26542324, 0.13950276, 0.28612303, 0.26176471, 0.21613833]), array([0.85486212, 0.63586957, 0.8034188 , 0.74415406, 0.39943343,
       0.26748971, 0.1440678 , 0.32285714, 0.28636364, 0.21306376])]

estim_algorithm = ts-atc-model, mode = classification, metric = sensitivity, confidence_scores = doctor-conf, class_specific = True
test err: [0.19258335755728853, 0.1981920093769723, 0.21095305094566905, 0.2183888374025559, 0.19446289496377145]
estimated metric: [array([0.92743764, 0.95044248, 0.83131868, 0.76359833, 0.74736843,
       0.54724411, 0.56910573, 0.42666669, 0.19555559, 0.37572258]), array([0.9326575 , 0.95767196, 0.82175399, 0.77094972, 0.832     ,
       0.54216869, 0.6416667 , 0.42982459, 0.24242428, 0.32484081]), array([0.92714724, 0.93048128, 0.8339726 , 0.76207244, 0.75000001,
       0.58015269, 0.73643413, 0.58407081, 0.22395837, 0.32413798]), array([0.9374529 , 0.94947735, 0.82745314, 0.78286853, 0.80000001,
       0.61023624, 0.63809527, 0.47596156, 0.17525777, 0.41059607]), array([0.93711656, 0.95197256, 0.82574032, 0.77831794, 0.74324325,
       0.54400002, 0.59813088, 0.47210303, 0.20000004, 0.39285719])]
real metric: [array([0.86795252, 0.63150492, 0.78428571, 0.69879518, 0.35483871,
       0.26969697, 0.16174402, 0.30606488, 0.29519774, 0.23783032]), array([0.854314  , 0.61965812, 0.80454545, 0.66964286, 0.40670554,
       0.24380165, 0.16402878, 0.3106383 , 0.25753425, 0.21338912]), array([0.86259542, 0.64346591, 0.8       , 0.69827586, 0.39198856,
       0.27673797, 0.17193948, 0.30898876, 0.26883309, 0.20982143]), array([0.87571429, 0.62938005, 0.80542986, 0.70652174, 0.41052632,
       0.26542324, 0.13950276, 0.28612303, 0.26176471, 0.21613833]), array([0.85486212, 0.63586957, 0.8034188 , 0.74415406, 0.39943343,
       0.26748971, 0.1440678 , 0.32285714, 0.28636364, 0.21306376])]

