estim_algorithm = ac-model, mode = classification, metric = sensitivity, confidence_scores = max_class_probability-conf, class_specific = False
test err: [0.42669673473655634, 0.4273563274146962, 0.4188566027534863, 0.4264920682269794, 0.42636973930591066]
estimated metric: [array([0.89321494, 0.8162618 , 0.76828271, 0.75226999, 0.79564685,
       0.73994958, 0.84239161, 0.76552087, 0.7452865 , 0.73563064]), array([0.8870867 , 0.81254285, 0.78211672, 0.75867407, 0.7963203 ,
       0.73634954, 0.84853853, 0.66579106, 0.76961842, 0.74165686]), array([0.88908919, 0.80635511, 0.77394247, 0.75594055, 0.79948827,
       0.70697139, 0.85097093, 0.76112036, 0.75953024, 0.73940081]), array([0.8828772 , 0.8037252 , 0.76056435, 0.75437956, 0.81067237,
       0.70827268, 0.84422709, 0.76840075, 0.77486245, 0.74418249]), array([0.89257579, 0.81570721, 0.78133204, 0.74687514, 0.80439663,
       0.75091961, 0.8450722 , 0.73965371, 0.73184004, 0.73553889])]
real metric: [array([0.90495868, 0.3974359 , 0.42773723, 0.27606461, 0.4841954 ,
       0.05785124, 0.80635838, 0.04822695, 0.13100437, 0.07714286]), array([0.8819133 , 0.35311143, 0.45035971, 0.25931232, 0.46604527,
       0.06151645, 0.82276657, 0.03762663, 0.12396694, 0.06851312]), array([0.89489051, 0.41369863, 0.4479638 , 0.25552486, 0.51432881,
       0.07539683, 0.81571816, 0.02849003, 0.13867488, 0.08115942]), array([0.89586305, 0.3672391 , 0.47058824, 0.24896266, 0.50595238,
       0.04640719, 0.82782369, 0.04107649, 0.1379822 , 0.07132018]), array([0.89130435, 0.37622378, 0.45280236, 0.27055306, 0.48746518,
       0.04922644, 0.82237762, 0.0443828 , 0.11404729, 0.07183099])]

estim_algorithm = ac-model, mode = classification, metric = sensitivity, confidence_scores = energy-conf, class_specific = False
test err: [0.255887730574505, 0.24930750306193197, 0.2597152996896633, 0.26495523067617033, 0.25696196300104324]
estimated metric: [array([0.21314979, 0.16831205, 0.15856248, 0.14081675, 0.16221268,
       0.1349459 , 0.19274133, 0.1322135 , 0.19233293, 0.15265528]), array([0.21110785, 0.15788799, 0.1574837 , 0.13552644, 0.16486782,
       0.12496119, 0.19652426, 0.08975062, 0.20162684, 0.15824896]), array([0.21460471, 0.15493597, 0.15530593, 0.13842952, 0.16890514,
       0.11420102, 0.19472265, 0.12279214, 0.20102579, 0.16763434]), array([0.2110593 , 0.15523249, 0.1493125 , 0.13913321, 0.17060059,
       0.13102034, 0.19664539, 0.14699314, 0.20464638, 0.16923287]), array([0.21517634, 0.16384722, 0.15652957, 0.13661576, 0.17149894,
       0.13546353, 0.19481981, 0.11771069, 0.16988171, 0.16381252])]
real metric: [array([0.90495868, 0.3974359 , 0.42773723, 0.27606461, 0.4841954 ,
       0.05785124, 0.80635838, 0.04822695, 0.13100437, 0.07714286]), array([0.8819133 , 0.35311143, 0.45035971, 0.25931232, 0.46604527,
       0.06151645, 0.82276657, 0.03762663, 0.12396694, 0.06851312]), array([0.89489051, 0.41369863, 0.4479638 , 0.25552486, 0.51432881,
       0.07539683, 0.81571816, 0.02849003, 0.13867488, 0.08115942]), array([0.89586305, 0.3672391 , 0.47058824, 0.24896266, 0.50595238,
       0.04640719, 0.82782369, 0.04107649, 0.1379822 , 0.07132018]), array([0.89130435, 0.37622378, 0.45280236, 0.27055306, 0.48746518,
       0.04922644, 0.82237762, 0.0443828 , 0.11404729, 0.07183099])]

estim_algorithm = ac-model, mode = classification, metric = sensitivity, confidence_scores = entropy-conf, class_specific = False
test err: [0.40063125183444315, 0.4003959865841963, 0.3910077777054479, 0.4039605312098361, 0.40310644621019875]
estimated metric: [array([0.86552981, 0.78392868, 0.7416404 , 0.71801209, 0.7617768 ,
       0.69797817, 0.81306867, 0.72067974, 0.73767967, 0.69813637]), array([0.86077891, 0.77889836, 0.74845224, 0.71892544, 0.76178436,
       0.68944799, 0.81587739, 0.62281568, 0.75012577, 0.72593833]), array([0.86259332, 0.76356135, 0.7433451 , 0.72221758, 0.7688854 ,
       0.66200471, 0.81903476, 0.70469439, 0.7488499 , 0.71614281]), array([0.85719403, 0.76379225, 0.73212221, 0.71763193, 0.77745952,
       0.68783509, 0.81445712, 0.72353682, 0.75736668, 0.71735366]), array([0.86538668, 0.78063741, 0.74914618, 0.71299204, 0.77420159,
       0.70647055, 0.8148501 , 0.7030973 , 0.72063602, 0.71697009])]
real metric: [array([0.90495868, 0.3974359 , 0.42773723, 0.27606461, 0.4841954 ,
       0.05785124, 0.80635838, 0.04822695, 0.13100437, 0.07714286]), array([0.8819133 , 0.35311143, 0.45035971, 0.25931232, 0.46604527,
       0.06151645, 0.82276657, 0.03762663, 0.12396694, 0.06851312]), array([0.89489051, 0.41369863, 0.4479638 , 0.25552486, 0.51432881,
       0.07539683, 0.81571816, 0.02849003, 0.13867488, 0.08115942]), array([0.89586305, 0.3672391 , 0.47058824, 0.24896266, 0.50595238,
       0.04640719, 0.82782369, 0.04107649, 0.1379822 , 0.07132018]), array([0.89130435, 0.37622378, 0.45280236, 0.27055306, 0.48746518,
       0.04922644, 0.82237762, 0.0443828 , 0.11404729, 0.07183099])]

estim_algorithm = ac-model, mode = classification, metric = sensitivity, confidence_scores = doctor-conf, class_specific = False
test err: [0.4742199851436141, 0.4764471775694858, 0.465515992295156, 0.4734553514768495, 0.4769151186929161]
estimated metric: [array([0.92317375, 0.85768463, 0.82556088, 0.81105296, 0.84584994,
       0.788417  , 0.88255406, 0.80086688, 0.81553356, 0.8024818 ]), array([0.91660164, 0.84894319, 0.83572667, 0.81111773, 0.84691733,
       0.78360977, 0.88899065, 0.7157133 , 0.8243339 , 0.81764935]), array([0.9168659 , 0.838956  , 0.82840448, 0.81723409, 0.84927805,
       0.74392633, 0.89022784, 0.79808607, 0.83211417, 0.80591292]), array([0.91329807, 0.84172473, 0.81958539, 0.81196593, 0.86029605,
       0.77327992, 0.88472248, 0.79724945, 0.83542348, 0.8102232 ]), array([0.92105079, 0.85307153, 0.83443951, 0.80170196, 0.85217925,
       0.78217269, 0.88530249, 0.80430767, 0.80763135, 0.80750782])]
real metric: [array([0.90495868, 0.3974359 , 0.42773723, 0.27606461, 0.4841954 ,
       0.05785124, 0.80635838, 0.04822695, 0.13100437, 0.07714286]), array([0.8819133 , 0.35311143, 0.45035971, 0.25931232, 0.46604527,
       0.06151645, 0.82276657, 0.03762663, 0.12396694, 0.06851312]), array([0.89489051, 0.41369863, 0.4479638 , 0.25552486, 0.51432881,
       0.07539683, 0.81571816, 0.02849003, 0.13867488, 0.08115942]), array([0.89586305, 0.3672391 , 0.47058824, 0.24896266, 0.50595238,
       0.04640719, 0.82782369, 0.04107649, 0.1379822 , 0.07132018]), array([0.89130435, 0.37622378, 0.45280236, 0.27055306, 0.48746518,
       0.04922644, 0.82237762, 0.0443828 , 0.11404729, 0.07183099])]

estim_algorithm = ts-model, mode = classification, metric = sensitivity, confidence_scores = max_class_probability-conf, class_specific = False
test err: [0.2318531950893651, 0.23018738069756264, 0.22530813945350517, 0.24274150150491786, 0.23024896545852105]
estimated metric: [array([0.60669263, 0.5079872 , 0.46491647, 0.42906946, 0.47770655,
       0.42172963, 0.53963518, 0.42828799, 0.48411923, 0.42640703]), array([0.60158391, 0.49452057, 0.46698027, 0.42587867, 0.48130166,
       0.40361278, 0.54428074, 0.35054441, 0.4968804 , 0.44379171]), array([0.60801022, 0.48795378, 0.46195549, 0.42807617, 0.49013205,
       0.38592362, 0.5452263 , 0.4179822 , 0.4881814 , 0.44234828]), array([0.60263487, 0.48645888, 0.45009961, 0.42773281, 0.49218963,
       0.40697603, 0.5431573 , 0.45773196, 0.50062026, 0.44873693]), array([0.60984714, 0.50182676, 0.46537054, 0.42509692, 0.49471814,
       0.43073739, 0.54295788, 0.39955563, 0.45070254, 0.44013667])]
real metric: [array([0.90495868, 0.3974359 , 0.42773723, 0.27606461, 0.4841954 ,
       0.05785124, 0.80635838, 0.04822695, 0.13100437, 0.07714286]), array([0.8819133 , 0.35311143, 0.45035971, 0.25931232, 0.46604527,
       0.06151645, 0.82276657, 0.03762663, 0.12396694, 0.06851312]), array([0.89489051, 0.41369863, 0.4479638 , 0.25552486, 0.51432881,
       0.07539683, 0.81571816, 0.02849003, 0.13867488, 0.08115942]), array([0.89586305, 0.3672391 , 0.47058824, 0.24896266, 0.50595238,
       0.04640719, 0.82782369, 0.04107649, 0.1379822 , 0.07132018]), array([0.89130435, 0.37622378, 0.45280236, 0.27055306, 0.48746518,
       0.04922644, 0.82237762, 0.0443828 , 0.11404729, 0.07183099])]

estim_algorithm = ts-model, mode = classification, metric = sensitivity, confidence_scores = max_class_probability-conf, class_specific = True
test err: [0.24016580285327827, 0.24475673808288737, 0.23414667254217228, 0.246337155751226, 0.2449233961144346]
estimated metric: [array([0.93038634, 0.90749587, 0.65172635, 0.5983436 , 0.63943145,
       0.34308429, 0.53327712, 0.36471688, 0.26138257, 0.23662664]), array([0.92417023, 0.90125877, 0.65994233, 0.60048499, 0.64127054,
       0.32765062, 0.53798697, 0.30023461, 0.26967004, 0.24047086]), array([0.92551493, 0.90634631, 0.65335952, 0.60043986, 0.64941949,
       0.31229368, 0.53885533, 0.3564858 , 0.26626061, 0.24461146]), array([0.92061977, 0.90470616, 0.63956095, 0.59683875, 0.65608222,
       0.3306394 , 0.53687036, 0.3917917 , 0.27044367, 0.24712708]), array([0.92945541, 0.90497087, 0.65976171, 0.59430203, 0.65621757,
       0.34800694, 0.53659696, 0.34231248, 0.24413259, 0.24212994])]
real metric: [array([0.90495868, 0.3974359 , 0.42773723, 0.27606461, 0.4841954 ,
       0.05785124, 0.80635838, 0.04822695, 0.13100437, 0.07714286]), array([0.8819133 , 0.35311143, 0.45035971, 0.25931232, 0.46604527,
       0.06151645, 0.82276657, 0.03762663, 0.12396694, 0.06851312]), array([0.89489051, 0.41369863, 0.4479638 , 0.25552486, 0.51432881,
       0.07539683, 0.81571816, 0.02849003, 0.13867488, 0.08115942]), array([0.89586305, 0.3672391 , 0.47058824, 0.24896266, 0.50595238,
       0.04640719, 0.82782369, 0.04107649, 0.1379822 , 0.07132018]), array([0.89130435, 0.37622378, 0.45280236, 0.27055306, 0.48746518,
       0.04922644, 0.82237762, 0.0443828 , 0.11404729, 0.07183099])]

estim_algorithm = ts-model, mode = classification, metric = sensitivity, confidence_scores = energy-conf, class_specific = False
test err: [0.2493328103702018, 0.24238004209224662, 0.2530376283513719, 0.25825400596513165, 0.2502922118820615]
estimated metric: [array([0.2434588 , 0.19672067, 0.1850851 , 0.16740954, 0.18997578,
       0.16101433, 0.22143426, 0.15936876, 0.21625669, 0.1782477 ]), array([0.24113021, 0.18628219, 0.18481058, 0.162644  , 0.19264197,
       0.15123631, 0.22546614, 0.1136203 , 0.22622522, 0.1838082 ]), array([0.24454688, 0.18321902, 0.18224126, 0.16540642, 0.1965644 ,
       0.1392836 , 0.22383285, 0.15042895, 0.22558647, 0.1924845 ]), array([0.24089734, 0.18349497, 0.175931  , 0.16592133, 0.19881898,
       0.15562081, 0.22528714, 0.17371619, 0.22955967, 0.19435108]), array([0.24532508, 0.19230711, 0.18382912, 0.16303902, 0.1992562 ,
       0.16155547, 0.22360749, 0.14453669, 0.19431457, 0.18864057])]
real metric: [array([0.90495868, 0.3974359 , 0.42773723, 0.27606461, 0.4841954 ,
       0.05785124, 0.80635838, 0.04822695, 0.13100437, 0.07714286]), array([0.8819133 , 0.35311143, 0.45035971, 0.25931232, 0.46604527,
       0.06151645, 0.82276657, 0.03762663, 0.12396694, 0.06851312]), array([0.89489051, 0.41369863, 0.4479638 , 0.25552486, 0.51432881,
       0.07539683, 0.81571816, 0.02849003, 0.13867488, 0.08115942]), array([0.89586305, 0.3672391 , 0.47058824, 0.24896266, 0.50595238,
       0.04640719, 0.82782369, 0.04107649, 0.1379822 , 0.07132018]), array([0.89130435, 0.37622378, 0.45280236, 0.27055306, 0.48746518,
       0.04922644, 0.82237762, 0.0443828 , 0.11404729, 0.07183099])]

estim_algorithm = ts-model, mode = classification, metric = sensitivity, confidence_scores = energy-conf, class_specific = True
test err: [0.23029145983722454, 0.23866631073267008, 0.2377094155404857, 0.24647626968408845, 0.23791087331982644]
estimated metric: [array([0.94932754, 0.96589737, 0.34207622, 0.77482705, 0.29895147,
       0.18473151, 0.244596  , 0.19036512, 0.07493231, 0.04357886]), array([0.94929523, 0.965703  , 0.34193814, 0.77458043, 0.29914662,
       0.18328037, 0.24507855, 0.18547567, 0.07838229, 0.04529747]), array([0.94935575, 0.96561889, 0.34182307, 0.77469413, 0.29939514,
       0.18195558, 0.24471278, 0.18905138, 0.07807773, 0.04941707]), array([0.94926479, 0.96563191, 0.34138468, 0.77471829, 0.2996748 ,
       0.18402636, 0.24516207, 0.19218266, 0.07945174, 0.04950623]), array([0.94939138, 0.96581703, 0.3419225 , 0.77464554, 0.29965692,
       0.18419292, 0.24484217, 0.18876064, 0.06680924, 0.04730096])]
real metric: [array([0.90495868, 0.3974359 , 0.42773723, 0.27606461, 0.4841954 ,
       0.05785124, 0.80635838, 0.04822695, 0.13100437, 0.07714286]), array([0.8819133 , 0.35311143, 0.45035971, 0.25931232, 0.46604527,
       0.06151645, 0.82276657, 0.03762663, 0.12396694, 0.06851312]), array([0.89489051, 0.41369863, 0.4479638 , 0.25552486, 0.51432881,
       0.07539683, 0.81571816, 0.02849003, 0.13867488, 0.08115942]), array([0.89586305, 0.3672391 , 0.47058824, 0.24896266, 0.50595238,
       0.04640719, 0.82782369, 0.04107649, 0.1379822 , 0.07132018]), array([0.89130435, 0.37622378, 0.45280236, 0.27055306, 0.48746518,
       0.04922644, 0.82237762, 0.0443828 , 0.11404729, 0.07183099])]

estim_algorithm = ts-model, mode = classification, metric = sensitivity, confidence_scores = entropy-conf, class_specific = False
test err: [0.22251978240282266, 0.21619322894178242, 0.2166415328766667, 0.23822522188602716, 0.21984521232974225]
estimated metric: [array([0.58102574, 0.47271289, 0.4448081 , 0.40342665, 0.45228815,
       0.38805246, 0.51903453, 0.38907882, 0.49023654, 0.40918148]), array([0.5771667 , 0.4541712 , 0.44379325, 0.39589784, 0.45832199,
       0.36848715, 0.52313593, 0.29864347, 0.49666435, 0.43344817]), array([0.58319329, 0.44478348, 0.43839541, 0.40084807, 0.46681099,
       0.34797721, 0.52221455, 0.37071283, 0.49912126, 0.4336301 ]), array([0.57849599, 0.44446101, 0.42809226, 0.39980122, 0.46839554,
       0.38503252, 0.52283101, 0.42079941, 0.50350872, 0.43922457]), array([0.58574975, 0.46147956, 0.44016928, 0.39689954, 0.4712156 ,
       0.3958766 , 0.52206109, 0.35166121, 0.44964419, 0.4344016 ])]
real metric: [array([0.90495868, 0.3974359 , 0.42773723, 0.27606461, 0.4841954 ,
       0.05785124, 0.80635838, 0.04822695, 0.13100437, 0.07714286]), array([0.8819133 , 0.35311143, 0.45035971, 0.25931232, 0.46604527,
       0.06151645, 0.82276657, 0.03762663, 0.12396694, 0.06851312]), array([0.89489051, 0.41369863, 0.4479638 , 0.25552486, 0.51432881,
       0.07539683, 0.81571816, 0.02849003, 0.13867488, 0.08115942]), array([0.89586305, 0.3672391 , 0.47058824, 0.24896266, 0.50595238,
       0.04640719, 0.82782369, 0.04107649, 0.1379822 , 0.07132018]), array([0.89130435, 0.37622378, 0.45280236, 0.27055306, 0.48746518,
       0.04922644, 0.82237762, 0.0443828 , 0.11404729, 0.07183099])]

estim_algorithm = ts-model, mode = classification, metric = sensitivity, confidence_scores = entropy-conf, class_specific = True
test err: [0.21810930840567302, 0.22029393351132734, 0.21155256689058363, 0.22598784692380428, 0.22082618823051506]
estimated metric: [array([0.9283414 , 0.90017479, 0.65135602, 0.59750771, 0.63426794,
       0.28868416, 0.51569942, 0.32333853, 0.21364108, 0.15773972]), array([0.92278604, 0.89597193, 0.65463101, 0.5950557 , 0.63736363,
       0.27131214, 0.51985045, 0.24282281, 0.2235752 , 0.15886993]), array([0.92389997, 0.89457467, 0.64928275, 0.5993131 , 0.64627244,
       0.2520431 , 0.51888383, 0.30801254, 0.22362601, 0.17179454]), array([0.9193448 , 0.89355886, 0.63870877, 0.59386986, 0.65147864,
       0.28363687, 0.51953461, 0.35525456, 0.22739632, 0.17373219]), array([0.92686965, 0.89873213, 0.65399341, 0.59232945, 0.65271726,
       0.29269818, 0.5187308 , 0.29095528, 0.18681148, 0.16734445])]
real metric: [array([0.90495868, 0.3974359 , 0.42773723, 0.27606461, 0.4841954 ,
       0.05785124, 0.80635838, 0.04822695, 0.13100437, 0.07714286]), array([0.8819133 , 0.35311143, 0.45035971, 0.25931232, 0.46604527,
       0.06151645, 0.82276657, 0.03762663, 0.12396694, 0.06851312]), array([0.89489051, 0.41369863, 0.4479638 , 0.25552486, 0.51432881,
       0.07539683, 0.81571816, 0.02849003, 0.13867488, 0.08115942]), array([0.89586305, 0.3672391 , 0.47058824, 0.24896266, 0.50595238,
       0.04640719, 0.82782369, 0.04107649, 0.1379822 , 0.07132018]), array([0.89130435, 0.37622378, 0.45280236, 0.27055306, 0.48746518,
       0.04922644, 0.82237762, 0.0443828 , 0.11404729, 0.07183099])]

estim_algorithm = ts-model, mode = classification, metric = sensitivity, confidence_scores = doctor-conf, class_specific = False
test err: [0.2257292090918964, 0.21719699365184533, 0.22006656684560646, 0.24191330947703732, 0.2221896840883654]
estimated metric: [array([0.55778528, 0.45246484, 0.44749812, 0.40930105, 0.45376321,
       0.38613857, 0.51688883, 0.38348968, 0.50750318, 0.41928465]), array([0.55502088, 0.43231233, 0.44627519, 0.39987536, 0.46104286,
       0.36953329, 0.5211844 , 0.27717544, 0.51360488, 0.445954  ]), array([0.55962361, 0.42179796, 0.44049986, 0.40571812, 0.46648221,
       0.34561611, 0.51765419, 0.35713016, 0.52301854, 0.45168801]), array([0.55486741, 0.42178264, 0.43136543, 0.40402455, 0.47066673,
       0.39030673, 0.52091706, 0.41347606, 0.52229826, 0.45782193]), array([0.56285443, 0.43863004, 0.44146523, 0.40024392, 0.47100911,
       0.39441185, 0.51922584, 0.33934553, 0.46508692, 0.45104803])]
real metric: [array([0.90495868, 0.3974359 , 0.42773723, 0.27606461, 0.4841954 ,
       0.05785124, 0.80635838, 0.04822695, 0.13100437, 0.07714286]), array([0.8819133 , 0.35311143, 0.45035971, 0.25931232, 0.46604527,
       0.06151645, 0.82276657, 0.03762663, 0.12396694, 0.06851312]), array([0.89489051, 0.41369863, 0.4479638 , 0.25552486, 0.51432881,
       0.07539683, 0.81571816, 0.02849003, 0.13867488, 0.08115942]), array([0.89586305, 0.3672391 , 0.47058824, 0.24896266, 0.50595238,
       0.04640719, 0.82782369, 0.04107649, 0.1379822 , 0.07132018]), array([0.89130435, 0.37622378, 0.45280236, 0.27055306, 0.48746518,
       0.04922644, 0.82237762, 0.0443828 , 0.11404729, 0.07183099])]

estim_algorithm = ts-model, mode = classification, metric = sensitivity, confidence_scores = doctor-conf, class_specific = True
test err: [0.21239826053538735, 0.2131409151835007, 0.20453649849490732, 0.22074055722648364, 0.21326244846512293]
estimated metric: [array([0.91779256, 0.89184867, 0.66733257, 0.61215552, 0.64300486,
       0.27485113, 0.51595746, 0.31514818, 0.19609456, 0.11997085]), array([0.91444711, 0.88542596, 0.66847414, 0.60592192, 0.64894006,
       0.25890189, 0.52027378, 0.22136444, 0.20760661, 0.12019941]), array([0.91489113, 0.87533699, 0.66301685, 0.61181971, 0.65390763,
       0.23763228, 0.51677582, 0.29321033, 0.20892733, 0.13780816]), array([0.91214447, 0.8779262 , 0.65629656, 0.60705525, 0.65910345,
       0.27478131, 0.51993458, 0.34583761, 0.21380382, 0.13795926]), array([0.91749937, 0.88803364, 0.66507944, 0.60451763, 0.65845754,
       0.28017156, 0.51826241, 0.27661549, 0.16448739, 0.13148347])]
real metric: [array([0.90495868, 0.3974359 , 0.42773723, 0.27606461, 0.4841954 ,
       0.05785124, 0.80635838, 0.04822695, 0.13100437, 0.07714286]), array([0.8819133 , 0.35311143, 0.45035971, 0.25931232, 0.46604527,
       0.06151645, 0.82276657, 0.03762663, 0.12396694, 0.06851312]), array([0.89489051, 0.41369863, 0.4479638 , 0.25552486, 0.51432881,
       0.07539683, 0.81571816, 0.02849003, 0.13867488, 0.08115942]), array([0.89586305, 0.3672391 , 0.47058824, 0.24896266, 0.50595238,
       0.04640719, 0.82782369, 0.04107649, 0.1379822 , 0.07132018]), array([0.89130435, 0.37622378, 0.45280236, 0.27055306, 0.48746518,
       0.04922644, 0.82237762, 0.0443828 , 0.11404729, 0.07183099])]

estim_algorithm = doc-model, mode = classification, metric = sensitivity, confidence_scores = max_class_probability-conf, class_specific = False
test err: [0.29356555401947915, 0.29524540854093473, 0.285881516141853, 0.2972863949151253, 0.29565200071086006]
estimated metric: [array([0.68334069, 0.60638756, 0.55840847, 0.54239574, 0.5857726 ,
       0.53007536, 0.63251736, 0.55564667, 0.53541227, 0.52575642]), array([0.67721245, 0.6026686 , 0.57224247, 0.54879982, 0.5864729 ,
       0.52647532, 0.63866428, 0.45591687, 0.55974419, 0.53178265]), array([0.67921494, 0.59648087, 0.56406822, 0.54606631, 0.58961402,
       0.49709716, 0.64109668, 0.5512462 , 0.54965601, 0.52952658]), array([0.67300295, 0.59385096, 0.55069011, 0.54450532, 0.60079812,
       0.49839846, 0.63435745, 0.55852656, 0.56498822, 0.53430828]), array([0.68270154, 0.60583297, 0.5714578 , 0.5370009 , 0.59452238,
       0.54104539, 0.63519795, 0.52977952, 0.52196581, 0.52566467])]
real metric: [array([0.90495868, 0.3974359 , 0.42773723, 0.27606461, 0.4841954 ,
       0.05785124, 0.80635838, 0.04822695, 0.13100437, 0.07714286]), array([0.8819133 , 0.35311143, 0.45035971, 0.25931232, 0.46604527,
       0.06151645, 0.82276657, 0.03762663, 0.12396694, 0.06851312]), array([0.89489051, 0.41369863, 0.4479638 , 0.25552486, 0.51432881,
       0.07539683, 0.81571816, 0.02849003, 0.13867488, 0.08115942]), array([0.89586305, 0.3672391 , 0.47058824, 0.24896266, 0.50595238,
       0.04640719, 0.82782369, 0.04107649, 0.1379822 , 0.07132018]), array([0.89130435, 0.37622378, 0.45280236, 0.27055306, 0.48746518,
       0.04922644, 0.82237762, 0.0443828 , 0.11404729, 0.07183099])]

estim_algorithm = doc-model, mode = classification, metric = sensitivity, confidence_scores = max_class_probability-conf, class_specific = True
test err: [0.2660546401230154, 0.2716682138991268, 0.2600670311386363, 0.2700583138444278, 0.27094418783691065]
estimated metric: [array([0.92735062, 0.89585369, 0.69835588, 0.64738966, 0.70057324,
       0.43973971, 0.61355851, 0.44775419, 0.24250257, 0.2728442 ]), array([0.92179564, 0.89054762, 0.71218989, 0.65379373, 0.70124669,
       0.43684277, 0.61970542, 0.34971046, 0.26940109, 0.28045827]), array([0.92317014, 0.88874674, 0.70401564, 0.65106022, 0.70441467,
       0.40752293, 0.62213782, 0.44335373, 0.25249263, 0.28244106]), array([0.91747759, 0.88710825, 0.69063752, 0.64949923, 0.71559876,
       0.40806282, 0.61540862, 0.4524005 , 0.27002812, 0.28274675]), array([0.92669424, 0.89487235, 0.71140521, 0.64199481, 0.70932303,
       0.45070974, 0.61624251, 0.42352099, 0.22827057, 0.27435208])]
real metric: [array([0.90495868, 0.3974359 , 0.42773723, 0.27606461, 0.4841954 ,
       0.05785124, 0.80635838, 0.04822695, 0.13100437, 0.07714286]), array([0.8819133 , 0.35311143, 0.45035971, 0.25931232, 0.46604527,
       0.06151645, 0.82276657, 0.03762663, 0.12396694, 0.06851312]), array([0.89489051, 0.41369863, 0.4479638 , 0.25552486, 0.51432881,
       0.07539683, 0.81571816, 0.02849003, 0.13867488, 0.08115942]), array([0.89586305, 0.3672391 , 0.47058824, 0.24896266, 0.50595238,
       0.04640719, 0.82782369, 0.04107649, 0.1379822 , 0.07132018]), array([0.89130435, 0.37622378, 0.45280236, 0.27055306, 0.48746518,
       0.04922644, 0.82237762, 0.0443828 , 0.11404729, 0.07183099])]

estim_algorithm = doc-model, mode = classification, metric = sensitivity, confidence_scores = energy-conf, class_specific = False
test err: [0.2937582647850523, 0.2955227462594888, 0.2858787657457422, 0.2982948945585489, 0.2941403294601975]
estimated metric: [array([0.59469547, 0.54941681, 0.54017385, 0.52247511, 0.54385251,
       0.51660421, 0.5740795 , 0.51387176, 0.57399126, 0.53431359]), array([0.59270946, 0.53933526, 0.53914206, 0.51718479, 0.54648792,
       0.5066195 , 0.57800703, 0.47140886, 0.58163029, 0.53990727]), array([0.59617747, 0.53609251, 0.53696429, 0.52008788, 0.55052473,
       0.49585934, 0.57636216, 0.50445035, 0.58268413, 0.54929266]), array([0.59268459, 0.53688748, 0.53096619, 0.52079156, 0.55224286,
       0.51267864, 0.57793879, 0.52865138, 0.58630472, 0.55089117]), array([0.59677155, 0.54472452, 0.53816178, 0.51827412, 0.55298383,
       0.51712184, 0.57632652, 0.49936895, 0.55124544, 0.54547082])]
real metric: [array([0.90495868, 0.3974359 , 0.42773723, 0.27606461, 0.4841954 ,
       0.05785124, 0.80635838, 0.04822695, 0.13100437, 0.07714286]), array([0.8819133 , 0.35311143, 0.45035971, 0.25931232, 0.46604527,
       0.06151645, 0.82276657, 0.03762663, 0.12396694, 0.06851312]), array([0.89489051, 0.41369863, 0.4479638 , 0.25552486, 0.51432881,
       0.07539683, 0.81571816, 0.02849003, 0.13867488, 0.08115942]), array([0.89586305, 0.3672391 , 0.47058824, 0.24896266, 0.50595238,
       0.04640719, 0.82782369, 0.04107649, 0.1379822 , 0.07132018]), array([0.89130435, 0.37622378, 0.45280236, 0.27055306, 0.48746518,
       0.04922644, 0.82237762, 0.0443828 , 0.11404729, 0.07183099])]

estim_algorithm = doc-model, mode = classification, metric = sensitivity, confidence_scores = energy-conf, class_specific = True
test err: [0.25238465397609516, 0.2580513070240452, 0.24603848310720872, 0.25762740701351694, 0.2547622991709998]
estimated metric: [array([0.89929489, 0.87454051, 0.71702749, 0.67414032, 0.69757225,
       0.39785337, 0.57484536, 0.42130139, 0.23626412, 0.16762883]), array([0.89898533, 0.86950805, 0.71603544, 0.66885   , 0.7000169 ,
       0.38786866, 0.57877173, 0.37883849, 0.24555804, 0.17322251]), array([0.90016489, 0.86525942, 0.71406503, 0.67175308, 0.70412792,
       0.3771085 , 0.57712926, 0.41187999, 0.24495699, 0.18260788]), array([0.89868381, 0.86484789, 0.70829004, 0.67237549, 0.70555567,
       0.3939278 , 0.57870385, 0.43608101, 0.24857758, 0.18420641]), array([0.90154336, 0.87032733, 0.71470294, 0.66993933, 0.70589209,
       0.398371  , 0.57709197, 0.40679857, 0.2138129 , 0.17878606])]
real metric: [array([0.90495868, 0.3974359 , 0.42773723, 0.27606461, 0.4841954 ,
       0.05785124, 0.80635838, 0.04822695, 0.13100437, 0.07714286]), array([0.8819133 , 0.35311143, 0.45035971, 0.25931232, 0.46604527,
       0.06151645, 0.82276657, 0.03762663, 0.12396694, 0.06851312]), array([0.89489051, 0.41369863, 0.4479638 , 0.25552486, 0.51432881,
       0.07539683, 0.81571816, 0.02849003, 0.13867488, 0.08115942]), array([0.89586305, 0.3672391 , 0.47058824, 0.24896266, 0.50595238,
       0.04640719, 0.82782369, 0.04107649, 0.1379822 , 0.07132018]), array([0.89130435, 0.37622378, 0.45280236, 0.27055306, 0.48746518,
       0.04922644, 0.82237762, 0.0443828 , 0.11404729, 0.07183099])]

estim_algorithm = doc-model, mode = classification, metric = sensitivity, confidence_scores = entropy-conf, class_specific = False
test err: [0.28183071144964444, 0.28294913417257445, 0.272955869595881, 0.28650503768619023, 0.28564843599660383]
estimated metric: [array([0.66976566, 0.58816453, 0.54587625, 0.52224793, 0.56601264,
       0.50221404, 0.61730451, 0.52491563, 0.54191553, 0.50237223]), array([0.66502653, 0.5831342 , 0.55268808, 0.52320305, 0.5661065 ,
       0.49368385, 0.62011323, 0.42705158, 0.55436163, 0.5301742 ]), array([0.66686593, 0.56800831, 0.54758094, 0.52645342, 0.57312124,
       0.46635864, 0.62327745, 0.50893031, 0.55349913, 0.52037867]), array([0.66143597, 0.56802809, 0.53635805, 0.5219302 , 0.58170697,
       0.49207096, 0.61873102, 0.52777272, 0.56160253, 0.52158953]), array([0.66965743, 0.58487325, 0.55338202, 0.51722788, 0.5785586 ,
       0.51070641, 0.61916748, 0.50733319, 0.52487188, 0.52120596])]
real metric: [array([0.90495868, 0.3974359 , 0.42773723, 0.27606461, 0.4841954 ,
       0.05785124, 0.80635838, 0.04822695, 0.13100437, 0.07714286]), array([0.8819133 , 0.35311143, 0.45035971, 0.25931232, 0.46604527,
       0.06151645, 0.82276657, 0.03762663, 0.12396694, 0.06851312]), array([0.89489051, 0.41369863, 0.4479638 , 0.25552486, 0.51432881,
       0.07539683, 0.81571816, 0.02849003, 0.13867488, 0.08115942]), array([0.89586305, 0.3672391 , 0.47058824, 0.24896266, 0.50595238,
       0.04640719, 0.82782369, 0.04107649, 0.1379822 , 0.07132018]), array([0.89130435, 0.37622378, 0.45280236, 0.27055306, 0.48746518,
       0.04922644, 0.82237762, 0.0443828 , 0.11404729, 0.07183099])]

estim_algorithm = doc-model, mode = classification, metric = sensitivity, confidence_scores = entropy-conf, class_specific = True
test err: [0.2528098853848945, 0.2577906932851065, 0.245626302134108, 0.25791190884564896, 0.2594479131935147]
estimated metric: [array([0.91951312, 0.88123942, 0.68685706, 0.63611159, 0.68437077,
       0.40597762, 0.60074556, 0.42813654, 0.24536786, 0.23952928]), array([0.91563193, 0.87614117, 0.6936689 , 0.63702494, 0.68437833,
       0.39908112, 0.60354743, 0.33046022, 0.25980711, 0.26485925]), array([0.91612461, 0.86456462, 0.68856176, 0.64031708, 0.69147937,
       0.37278389, 0.60672021, 0.40987811, 0.25465549, 0.25902791]), array([0.91103323, 0.8651176 , 0.67733886, 0.63573143, 0.7000535 ,
       0.39570466, 0.60218667, 0.43156231, 0.26510663, 0.25722532]), array([0.91882474, 0.87732398, 0.69436283, 0.63109154, 0.69679557,
       0.4168678 , 0.60262809, 0.41060708, 0.22768733, 0.25900499])]
real metric: [array([0.90495868, 0.3974359 , 0.42773723, 0.27606461, 0.4841954 ,
       0.05785124, 0.80635838, 0.04822695, 0.13100437, 0.07714286]), array([0.8819133 , 0.35311143, 0.45035971, 0.25931232, 0.46604527,
       0.06151645, 0.82276657, 0.03762663, 0.12396694, 0.06851312]), array([0.89489051, 0.41369863, 0.4479638 , 0.25552486, 0.51432881,
       0.07539683, 0.81571816, 0.02849003, 0.13867488, 0.08115942]), array([0.89586305, 0.3672391 , 0.47058824, 0.24896266, 0.50595238,
       0.04640719, 0.82782369, 0.04107649, 0.1379822 , 0.07132018]), array([0.89130435, 0.37622378, 0.45280236, 0.27055306, 0.48746518,
       0.04922644, 0.82237762, 0.0443828 , 0.11404729, 0.07183099])]

estim_algorithm = doc-model, mode = classification, metric = sensitivity, confidence_scores = doctor-conf, class_specific = False
test err: [0.3135251306975038, 0.315954129614046, 0.30513160262084044, 0.3172791804437858, 0.3178913506932667]
estimated metric: [array([0.68546432, 0.62078558, 0.58824598, 0.57335629, 0.60911647,
       0.55035007, 0.64507319, 0.56890427, 0.57895679, 0.56441487]), array([0.67929158, 0.61273457, 0.59879768, 0.57532894, 0.60974845,
       0.55226065, 0.65166865, 0.48569602, 0.59026908, 0.58143815]), array([0.67977087, 0.60380398, 0.59098986, 0.57995562, 0.61169813,
       0.51443066, 0.65268289, 0.5600192 , 0.59637697, 0.57112395]), array([0.67583158, 0.60615849, 0.58253757, 0.57529577, 0.62311363,
       0.535213  , 0.64746046, 0.56686214, 0.60058864, 0.57215627]), array([0.68366208, 0.61767937, 0.59851147, 0.56571145, 0.61590732,
       0.5496232 , 0.64795809, 0.57267501, 0.57033392, 0.57294188])]
real metric: [array([0.90495868, 0.3974359 , 0.42773723, 0.27606461, 0.4841954 ,
       0.05785124, 0.80635838, 0.04822695, 0.13100437, 0.07714286]), array([0.8819133 , 0.35311143, 0.45035971, 0.25931232, 0.46604527,
       0.06151645, 0.82276657, 0.03762663, 0.12396694, 0.06851312]), array([0.89489051, 0.41369863, 0.4479638 , 0.25552486, 0.51432881,
       0.07539683, 0.81571816, 0.02849003, 0.13867488, 0.08115942]), array([0.89586305, 0.3672391 , 0.47058824, 0.24896266, 0.50595238,
       0.04640719, 0.82782369, 0.04107649, 0.1379822 , 0.07132018]), array([0.89130435, 0.37622378, 0.45280236, 0.27055306, 0.48746518,
       0.04922644, 0.82237762, 0.0443828 , 0.11404729, 0.07183099])]

estim_algorithm = doc-model, mode = classification, metric = sensitivity, confidence_scores = doctor-conf, class_specific = True
test err: [0.28035834651283, 0.286262228484312, 0.2728058820420883, 0.2836629746238273, 0.2866818050521154]
estimated metric: [array([0.92300027, 0.88299873, 0.7244849 , 0.67165827, 0.72276648,
       0.4554843 , 0.63056551, 0.47000822, 0.27783127, 0.30417537]), array([0.91642826, 0.87419765, 0.73478003, 0.67232724, 0.72360467,
       0.45943587, 0.63711975, 0.38613968, 0.2931052 , 0.31932204]), array([0.91669278, 0.86542252, 0.72721425, 0.67806853, 0.72566374,
       0.42546879, 0.63812663, 0.45393628, 0.29296134, 0.31516685]), array([0.91312476, 0.8681028 , 0.718502  , 0.67310255, 0.7370197 ,
       0.44098795, 0.63293929, 0.46515659, 0.29868476, 0.31245572]), array([0.92087749, 0.87833176, 0.73379708, 0.66303274, 0.72918312,
       0.45707662, 0.63338768, 0.46912899, 0.27047419, 0.31376238])]
real metric: [array([0.90495868, 0.3974359 , 0.42773723, 0.27606461, 0.4841954 ,
       0.05785124, 0.80635838, 0.04822695, 0.13100437, 0.07714286]), array([0.8819133 , 0.35311143, 0.45035971, 0.25931232, 0.46604527,
       0.06151645, 0.82276657, 0.03762663, 0.12396694, 0.06851312]), array([0.89489051, 0.41369863, 0.4479638 , 0.25552486, 0.51432881,
       0.07539683, 0.81571816, 0.02849003, 0.13867488, 0.08115942]), array([0.89586305, 0.3672391 , 0.47058824, 0.24896266, 0.50595238,
       0.04640719, 0.82782369, 0.04107649, 0.1379822 , 0.07132018]), array([0.89130435, 0.37622378, 0.45280236, 0.27055306, 0.48746518,
       0.04922644, 0.82237762, 0.0443828 , 0.11404729, 0.07183099])]

estim_algorithm = atc-model, mode = classification, metric = sensitivity, confidence_scores = max_class_probability-conf, class_specific = False
test err: [0.16222086649837353, 0.15579884313556996, 0.1426917492061627, 0.18340047400357865, 0.1524843546473031]
estimated metric: [array([0.63309353, 0.44054056, 0.30569949, 0.25157234, 0.37130802,
       0.2739727 , 0.49946922, 0.3333335 , 0.27642282, 0.17142869]), array([0.62873958, 0.44350284, 0.32277711, 0.2837607 , 0.35546477,
       0.20512831, 0.49349974, 0.16129059, 0.30894315, 0.23880608]), array([0.6315    , 0.407767  , 0.32133996, 0.25084747, 0.38125666,
       0.23595514, 0.50335918, 0.2400003 , 0.22131154, 0.20731717]), array([0.61302868, 0.41666668, 0.29529413, 0.24652779, 0.38753961,
       0.20634933, 0.4936508 , 0.41935503, 0.30370376, 0.23880608]), array([0.62616365, 0.44327178, 0.33291771, 0.26916526, 0.41400001,
       0.34666675, 0.4968119 , 0.18918941, 0.22480626, 0.19117659])]
real metric: [array([0.90495868, 0.3974359 , 0.42773723, 0.27606461, 0.4841954 ,
       0.05785124, 0.80635838, 0.04822695, 0.13100437, 0.07714286]), array([0.8819133 , 0.35311143, 0.45035971, 0.25931232, 0.46604527,
       0.06151645, 0.82276657, 0.03762663, 0.12396694, 0.06851312]), array([0.89489051, 0.41369863, 0.4479638 , 0.25552486, 0.51432881,
       0.07539683, 0.81571816, 0.02849003, 0.13867488, 0.08115942]), array([0.89586305, 0.3672391 , 0.47058824, 0.24896266, 0.50595238,
       0.04640719, 0.82782369, 0.04107649, 0.1379822 , 0.07132018]), array([0.89130435, 0.37622378, 0.45280236, 0.27055306, 0.48746518,
       0.04922644, 0.82237762, 0.0443828 , 0.11404729, 0.07183099])]

estim_algorithm = atc-model, mode = classification, metric = sensitivity, confidence_scores = max_class_probability-conf, class_specific = True
test err: [0.15433365417003486, 0.15347612819740028, 0.15467910665347684, 0.1722747342403719, 0.1672631312045752]
estimated metric: [array([0.91223022, 0.86486487, 0.58290156, 0.46698114, 0.54852321,
       0.19178093, 0.43789809, 0.12820535, 0.08943097, 0.04285728]), array([0.9019127 , 0.82768362, 0.6224117 , 0.4871795 , 0.5423902 ,
       0.10256422, 0.42953718, 0.09677448, 0.08943097, 0.10447775]), array([0.905     , 0.83980583, 0.60173698, 0.48644069, 0.55804047,
       0.15730347, 0.44444445, 0.16000034, 0.04918041, 0.07317084]), array([0.89499271, 0.85416667, 0.5682353 , 0.49305556, 0.57866949,
       0.17460331, 0.43544974, 0.25806476, 0.06666674, 0.05970163]), array([0.91327781, 0.85751979, 0.61346634, 0.45485521, 0.559     ,
       0.21333344, 0.44208289, 0.13513537, 0.03875976, 0.02941191])]
real metric: [array([0.90495868, 0.3974359 , 0.42773723, 0.27606461, 0.4841954 ,
       0.05785124, 0.80635838, 0.04822695, 0.13100437, 0.07714286]), array([0.8819133 , 0.35311143, 0.45035971, 0.25931232, 0.46604527,
       0.06151645, 0.82276657, 0.03762663, 0.12396694, 0.06851312]), array([0.89489051, 0.41369863, 0.4479638 , 0.25552486, 0.51432881,
       0.07539683, 0.81571816, 0.02849003, 0.13867488, 0.08115942]), array([0.89586305, 0.3672391 , 0.47058824, 0.24896266, 0.50595238,
       0.04640719, 0.82782369, 0.04107649, 0.1379822 , 0.07132018]), array([0.89130435, 0.37622378, 0.45280236, 0.27055306, 0.48746518,
       0.04922644, 0.82237762, 0.0443828 , 0.11404729, 0.07183099])]

estim_algorithm = atc-model, mode = classification, metric = sensitivity, confidence_scores = energy-conf, class_specific = False
test err: [0.2217683588491563, 0.20637548246052742, 0.22491888756563277, 0.25418180439020943, 0.21509422303705028]
estimated metric: [array([0.46043166, 0.2756757 , 0.25518136, 0.1792453 , 0.26160338,
       0.20547956, 0.38747346, 0.17948739, 0.39837403, 0.27142868]), array([0.46002943, 0.25706217, 0.23386115, 0.15726497, 0.26557713,
       0.10256422, 0.37337494, 0.09677448, 0.43089436, 0.23880608]), array([0.4705    , 0.25000002, 0.23200994, 0.16101696, 0.29073483,
       0.13483156, 0.38191215, 0.20000032, 0.40163939, 0.28048789]), array([0.46524064, 0.24218752, 0.21058824, 0.18229168, 0.28827878,
       0.20634933, 0.37830688, 0.25806476, 0.49629633, 0.32835831]), array([0.47917688, 0.27440635, 0.24189527, 0.16695061, 0.30200001,
       0.18666678, 0.37141339, 0.10810835, 0.31782951, 0.35294127])]
real metric: [array([0.90495868, 0.3974359 , 0.42773723, 0.27606461, 0.4841954 ,
       0.05785124, 0.80635838, 0.04822695, 0.13100437, 0.07714286]), array([0.8819133 , 0.35311143, 0.45035971, 0.25931232, 0.46604527,
       0.06151645, 0.82276657, 0.03762663, 0.12396694, 0.06851312]), array([0.89489051, 0.41369863, 0.4479638 , 0.25552486, 0.51432881,
       0.07539683, 0.81571816, 0.02849003, 0.13867488, 0.08115942]), array([0.89586305, 0.3672391 , 0.47058824, 0.24896266, 0.50595238,
       0.04640719, 0.82782369, 0.04107649, 0.1379822 , 0.07132018]), array([0.89130435, 0.37622378, 0.45280236, 0.27055306, 0.48746518,
       0.04922644, 0.82237762, 0.0443828 , 0.11404729, 0.07183099])]

estim_algorithm = atc-model, mode = classification, metric = sensitivity, confidence_scores = energy-conf, class_specific = True
test err: [0.13788217474880785, 0.1317032824351121, 0.13943452467797718, 0.13919778741577224, 0.1359455323649522]
estimated metric: [array([0.85611511, 0.76486487, 0.52072539, 0.46855347, 0.46624473,
       0.05479465, 0.37367304, 0.17948739, 0.07317081, 0.04285728]), array([0.84256989, 0.74858758, 0.5225335 , 0.44615386, 0.47906027,
       0.03846166, 0.3598544 , 0.09677448, 0.09756105, 0.02985089]), array([0.8485    , 0.70145632, 0.50868487, 0.44237289, 0.48775293,
       0.02247202, 0.37157623, 0.20000032, 0.09016401, 0.01219524]), array([0.83373845, 0.70833334, 0.49764706, 0.43402779, 0.50580782,
       0.03174619, 0.36613757, 0.25806476, 0.09629636, 0.02985089]), array([8.55463009e-01, 7.33509242e-01, 5.11221951e-01, 4.58262360e-01,
       5.01000005e-01, 9.33334542e-02, 3.62911799e-01, 1.08108349e-01,
       4.65117018e-02, 1.47058802e-07])]
real metric: [array([0.90495868, 0.3974359 , 0.42773723, 0.27606461, 0.4841954 ,
       0.05785124, 0.80635838, 0.04822695, 0.13100437, 0.07714286]), array([0.8819133 , 0.35311143, 0.45035971, 0.25931232, 0.46604527,
       0.06151645, 0.82276657, 0.03762663, 0.12396694, 0.06851312]), array([0.89489051, 0.41369863, 0.4479638 , 0.25552486, 0.51432881,
       0.07539683, 0.81571816, 0.02849003, 0.13867488, 0.08115942]), array([0.89586305, 0.3672391 , 0.47058824, 0.24896266, 0.50595238,
       0.04640719, 0.82782369, 0.04107649, 0.1379822 , 0.07132018]), array([0.89130435, 0.37622378, 0.45280236, 0.27055306, 0.48746518,
       0.04922644, 0.82237762, 0.0443828 , 0.11404729, 0.07183099])]

estim_algorithm = atc-model, mode = classification, metric = sensitivity, confidence_scores = entropy-conf, class_specific = False
test err: [0.16359068092824153, 0.15136973586466415, 0.14553493636227266, 0.18736357238031884, 0.15341782425782388]
estimated metric: [array([0.6292566 , 0.42162164, 0.30829016, 0.24685536, 0.36286921,
       0.2739727 , 0.48938429, 0.3333335 , 0.2845529 , 0.17142869]), array([0.62873958, 0.44350284, 0.32399514, 0.27863249, 0.34933606,
       0.1923078 , 0.48569943, 0.12903254, 0.31707323, 0.22388071]), array([0.625     , 0.40291264, 0.32133996, 0.24745764, 0.37699681,
       0.22471919, 0.49509044, 0.2400003 , 0.2459017 , 0.19512205]), array([0.60913953, 0.41666668, 0.29058824, 0.23611112, 0.38014784,
       0.20634933, 0.48783069, 0.41935503, 0.31111116, 0.23880608]), array([0.62273396, 0.45382587, 0.33167083, 0.2657581 , 0.40700001,
       0.33333342, 0.49202976, 0.18918941, 0.21705432, 0.19117659])]
real metric: [array([0.90495868, 0.3974359 , 0.42773723, 0.27606461, 0.4841954 ,
       0.05785124, 0.80635838, 0.04822695, 0.13100437, 0.07714286]), array([0.8819133 , 0.35311143, 0.45035971, 0.25931232, 0.46604527,
       0.06151645, 0.82276657, 0.03762663, 0.12396694, 0.06851312]), array([0.89489051, 0.41369863, 0.4479638 , 0.25552486, 0.51432881,
       0.07539683, 0.81571816, 0.02849003, 0.13867488, 0.08115942]), array([0.89586305, 0.3672391 , 0.47058824, 0.24896266, 0.50595238,
       0.04640719, 0.82782369, 0.04107649, 0.1379822 , 0.07132018]), array([0.89130435, 0.37622378, 0.45280236, 0.27055306, 0.48746518,
       0.04922644, 0.82237762, 0.0443828 , 0.11404729, 0.07183099])]

estim_algorithm = atc-model, mode = classification, metric = sensitivity, confidence_scores = entropy-conf, class_specific = True
test err: [0.1467375751618269, 0.1454888415841403, 0.14438633579359525, 0.1719560703453798, 0.16011629040723258]
estimated metric: [array([0.89544365, 0.82432433, 0.56476685, 0.47327045, 0.55063292,
       0.16438368, 0.43842888, 0.12820535, 0.08943097, 0.04285728]), array([0.88818048, 0.81638419, 0.58465287, 0.47692309, 0.5526047 ,
       0.10256422, 0.424857  , 0.09677448, 0.08130089, 0.074627  ]), array([0.893     , 0.78883496, 0.57816378, 0.48135594, 0.56336529,
       0.13483156, 0.44237726, 0.16000034, 0.04918041, 0.07317084]), array([0.88332523, 0.828125  , 0.54588236, 0.47743056, 0.58183739,
       0.15873029, 0.43809524, 0.32258086, 0.06666674, 0.05970163]), array([0.89514944, 0.81794196, 0.58104739, 0.45485521, 0.575     ,
       0.21333344, 0.43942615, 0.13513537, 0.03875976, 0.02941191])]
real metric: [array([0.90495868, 0.3974359 , 0.42773723, 0.27606461, 0.4841954 ,
       0.05785124, 0.80635838, 0.04822695, 0.13100437, 0.07714286]), array([0.8819133 , 0.35311143, 0.45035971, 0.25931232, 0.46604527,
       0.06151645, 0.82276657, 0.03762663, 0.12396694, 0.06851312]), array([0.89489051, 0.41369863, 0.4479638 , 0.25552486, 0.51432881,
       0.07539683, 0.81571816, 0.02849003, 0.13867488, 0.08115942]), array([0.89586305, 0.3672391 , 0.47058824, 0.24896266, 0.50595238,
       0.04640719, 0.82782369, 0.04107649, 0.1379822 , 0.07132018]), array([0.89130435, 0.37622378, 0.45280236, 0.27055306, 0.48746518,
       0.04922644, 0.82237762, 0.0443828 , 0.11404729, 0.07183099])]

estim_algorithm = atc-model, mode = classification, metric = sensitivity, confidence_scores = doctor-conf, class_specific = False
test err: [0.16203216828202102, 0.15419771877640145, 0.14258206138740634, 0.183683977297218, 0.15214363317118162]
estimated metric: [array([0.63357314, 0.43783785, 0.30440415, 0.25157234, 0.37130802,
       0.2739727 , 0.49946922, 0.3333335 , 0.27642282, 0.17142869]), array([0.62923002, 0.44067798, 0.32277711, 0.2854701 , 0.35546477,
       0.20512831, 0.49297972, 0.16129059, 0.30894315, 0.22388071]), array([0.6295    , 0.41262137, 0.32009926, 0.25084747, 0.38125666,
       0.23595514, 0.50284238, 0.2400003 , 0.22131154, 0.20731717]), array([0.61351483, 0.41666668, 0.29529413, 0.24479168, 0.38648364,
       0.20634933, 0.4931217 , 0.41935503, 0.30370376, 0.23880608]), array([0.62616365, 0.4459103 , 0.33167083, 0.27086884, 0.41300001,
       0.34666675, 0.49628056, 0.18918941, 0.21705432, 0.19117659])]
real metric: [array([0.90495868, 0.3974359 , 0.42773723, 0.27606461, 0.4841954 ,
       0.05785124, 0.80635838, 0.04822695, 0.13100437, 0.07714286]), array([0.8819133 , 0.35311143, 0.45035971, 0.25931232, 0.46604527,
       0.06151645, 0.82276657, 0.03762663, 0.12396694, 0.06851312]), array([0.89489051, 0.41369863, 0.4479638 , 0.25552486, 0.51432881,
       0.07539683, 0.81571816, 0.02849003, 0.13867488, 0.08115942]), array([0.89586305, 0.3672391 , 0.47058824, 0.24896266, 0.50595238,
       0.04640719, 0.82782369, 0.04107649, 0.1379822 , 0.07132018]), array([0.89130435, 0.37622378, 0.45280236, 0.27055306, 0.48746518,
       0.04922644, 0.82237762, 0.0443828 , 0.11404729, 0.07183099])]

estim_algorithm = atc-model, mode = classification, metric = sensitivity, confidence_scores = doctor-conf, class_specific = True
test err: [0.15158848998792013, 0.1516680800244485, 0.14615012335396665, 0.17098230041248424, 0.16149531094334346]
estimated metric: [array([0.89544365, 0.83783784, 0.57253887, 0.46069183, 0.54535865,
       0.19178093, 0.44639066, 0.15384637, 0.08943097, 0.04285728]), array([0.88818048, 0.81638419, 0.60657735, 0.48547009, 0.5403473 ,
       0.10256422, 0.43525741, 0.12903254, 0.08943097, 0.10447775]), array([0.892     , 0.78398059, 0.59305211, 0.47966103, 0.55591055,
       0.15730347, 0.44909561, 0.16000034, 0.04918041, 0.07317084]), array([0.88429752, 0.81770834, 0.56000001, 0.48611112, 0.58183739,
       0.17460331, 0.44285715, 0.29032281, 0.06666674, 0.05970163]), array([0.89465948, 0.823219  , 0.60598504, 0.45315163, 0.557     ,
       0.22666677, 0.44899044, 0.13513537, 0.03875976, 0.02941191])]
real metric: [array([0.90495868, 0.3974359 , 0.42773723, 0.27606461, 0.4841954 ,
       0.05785124, 0.80635838, 0.04822695, 0.13100437, 0.07714286]), array([0.8819133 , 0.35311143, 0.45035971, 0.25931232, 0.46604527,
       0.06151645, 0.82276657, 0.03762663, 0.12396694, 0.06851312]), array([0.89489051, 0.41369863, 0.4479638 , 0.25552486, 0.51432881,
       0.07539683, 0.81571816, 0.02849003, 0.13867488, 0.08115942]), array([0.89586305, 0.3672391 , 0.47058824, 0.24896266, 0.50595238,
       0.04640719, 0.82782369, 0.04107649, 0.1379822 , 0.07132018]), array([0.89130435, 0.37622378, 0.45280236, 0.27055306, 0.48746518,
       0.04922644, 0.82237762, 0.0443828 , 0.11404729, 0.07183099])]

estim_algorithm = ts-atc-model, mode = classification, metric = sensitivity, confidence_scores = max_class_probability-conf, class_specific = False
test err: [0.16936360588911648, 0.1649312446059282, 0.1618714611689343, 0.21316054749775426, 0.16104745444174423]
estimated metric: [array([0.57026379, 0.35675677, 0.28238343, 0.21540882, 0.30907174,
       0.20547956, 0.44055202, 0.17948739, 0.35772363, 0.14285727]), array([0.57381069, 0.34745765, 0.28014617, 0.19658121, 0.30439224,
       0.15384626, 0.43213729, 0.06451643, 0.41463419, 0.20895534]), array([0.575     , 0.33737866, 0.26799008, 0.21186442, 0.33013845,
       0.15730347, 0.44082688, 0.12000035, 0.30327875, 0.18292693]), array([0.56392805, 0.33072918, 0.24588236, 0.18923613, 0.3284055 ,
       0.22222235, 0.43068783, 0.35483892, 0.41481486, 0.20895534]), array([0.5766781 , 0.36411611, 0.2830424 , 0.20954005, 0.36200001,
       0.2400001 , 0.44208289, 0.16216239, 0.24806207, 0.17647071])]
real metric: [array([0.90495868, 0.3974359 , 0.42773723, 0.27606461, 0.4841954 ,
       0.05785124, 0.80635838, 0.04822695, 0.13100437, 0.07714286]), array([0.8819133 , 0.35311143, 0.45035971, 0.25931232, 0.46604527,
       0.06151645, 0.82276657, 0.03762663, 0.12396694, 0.06851312]), array([0.89489051, 0.41369863, 0.4479638 , 0.25552486, 0.51432881,
       0.07539683, 0.81571816, 0.02849003, 0.13867488, 0.08115942]), array([0.89586305, 0.3672391 , 0.47058824, 0.24896266, 0.50595238,
       0.04640719, 0.82782369, 0.04107649, 0.1379822 , 0.07132018]), array([0.89130435, 0.37622378, 0.45280236, 0.27055306, 0.48746518,
       0.04922644, 0.82237762, 0.0443828 , 0.11404729, 0.07183099])]

estim_algorithm = ts-atc-model, mode = classification, metric = sensitivity, confidence_scores = max_class_probability-conf, class_specific = True
test err: [0.15457070351986635, 0.15507692324267955, 0.15146517142049595, 0.1709749785756946, 0.15872928798468317]
estimated metric: [array([0.92422062, 0.90810811, 0.57253887, 0.46855347, 0.5421941 ,
       0.09589053, 0.41029724, 0.12820535, 0.07317081, 0.02857157]), array([0.91858754, 0.88700565, 0.59926919, 0.47179488, 0.55566905,
       0.06410268, 0.39625585, 0.06451643, 0.08943097, 0.02985089]), array([0.9155    , 0.91262136, 0.58312656, 0.47288136, 0.55697551,
       0.06741584, 0.41653747, 0.12000035, 0.08196729, 0.03658548]), array([0.91054934, 0.9296875 , 0.55411765, 0.45659723, 0.57866949,
       0.06349221, 0.40846561, 0.29032281, 0.08148155, 0.04477626]), array([9.23076923e-01, 9.07651717e-01, 5.91022449e-01, 4.39523008e-01,
       5.64000004e-01, 1.06666786e-01, 4.15515412e-01, 8.10813294e-02,
       4.65117018e-02, 1.47058802e-07])]
real metric: [array([0.90495868, 0.3974359 , 0.42773723, 0.27606461, 0.4841954 ,
       0.05785124, 0.80635838, 0.04822695, 0.13100437, 0.07714286]), array([0.8819133 , 0.35311143, 0.45035971, 0.25931232, 0.46604527,
       0.06151645, 0.82276657, 0.03762663, 0.12396694, 0.06851312]), array([0.89489051, 0.41369863, 0.4479638 , 0.25552486, 0.51432881,
       0.07539683, 0.81571816, 0.02849003, 0.13867488, 0.08115942]), array([0.89586305, 0.3672391 , 0.47058824, 0.24896266, 0.50595238,
       0.04640719, 0.82782369, 0.04107649, 0.1379822 , 0.07132018]), array([0.89130435, 0.37622378, 0.45280236, 0.27055306, 0.48746518,
       0.04922644, 0.82237762, 0.0443828 , 0.11404729, 0.07183099])]

estim_algorithm = ts-atc-model, mode = classification, metric = sensitivity, confidence_scores = energy-conf, class_specific = False
test err: [0.21670830202984556, 0.2035938070716528, 0.22105810644889975, 0.2537577506772237, 0.20660492261632993]
estimated metric: [array([0.46858513, 0.28648651, 0.25906737, 0.17610064, 0.26371309,
       0.20547956, 0.39384289, 0.17948739, 0.39024395, 0.25714296]), array([0.47229034, 0.25706217, 0.23264313, 0.16068378, 0.26557713,
       0.11538473, 0.37649506, 0.09677448, 0.42276427, 0.22388071]), array([0.481     , 0.2524272 , 0.22704716, 0.16271188, 0.28966987,
       0.1235956 , 0.38449613, 0.20000032, 0.40983611, 0.25609765]), array([0.47204667, 0.24479169, 0.20941177, 0.17881946, 0.29250265,
       0.19047632, 0.38253969, 0.29032281, 0.48888893, 0.32835831]), array([0.48505635, 0.2796834 , 0.24064839, 0.16524703, 0.30600001,
       0.18666678, 0.37672689, 0.10810835, 0.2945737 , 0.30882363])]
real metric: [array([0.90495868, 0.3974359 , 0.42773723, 0.27606461, 0.4841954 ,
       0.05785124, 0.80635838, 0.04822695, 0.13100437, 0.07714286]), array([0.8819133 , 0.35311143, 0.45035971, 0.25931232, 0.46604527,
       0.06151645, 0.82276657, 0.03762663, 0.12396694, 0.06851312]), array([0.89489051, 0.41369863, 0.4479638 , 0.25552486, 0.51432881,
       0.07539683, 0.81571816, 0.02849003, 0.13867488, 0.08115942]), array([0.89586305, 0.3672391 , 0.47058824, 0.24896266, 0.50595238,
       0.04640719, 0.82782369, 0.04107649, 0.1379822 , 0.07132018]), array([0.89130435, 0.37622378, 0.45280236, 0.27055306, 0.48746518,
       0.04922644, 0.82237762, 0.0443828 , 0.11404729, 0.07183099])]

estim_algorithm = ts-atc-model, mode = classification, metric = sensitivity, confidence_scores = energy-conf, class_specific = True
test err: [0.1805621238508698, 0.17610293612712263, 0.1806412110188624, 0.1850453461158134, 0.1825750287005051]
estimated metric: [array([1.        , 1.        , 0.59715026, 0.50786164, 0.50316456,
       0.08219191, 0.36624204, 0.17948739, 0.07317081, 0.04285728]), array([1.        , 1.        , 0.61023143, 0.51623932, 0.51072523,
       0.06410268, 0.38273531, 0.06451643, 0.09756105, 0.02985089]), array([1.        , 1.        , 0.58933003, 0.51864408, 0.52183174,
       0.03370797, 0.37157623, 0.12000035, 0.08196729, 0.01219524]), array([1.        , 1.        , 0.56588236, 0.50173612, 0.53959874,
       0.06349221, 0.37354498, 0.2258067 , 0.10370377, 0.02985089]), array([1.00000000e+00, 1.00000000e+00, 5.81047387e-01, 5.07666107e-01,
       5.15000005e-01, 8.00001227e-02, 3.75132841e-01, 1.35135369e-01,
       5.42636392e-02, 1.47058802e-07])]
real metric: [array([0.90495868, 0.3974359 , 0.42773723, 0.27606461, 0.4841954 ,
       0.05785124, 0.80635838, 0.04822695, 0.13100437, 0.07714286]), array([0.8819133 , 0.35311143, 0.45035971, 0.25931232, 0.46604527,
       0.06151645, 0.82276657, 0.03762663, 0.12396694, 0.06851312]), array([0.89489051, 0.41369863, 0.4479638 , 0.25552486, 0.51432881,
       0.07539683, 0.81571816, 0.02849003, 0.13867488, 0.08115942]), array([0.89586305, 0.3672391 , 0.47058824, 0.24896266, 0.50595238,
       0.04640719, 0.82782369, 0.04107649, 0.1379822 , 0.07132018]), array([0.89130435, 0.37622378, 0.45280236, 0.27055306, 0.48746518,
       0.04922644, 0.82237762, 0.0443828 , 0.11404729, 0.07183099])]

estim_algorithm = ts-atc-model, mode = classification, metric = sensitivity, confidence_scores = entropy-conf, class_specific = False
test err: [0.1936790260091667, 0.19024096975007534, 0.19804096727039727, 0.2289568357119473, 0.19112739679597812]
estimated metric: [array([0.52997602, 0.32162164, 0.26554405, 0.1855346 , 0.27109705,
       0.19178093, 0.40658174, 0.12820535, 0.41463419, 0.20000011]), array([0.52623835, 0.28813561, 0.24725945, 0.16239318, 0.27272728,
       0.11538473, 0.38793552, 0.09677448, 0.43902444, 0.19402997]), array([0.533     , 0.30097089, 0.24565758, 0.16779662, 0.30138446,
       0.13483156, 0.40516796, 0.16000034, 0.40163939, 0.21951229]), array([0.53330093, 0.27604169, 0.21882354, 0.17187501, 0.29567055,
       0.14285728, 0.3952381 , 0.29032281, 0.48888893, 0.23880608]), array([0.5389515 , 0.32453828, 0.24563592, 0.16695061, 0.31300001,
       0.18666678, 0.40595112, 0.10810835, 0.32558145, 0.26470599])]
real metric: [array([0.90495868, 0.3974359 , 0.42773723, 0.27606461, 0.4841954 ,
       0.05785124, 0.80635838, 0.04822695, 0.13100437, 0.07714286]), array([0.8819133 , 0.35311143, 0.45035971, 0.25931232, 0.46604527,
       0.06151645, 0.82276657, 0.03762663, 0.12396694, 0.06851312]), array([0.89489051, 0.41369863, 0.4479638 , 0.25552486, 0.51432881,
       0.07539683, 0.81571816, 0.02849003, 0.13867488, 0.08115942]), array([0.89586305, 0.3672391 , 0.47058824, 0.24896266, 0.50595238,
       0.04640719, 0.82782369, 0.04107649, 0.1379822 , 0.07132018]), array([0.89130435, 0.37622378, 0.45280236, 0.27055306, 0.48746518,
       0.04922644, 0.82237762, 0.0443828 , 0.11404729, 0.07183099])]

estim_algorithm = ts-atc-model, mode = classification, metric = sensitivity, confidence_scores = entropy-conf, class_specific = True
test err: [0.14516244272687703, 0.14701855028008295, 0.14807557995964893, 0.15713234326388276, 0.1457594190568563]
estimated metric: [array([0.90167866, 0.89189189, 0.51943006, 0.46383649, 0.53586498,
       0.08219191, 0.38004247, 0.12820535, 0.07317081, 0.04285728]), array([0.8965179 , 0.84745763, 0.52496956, 0.46666668, 0.55158325,
       0.03846166, 0.36817473, 0.09677448, 0.10569113, 0.02985089]), array([0.8985    , 0.86407767, 0.52233251, 0.44915255, 0.54100107,
       0.02247202, 0.38552972, 0.16000034, 0.09016401, 0.01219524]), array([0.88721439, 0.88020834, 0.49529412, 0.44270834, 0.56177403,
       0.03174619, 0.36719577, 0.25806476, 0.09629636, 0.02985089]), array([9.05928467e-01, 8.68073882e-01, 5.17456365e-01, 4.17376501e-01,
       5.58000004e-01, 8.00001227e-02, 3.79383638e-01, 1.08108349e-01,
       5.42636392e-02, 1.47058802e-07])]
real metric: [array([0.90495868, 0.3974359 , 0.42773723, 0.27606461, 0.4841954 ,
       0.05785124, 0.80635838, 0.04822695, 0.13100437, 0.07714286]), array([0.8819133 , 0.35311143, 0.45035971, 0.25931232, 0.46604527,
       0.06151645, 0.82276657, 0.03762663, 0.12396694, 0.06851312]), array([0.89489051, 0.41369863, 0.4479638 , 0.25552486, 0.51432881,
       0.07539683, 0.81571816, 0.02849003, 0.13867488, 0.08115942]), array([0.89586305, 0.3672391 , 0.47058824, 0.24896266, 0.50595238,
       0.04640719, 0.82782369, 0.04107649, 0.1379822 , 0.07132018]), array([0.89130435, 0.37622378, 0.45280236, 0.27055306, 0.48746518,
       0.04922644, 0.82237762, 0.0443828 , 0.11404729, 0.07183099])]

estim_algorithm = ts-atc-model, mode = classification, metric = sensitivity, confidence_scores = doctor-conf, class_specific = False
test err: [0.21299093729144417, 0.2059906058934297, 0.21842588111954875, 0.2474963735724825, 0.20891382108882156]
estimated metric: [array([0.48297362, 0.30000002, 0.26554405, 0.17452831, 0.25843883,
       0.19178093, 0.38853504, 0.15384637, 0.41463419, 0.25714296]), array([0.4811182 , 0.26553674, 0.23020707, 0.14871796, 0.25944842,
       0.10256422, 0.37545502, 0.09677448, 0.4552846 , 0.22388071]), array([0.493     , 0.27184468, 0.23325063, 0.16271188, 0.28753994,
       0.13483156, 0.38656331, 0.20000032, 0.40983611, 0.25609765]), array([0.4885756 , 0.24479169, 0.21411766, 0.17881946, 0.28511088,
       0.19047632, 0.38412699, 0.25806476, 0.48888893, 0.31343294]), array([0.50024498, 0.29287601, 0.24314215, 0.16695061, 0.30300001,
       0.18666678, 0.37672689, 0.10810835, 0.31782951, 0.33823539])]
real metric: [array([0.90495868, 0.3974359 , 0.42773723, 0.27606461, 0.4841954 ,
       0.05785124, 0.80635838, 0.04822695, 0.13100437, 0.07714286]), array([0.8819133 , 0.35311143, 0.45035971, 0.25931232, 0.46604527,
       0.06151645, 0.82276657, 0.03762663, 0.12396694, 0.06851312]), array([0.89489051, 0.41369863, 0.4479638 , 0.25552486, 0.51432881,
       0.07539683, 0.81571816, 0.02849003, 0.13867488, 0.08115942]), array([0.89586305, 0.3672391 , 0.47058824, 0.24896266, 0.50595238,
       0.04640719, 0.82782369, 0.04107649, 0.1379822 , 0.07132018]), array([0.89130435, 0.37622378, 0.45280236, 0.27055306, 0.48746518,
       0.04922644, 0.82237762, 0.0443828 , 0.11404729, 0.07183099])]

estim_algorithm = ts-atc-model, mode = classification, metric = sensitivity, confidence_scores = doctor-conf, class_specific = True
test err: [0.1420550599798555, 0.13794331089439554, 0.14434055828080986, 0.1507366071161263, 0.14175436597008645]
estimated metric: [array([0.88057554, 0.81621622, 0.4857513 , 0.47012579, 0.52320676,
       0.06849328, 0.36836518, 0.17948739, 0.07317081, 0.02857157]), array([0.87297695, 0.81355933, 0.48842875, 0.45641027, 0.54545455,
       0.05128217, 0.35361415, 0.09677448, 0.10569113, 0.02985089]), array([0.877     , 0.77912622, 0.4789082 , 0.45593221, 0.543131  ,
       0.02247202, 0.36589148, 0.20000032, 0.08196729, 0.01219524]), array([0.87360233, 0.81510417, 0.46588236, 0.43229168, 0.57972545,
       0.03174619, 0.35978836, 0.25806476, 0.10370377, 0.02985089]), array([8.85840275e-01, 8.10026390e-01, 4.86284296e-01, 4.42930163e-01,
       5.53000004e-01, 9.33334542e-02, 3.54941555e-01, 1.08108349e-01,
       5.42636392e-02, 1.47058802e-07])]
real metric: [array([0.90495868, 0.3974359 , 0.42773723, 0.27606461, 0.4841954 ,
       0.05785124, 0.80635838, 0.04822695, 0.13100437, 0.07714286]), array([0.8819133 , 0.35311143, 0.45035971, 0.25931232, 0.46604527,
       0.06151645, 0.82276657, 0.03762663, 0.12396694, 0.06851312]), array([0.89489051, 0.41369863, 0.4479638 , 0.25552486, 0.51432881,
       0.07539683, 0.81571816, 0.02849003, 0.13867488, 0.08115942]), array([0.89586305, 0.3672391 , 0.47058824, 0.24896266, 0.50595238,
       0.04640719, 0.82782369, 0.04107649, 0.1379822 , 0.07132018]), array([0.89130435, 0.37622378, 0.45280236, 0.27055306, 0.48746518,
       0.04922644, 0.82237762, 0.0443828 , 0.11404729, 0.07183099])]

