estim_algorithm = ac-model, mode = classification, metric = f1score, confidence_scores = max_class_probability-conf, class_specific = False
test err: [0.36685391848441196, 0.36483715598099603, 0.357482830507741, 0.3489588183535342, 0.3601144785803745]
estimated metric: [array([0.95096244, 0.96646753, 0.92988479, 0.93164032, 0.93430114,
       0.92363439, 0.94035064, 0.93917672, 0.93571688, 0.9321241 ]), array([0.95134554, 0.96634498, 0.92608706, 0.92759479, 0.9375556 ,
       0.92842309, 0.94977138, 0.93761106, 0.93099029, 0.92703827]), array([0.95439525, 0.9704158 , 0.9322366 , 0.92990632, 0.93045933,
       0.9247155 , 0.93670373, 0.93525383, 0.93513517, 0.92962799]), array([0.95362981, 0.9708613 , 0.92534447, 0.92625041, 0.93426562,
       0.91846891, 0.94033885, 0.94096357, 0.93000356, 0.92143145]), array([0.95120176, 0.96765742, 0.93120812, 0.9309121 , 0.93668648,
       0.92497702, 0.93652609, 0.94573993, 0.93408004, 0.92306875])]
real metric: [array([0.58679928, 0.83155917, 0.63069544, 0.5166745 , 0.66578073,
       0.51538462, 0.61697723, 0.53372434, 0.50877193, 0.30935252]), array([0.57913669, 0.80410959, 0.6297619 , 0.52345216, 0.65889968,
       0.53883972, 0.64035088, 0.52803262, 0.48730964, 0.34449761]), array([0.58325913, 0.83014049, 0.62889166, 0.53275945, 0.64313222,
       0.50206612, 0.64522059, 0.54473943, 0.51067961, 0.38313253]), array([0.59734513, 0.83396226, 0.65508982, 0.52964043, 0.67477204,
       0.53191489, 0.64700461, 0.55282818, 0.45558087, 0.39383155]), array([0.59597806, 0.81674065, 0.65075669, 0.5105973 , 0.64019851,
       0.50687623, 0.64470169, 0.56350053, 0.49217002, 0.35939323])]

estim_algorithm = ac-model, mode = classification, metric = f1score, confidence_scores = energy-conf, class_specific = False
test err: [0.16532454577870417, 0.1545671380886057, 0.15349047878929195, 0.15932947722644963, 0.15446192686096122]
estimated metric: [array([0.41944145, 0.53672835, 0.41505522, 0.38145463, 0.41233418,
       0.4347978 , 0.43945129, 0.45346417, 0.43060633, 0.47956416]), array([0.42548453, 0.52117235, 0.40400048, 0.3828331 , 0.42103609,
       0.44938997, 0.4615274 , 0.45302873, 0.42149778, 0.44024653]), array([0.42525335, 0.53079791, 0.40975279, 0.37658941, 0.41675019,
       0.44554705, 0.44812331, 0.44160889, 0.45710807, 0.44867961]), array([0.42162583, 0.53792379, 0.41240382, 0.37361257, 0.42041247,
       0.44087899, 0.46178823, 0.46456246, 0.44389605, 0.48609231]), array([0.42401258, 0.52237392, 0.41753284, 0.38366994, 0.42594939,
       0.43737929, 0.4540858 , 0.46766336, 0.42884577, 0.44400571])]
real metric: [array([0.58679928, 0.83155917, 0.63069544, 0.5166745 , 0.66578073,
       0.51538462, 0.61697723, 0.53372434, 0.50877193, 0.30935252]), array([0.57913669, 0.80410959, 0.6297619 , 0.52345216, 0.65889968,
       0.53883972, 0.64035088, 0.52803262, 0.48730964, 0.34449761]), array([0.58325913, 0.83014049, 0.62889166, 0.53275945, 0.64313222,
       0.50206612, 0.64522059, 0.54473943, 0.51067961, 0.38313253]), array([0.59734513, 0.83396226, 0.65508982, 0.52964043, 0.67477204,
       0.53191489, 0.64700461, 0.55282818, 0.45558087, 0.39383155]), array([0.59597806, 0.81674065, 0.65075669, 0.5105973 , 0.64019851,
       0.50687623, 0.64470169, 0.56350053, 0.49217002, 0.35939323])]

estim_algorithm = ac-model, mode = classification, metric = f1score, confidence_scores = entropy-conf, class_specific = False
test err: [0.35689047565702986, 0.3552935636520112, 0.3489288882640477, 0.3403044688653639, 0.35094145993609727]
estimated metric: [array([0.94209564, 0.96013963, 0.92046544, 0.91876825, 0.92203109,
       0.91434997, 0.93075581, 0.92810129, 0.92620678, 0.9217106 ]), array([0.94499485, 0.95930363, 0.91735481, 0.91566158, 0.92596627,
       0.92019   , 0.94230744, 0.925305  , 0.92167263, 0.91456993]), array([0.94551884, 0.96441302, 0.92304988, 0.91721621, 0.92076666,
       0.91885992, 0.92892753, 0.92496576, 0.93071043, 0.91888182]), array([0.94488937, 0.96473198, 0.91614994, 0.91419967, 0.92346267,
       0.91074495, 0.93183791, 0.93034025, 0.9234668 , 0.91519093]), array([0.94324706, 0.9605018 , 0.92230752, 0.91869138, 0.92656922,
       0.91617153, 0.92780772, 0.93591534, 0.92818482, 0.91093115])]
real metric: [array([0.58679928, 0.83155917, 0.63069544, 0.5166745 , 0.66578073,
       0.51538462, 0.61697723, 0.53372434, 0.50877193, 0.30935252]), array([0.57913669, 0.80410959, 0.6297619 , 0.52345216, 0.65889968,
       0.53883972, 0.64035088, 0.52803262, 0.48730964, 0.34449761]), array([0.58325913, 0.83014049, 0.62889166, 0.53275945, 0.64313222,
       0.50206612, 0.64522059, 0.54473943, 0.51067961, 0.38313253]), array([0.59734513, 0.83396226, 0.65508982, 0.52964043, 0.67477204,
       0.53191489, 0.64700461, 0.55282818, 0.45558087, 0.39383155]), array([0.59597806, 0.81674065, 0.65075669, 0.5105973 , 0.64019851,
       0.50687623, 0.64470169, 0.56350053, 0.49217002, 0.35939323])]

estim_algorithm = ac-model, mode = classification, metric = f1score, confidence_scores = doctor-conf, class_specific = False
test err: [0.38663551693649384, 0.38464062819844513, 0.37810136647198583, 0.3698815730676042, 0.3805165721929722]
estimated metric: [array([0.9669241 , 0.97644872, 0.95256727, 0.95385538, 0.95504836,
       0.95064439, 0.95748598, 0.95761423, 0.95710799, 0.9543785 ]), array([0.96798468, 0.97617785, 0.95018273, 0.95119009, 0.95709195,
       0.95306046, 0.96691666, 0.95241915, 0.95511616, 0.95065705]), array([0.96954108, 0.97883457, 0.95461254, 0.95250449, 0.95371694,
       0.95101573, 0.95769899, 0.95725117, 0.95664079, 0.95321858]), array([0.96889451, 0.97958937, 0.94921783, 0.9501321 , 0.95558766,
       0.94430386, 0.96013199, 0.95852881, 0.95380827, 0.9505911 ]), array([0.96709523, 0.97749229, 0.95373734, 0.95391315, 0.95646508,
       0.95181132, 0.95645729, 0.96267615, 0.95868801, 0.94774279])]
real metric: [array([0.58679928, 0.83155917, 0.63069544, 0.5166745 , 0.66578073,
       0.51538462, 0.61697723, 0.53372434, 0.50877193, 0.30935252]), array([0.57913669, 0.80410959, 0.6297619 , 0.52345216, 0.65889968,
       0.53883972, 0.64035088, 0.52803262, 0.48730964, 0.34449761]), array([0.58325913, 0.83014049, 0.62889166, 0.53275945, 0.64313222,
       0.50206612, 0.64522059, 0.54473943, 0.51067961, 0.38313253]), array([0.59734513, 0.83396226, 0.65508982, 0.52964043, 0.67477204,
       0.53191489, 0.64700461, 0.55282818, 0.45558087, 0.39383155]), array([0.59597806, 0.81674065, 0.65075669, 0.5105973 , 0.64019851,
       0.50687623, 0.64470169, 0.56350053, 0.49217002, 0.35939323])]

estim_algorithm = ts-model, mode = classification, metric = f1score, confidence_scores = max_class_probability-conf, class_specific = False
test err: [0.21055354202163895, 0.207367684772713, 0.20122963149742507, 0.19538498147079203, 0.20314294068112923]
estimated metric: [array([0.80339653, 0.86918374, 0.76859861, 0.74234654, 0.7622397 ,
       0.75771278, 0.78493989, 0.77722204, 0.77747472, 0.77814061]), array([0.80816374, 0.86073999, 0.75874656, 0.74069827, 0.77111152,
       0.77073518, 0.80286132, 0.77858149, 0.76765293, 0.74877635]), array([0.80801779, 0.87137919, 0.76791581, 0.73809298, 0.76273201,
       0.76466691, 0.7828102 , 0.76771377, 0.79418082, 0.75880804]), array([0.80660945, 0.87180741, 0.76323708, 0.73413303, 0.76797831,
       0.75967899, 0.7958023 , 0.78175838, 0.77854779, 0.76626684]), array([0.80612137, 0.86067113, 0.77167623, 0.74378003, 0.77314656,
       0.75895561, 0.7865748 , 0.79052488, 0.7743563 , 0.74653542])]
real metric: [array([0.58679928, 0.83155917, 0.63069544, 0.5166745 , 0.66578073,
       0.51538462, 0.61697723, 0.53372434, 0.50877193, 0.30935252]), array([0.57913669, 0.80410959, 0.6297619 , 0.52345216, 0.65889968,
       0.53883972, 0.64035088, 0.52803262, 0.48730964, 0.34449761]), array([0.58325913, 0.83014049, 0.62889166, 0.53275945, 0.64313222,
       0.50206612, 0.64522059, 0.54473943, 0.51067961, 0.38313253]), array([0.59734513, 0.83396226, 0.65508982, 0.52964043, 0.67477204,
       0.53191489, 0.64700461, 0.55282818, 0.45558087, 0.39383155]), array([0.59597806, 0.81674065, 0.65075669, 0.5105973 , 0.64019851,
       0.50687623, 0.64470169, 0.56350053, 0.49217002, 0.35939323])]

estim_algorithm = ts-model, mode = classification, metric = f1score, confidence_scores = max_class_probability-conf, class_specific = True
test err: [0.10168039736560874, 0.09221806548000869, 0.08866066338571774, 0.08802830001232084, 0.09238605005212644]
estimated metric: [array([0.5849842 , 0.74009993, 0.70532912, 0.63048544, 0.76122478,
       0.61491986, 0.75912614, 0.70094669, 0.49384823, 0.52516329]), array([0.58942518, 0.72667218, 0.69400798, 0.63028368, 0.77010952,
       0.6288469 , 0.77768445, 0.70323984, 0.4876771 , 0.4937495 ]), array([0.59043139, 0.73608746, 0.70304114, 0.62587358, 0.76173642,
       0.62196125, 0.75789458, 0.69045419, 0.51484246, 0.50019932]), array([0.58760782, 0.7399967 , 0.70063862, 0.6219103 , 0.76698677,
       0.62063407, 0.77186775, 0.70664088, 0.50383117, 0.52473294]), array([0.58816883, 0.72539868, 0.70879432, 0.63222328, 0.77215407,
       0.6161647 , 0.76251247, 0.71530753, 0.49156322, 0.49297033])]
real metric: [array([0.58679928, 0.83155917, 0.63069544, 0.5166745 , 0.66578073,
       0.51538462, 0.61697723, 0.53372434, 0.50877193, 0.30935252]), array([0.57913669, 0.80410959, 0.6297619 , 0.52345216, 0.65889968,
       0.53883972, 0.64035088, 0.52803262, 0.48730964, 0.34449761]), array([0.58325913, 0.83014049, 0.62889166, 0.53275945, 0.64313222,
       0.50206612, 0.64522059, 0.54473943, 0.51067961, 0.38313253]), array([0.59734513, 0.83396226, 0.65508982, 0.52964043, 0.67477204,
       0.53191489, 0.64700461, 0.55282818, 0.45558087, 0.39383155]), array([0.59597806, 0.81674065, 0.65075669, 0.5105973 , 0.64019851,
       0.50687623, 0.64470169, 0.56350053, 0.49217002, 0.35939323])]

estim_algorithm = ts-model, mode = classification, metric = f1score, confidence_scores = energy-conf, class_specific = False
test err: [0.13901802460568732, 0.12864235811177444, 0.1276640186675803, 0.1372750518759299, 0.128590770081754]
estimated metric: [array([0.45437225, 0.56336852, 0.44822818, 0.41773767, 0.44620288,
       0.46582803, 0.47148006, 0.48432971, 0.46305893, 0.50777174]), array([0.45989359, 0.54905489, 0.437714  , 0.41856049, 0.45449781,
       0.47968113, 0.49276302, 0.48351703, 0.45437553, 0.47108581]), array([0.46004845, 0.55824536, 0.44360635, 0.41311046, 0.44988302,
       0.47576934, 0.47919063, 0.47313835, 0.48722174, 0.47909773]), array([0.45665081, 0.56486866, 0.44532201, 0.40996237, 0.45360939,
       0.47074193, 0.49214496, 0.49464401, 0.47473945, 0.51281027]), array([0.4585765 , 0.55025867, 0.45062793, 0.41973312, 0.45884664,
       0.4683711 , 0.4846064 , 0.49794947, 0.46140468, 0.47415575])]
real metric: [array([0.58679928, 0.83155917, 0.63069544, 0.5166745 , 0.66578073,
       0.51538462, 0.61697723, 0.53372434, 0.50877193, 0.30935252]), array([0.57913669, 0.80410959, 0.6297619 , 0.52345216, 0.65889968,
       0.53883972, 0.64035088, 0.52803262, 0.48730964, 0.34449761]), array([0.58325913, 0.83014049, 0.62889166, 0.53275945, 0.64313222,
       0.50206612, 0.64522059, 0.54473943, 0.51067961, 0.38313253]), array([0.59734513, 0.83396226, 0.65508982, 0.52964043, 0.67477204,
       0.53191489, 0.64700461, 0.55282818, 0.45558087, 0.39383155]), array([0.59597806, 0.81674065, 0.65075669, 0.5105973 , 0.64019851,
       0.50687623, 0.64470169, 0.56350053, 0.49217002, 0.35939323])]

estim_algorithm = ts-model, mode = classification, metric = f1score, confidence_scores = energy-conf, class_specific = True
test err: [0.07375451303145444, 0.06475316418075838, 0.0746205720982972, 0.06918566443671252, 0.0669726232737349]
estimated metric: [array([0.44065389, 0.68313626, 0.65020632, 0.50035589, 0.73901432,
       0.54109065, 0.73231677, 0.6564233 , 0.48952279, 0.3602726 ]), array([0.4437708 , 0.67714209, 0.64724371, 0.50166412, 0.74050375,
       0.54728973, 0.73706301, 0.65622069, 0.48604195, 0.31479118]), array([0.44422383, 0.67942269, 0.64800196, 0.49796963, 0.7403478 ,
       0.54641555, 0.73528165, 0.65178597, 0.5066107 , 0.32332156]), array([0.44148784, 0.68381995, 0.64984833, 0.49695643, 0.7406097 ,
       0.54558649, 0.73847989, 0.66174893, 0.5008778 , 0.37110224]), array([0.44332527, 0.6785735 , 0.65054958, 0.50100694, 0.74202129,
       0.54267833, 0.7369033 , 0.66129366, 0.48887351, 0.32120055])]
real metric: [array([0.58679928, 0.83155917, 0.63069544, 0.5166745 , 0.66578073,
       0.51538462, 0.61697723, 0.53372434, 0.50877193, 0.30935252]), array([0.57913669, 0.80410959, 0.6297619 , 0.52345216, 0.65889968,
       0.53883972, 0.64035088, 0.52803262, 0.48730964, 0.34449761]), array([0.58325913, 0.83014049, 0.62889166, 0.53275945, 0.64313222,
       0.50206612, 0.64522059, 0.54473943, 0.51067961, 0.38313253]), array([0.59734513, 0.83396226, 0.65508982, 0.52964043, 0.67477204,
       0.53191489, 0.64700461, 0.55282818, 0.45558087, 0.39383155]), array([0.59597806, 0.81674065, 0.65075669, 0.5105973 , 0.64019851,
       0.50687623, 0.64470169, 0.56350053, 0.49217002, 0.35939323])]

estim_algorithm = ts-model, mode = classification, metric = f1score, confidence_scores = entropy-conf, class_specific = False
test err: [0.21073927906462342, 0.20774508078019757, 0.2024697003295163, 0.197070616569671, 0.204340255210924]
estimated metric: [array([0.79906979, 0.8662395 , 0.76796663, 0.73527815, 0.76004192,
       0.76586661, 0.78531023, 0.77697767, 0.78178181, 0.78458024]), array([0.80599869, 0.85629173, 0.75785765, 0.73478176, 0.76958891,
       0.78112006, 0.80707558, 0.776113  , 0.76957464, 0.75343929]), array([0.80380907, 0.86884837, 0.76581732, 0.73082839, 0.76305343,
       0.77603526, 0.78841721, 0.7684967 , 0.79946921, 0.76394323]), array([0.80194214, 0.86855894, 0.76347195, 0.72754555, 0.76743479,
       0.7670345 , 0.80022149, 0.78214812, 0.78422188, 0.78009659]), array([0.80366424, 0.85634864, 0.77069756, 0.73844075, 0.77293715,
       0.76753536, 0.79101247, 0.7896321 , 0.77980556, 0.75424164])]
real metric: [array([0.58679928, 0.83155917, 0.63069544, 0.5166745 , 0.66578073,
       0.51538462, 0.61697723, 0.53372434, 0.50877193, 0.30935252]), array([0.57913669, 0.80410959, 0.6297619 , 0.52345216, 0.65889968,
       0.53883972, 0.64035088, 0.52803262, 0.48730964, 0.34449761]), array([0.58325913, 0.83014049, 0.62889166, 0.53275945, 0.64313222,
       0.50206612, 0.64522059, 0.54473943, 0.51067961, 0.38313253]), array([0.59734513, 0.83396226, 0.65508982, 0.52964043, 0.67477204,
       0.53191489, 0.64700461, 0.55282818, 0.45558087, 0.39383155]), array([0.59597806, 0.81674065, 0.65075669, 0.5105973 , 0.64019851,
       0.50687623, 0.64470169, 0.56350053, 0.49217002, 0.35939323])]

estim_algorithm = ts-model, mode = classification, metric = f1score, confidence_scores = entropy-conf, class_specific = True
test err: [0.10503946198161614, 0.09344334878539584, 0.08839725694392464, 0.08720103663728959, 0.09596701969066329]
estimated metric: [array([0.56170718, 0.72720982, 0.70705465, 0.62567417, 0.76281696,
       0.61105649, 0.7616373 , 0.70736141, 0.46391181, 0.48908144]), array([0.5684013 , 0.70935183, 0.69471037, 0.62646653, 0.77231344,
       0.62895411, 0.78448392, 0.70746132, 0.4530265 , 0.44410208]), array([0.56798711, 0.72194353, 0.70287674, 0.62012633, 0.7657811 ,
       0.62155742, 0.76584854, 0.69695671, 0.49364073, 0.45025985]), array([0.56407261, 0.72538325, 0.70297385, 0.61670223, 0.77014073,
       0.61604056, 0.7787512 , 0.71414665, 0.47793957, 0.49412643]), array([0.56682773, 0.70765135, 0.71008252, 0.62937574, 0.77562363,
       0.61243127, 0.76927011, 0.72109627, 0.45942076, 0.44682596])]
real metric: [array([0.58679928, 0.83155917, 0.63069544, 0.5166745 , 0.66578073,
       0.51538462, 0.61697723, 0.53372434, 0.50877193, 0.30935252]), array([0.57913669, 0.80410959, 0.6297619 , 0.52345216, 0.65889968,
       0.53883972, 0.64035088, 0.52803262, 0.48730964, 0.34449761]), array([0.58325913, 0.83014049, 0.62889166, 0.53275945, 0.64313222,
       0.50206612, 0.64522059, 0.54473943, 0.51067961, 0.38313253]), array([0.59734513, 0.83396226, 0.65508982, 0.52964043, 0.67477204,
       0.53191489, 0.64700461, 0.55282818, 0.45558087, 0.39383155]), array([0.59597806, 0.81674065, 0.65075669, 0.5105973 , 0.64019851,
       0.50687623, 0.64470169, 0.56350053, 0.49217002, 0.35939323])]

estim_algorithm = ts-model, mode = classification, metric = f1score, confidence_scores = doctor-conf, class_specific = False
test err: [0.2167096272993322, 0.21404247794389386, 0.20913159368509046, 0.20385812490011723, 0.21120540766923313]
estimated metric: [array([0.78905431, 0.85383308, 0.77126872, 0.74051816, 0.76831325,
       0.78540399, 0.793067  , 0.78998425, 0.78774745, 0.80362581]), array([0.79660295, 0.84320596, 0.76224628, 0.74059639, 0.77705128,
       0.80065445, 0.8172225 , 0.7861944 , 0.77423184, 0.77680921]), array([0.79359326, 0.85603353, 0.76795745, 0.73646132, 0.77223386,
       0.79668771, 0.80262237, 0.78273247, 0.80340318, 0.783612  ]), array([0.79129209, 0.85542163, 0.76847336, 0.73332201, 0.77555061,
       0.78382574, 0.81072027, 0.79620106, 0.79027508, 0.80546918]), array([0.79477657, 0.84344351, 0.77335052, 0.74467704, 0.78115003,
       0.78722769, 0.80356819, 0.79954929, 0.78585417, 0.77936999])]
real metric: [array([0.58679928, 0.83155917, 0.63069544, 0.5166745 , 0.66578073,
       0.51538462, 0.61697723, 0.53372434, 0.50877193, 0.30935252]), array([0.57913669, 0.80410959, 0.6297619 , 0.52345216, 0.65889968,
       0.53883972, 0.64035088, 0.52803262, 0.48730964, 0.34449761]), array([0.58325913, 0.83014049, 0.62889166, 0.53275945, 0.64313222,
       0.50206612, 0.64522059, 0.54473943, 0.51067961, 0.38313253]), array([0.59734513, 0.83396226, 0.65508982, 0.52964043, 0.67477204,
       0.53191489, 0.64700461, 0.55282818, 0.45558087, 0.39383155]), array([0.59597806, 0.81674065, 0.65075669, 0.5105973 , 0.64019851,
       0.50687623, 0.64470169, 0.56350053, 0.49217002, 0.35939323])]

estim_algorithm = ts-model, mode = classification, metric = f1score, confidence_scores = doctor-conf, class_specific = True
test err: [0.11201538735458993, 0.10025713961892806, 0.09631851300997885, 0.09304649922437584, 0.1030939606090743]
estimated metric: [array([0.56656454, 0.72840103, 0.71820878, 0.63360297, 0.77607602,
       0.62598804, 0.77430309, 0.72219762, 0.45593347, 0.48213538]), array([0.57353998, 0.71186995, 0.70774752, 0.63478712, 0.78424368,
       0.64302033, 0.79803381, 0.71936504, 0.4444903 , 0.43855276]), array([0.57211703, 0.72438928, 0.71321359, 0.62848937, 0.77982579,
       0.637635  , 0.78447328, 0.71284526, 0.48473178, 0.44380369]), array([0.56829405, 0.72696919, 0.71566035, 0.62552476, 0.78292117,
       0.62835113, 0.79344461, 0.73061576, 0.46939223, 0.4891732 ]), array([0.57200318, 0.71095921, 0.72036268, 0.63780819, 0.78817477,
       0.62769503, 0.78635548, 0.73242643, 0.45152825, 0.44374313])]
real metric: [array([0.58679928, 0.83155917, 0.63069544, 0.5166745 , 0.66578073,
       0.51538462, 0.61697723, 0.53372434, 0.50877193, 0.30935252]), array([0.57913669, 0.80410959, 0.6297619 , 0.52345216, 0.65889968,
       0.53883972, 0.64035088, 0.52803262, 0.48730964, 0.34449761]), array([0.58325913, 0.83014049, 0.62889166, 0.53275945, 0.64313222,
       0.50206612, 0.64522059, 0.54473943, 0.51067961, 0.38313253]), array([0.59734513, 0.83396226, 0.65508982, 0.52964043, 0.67477204,
       0.53191489, 0.64700461, 0.55282818, 0.45558087, 0.39383155]), array([0.59597806, 0.81674065, 0.65075669, 0.5105973 , 0.64019851,
       0.50687623, 0.64470169, 0.56350053, 0.49217002, 0.35939323])]

estim_algorithm = doc-model, mode = classification, metric = f1score, confidence_scores = max_class_probability-conf, class_specific = False
test err: [0.23375071370645312, 0.23168985728480238, 0.22422964924957486, 0.2152352308261102, 0.2269485516667158]
estimated metric: [array([0.8211962 , 0.84073878, 0.79451509, 0.7967424 , 0.80011652,
       0.78657745, 0.80777987, 0.80629364, 0.80191092, 0.79735603]), array([0.82167992, 0.8405846 , 0.78969359, 0.79160828, 0.80424054,
       0.79265986, 0.81969203, 0.8043108 , 0.79591778, 0.79090164]), array([0.82552907, 0.84570379, 0.79749871, 0.79454241, 0.79524413,
       0.78795124, 0.80316137, 0.80132409, 0.8011737 , 0.7941892 ]), array([0.82456324, 0.84626372, 0.78875031, 0.78990107, 0.80007149,
       0.78000874, 0.80776495, 0.80855571, 0.79466581, 0.78377705]), array([0.82149838, 0.84223557, 0.79619414, 0.79581859, 0.80313952,
       0.7882835 , 0.80293631, 0.81459766, 0.79983623, 0.78585855])]
real metric: [array([0.58679928, 0.83155917, 0.63069544, 0.5166745 , 0.66578073,
       0.51538462, 0.61697723, 0.53372434, 0.50877193, 0.30935252]), array([0.57913669, 0.80410959, 0.6297619 , 0.52345216, 0.65889968,
       0.53883972, 0.64035088, 0.52803262, 0.48730964, 0.34449761]), array([0.58325913, 0.83014049, 0.62889166, 0.53275945, 0.64313222,
       0.50206612, 0.64522059, 0.54473943, 0.51067961, 0.38313253]), array([0.59734513, 0.83396226, 0.65508982, 0.52964043, 0.67477204,
       0.53191489, 0.64700461, 0.55282818, 0.45558087, 0.39383155]), array([0.59597806, 0.81674065, 0.65075669, 0.5105973 , 0.64019851,
       0.50687623, 0.64470169, 0.56350053, 0.49217002, 0.35939323])]

estim_algorithm = doc-model, mode = classification, metric = f1score, confidence_scores = max_class_probability-conf, class_specific = True
test err: [0.11653904592047992, 0.10849660664453067, 0.10569358945089513, 0.09611950100009634, 0.10593320504532484]
estimated metric: [array([0.62432199, 0.78586669, 0.71874794, 0.64629159, 0.78126861,
       0.64918916, 0.77367991, 0.7050877 , 0.53042161, 0.57485005]), array([0.62502787, 0.78569184, 0.71329995, 0.63971241, 0.78552298,
       0.65694086, 0.78627965, 0.7029581 , 0.51911532, 0.56797208]), array([0.63035817, 0.79130607, 0.72211788, 0.64328661, 0.77624162,
       0.65094076, 0.7687929 , 0.6992377 , 0.52887987, 0.57212669]), array([0.628728  , 0.79192001, 0.71230594, 0.63764639, 0.78122216,
       0.6414052 , 0.77366413, 0.70797068, 0.51770114, 0.55651662]), array([0.62475348, 0.78750272, 0.72068663, 0.64459051, 0.7843872 ,
       0.65144494, 0.76855472, 0.7149723 , 0.52366312, 0.56121349])]
real metric: [array([0.58679928, 0.83155917, 0.63069544, 0.5166745 , 0.66578073,
       0.51538462, 0.61697723, 0.53372434, 0.50877193, 0.30935252]), array([0.57913669, 0.80410959, 0.6297619 , 0.52345216, 0.65889968,
       0.53883972, 0.64035088, 0.52803262, 0.48730964, 0.34449761]), array([0.58325913, 0.83014049, 0.62889166, 0.53275945, 0.64313222,
       0.50206612, 0.64522059, 0.54473943, 0.51067961, 0.38313253]), array([0.59734513, 0.83396226, 0.65508982, 0.52964043, 0.67477204,
       0.53191489, 0.64700461, 0.55282818, 0.45558087, 0.39383155]), array([0.59597806, 0.81674065, 0.65075669, 0.5105973 , 0.64019851,
       0.50687623, 0.64470169, 0.56350053, 0.49217002, 0.35939323])]

estim_algorithm = doc-model, mode = classification, metric = f1score, confidence_scores = energy-conf, class_specific = False
test err: [0.22478848437868998, 0.22161513951753972, 0.21557282613520598, 0.21195795418322402, 0.21818504883946965]
estimated metric: [array([0.7852698 , 0.84822293, 0.78157426, 0.76240534, 0.78049876,
       0.7940803 , 0.79585181, 0.80458744, 0.79189427, 0.81921968]), array([0.7888267 , 0.83979416, 0.77541725, 0.76325374, 0.78596635,
       0.80236089, 0.81009069, 0.80180245, 0.78624632, 0.79678333]), array([0.78855803, 0.84531987, 0.77836106, 0.75969547, 0.78306248,
       0.79997402, 0.8022276 , 0.79713049, 0.80588363, 0.79953683]), array([0.78661275, 0.84767269, 0.78014534, 0.75774133, 0.78511017,
       0.79638517, 0.80997861, 0.81046624, 0.79780514, 0.81963188]), array([0.78760839, 0.83828642, 0.7834508 , 0.7641656 , 0.78850349,
       0.79546159, 0.80530085, 0.81172269, 0.78997407, 0.79828951])]
real metric: [array([0.58679928, 0.83155917, 0.63069544, 0.5166745 , 0.66578073,
       0.51538462, 0.61697723, 0.53372434, 0.50877193, 0.30935252]), array([0.57913669, 0.80410959, 0.6297619 , 0.52345216, 0.65889968,
       0.53883972, 0.64035088, 0.52803262, 0.48730964, 0.34449761]), array([0.58325913, 0.83014049, 0.62889166, 0.53275945, 0.64313222,
       0.50206612, 0.64522059, 0.54473943, 0.51067961, 0.38313253]), array([0.59734513, 0.83396226, 0.65508982, 0.52964043, 0.67477204,
       0.53191489, 0.64700461, 0.55282818, 0.45558087, 0.39383155]), array([0.59597806, 0.81674065, 0.65075669, 0.5105973 , 0.64019851,
       0.50687623, 0.64470169, 0.56350053, 0.49217002, 0.35939323])]

estim_algorithm = doc-model, mode = classification, metric = f1score, confidence_scores = energy-conf, class_specific = True
test err: [0.11034960083193168, 0.09971436514370954, 0.09718247627747043, 0.09390460346153773, 0.10001937741204896]
estimated metric: [array([0.58694633, 0.73113241, 0.72075408, 0.63804631, 0.78052253,
       0.63245537, 0.77530651, 0.71699935, 0.47173253, 0.49038802]), array([0.59177837, 0.71977897, 0.7136377 , 0.63903721, 0.78598999,
       0.64360791, 0.79006785, 0.71581669, 0.46309642, 0.45163533]), array([0.59159345, 0.72678764, 0.71727454, 0.63462435, 0.78308635,
       0.64066828, 0.7819616 , 0.70871344, 0.49687463, 0.45994604]), array([0.58869251, 0.73183696, 0.71914593, 0.63240599, 0.78513371,
       0.63708719, 0.78990909, 0.72415136, 0.48433766, 0.49675956]), array([0.59051932, 0.71991806, 0.72276514, 0.63969725, 0.7885271 ,
       0.63442644, 0.78513062, 0.72594327, 0.47006308, 0.45533988])]
real metric: [array([0.58679928, 0.83155917, 0.63069544, 0.5166745 , 0.66578073,
       0.51538462, 0.61697723, 0.53372434, 0.50877193, 0.30935252]), array([0.57913669, 0.80410959, 0.6297619 , 0.52345216, 0.65889968,
       0.53883972, 0.64035088, 0.52803262, 0.48730964, 0.34449761]), array([0.58325913, 0.83014049, 0.62889166, 0.53275945, 0.64313222,
       0.50206612, 0.64522059, 0.54473943, 0.51067961, 0.38313253]), array([0.59734513, 0.83396226, 0.65508982, 0.52964043, 0.67477204,
       0.53191489, 0.64700461, 0.55282818, 0.45558087, 0.39383155]), array([0.59597806, 0.81674065, 0.65075669, 0.5105973 , 0.64019851,
       0.50687623, 0.64470169, 0.56350053, 0.49217002, 0.35939323])]

estim_algorithm = doc-model, mode = classification, metric = f1score, confidence_scores = entropy-conf, class_specific = False
test err: [0.2313120341396638, 0.22977706157507702, 0.22356266022729726, 0.2144784607305325, 0.22550299607595292]
estimated metric: [array([0.81989938, 0.84230517, 0.79291644, 0.7907941 , 0.79487357,
       0.78526537, 0.80576764, 0.8024553 , 0.80009012, 0.794473  ]), array([0.82350741, 0.84126887, 0.78902601, 0.78690719, 0.79978978,
       0.79257205, 0.82015957, 0.79896396, 0.79442554, 0.78554074]), array([0.82415414, 0.84759947, 0.79614676, 0.78887172, 0.79329303,
       0.79090877, 0.80348649, 0.79854026, 0.80571103, 0.79093615]), array([0.82337138, 0.84799444, 0.78754617, 0.78507719, 0.79666253,
       0.78075032, 0.80711734, 0.80524922, 0.79666769, 0.78631811]), array([0.82132862, 0.84275405, 0.79524191, 0.79069796, 0.80054268,
       0.78754539, 0.80208885, 0.81220027, 0.80255954, 0.78098361])]
real metric: [array([0.58679928, 0.83155917, 0.63069544, 0.5166745 , 0.66578073,
       0.51538462, 0.61697723, 0.53372434, 0.50877193, 0.30935252]), array([0.57913669, 0.80410959, 0.6297619 , 0.52345216, 0.65889968,
       0.53883972, 0.64035088, 0.52803262, 0.48730964, 0.34449761]), array([0.58325913, 0.83014049, 0.62889166, 0.53275945, 0.64313222,
       0.50206612, 0.64522059, 0.54473943, 0.51067961, 0.38313253]), array([0.59734513, 0.83396226, 0.65508982, 0.52964043, 0.67477204,
       0.53191489, 0.64700461, 0.55282818, 0.45558087, 0.39383155]), array([0.59597806, 0.81674065, 0.65075669, 0.5105973 , 0.64019851,
       0.50687623, 0.64470169, 0.56350053, 0.49217002, 0.35939323])]

estim_algorithm = doc-model, mode = classification, metric = f1score, confidence_scores = entropy-conf, class_specific = True
test err: [0.11294667359321256, 0.10569682255919126, 0.10428617176269243, 0.09467982685895955, 0.10387758360716089]
estimated metric: [array([0.62231533, 0.78220272, 0.71782202, 0.64645616, 0.77851898,
       0.64201895, 0.77335392, 0.70799054, 0.52033556, 0.55545939]), array([0.62670405, 0.78102706, 0.71347629, 0.6414535 , 0.78356924,
       0.65127998, 0.78853273, 0.70409677, 0.51111585, 0.54393818]), array([0.62779224, 0.78807204, 0.72148183, 0.64414396, 0.77689522,
       0.6491068 , 0.77094713, 0.70343232, 0.52938579, 0.55148871]), array([0.62677154, 0.78850828, 0.71202484, 0.6392643 , 0.78035678,
       0.63677587, 0.77477784, 0.71124204, 0.51477701, 0.5433616 ]), array([0.62400479, 0.78267057, 0.7205248 , 0.64608976, 0.78435538,
       0.64486778, 0.76947239, 0.71948171, 0.52262473, 0.5374567 ])]
real metric: [array([0.58679928, 0.83155917, 0.63069544, 0.5166745 , 0.66578073,
       0.51538462, 0.61697723, 0.53372434, 0.50877193, 0.30935252]), array([0.57913669, 0.80410959, 0.6297619 , 0.52345216, 0.65889968,
       0.53883972, 0.64035088, 0.52803262, 0.48730964, 0.34449761]), array([0.58325913, 0.83014049, 0.62889166, 0.53275945, 0.64313222,
       0.50206612, 0.64522059, 0.54473943, 0.51067961, 0.38313253]), array([0.59734513, 0.83396226, 0.65508982, 0.52964043, 0.67477204,
       0.53191489, 0.64700461, 0.55282818, 0.45558087, 0.39383155]), array([0.59597806, 0.81674065, 0.65075669, 0.5105973 , 0.64019851,
       0.50687623, 0.64470169, 0.56350053, 0.49217002, 0.35939323])]

estim_algorithm = doc-model, mode = classification, metric = f1score, confidence_scores = doctor-conf, class_specific = False
test err: [0.23925023911603618, 0.23734388334817735, 0.23085619855477155, 0.22216777184594708, 0.23332113063615084]
estimated metric: [array([0.82244888, 0.83473199, 0.80337224, 0.80526381, 0.80667575,
       0.80086191, 0.80988209, 0.80995485, 0.80929499, 0.80573563]), array([0.82355928, 0.83411856, 0.80046258, 0.80169318, 0.80939962,
       0.80407532, 0.82206411, 0.80369863, 0.80670844, 0.80204961]), array([0.82559829, 0.83770176, 0.80611501, 0.80353674, 0.80487252,
       0.8013468 , 0.81006532, 0.80948163, 0.80935098, 0.80451415]), array([0.82476756, 0.83867335, 0.79957199, 0.8003521 , 0.80731274,
       0.79280367, 0.81323532, 0.81114675, 0.80499169, 0.80079233]), array([0.82246925, 0.83579365, 0.80509937, 0.80512852, 0.80868684,
       0.80238551, 0.80868626, 0.81683817, 0.81196528, 0.79707137])]
real metric: [array([0.58679928, 0.83155917, 0.63069544, 0.5166745 , 0.66578073,
       0.51538462, 0.61697723, 0.53372434, 0.50877193, 0.30935252]), array([0.57913669, 0.80410959, 0.6297619 , 0.52345216, 0.65889968,
       0.53883972, 0.64035088, 0.52803262, 0.48730964, 0.34449761]), array([0.58325913, 0.83014049, 0.62889166, 0.53275945, 0.64313222,
       0.50206612, 0.64522059, 0.54473943, 0.51067961, 0.38313253]), array([0.59734513, 0.83396226, 0.65508982, 0.52964043, 0.67477204,
       0.53191489, 0.64700461, 0.55282818, 0.45558087, 0.39383155]), array([0.59597806, 0.81674065, 0.65075669, 0.5105973 , 0.64019851,
       0.50687623, 0.64470169, 0.56350053, 0.49217002, 0.35939323])]

estim_algorithm = doc-model, mode = classification, metric = f1score, confidence_scores = doctor-conf, class_specific = True
test err: [0.12096148523175924, 0.11353836973171809, 0.11207005838368118, 0.10287013030045526, 0.1119055146820519]
estimated metric: [array([0.62946197, 0.78834206, 0.72589334, 0.65097945, 0.78780208,
       0.6613277 , 0.7792335 , 0.71125044, 0.52995223, 0.5746576 ]), array([0.63044327, 0.78757281, 0.72277872, 0.64612081, 0.79061237,
       0.66625845, 0.79195294, 0.70476214, 0.52498879, 0.57121033]), array([0.63365138, 0.79144433, 0.72894782, 0.64849873, 0.78592413,
       0.66280214, 0.77932958, 0.71024052, 0.53113882, 0.57535204]), array([0.63235357, 0.79254975, 0.72194411, 0.6448125 , 0.78843663,
       0.65220751, 0.78266523, 0.71245124, 0.52302523, 0.56740028]), array([0.62941438, 0.78935694, 0.72792866, 0.65002342, 0.78991024,
       0.66363079, 0.77795976, 0.71946321, 0.53207349, 0.56543977])]
real metric: [array([0.58679928, 0.83155917, 0.63069544, 0.5166745 , 0.66578073,
       0.51538462, 0.61697723, 0.53372434, 0.50877193, 0.30935252]), array([0.57913669, 0.80410959, 0.6297619 , 0.52345216, 0.65889968,
       0.53883972, 0.64035088, 0.52803262, 0.48730964, 0.34449761]), array([0.58325913, 0.83014049, 0.62889166, 0.53275945, 0.64313222,
       0.50206612, 0.64522059, 0.54473943, 0.51067961, 0.38313253]), array([0.59734513, 0.83396226, 0.65508982, 0.52964043, 0.67477204,
       0.53191489, 0.64700461, 0.55282818, 0.45558087, 0.39383155]), array([0.59597806, 0.81674065, 0.65075669, 0.5105973 , 0.64019851,
       0.50687623, 0.64470169, 0.56350053, 0.49217002, 0.35939323])]

estim_algorithm = atc-model, mode = classification, metric = f1score, confidence_scores = max_class_probability-conf, class_specific = False
test err: [0.17928718519555994, 0.17940671448277062, 0.17091943563194117, 0.156008859970058, 0.17350720194976996]
estimated metric: [array([0.80093494, 0.87782806, 0.71070013, 0.71725384, 0.7265861 ,
       0.65658748, 0.77902622, 0.76000001, 0.74796748, 0.73170733]), array([0.81612284, 0.87908962, 0.71307743, 0.70535313, 0.74908559,
       0.70000001, 0.803125  , 0.76958526, 0.71428572, 0.67873305]), array([0.8125    , 0.89613848, 0.73858372, 0.71111111, 0.71481209,
       0.70093459, 0.76821192, 0.72160357, 0.75259876, 0.69672132]), array([0.81509722, 0.88903394, 0.70472441, 0.70301291, 0.73771626,
       0.66804124, 0.76716918, 0.7881549 , 0.71976402, 0.63934428]), array([0.81272085, 0.87932159, 0.72681068, 0.71315667, 0.74929179,
       0.67720091, 0.76038339, 0.78475337, 0.74567902, 0.66666668])]
real metric: [array([0.58679928, 0.83155917, 0.63069544, 0.5166745 , 0.66578073,
       0.51538462, 0.61697723, 0.53372434, 0.50877193, 0.30935252]), array([0.57913669, 0.80410959, 0.6297619 , 0.52345216, 0.65889968,
       0.53883972, 0.64035088, 0.52803262, 0.48730964, 0.34449761]), array([0.58325913, 0.83014049, 0.62889166, 0.53275945, 0.64313222,
       0.50206612, 0.64522059, 0.54473943, 0.51067961, 0.38313253]), array([0.59734513, 0.83396226, 0.65508982, 0.52964043, 0.67477204,
       0.53191489, 0.64700461, 0.55282818, 0.45558087, 0.39383155]), array([0.59597806, 0.81674065, 0.65075669, 0.5105973 , 0.64019851,
       0.50687623, 0.64470169, 0.56350053, 0.49217002, 0.35939323])]

estim_algorithm = atc-model, mode = classification, metric = f1score, confidence_scores = max_class_probability-conf, class_specific = True
test err: [0.08306344681123581, 0.06626870253949545, 0.055303153479055636, 0.053743636318248786, 0.06297480138289424]
estimated metric: [array([0.56503497, 0.75376885, 0.66939332, 0.61395803, 0.71689498,
       0.49029127, 0.73398059, 0.69320844, 0.43654824, 0.47953219]), array([0.55887851, 0.7249191 , 0.65716226, 0.62494028, 0.73707533,
       0.50717705, 0.74836602, 0.70072993, 0.45856355, 0.3595506 ]), array([0.56932966, 0.74867925, 0.68188105, 0.61767627, 0.71005917,
       0.50537636, 0.6993007 , 0.65258217, 0.50374066, 0.46376814]), array([0.55441861, 0.75311355, 0.65896739, 0.59989675, 0.72803347,
       0.50462964, 0.70422536, 0.68965518, 0.4878049 , 0.42654031]), array([0.54685248, 0.72362556, 0.67196819, 0.62288557, 0.74126871,
       0.49743591, 0.70016751, 0.69397591, 0.43692309, 0.36170216])]
real metric: [array([0.58679928, 0.83155917, 0.63069544, 0.5166745 , 0.66578073,
       0.51538462, 0.61697723, 0.53372434, 0.50877193, 0.30935252]), array([0.57913669, 0.80410959, 0.6297619 , 0.52345216, 0.65889968,
       0.53883972, 0.64035088, 0.52803262, 0.48730964, 0.34449761]), array([0.58325913, 0.83014049, 0.62889166, 0.53275945, 0.64313222,
       0.50206612, 0.64522059, 0.54473943, 0.51067961, 0.38313253]), array([0.59734513, 0.83396226, 0.65508982, 0.52964043, 0.67477204,
       0.53191489, 0.64700461, 0.55282818, 0.45558087, 0.39383155]), array([0.59597806, 0.81674065, 0.65075669, 0.5105973 , 0.64019851,
       0.50687623, 0.64470169, 0.56350053, 0.49217002, 0.35939323])]

estim_algorithm = atc-model, mode = classification, metric = f1score, confidence_scores = energy-conf, class_specific = False
test err: [0.19419605606515195, 0.19446617446695827, 0.18800854145766938, 0.18214703767355864, 0.19001766212959365]
estimated metric: [array([0.75837031, 0.8418946 , 0.70899471, 0.6784551 , 0.73896784,
       0.76341949, 0.80366973, 0.77092512, 0.78019802, 0.8127854 ]), array([0.77473182, 0.83518108, 0.69438944, 0.67434362, 0.75364432,
       0.81142858, 0.83763278, 0.7945824 , 0.74040633, 0.76271187]), array([0.75210252, 0.85259516, 0.70779661, 0.66666667, 0.7270073 ,
       0.81449894, 0.8096    , 0.77087795, 0.78296146, 0.80000001]), array([0.75729708, 0.84453496, 0.70302234, 0.66797643, 0.73858921,
       0.76007678, 0.81672026, 0.82039912, 0.77053825, 0.81428572]), array([0.76420106, 0.83604336, 0.70626211, 0.67812799, 0.75633803,
       0.77148847, 0.82245827, 0.78202248, 0.75794622, 0.80620156])]
real metric: [array([0.58679928, 0.83155917, 0.63069544, 0.5166745 , 0.66578073,
       0.51538462, 0.61697723, 0.53372434, 0.50877193, 0.30935252]), array([0.57913669, 0.80410959, 0.6297619 , 0.52345216, 0.65889968,
       0.53883972, 0.64035088, 0.52803262, 0.48730964, 0.34449761]), array([0.58325913, 0.83014049, 0.62889166, 0.53275945, 0.64313222,
       0.50206612, 0.64522059, 0.54473943, 0.51067961, 0.38313253]), array([0.59734513, 0.83396226, 0.65508982, 0.52964043, 0.67477204,
       0.53191489, 0.64700461, 0.55282818, 0.45558087, 0.39383155]), array([0.59597806, 0.81674065, 0.65075669, 0.5105973 , 0.64019851,
       0.50687623, 0.64470169, 0.56350053, 0.49217002, 0.35939323])]

estim_algorithm = atc-model, mode = classification, metric = f1score, confidence_scores = energy-conf, class_specific = True
test err: [0.1130271545706206, 0.09997777600913933, 0.0888131153790589, 0.08743393260935647, 0.10344117748324047]
estimated metric: [array([0.49780381, 0.70737156, 0.69168901, 0.59753087, 0.75203553,
       0.57665905, 0.76515152, 0.74040633, 0.37894738, 0.45238098]), array([0.49414063, 0.66666667, 0.67515071, 0.59609756, 0.77155173,
       0.58503402, 0.79937304, 0.76102089, 0.39193085, 0.33142861]), array([0.5012025 , 0.68932807, 0.68279199, 0.58103976, 0.74260995,
       0.5595855 , 0.77024794, 0.71588368, 0.45758356, 0.32631582]), array([0.49927571, 0.70471842, 0.68487675, 0.5875    , 0.75918368,
       0.59869849, 0.78547855, 0.7881549 , 0.43884894, 0.41148328]), array([0.5       , 0.67233385, 0.68848168, 0.60343088, 0.77361111,
       0.5637255 , 0.79315708, 0.75688074, 0.41250002, 0.30769235])]
real metric: [array([0.58679928, 0.83155917, 0.63069544, 0.5166745 , 0.66578073,
       0.51538462, 0.61697723, 0.53372434, 0.50877193, 0.30935252]), array([0.57913669, 0.80410959, 0.6297619 , 0.52345216, 0.65889968,
       0.53883972, 0.64035088, 0.52803262, 0.48730964, 0.34449761]), array([0.58325913, 0.83014049, 0.62889166, 0.53275945, 0.64313222,
       0.50206612, 0.64522059, 0.54473943, 0.51067961, 0.38313253]), array([0.59734513, 0.83396226, 0.65508982, 0.52964043, 0.67477204,
       0.53191489, 0.64700461, 0.55282818, 0.45558087, 0.39383155]), array([0.59597806, 0.81674065, 0.65075669, 0.5105973 , 0.64019851,
       0.50687623, 0.64470169, 0.56350053, 0.49217002, 0.35939323])]

estim_algorithm = atc-model, mode = classification, metric = f1score, confidence_scores = entropy-conf, class_specific = False
test err: [0.18016635805226353, 0.1796837117324292, 0.1734181800687303, 0.15980096534844432, 0.17501523830763852]
estimated metric: [array([0.8041958 , 0.87491899, 0.71155116, 0.71609403, 0.73042169,
       0.66523606, 0.78130842, 0.76274945, 0.74541752, 0.72549021]), array([0.8206501 , 0.87908962, 0.71725033, 0.70535313, 0.74816984,
       0.70270271, 0.80685359, 0.75813954, 0.71428572, 0.67873305]), array([0.81340442, 0.89687292, 0.74357284, 0.71111111, 0.71670346,
       0.70697675, 0.77024794, 0.72727273, 0.75000001, 0.70204083]), array([0.81780145, 0.8904824 , 0.70387393, 0.70239235, 0.73771626,
       0.67622951, 0.76923077, 0.78538813, 0.73099416, 0.65587046]), array([0.81551116, 0.88223813, 0.72437938, 0.71435207, 0.75370501,
       0.67420815, 0.7584    , 0.79017858, 0.74567902, 0.67241381])]
real metric: [array([0.58679928, 0.83155917, 0.63069544, 0.5166745 , 0.66578073,
       0.51538462, 0.61697723, 0.53372434, 0.50877193, 0.30935252]), array([0.57913669, 0.80410959, 0.6297619 , 0.52345216, 0.65889968,
       0.53883972, 0.64035088, 0.52803262, 0.48730964, 0.34449761]), array([0.58325913, 0.83014049, 0.62889166, 0.53275945, 0.64313222,
       0.50206612, 0.64522059, 0.54473943, 0.51067961, 0.38313253]), array([0.59734513, 0.83396226, 0.65508982, 0.52964043, 0.67477204,
       0.53191489, 0.64700461, 0.55282818, 0.45558087, 0.39383155]), array([0.59597806, 0.81674065, 0.65075669, 0.5105973 , 0.64019851,
       0.50687623, 0.64470169, 0.56350053, 0.49217002, 0.35939323])]

estim_algorithm = atc-model, mode = classification, metric = f1score, confidence_scores = entropy-conf, class_specific = True
test err: [0.08546187465049308, 0.07047547971712778, 0.05716742017247341, 0.05722471026005416, 0.06699331882129186]
estimated metric: [array([0.56369576, 0.75466284, 0.6657553 , 0.60579283, 0.71787072,
       0.49029127, 0.74373796, 0.69626169, 0.43256999, 0.49710986]), array([0.55685541, 0.72388664, 0.65075034, 0.61634616, 0.73614191,
       0.51073987, 0.7605178 , 0.7070218 , 0.44568247, 0.38674037]), array([0.56801471, 0.75056519, 0.67638889, 0.61008487, 0.70910437,
       0.50938339, 0.72164949, 0.65573771, 0.50000001, 0.46376814]), array([0.5523987 , 0.75402636, 0.65622873, 0.59263103, 0.72179398,
       0.5011601 , 0.72222223, 0.69607844, 0.4878049 , 0.44859816]), array([0.54545455, 0.71982116, 0.67108754, 0.61113899, 0.7403709 ,
       0.49357328, 0.70234114, 0.70952382, 0.4272446 , 0.3789474 ])]
real metric: [array([0.58679928, 0.83155917, 0.63069544, 0.5166745 , 0.66578073,
       0.51538462, 0.61697723, 0.53372434, 0.50877193, 0.30935252]), array([0.57913669, 0.80410959, 0.6297619 , 0.52345216, 0.65889968,
       0.53883972, 0.64035088, 0.52803262, 0.48730964, 0.34449761]), array([0.58325913, 0.83014049, 0.62889166, 0.53275945, 0.64313222,
       0.50206612, 0.64522059, 0.54473943, 0.51067961, 0.38313253]), array([0.59734513, 0.83396226, 0.65508982, 0.52964043, 0.67477204,
       0.53191489, 0.64700461, 0.55282818, 0.45558087, 0.39383155]), array([0.59597806, 0.81674065, 0.65075669, 0.5105973 , 0.64019851,
       0.50687623, 0.64470169, 0.56350053, 0.49217002, 0.35939323])]

estim_algorithm = atc-model, mode = classification, metric = f1score, confidence_scores = doctor-conf, class_specific = False
test err: [0.1792626094348812, 0.17937089845186382, 0.17089583143786105, 0.1557196054338654, 0.17433804840700867]
estimated metric: [array([0.80186843, 0.87855297, 0.70899471, 0.71609403, 0.72754717,
       0.65658748, 0.77902622, 0.76000001, 0.74796748, 0.73170733]), array([0.81703107, 0.87829182, 0.71307743, 0.70477048, 0.74908559,
       0.70000001, 0.803125  , 0.76674365, 0.71724139, 0.67873305]), array([0.81295238, 0.89687292, 0.73941799, 0.71170754, 0.71481209,
       0.70093459, 0.76821192, 0.71875001, 0.75259876, 0.69672132]), array([0.81509722, 0.88975864, 0.70387393, 0.70301291, 0.73771626,
       0.66804124, 0.76716918, 0.78538813, 0.71976402, 0.63934428]), array([0.81225452, 0.87932159, 0.72681068, 0.71435207, 0.74840539,
       0.67720091, 0.76038339, 0.78747204, 0.74567902, 0.67241381])]
real metric: [array([0.58679928, 0.83155917, 0.63069544, 0.5166745 , 0.66578073,
       0.51538462, 0.61697723, 0.53372434, 0.50877193, 0.30935252]), array([0.57913669, 0.80410959, 0.6297619 , 0.52345216, 0.65889968,
       0.53883972, 0.64035088, 0.52803262, 0.48730964, 0.34449761]), array([0.58325913, 0.83014049, 0.62889166, 0.53275945, 0.64313222,
       0.50206612, 0.64522059, 0.54473943, 0.51067961, 0.38313253]), array([0.59734513, 0.83396226, 0.65508982, 0.52964043, 0.67477204,
       0.53191489, 0.64700461, 0.55282818, 0.45558087, 0.39383155]), array([0.59597806, 0.81674065, 0.65075669, 0.5105973 , 0.64019851,
       0.50687623, 0.64470169, 0.56350053, 0.49217002, 0.35939323])]

estim_algorithm = atc-model, mode = classification, metric = f1score, confidence_scores = doctor-conf, class_specific = True
test err: [0.08245569079549264, 0.06549791521780382, 0.054400899857228624, 0.05319449480334839, 0.062583730105782]
estimated metric: [array([0.56637168, 0.75376885, 0.67029973, 0.61124695, 0.71395881,
       0.49029127, 0.73398059, 0.69320844, 0.43654824, 0.47953219]), array([0.55955161, 0.7249191 , 0.65716226, 0.62164751, 0.73333334,
       0.50717705, 0.74836602, 0.70072993, 0.45856355, 0.3595506 ]), array([0.5706422 , 0.74962293, 0.68370166, 0.61423594, 0.70719051,
       0.50537636, 0.69702277, 0.65258217, 0.50374066, 0.46376814]), array([0.55509066, 0.75311355, 0.6598778 , 0.59772492, 0.72447553,
       0.50462964, 0.70422536, 0.68965518, 0.4878049 , 0.42654031]), array([0.54755043, 0.72362556, 0.67372601, 0.62151395, 0.73766977,
       0.49743591, 0.70016751, 0.69397591, 0.43692309, 0.36170216])]
real metric: [array([0.58679928, 0.83155917, 0.63069544, 0.5166745 , 0.66578073,
       0.51538462, 0.61697723, 0.53372434, 0.50877193, 0.30935252]), array([0.57913669, 0.80410959, 0.6297619 , 0.52345216, 0.65889968,
       0.53883972, 0.64035088, 0.52803262, 0.48730964, 0.34449761]), array([0.58325913, 0.83014049, 0.62889166, 0.53275945, 0.64313222,
       0.50206612, 0.64522059, 0.54473943, 0.51067961, 0.38313253]), array([0.59734513, 0.83396226, 0.65508982, 0.52964043, 0.67477204,
       0.53191489, 0.64700461, 0.55282818, 0.45558087, 0.39383155]), array([0.59597806, 0.81674065, 0.65075669, 0.5105973 , 0.64019851,
       0.50687623, 0.64470169, 0.56350053, 0.49217002, 0.35939323])]

estim_algorithm = ts-atc-model, mode = classification, metric = f1score, confidence_scores = max_class_probability-conf, class_specific = False
test err: [0.18641817708189073, 0.18689405855830826, 0.16984677889475738, 0.1671886013216342, 0.17703340475657786]
estimated metric: [array([0.79246764, 0.86684073, 0.71070013, 0.68396664, 0.72175891,
       0.70686071, 0.78810409, 0.76821193, 0.78500987, 0.75598087]), array([0.80972598, 0.87267525, 0.70295082, 0.68824066, 0.74357091,
       0.75449102, 0.81972265, 0.75524476, 0.73181819, 0.72489084]), array([0.79876638, 0.88500336, 0.72678691, 0.68368794, 0.71386431,
       0.70697675, 0.76206323, 0.72444445, 0.77800408, 0.72289158]), array([0.8027735 , 0.88099934, 0.70472441, 0.67383863, 0.71820099,
       0.70281125, 0.78145696, 0.80180181, 0.74927955, 0.72796936]), array([0.80285036, 0.8682477 , 0.71373556, 0.68877309, 0.75546159,
       0.69196429, 0.76825397, 0.78202248, 0.75794622, 0.72199171])]
real metric: [array([0.58679928, 0.83155917, 0.63069544, 0.5166745 , 0.66578073,
       0.51538462, 0.61697723, 0.53372434, 0.50877193, 0.30935252]), array([0.57913669, 0.80410959, 0.6297619 , 0.52345216, 0.65889968,
       0.53883972, 0.64035088, 0.52803262, 0.48730964, 0.34449761]), array([0.58325913, 0.83014049, 0.62889166, 0.53275945, 0.64313222,
       0.50206612, 0.64522059, 0.54473943, 0.51067961, 0.38313253]), array([0.59734513, 0.83396226, 0.65508982, 0.52964043, 0.67477204,
       0.53191489, 0.64700461, 0.55282818, 0.45558087, 0.39383155]), array([0.59597806, 0.81674065, 0.65075669, 0.5105973 , 0.64019851,
       0.50687623, 0.64470169, 0.56350053, 0.49217002, 0.35939323])]

estim_algorithm = ts-atc-model, mode = classification, metric = f1score, confidence_scores = max_class_probability-conf, class_specific = True
test err: [0.08939810352448112, 0.077062459974263, 0.06522500876792231, 0.06565760930407068, 0.08346991650995175]
estimated metric: [array([0.52232357, 0.73192111, 0.67391305, 0.60510806, 0.71981777,
       0.5364706 , 0.73398059, 0.72311213, 0.41645246, 0.43373497]), array([0.51086432, 0.68666667, 0.65258856, 0.60562016, 0.74172186,
       0.56221199, 0.7744    , 0.72248804, 0.44568247, 0.34090913]), array([0.52462121, 0.70972763, 0.68096886, 0.59606657, 0.71101257,
       0.54068243, 0.71057193, 0.66821346, 0.49624061, 0.33507857]), array([0.51858913, 0.72604791, 0.6733871 , 0.59043659, 0.71639691,
       0.56124723, 0.73972603, 0.75117371, 0.44444446, 0.41148328]), array([0.52271617, 0.68754775, 0.6577361 , 0.6083459 , 0.75370501,
       0.54950496, 0.73202615, 0.73364487, 0.40251574, 0.33513517])]
real metric: [array([0.58679928, 0.83155917, 0.63069544, 0.5166745 , 0.66578073,
       0.51538462, 0.61697723, 0.53372434, 0.50877193, 0.30935252]), array([0.57913669, 0.80410959, 0.6297619 , 0.52345216, 0.65889968,
       0.53883972, 0.64035088, 0.52803262, 0.48730964, 0.34449761]), array([0.58325913, 0.83014049, 0.62889166, 0.53275945, 0.64313222,
       0.50206612, 0.64522059, 0.54473943, 0.51067961, 0.38313253]), array([0.59734513, 0.83396226, 0.65508982, 0.52964043, 0.67477204,
       0.53191489, 0.64700461, 0.55282818, 0.45558087, 0.39383155]), array([0.59597806, 0.81674065, 0.65075669, 0.5105973 , 0.64019851,
       0.50687623, 0.64470169, 0.56350053, 0.49217002, 0.35939323])]

estim_algorithm = ts-atc-model, mode = classification, metric = f1score, confidence_scores = energy-conf, class_specific = False
test err: [0.19092047307976195, 0.19323682522279992, 0.18429746396632968, 0.18215019598208662, 0.18619777489397277]
estimated metric: [array([0.75837031, 0.84266667, 0.7064281 , 0.6784551 , 0.73707865,
       0.75848304, 0.7948244 , 0.77631579, 0.77045909, 0.80184333]), array([0.77667592, 0.83775811, 0.69525066, 0.67495396, 0.75545852,
       0.80916031, 0.83586626, 0.7972973 , 0.73755657, 0.74678113]), array([0.75856574, 0.85259516, 0.70691995, 0.6647482 , 0.72327965,
       0.80172414, 0.79806139, 0.7655914 , 0.77551021, 0.80000001]), array([0.76125947, 0.84766419, 0.70387393, 0.67058824, 0.73684211,
       0.76245211, 0.81672026, 0.81777778, 0.77053825, 0.8057554 ]), array([0.76822811, 0.83683142, 0.70207254, 0.67749642, 0.75983146,
       0.75847458, 0.81887367, 0.78475337, 0.7394541 , 0.79687501])]
real metric: [array([0.58679928, 0.83155917, 0.63069544, 0.5166745 , 0.66578073,
       0.51538462, 0.61697723, 0.53372434, 0.50877193, 0.30935252]), array([0.57913669, 0.80410959, 0.6297619 , 0.52345216, 0.65889968,
       0.53883972, 0.64035088, 0.52803262, 0.48730964, 0.34449761]), array([0.58325913, 0.83014049, 0.62889166, 0.53275945, 0.64313222,
       0.50206612, 0.64522059, 0.54473943, 0.51067961, 0.38313253]), array([0.59734513, 0.83396226, 0.65508982, 0.52964043, 0.67477204,
       0.53191489, 0.64700461, 0.55282818, 0.45558087, 0.39383155]), array([0.59597806, 0.81674065, 0.65075669, 0.5105973 , 0.64019851,
       0.50687623, 0.64470169, 0.56350053, 0.49217002, 0.35939323])]

estim_algorithm = ts-atc-model, mode = classification, metric = f1score, confidence_scores = energy-conf, class_specific = True
test err: [0.13200473508128105, 0.12109713573438055, 0.11964414894831246, 0.11143254496476418, 0.1313945495266217]
estimated metric: [array([0.47321429, 0.67682927, 0.72251309, 0.61056752, 0.76573939,
       0.57990869, 0.80147059, 0.75723831, 0.33962266, 0.43373497]), array([0.47175421, 0.64371773, 0.71391418, 0.61368016, 0.77682404,
       0.61946903, 0.8429003 , 0.74941453, 0.36363638, 0.32183912]), array([0.4836983 , 0.66290323, 0.70604209, 0.5939394 , 0.76923077,
       0.58163266, 0.8375    , 0.74945534, 0.43342038, 0.27173917]), array([0.48168051, 0.66927287, 0.72067401, 0.5940902 , 0.7733692 ,
       0.61373391, 0.84820032, 0.78538813, 0.39852401, 0.42654031]), array([0.46575343, 0.65043205, 0.7284264 , 0.60554156, 0.79289132,
       0.59472423, 0.84179105, 0.75972541, 0.36129034, 0.27932965])]
real metric: [array([0.58679928, 0.83155917, 0.63069544, 0.5166745 , 0.66578073,
       0.51538462, 0.61697723, 0.53372434, 0.50877193, 0.30935252]), array([0.57913669, 0.80410959, 0.6297619 , 0.52345216, 0.65889968,
       0.53883972, 0.64035088, 0.52803262, 0.48730964, 0.34449761]), array([0.58325913, 0.83014049, 0.62889166, 0.53275945, 0.64313222,
       0.50206612, 0.64522059, 0.54473943, 0.51067961, 0.38313253]), array([0.59734513, 0.83396226, 0.65508982, 0.52964043, 0.67477204,
       0.53191489, 0.64700461, 0.55282818, 0.45558087, 0.39383155]), array([0.59597806, 0.81674065, 0.65075669, 0.5105973 , 0.64019851,
       0.50687623, 0.64470169, 0.56350053, 0.49217002, 0.35939323])]

estim_algorithm = ts-atc-model, mode = classification, metric = f1score, confidence_scores = entropy-conf, class_specific = False
test err: [0.1842541185402275, 0.184705850697266, 0.1705371183854944, 0.1722883130790372, 0.18160431220190995]
estimated metric: [array([0.78339921, 0.8646174 , 0.70557029, 0.65974516, 0.7129771 ,
       0.71752578, 0.77673546, 0.75446429, 0.8038835 , 0.77934273]), array([0.80742459, 0.85879797, 0.69179894, 0.67434362, 0.73145401,
       0.76435644, 0.82153846, 0.76102089, 0.76274945, 0.70796461]), array([0.78754864, 0.87440598, 0.71041949, 0.6596052 , 0.70334573,
       0.74208145, 0.76206323, 0.72444445, 0.80239521, 0.74308301]), array([0.7995365 , 0.86684421, 0.70726916, 0.66601082, 0.72268908,
       0.72079208, 0.77740864, 0.79909707, 0.77401131, 0.76119404]), array([0.8       , 0.85466667, 0.70038911, 0.66666667, 0.73947181,
       0.72885033, 0.77020603, 0.78202248, 0.78177459, 0.77290838])]
real metric: [array([0.58679928, 0.83155917, 0.63069544, 0.5166745 , 0.66578073,
       0.51538462, 0.61697723, 0.53372434, 0.50877193, 0.30935252]), array([0.57913669, 0.80410959, 0.6297619 , 0.52345216, 0.65889968,
       0.53883972, 0.64035088, 0.52803262, 0.48730964, 0.34449761]), array([0.58325913, 0.83014049, 0.62889166, 0.53275945, 0.64313222,
       0.50206612, 0.64522059, 0.54473943, 0.51067961, 0.38313253]), array([0.59734513, 0.83396226, 0.65508982, 0.52964043, 0.67477204,
       0.53191489, 0.64700461, 0.55282818, 0.45558087, 0.39383155]), array([0.59597806, 0.81674065, 0.65075669, 0.5105973 , 0.64019851,
       0.50687623, 0.64470169, 0.56350053, 0.49217002, 0.35939323])]

estim_algorithm = ts-atc-model, mode = classification, metric = f1score, confidence_scores = entropy-conf, class_specific = True
test err: [0.09686644983321331, 0.09208847812373906, 0.08139877773164154, 0.07579044910482921, 0.08931733604732853]
estimated metric: [array([0.5094431 , 0.72727273, 0.68374916, 0.58283433, 0.74460164,
       0.5635104 , 0.73643411, 0.72311213, 0.39164492, 0.42424246]), array([0.50726041, 0.67674224, 0.64982935, 0.59059746, 0.76534296,
       0.58503402, 0.77830941, 0.74352942, 0.40114615, 0.30232562]), array([0.51760229, 0.70062696, 0.67546908, 0.57450077, 0.74351585,
       0.54450263, 0.72164949, 0.69545455, 0.46153848, 0.27173917]), array([0.51362984, 0.7154717 , 0.6733871 , 0.58233142, 0.74639175,
       0.58643327, 0.75465313, 0.75990677, 0.44444446, 0.42654031]), array([0.51473478, 0.68453293, 0.65683646, 0.59634889, 0.77446218,
       0.55665026, 0.74025974, 0.74537038, 0.4174455 , 0.30769235])]
real metric: [array([0.58679928, 0.83155917, 0.63069544, 0.5166745 , 0.66578073,
       0.51538462, 0.61697723, 0.53372434, 0.50877193, 0.30935252]), array([0.57913669, 0.80410959, 0.6297619 , 0.52345216, 0.65889968,
       0.53883972, 0.64035088, 0.52803262, 0.48730964, 0.34449761]), array([0.58325913, 0.83014049, 0.62889166, 0.53275945, 0.64313222,
       0.50206612, 0.64522059, 0.54473943, 0.51067961, 0.38313253]), array([0.59734513, 0.83396226, 0.65508982, 0.52964043, 0.67477204,
       0.53191489, 0.64700461, 0.55282818, 0.45558087, 0.39383155]), array([0.59597806, 0.81674065, 0.65075669, 0.5105973 , 0.64019851,
       0.50687623, 0.64470169, 0.56350053, 0.49217002, 0.35939323])]

estim_algorithm = ts-atc-model, mode = classification, metric = f1score, confidence_scores = doctor-conf, class_specific = False
test err: [0.19002605844010959, 0.18689036050409005, 0.1805051667565997, 0.17929676847106632, 0.18419951192169112]
estimated metric: [array([0.77076677, 0.85336856, 0.71070013, 0.66478609, 0.72850679,
       0.73319756, 0.78810409, 0.76548673, 0.79922028, 0.80184333]), array([0.79106233, 0.84202792, 0.6969697 , 0.66573945, 0.73986736,
       0.79069768, 0.82515338, 0.78359909, 0.74887893, 0.71929826]), array([0.76983814, 0.85655173, 0.70340136, 0.65246854, 0.71670346,
       0.79913607, 0.7862969 , 0.7548807 , 0.79759519, 0.77220078]), array([0.77589602, 0.85695097, 0.70726916, 0.66007905, 0.72536688,
       0.74319067, 0.80325204, 0.80717489, 0.78431373, 0.80144405]), array([0.77867528, 0.84075574, 0.70207254, 0.67114739, 0.74484719,
       0.74248928, 0.80061824, 0.77375566, 0.7669903 , 0.80155643])]
real metric: [array([0.58679928, 0.83155917, 0.63069544, 0.5166745 , 0.66578073,
       0.51538462, 0.61697723, 0.53372434, 0.50877193, 0.30935252]), array([0.57913669, 0.80410959, 0.6297619 , 0.52345216, 0.65889968,
       0.53883972, 0.64035088, 0.52803262, 0.48730964, 0.34449761]), array([0.58325913, 0.83014049, 0.62889166, 0.53275945, 0.64313222,
       0.50206612, 0.64522059, 0.54473943, 0.51067961, 0.38313253]), array([0.59734513, 0.83396226, 0.65508982, 0.52964043, 0.67477204,
       0.53191489, 0.64700461, 0.55282818, 0.45558087, 0.39383155]), array([0.59597806, 0.81674065, 0.65075669, 0.5105973 , 0.64019851,
       0.50687623, 0.64470169, 0.56350053, 0.49217002, 0.35939323])]

estim_algorithm = ts-atc-model, mode = classification, metric = f1score, confidence_scores = doctor-conf, class_specific = True
test err: [0.11158849405830266, 0.10065204009549622, 0.09453182961336719, 0.09031556928532308, 0.10498739992062185]
estimated metric: [array([0.48821218, 0.71312083, 0.69256531, 0.5778668 , 0.7473997 ,
       0.5601852 , 0.77443609, 0.74606742, 0.34408604, 0.42424246]), array([0.48971597, 0.67340068, 0.67159167, 0.57524753, 0.76355749,
       0.59142213, 0.79937304, 0.75813954, 0.35398232, 0.33142861]), array([0.49831326, 0.69345942, 0.67730743, 0.56790124, 0.73439768,
       0.5595855 , 0.76821192, 0.72444445, 0.43342038, 0.27173917]), array([0.49637156, 0.70962851, 0.68312208, 0.56962026, 0.7489712 ,
       0.60475163, 0.78747941, 0.78538813, 0.39852401, 0.42654031]), array([0.49552239, 0.67540478, 0.68417597, 0.58559019, 0.77275886,
       0.55308643, 0.78369906, 0.75972541, 0.37699683, 0.28888893])]
real metric: [array([0.58679928, 0.83155917, 0.63069544, 0.5166745 , 0.66578073,
       0.51538462, 0.61697723, 0.53372434, 0.50877193, 0.30935252]), array([0.57913669, 0.80410959, 0.6297619 , 0.52345216, 0.65889968,
       0.53883972, 0.64035088, 0.52803262, 0.48730964, 0.34449761]), array([0.58325913, 0.83014049, 0.62889166, 0.53275945, 0.64313222,
       0.50206612, 0.64522059, 0.54473943, 0.51067961, 0.38313253]), array([0.59734513, 0.83396226, 0.65508982, 0.52964043, 0.67477204,
       0.53191489, 0.64700461, 0.55282818, 0.45558087, 0.39383155]), array([0.59597806, 0.81674065, 0.65075669, 0.5105973 , 0.64019851,
       0.50687623, 0.64470169, 0.56350053, 0.49217002, 0.35939323])]

