estim_algorithm = moval-ensemble-cls-precision, mode = classification, metric = precision
test err: [0.35788480440337883, 0.3667076438367827, 0.37152602212543057, 0.35965260914435004, 0.3642527924211979]
estimated metric: [array([0.32934238, 0.44984609, 0.61942043, 0.45801562, 0.71362373,
       0.25817895, 0.87209501, 0.38012918, 0.35680332, 0.45957191]), array([0.32302072, 0.46898534, 0.62195014, 0.41822095, 0.72062006,
       0.27602146, 0.87725634, 0.3602796 , 0.34661331, 0.4358182 ]), array([0.32478882, 0.45139664, 0.61993379, 0.45485362, 0.71736769,
       0.25336432, 0.87792622, 0.38963127, 0.35019576, 0.41925696]), array([0.32235697, 0.47174507, 0.60770306, 0.451831  , 0.71756085,
       0.21880854, 0.87501855, 0.39084204, 0.32328059, 0.46519637]), array([0.3208672 , 0.45855386, 0.62388561, 0.41573443, 0.716971  ,
       0.24868776, 0.8717751 , 0.38959264, 0.36182493, 0.46002832])]
real metric: [array([0.49305556, 0.67626728, 0.37545788, 0.45557351, 0.44268775,
       0.86792453, 0.29610014, 0.90909091, 0.85798817, 0.91505792]), array([0.50688073, 0.67779056, 0.34678899, 0.37342908, 0.42030848,
       0.8173913 , 0.28849722, 0.95294118, 0.8125    , 0.90128755]), array([0.50679852, 0.67546755, 0.36481481, 0.41390728, 0.43512451,
       0.84313725, 0.29278446, 0.97395833, 0.81481481, 0.92626728]), array([0.50113636, 0.67643743, 0.3705486 , 0.39408867, 0.44357977,
       0.85882353, 0.30258824, 0.93333333, 0.77241379, 0.90530303]), array([0.49150623, 0.68721461, 0.33933393, 0.45027125, 0.44760673,
       0.86138614, 0.30698795, 0.94871795, 0.80924855, 0.93076923])]

