estim_algorithm = ac-model, mode = classification, metric = auc, confidence_scores = max_class_probability-conf, class_specific = False
test err: [0.049124121364709936, 0.04580340587745378, 0.046531956218222814, 0.051810377020370016, 0.046364053744976465]
estimated metric: [array([0.98339894, 0.9866072 , 0.98147061, 0.97710552, 0.98101093,
       0.97839068, 0.97993991, 0.98049263, 0.97909953, 0.98000932]), array([0.98343074, 0.98685227, 0.98130535, 0.97799999, 0.98221357,
       0.97926056, 0.98003235, 0.98069427, 0.98042086, 0.9783913 ]), array([0.98415386, 0.98723267, 0.98164756, 0.9781769 , 0.98239592,
       0.97983134, 0.97919198, 0.98078677, 0.97962517, 0.97762091]), array([0.98392775, 0.98701469, 0.98133992, 0.97691897, 0.98283645,
       0.97925017, 0.98003803, 0.9807099 , 0.98150081, 0.97786245]), array([0.98368433, 0.98710913, 0.9810023 , 0.97692683, 0.98223574,
       0.97941134, 0.97950025, 0.97952883, 0.98079706, 0.97952887])]
real metric: [array([0.96648133, 0.98409744, 0.92753023, 0.90211817, 0.93588934,
       0.88339603, 0.90241778, 0.92505806, 0.94717523, 0.94212044]), array([0.96963337, 0.98547018, 0.9275542 , 0.90150473, 0.92963643,
       0.89306733, 0.90664064, 0.93321864, 0.95229525, 0.95354643]), array([0.97068843, 0.9848013 , 0.93027392, 0.90044618, 0.93814695,
       0.90900656, 0.88992917, 0.93073353, 0.94515079, 0.94616669]), array([0.97018901, 0.98787482, 0.92689775, 0.88306374, 0.92711222,
       0.89466736, 0.88088996, 0.93164203, 0.94777729, 0.94490145]), array([0.96851732, 0.98659557, 0.92820917, 0.89223091, 0.93627299,
       0.90042313, 0.90495805, 0.93290346, 0.94816415, 0.94780937])]

estim_algorithm = ac-model, mode = classification, metric = auc, confidence_scores = energy-conf, class_specific = False
test err: [0.17879085206111373, 0.1738208987182494, 0.18109022784125564, 0.16016208715371993, 0.186299053629742]
estimated metric: [array([0.71434646, 0.89456457, 0.80034787, 0.73867559, 0.77338527,
       0.71412891, 0.68500552, 0.73498762, 0.72810279, 0.74483095]), array([0.71385068, 0.85837532, 0.79035143, 0.82339471, 0.79454781,
       0.73428167, 0.67471392, 0.7275072 , 0.72336089, 0.77397457]), array([0.74605489, 0.82677778, 0.75584157, 0.80048763, 0.80861509,
       0.72015683, 0.67469666, 0.73896812, 0.73511849, 0.72772418]), array([0.7339627 , 0.84397188, 0.7784392 , 0.75285042, 0.79148218,
       0.70869431, 0.72800315, 0.75688577, 0.77111731, 0.82798783]), array([0.73917403, 0.8213496 , 0.75497491, 0.77825172, 0.8101392 ,
       0.73530602, 0.66694277, 0.7340083 , 0.68652513, 0.75642191])]
real metric: [array([0.96648133, 0.98409744, 0.92753023, 0.90211817, 0.93588934,
       0.88339603, 0.90241778, 0.92505806, 0.94717523, 0.94212044]), array([0.96963337, 0.98547018, 0.9275542 , 0.90150473, 0.92963643,
       0.89306733, 0.90664064, 0.93321864, 0.95229525, 0.95354643]), array([0.97068843, 0.9848013 , 0.93027392, 0.90044618, 0.93814695,
       0.90900656, 0.88992917, 0.93073353, 0.94515079, 0.94616669]), array([0.97018901, 0.98787482, 0.92689775, 0.88306374, 0.92711222,
       0.89466736, 0.88088996, 0.93164203, 0.94777729, 0.94490145]), array([0.96851732, 0.98659557, 0.92820917, 0.89223091, 0.93627299,
       0.90042313, 0.90495805, 0.93290346, 0.94816415, 0.94780937])]

estim_algorithm = ac-model, mode = classification, metric = auc, confidence_scores = entropy-conf, class_specific = False
test err: [0.045389409145558356, 0.042111391406088716, 0.04316876965843419, 0.04849666355353903, 0.04250329560880073]
estimated metric: [array([0.97862378, 0.98348212, 0.97652639, 0.97042911, 0.97754917,
       0.9746472 , 0.97653002, 0.97721295, 0.97532601, 0.97862076]), array([0.97885669, 0.98388603, 0.97663484, 0.97133743, 0.97786215,
       0.97725456, 0.97659214, 0.97540231, 0.97829912, 0.97438754]), array([0.97951711, 0.98431516, 0.97706378, 0.97183361, 0.97831772,
       0.97496481, 0.97669023, 0.97862826, 0.97805728, 0.97667097]), array([0.97917461, 0.9843082 , 0.97646754, 0.97059309, 0.97869586,
       0.97421201, 0.97838002, 0.97814471, 0.97782889, 0.97504408]), array([0.97912515, 0.98424814, 0.97649682, 0.97074998, 0.97744246,
       0.9760592 , 0.97516168, 0.97619409, 0.97693547, 0.97400923])]
real metric: [array([0.96648133, 0.98409744, 0.92753023, 0.90211817, 0.93588934,
       0.88339603, 0.90241778, 0.92505806, 0.94717523, 0.94212044]), array([0.96963337, 0.98547018, 0.9275542 , 0.90150473, 0.92963643,
       0.89306733, 0.90664064, 0.93321864, 0.95229525, 0.95354643]), array([0.97068843, 0.9848013 , 0.93027392, 0.90044618, 0.93814695,
       0.90900656, 0.88992917, 0.93073353, 0.94515079, 0.94616669]), array([0.97018901, 0.98787482, 0.92689775, 0.88306374, 0.92711222,
       0.89466736, 0.88088996, 0.93164203, 0.94777729, 0.94490145]), array([0.96851732, 0.98659557, 0.92820917, 0.89223091, 0.93627299,
       0.90042313, 0.90495805, 0.93290346, 0.94816415, 0.94780937])]

estim_algorithm = ac-model, mode = classification, metric = auc, confidence_scores = doctor-conf, class_specific = False
test err: [0.05470031379933358, 0.051574469601242436, 0.051991557549282974, 0.057045261557370205, 0.0517065926373203]
estimated metric: [array([0.98869211, 0.99113688, 0.98698753, 0.98348201, 0.98743441,
       0.98450651, 0.98680229, 0.98665982, 0.98491405, 0.9826716 ]), array([0.98846995, 0.99141221, 0.98642724, 0.98447768, 0.98755582,
       0.98590407, 0.98669127, 0.98621648, 0.98636832, 0.98478885]), array([0.98909833, 0.99173001, 0.98634343, 0.98430914, 0.98759288,
       0.98551248, 0.98524567, 0.98622353, 0.985643  , 0.98356063]), array([0.98876246, 0.99171842, 0.98670709, 0.98361196, 0.98823924,
       0.98476341, 0.9856599 , 0.98620131, 0.98692747, 0.98287698]), array([0.98874801, 0.99181802, 0.98648909, 0.98375507, 0.98737379,
       0.98452528, 0.98591895, 0.98606153, 0.98518747, 0.98327283])]
real metric: [array([0.96648133, 0.98409744, 0.92753023, 0.90211817, 0.93588934,
       0.88339603, 0.90241778, 0.92505806, 0.94717523, 0.94212044]), array([0.96963337, 0.98547018, 0.9275542 , 0.90150473, 0.92963643,
       0.89306733, 0.90664064, 0.93321864, 0.95229525, 0.95354643]), array([0.97068843, 0.9848013 , 0.93027392, 0.90044618, 0.93814695,
       0.90900656, 0.88992917, 0.93073353, 0.94515079, 0.94616669]), array([0.97018901, 0.98787482, 0.92689775, 0.88306374, 0.92711222,
       0.89466736, 0.88088996, 0.93164203, 0.94777729, 0.94490145]), array([0.96851732, 0.98659557, 0.92820917, 0.89223091, 0.93627299,
       0.90042313, 0.90495805, 0.93290346, 0.94816415, 0.94780937])]

estim_algorithm = ts-model, mode = classification, metric = auc, confidence_scores = max_class_probability-conf, class_specific = False
test err: [0.026179891556320535, 0.025712255636930213, 0.024819381159681485, 0.03176347644917364, 0.024317054211497557]
estimated metric: [array([0.94469663, 0.96019824, 0.94852159, 0.93716797, 0.95354575,
       0.94609835, 0.9531394 , 0.94803694, 0.95157914, 0.9405097 ]), array([0.94617899, 0.96112592, 0.94920646, 0.93871964, 0.95278965,
       0.9488506 , 0.9504869 , 0.95111972, 0.95181107, 0.94425767]), array([0.94602423, 0.9607513 , 0.94853904, 0.93931179, 0.95421399,
       0.94797056, 0.94797534, 0.94643843, 0.95497048, 0.94241962]), array([0.94573133, 0.96074418, 0.94746338, 0.93711144, 0.95429974,
       0.94688628, 0.94875794, 0.95240935, 0.95569628, 0.96037384]), array([0.94577912, 0.96133098, 0.94781982, 0.9392999 , 0.95168131,
       0.95286254, 0.94413571, 0.94614907, 0.95200311, 0.94343123])]
real metric: [array([0.96648133, 0.98409744, 0.92753023, 0.90211817, 0.93588934,
       0.88339603, 0.90241778, 0.92505806, 0.94717523, 0.94212044]), array([0.96963337, 0.98547018, 0.9275542 , 0.90150473, 0.92963643,
       0.89306733, 0.90664064, 0.93321864, 0.95229525, 0.95354643]), array([0.97068843, 0.9848013 , 0.93027392, 0.90044618, 0.93814695,
       0.90900656, 0.88992917, 0.93073353, 0.94515079, 0.94616669]), array([0.97018901, 0.98787482, 0.92689775, 0.88306374, 0.92711222,
       0.89466736, 0.88088996, 0.93164203, 0.94777729, 0.94490145]), array([0.96851732, 0.98659557, 0.92820917, 0.89223091, 0.93627299,
       0.90042313, 0.90495805, 0.93290346, 0.94816415, 0.94780937])]

estim_algorithm = ts-model, mode = classification, metric = auc, confidence_scores = max_class_probability-conf, class_specific = True
test err: [0.033538439148546706, 0.031078532062768227, 0.03136691068318461, 0.036650066415683455, 0.030775484353465176]
estimated metric: [array([0.97755317, 0.98104201, 0.95220579, 0.94499338, 0.96576007,
       0.9341974 , 0.97499171, 0.96970409, 0.97173913, 0.97337084]), array([0.9779528 , 0.98151711, 0.953143  , 0.94716485, 0.96416852,
       0.94802233, 0.97548944, 0.96606609, 0.97206099, 0.96986125]), array([0.97819006, 0.9815737 , 0.95194216, 0.94621016, 0.96661935,
       0.93963331, 0.97582311, 0.97004603, 0.97204749, 0.97047206]), array([0.97760382, 0.98100124, 0.95138805, 0.94331344, 0.96575604,
       0.93987997, 0.97471901, 0.96908249, 0.97313152, 0.97189354]), array([0.97762356, 0.98093597, 0.95166239, 0.94550819, 0.96236867,
       0.94067986, 0.97513492, 0.96686971, 0.97159401, 0.97014248])]
real metric: [array([0.96648133, 0.98409744, 0.92753023, 0.90211817, 0.93588934,
       0.88339603, 0.90241778, 0.92505806, 0.94717523, 0.94212044]), array([0.96963337, 0.98547018, 0.9275542 , 0.90150473, 0.92963643,
       0.89306733, 0.90664064, 0.93321864, 0.95229525, 0.95354643]), array([0.97068843, 0.9848013 , 0.93027392, 0.90044618, 0.93814695,
       0.90900656, 0.88992917, 0.93073353, 0.94515079, 0.94616669]), array([0.97018901, 0.98787482, 0.92689775, 0.88306374, 0.92711222,
       0.89466736, 0.88088996, 0.93164203, 0.94777729, 0.94490145]), array([0.96851732, 0.98659557, 0.92820917, 0.89223091, 0.93627299,
       0.90042313, 0.90495805, 0.93290346, 0.94816415, 0.94780937])]

estim_algorithm = ts-model, mode = classification, metric = auc, confidence_scores = energy-conf, class_specific = False
test err: [0.036542126526753774, 0.03879381871236039, 0.03961788943648918, 0.030244970508941038, 0.04007097456184986]
estimated metric: [array([0.85899713, 0.95385065, 0.91890009, 0.87716655, 0.9107119 ,
       0.87322626, 0.85606153, 0.89978126, 0.8852527 , 0.91691472]), array([0.85283869, 0.96020171, 0.90114932, 0.92445554, 0.91951076,
       0.8938092 , 0.85815722, 0.87993623, 0.87996732, 0.94198836]), array([0.86851858, 0.93754539, 0.88371135, 0.91893748, 0.92691522,
       0.8888549 , 0.85978523, 0.90506833, 0.88480488, 0.91200587]), array([0.86480294, 0.93844346, 0.895798  , 0.87727329, 0.92301384,
       0.87847306, 0.89786944, 0.90257887, 0.91833542, 0.95986633]), array([0.86875071, 0.93088799, 0.88084754, 0.90016086, 0.93958931,
       0.88964894, 0.85910212, 0.89766085, 0.87195825, 0.92926033])]
real metric: [array([0.96648133, 0.98409744, 0.92753023, 0.90211817, 0.93588934,
       0.88339603, 0.90241778, 0.92505806, 0.94717523, 0.94212044]), array([0.96963337, 0.98547018, 0.9275542 , 0.90150473, 0.92963643,
       0.89306733, 0.90664064, 0.93321864, 0.95229525, 0.95354643]), array([0.97068843, 0.9848013 , 0.93027392, 0.90044618, 0.93814695,
       0.90900656, 0.88992917, 0.93073353, 0.94515079, 0.94616669]), array([0.97018901, 0.98787482, 0.92689775, 0.88306374, 0.92711222,
       0.89466736, 0.88088996, 0.93164203, 0.94777729, 0.94490145]), array([0.96851732, 0.98659557, 0.92820917, 0.89223091, 0.93627299,
       0.90042313, 0.90495805, 0.93290346, 0.94816415, 0.94780937])]

estim_algorithm = ts-model, mode = classification, metric = auc, confidence_scores = energy-conf, class_specific = True
test err: [0.04669245895050137, 0.043477659337505525, 0.04447615308534878, 0.05069309577238551, 0.04485814703645012]
estimated metric: [array([0.99737578, 0.99766046, 0.97481397, 0.96756923, 0.98010209,
       0.96033857, 0.98437515, 0.97208055, 0.97258345, 0.97630938]), array([0.99742901, 0.99768383, 0.97499807, 0.97129635, 0.9802689 ,
       0.96546664, 0.98524481, 0.96594491, 0.96983083, 0.97918044]), array([0.99739719, 0.99765222, 0.97470233, 0.97082735, 0.98050989,
       0.96252313, 0.98494883, 0.97374176, 0.97184482, 0.97595754]), array([0.9973952 , 0.99764971, 0.97421439, 0.96706333, 0.98115294,
       0.96231534, 0.98535469, 0.9745411 , 0.97707515, 0.98518473]), array([0.99739242, 0.99765352, 0.97470243, 0.97144438, 0.98021095,
       0.96448875, 0.98502108, 0.97233271, 0.96861529, 0.98280407])]
real metric: [array([0.96648133, 0.98409744, 0.92753023, 0.90211817, 0.93588934,
       0.88339603, 0.90241778, 0.92505806, 0.94717523, 0.94212044]), array([0.96963337, 0.98547018, 0.9275542 , 0.90150473, 0.92963643,
       0.89306733, 0.90664064, 0.93321864, 0.95229525, 0.95354643]), array([0.97068843, 0.9848013 , 0.93027392, 0.90044618, 0.93814695,
       0.90900656, 0.88992917, 0.93073353, 0.94515079, 0.94616669]), array([0.97018901, 0.98787482, 0.92689775, 0.88306374, 0.92711222,
       0.89466736, 0.88088996, 0.93164203, 0.94777729, 0.94490145]), array([0.96851732, 0.98659557, 0.92820917, 0.89223091, 0.93627299,
       0.90042313, 0.90495805, 0.93290346, 0.94816415, 0.94780937])]

estim_algorithm = ts-model, mode = classification, metric = auc, confidence_scores = entropy-conf, class_specific = False
test err: [0.02642619071816682, 0.025813959332377946, 0.024776461959721864, 0.031943515854077745, 0.024677525908950358]
estimated metric: [array([0.94525826, 0.96053436, 0.9486068 , 0.9373654 , 0.95401779,
       0.94643611, 0.95363603, 0.94931176, 0.95207782, 0.94051153]), array([0.94684976, 0.96131677, 0.94926227, 0.93891717, 0.95294849,
       0.94986127, 0.95103189, 0.95144243, 0.95233914, 0.94422929]), array([0.94634162, 0.96099883, 0.94873227, 0.93938067, 0.95427428,
       0.94832704, 0.94856376, 0.94743561, 0.95549105, 0.94506894]), array([0.94615156, 0.96118807, 0.94783693, 0.93715744, 0.95448535,
       0.94737807, 0.94926914, 0.95265995, 0.95619896, 0.96067692]), array([0.94634995, 0.9615699 , 0.94812698, 0.93976467, 0.95214402,
       0.95344377, 0.94589747, 0.94654903, 0.95256596, 0.94355717])]
real metric: [array([0.96648133, 0.98409744, 0.92753023, 0.90211817, 0.93588934,
       0.88339603, 0.90241778, 0.92505806, 0.94717523, 0.94212044]), array([0.96963337, 0.98547018, 0.9275542 , 0.90150473, 0.92963643,
       0.89306733, 0.90664064, 0.93321864, 0.95229525, 0.95354643]), array([0.97068843, 0.9848013 , 0.93027392, 0.90044618, 0.93814695,
       0.90900656, 0.88992917, 0.93073353, 0.94515079, 0.94616669]), array([0.97018901, 0.98787482, 0.92689775, 0.88306374, 0.92711222,
       0.89466736, 0.88088996, 0.93164203, 0.94777729, 0.94490145]), array([0.96851732, 0.98659557, 0.92820917, 0.89223091, 0.93627299,
       0.90042313, 0.90495805, 0.93290346, 0.94816415, 0.94780937])]

estim_algorithm = ts-model, mode = classification, metric = auc, confidence_scores = entropy-conf, class_specific = True
test err: [0.032974874284552966, 0.030953742398223672, 0.031054342594756368, 0.035883295740124464, 0.030535263410617186]
estimated metric: [array([0.97631297, 0.975867  , 0.95139875, 0.94368083, 0.96466632,
       0.93246046, 0.97528826, 0.96936739, 0.96865851, 0.97187142]), array([0.97680495, 0.97679441, 0.95263206, 0.94642173, 0.96300783,
       0.9471249 , 0.97613774, 0.9653474 , 0.97111618, 0.9693659 ]), array([0.9768738 , 0.97662257, 0.95131955, 0.94471433, 0.96562035,
       0.9383102 , 0.97635893, 0.96928083, 0.97144844, 0.96898049]), array([0.97646773, 0.97623715, 0.95080062, 0.94168957, 0.96510873,
       0.93864518, 0.97536477, 0.9685239 , 0.97012046, 0.96761512]), array([0.97648359, 0.97640951, 0.95116534, 0.94413378, 0.96181011,
       0.93949115, 0.97584215, 0.96627828, 0.9693154 , 0.97013533])]
real metric: [array([0.96648133, 0.98409744, 0.92753023, 0.90211817, 0.93588934,
       0.88339603, 0.90241778, 0.92505806, 0.94717523, 0.94212044]), array([0.96963337, 0.98547018, 0.9275542 , 0.90150473, 0.92963643,
       0.89306733, 0.90664064, 0.93321864, 0.95229525, 0.95354643]), array([0.97068843, 0.9848013 , 0.93027392, 0.90044618, 0.93814695,
       0.90900656, 0.88992917, 0.93073353, 0.94515079, 0.94616669]), array([0.97018901, 0.98787482, 0.92689775, 0.88306374, 0.92711222,
       0.89466736, 0.88088996, 0.93164203, 0.94777729, 0.94490145]), array([0.96851732, 0.98659557, 0.92820917, 0.89223091, 0.93627299,
       0.90042313, 0.90495805, 0.93290346, 0.94816415, 0.94780937])]

estim_algorithm = ts-model, mode = classification, metric = auc, confidence_scores = doctor-conf, class_specific = False
test err: [0.027353652498027226, 0.026558025763807704, 0.02600631009226676, 0.03244286809685594, 0.025064330773782895]
estimated metric: [array([0.94880466, 0.96196504, 0.95232715, 0.94265436, 0.95480519,
       0.94906674, 0.95101328, 0.95079428, 0.95281246, 0.94595931]), array([0.95013369, 0.96257142, 0.95278796, 0.94516008, 0.95455042,
       0.95274989, 0.94962032, 0.95294116, 0.95257833, 0.94683555]), array([0.95003448, 0.96223655, 0.95203358, 0.94413575, 0.95618915,
       0.95066798, 0.94893017, 0.95050534, 0.95777945, 0.94645677]), array([0.9500362 , 0.96239363, 0.95164759, 0.94246483, 0.95600624,
       0.94686844, 0.95234383, 0.95494621, 0.95419049, 0.95727884]), array([0.95034789, 0.96272809, 0.95218506, 0.94397441, 0.95246522,
       0.95191804, 0.94701611, 0.9492786 , 0.95147541, 0.94435397])]
real metric: [array([0.96648133, 0.98409744, 0.92753023, 0.90211817, 0.93588934,
       0.88339603, 0.90241778, 0.92505806, 0.94717523, 0.94212044]), array([0.96963337, 0.98547018, 0.9275542 , 0.90150473, 0.92963643,
       0.89306733, 0.90664064, 0.93321864, 0.95229525, 0.95354643]), array([0.97068843, 0.9848013 , 0.93027392, 0.90044618, 0.93814695,
       0.90900656, 0.88992917, 0.93073353, 0.94515079, 0.94616669]), array([0.97018901, 0.98787482, 0.92689775, 0.88306374, 0.92711222,
       0.89466736, 0.88088996, 0.93164203, 0.94777729, 0.94490145]), array([0.96851732, 0.98659557, 0.92820917, 0.89223091, 0.93627299,
       0.90042313, 0.90495805, 0.93290346, 0.94816415, 0.94780937])]

estim_algorithm = ts-model, mode = classification, metric = auc, confidence_scores = doctor-conf, class_specific = True
test err: [0.0372536542497661, 0.03478506368271491, 0.034136004255260276, 0.0396045044523647, 0.03513654214890134]
estimated metric: [array([0.97879495, 0.98313598, 0.95754434, 0.95020621, 0.97892823,
       0.94180912, 0.9772231 , 0.96863766, 0.97608406, 0.97453402]), array([0.97912206, 0.98369885, 0.95810723, 0.95249359, 0.97961108,
       0.9504796 , 0.978381  , 0.96771089, 0.97713298, 0.97013791]), array([0.97935637, 0.98370918, 0.95671745, 0.95122471, 0.97878087,
       0.94155869, 0.97754635, 0.96807631, 0.97730184, 0.97024756]), array([0.97894342, 0.98342837, 0.95609124, 0.94863718, 0.9796605 ,
       0.93894971, 0.97730457, 0.96834016, 0.97815   , 0.97266262]), array([0.97911057, 0.98358351, 0.95620556, 0.95113665, 0.9791971 ,
       0.94997299, 0.97785471, 0.96749836, 0.97614419, 0.97072179])]
real metric: [array([0.96648133, 0.98409744, 0.92753023, 0.90211817, 0.93588934,
       0.88339603, 0.90241778, 0.92505806, 0.94717523, 0.94212044]), array([0.96963337, 0.98547018, 0.9275542 , 0.90150473, 0.92963643,
       0.89306733, 0.90664064, 0.93321864, 0.95229525, 0.95354643]), array([0.97068843, 0.9848013 , 0.93027392, 0.90044618, 0.93814695,
       0.90900656, 0.88992917, 0.93073353, 0.94515079, 0.94616669]), array([0.97018901, 0.98787482, 0.92689775, 0.88306374, 0.92711222,
       0.89466736, 0.88088996, 0.93164203, 0.94777729, 0.94490145]), array([0.96851732, 0.98659557, 0.92820917, 0.89223091, 0.93627299,
       0.90042313, 0.90495805, 0.93290346, 0.94816415, 0.94780937])]

estim_algorithm = doc-model, mode = classification, metric = auc, confidence_scores = max_class_probability-conf, class_specific = False
test err: [0.042314527150782766, 0.04466831322196742, 0.04386297277348518, 0.04098955964833324, 0.04401145377706196]
estimated metric: [array([0.89240607, 0.8971941 , 0.89027581, 0.88502398, 0.89101499,
       0.88825873, 0.88981589, 0.89034387, 0.88890002, 0.88963071]), array([0.89218184, 0.89740885, 0.89001344, 0.88622534, 0.89212042,
       0.8891833 , 0.88988727, 0.89052363, 0.89021767, 0.88812231]), array([0.89321552, 0.89797581, 0.89033945, 0.88632055, 0.89243146,
       0.88974619, 0.88907917, 0.89069364, 0.88951621, 0.88739578]), array([0.89286355, 0.89772671, 0.89014035, 0.88512756, 0.89291276,
       0.88915138, 0.88987252, 0.89055333, 0.89129602, 0.8875686 ]), array([0.89272936, 0.89789896, 0.88962709, 0.88515345, 0.89231984,
       0.88939185, 0.88946833, 0.88942812, 0.89064161, 0.88931098])]
real metric: [array([0.96648133, 0.98409744, 0.92753023, 0.90211817, 0.93588934,
       0.88339603, 0.90241778, 0.92505806, 0.94717523, 0.94212044]), array([0.96963337, 0.98547018, 0.9275542 , 0.90150473, 0.92963643,
       0.89306733, 0.90664064, 0.93321864, 0.95229525, 0.95354643]), array([0.97068843, 0.9848013 , 0.93027392, 0.90044618, 0.93814695,
       0.90900656, 0.88992917, 0.93073353, 0.94515079, 0.94616669]), array([0.97018901, 0.98787482, 0.92689775, 0.88306374, 0.92711222,
       0.89466736, 0.88088996, 0.93164203, 0.94777729, 0.94490145]), array([0.96851732, 0.98659557, 0.92820917, 0.89223091, 0.93627299,
       0.90042313, 0.90495805, 0.93290346, 0.94816415, 0.94780937])]

estim_algorithm = doc-model, mode = classification, metric = auc, confidence_scores = max_class_probability-conf, class_specific = True
test err: [0.04103677924733429, 0.03770218327598592, 0.0382906909885344, 0.043362721833805885, 0.038092635333831504]
estimated metric: [array([0.98955922, 0.98997276, 0.96440463, 0.9602701 , 0.97048787,
       0.9552893 , 0.97712722, 0.97122168, 0.97446735, 0.97385173]), array([0.98965613, 0.990152  , 0.96420762, 0.96121141, 0.9716419 ,
       0.95618252, 0.97718577, 0.97138322, 0.97575621, 0.97221226]), array([0.99002932, 0.99043384, 0.96438554, 0.96124321, 0.97171331,
       0.95657444, 0.97625802, 0.97138747, 0.97487072, 0.97135456]), array([0.98973263, 0.99033129, 0.96408544, 0.95993913, 0.97212393,
       0.95593746, 0.97704032, 0.971234  , 0.97669147, 0.97152718]), array([0.98954989, 0.99005685, 0.96375431, 0.95999157, 0.97154119,
       0.95616793, 0.97654605, 0.97012248, 0.97602738, 0.97325282])]
real metric: [array([0.96648133, 0.98409744, 0.92753023, 0.90211817, 0.93588934,
       0.88339603, 0.90241778, 0.92505806, 0.94717523, 0.94212044]), array([0.96963337, 0.98547018, 0.9275542 , 0.90150473, 0.92963643,
       0.89306733, 0.90664064, 0.93321864, 0.95229525, 0.95354643]), array([0.97068843, 0.9848013 , 0.93027392, 0.90044618, 0.93814695,
       0.90900656, 0.88992917, 0.93073353, 0.94515079, 0.94616669]), array([0.97018901, 0.98787482, 0.92689775, 0.88306374, 0.92711222,
       0.89466736, 0.88088996, 0.93164203, 0.94777729, 0.94490145]), array([0.96851732, 0.98659557, 0.92820917, 0.89223091, 0.93627299,
       0.90042313, 0.90495805, 0.93290346, 0.94816415, 0.94780937])]

estim_algorithm = doc-model, mode = classification, metric = auc, confidence_scores = energy-conf, class_specific = False
test err: [0.029266738324538875, 0.026479646680824864, 0.02635647931845505, 0.037943138003409, 0.02632375457129459]
estimated metric: [array([0.93710638, 0.95975797, 0.94331239, 0.93664227, 0.95977257,
       0.96252714, 0.93246798, 0.95546362, 0.95466676, 0.95980555]), array([0.93485426, 0.95942042, 0.9417504 , 0.93685266, 0.95936764,
       0.95291138, 0.92259344, 0.96571521, 0.95850062, 0.9637399 ]), array([0.93786641, 0.95918913, 0.94453032, 0.93770492, 0.95541696,
       0.95269652, 0.92335272, 0.96509906, 0.95789697, 0.95828691]), array([0.93514262, 0.95938359, 0.94250863, 0.93593348, 0.95695375,
       0.95707102, 0.96550119, 0.9620414 , 0.9663993 , 0.96643677]), array([0.93967802, 0.95993135, 0.94205084, 0.93578038, 0.95740236,
       0.96104903, 0.91458145, 0.9658625 , 0.93638329, 0.96203371])]
real metric: [array([0.96648133, 0.98409744, 0.92753023, 0.90211817, 0.93588934,
       0.88339603, 0.90241778, 0.92505806, 0.94717523, 0.94212044]), array([0.96963337, 0.98547018, 0.9275542 , 0.90150473, 0.92963643,
       0.89306733, 0.90664064, 0.93321864, 0.95229525, 0.95354643]), array([0.97068843, 0.9848013 , 0.93027392, 0.90044618, 0.93814695,
       0.90900656, 0.88992917, 0.93073353, 0.94515079, 0.94616669]), array([0.97018901, 0.98787482, 0.92689775, 0.88306374, 0.92711222,
       0.89466736, 0.88088996, 0.93164203, 0.94777729, 0.94490145]), array([0.96851732, 0.98659557, 0.92820917, 0.89223091, 0.93627299,
       0.90042313, 0.90495805, 0.93290346, 0.94816415, 0.94780937])]

estim_algorithm = doc-model, mode = classification, metric = auc, confidence_scores = energy-conf, class_specific = True
test err: [0.030616700111031757, 0.030804253148416227, 0.031031717600393072, 0.03389496637666685, 0.03114432268357529]
estimated metric: [array([0.96391602, 0.97936068, 0.95068865, 0.93757637, 0.96875159,
       0.92138972, 0.97589404, 0.96724667, 0.97268667, 0.97033652]), array([0.96517591, 0.9799884 , 0.94952861, 0.94329519, 0.96732017,
       0.94411969, 0.9770988 , 0.96729312, 0.97343479, 0.97347658]), array([0.96531806, 0.97961874, 0.95084166, 0.94430772, 0.96895492,
       0.92858021, 0.9760323 , 0.97332281, 0.97519831, 0.97238012]), array([0.96438953, 0.97928771, 0.94845609, 0.93962603, 0.96854133,
       0.91714482, 0.9754253 , 0.96950866, 0.97407148, 0.96874117]), array([0.96522445, 0.97948187, 0.94869161, 0.94122969, 0.96612985,
       0.94551292, 0.97560658, 0.9696406 , 0.97347608, 0.97172056])]
real metric: [array([0.96648133, 0.98409744, 0.92753023, 0.90211817, 0.93588934,
       0.88339603, 0.90241778, 0.92505806, 0.94717523, 0.94212044]), array([0.96963337, 0.98547018, 0.9275542 , 0.90150473, 0.92963643,
       0.89306733, 0.90664064, 0.93321864, 0.95229525, 0.95354643]), array([0.97068843, 0.9848013 , 0.93027392, 0.90044618, 0.93814695,
       0.90900656, 0.88992917, 0.93073353, 0.94515079, 0.94616669]), array([0.97018901, 0.98787482, 0.92689775, 0.88306374, 0.92711222,
       0.89466736, 0.88088996, 0.93164203, 0.94777729, 0.94490145]), array([0.96851732, 0.98659557, 0.92820917, 0.89223091, 0.93627299,
       0.90042313, 0.90495805, 0.93290346, 0.94816415, 0.94780937])]

estim_algorithm = doc-model, mode = classification, metric = auc, confidence_scores = entropy-conf, class_specific = False
test err: [0.03794362629987184, 0.039848076005614755, 0.03904708745842689, 0.03751725701372808, 0.038827856451927344]
estimated metric: [array([0.89606654, 0.90342434, 0.89412838, 0.88804266, 0.89708446,
       0.89421476, 0.89604938, 0.89673905, 0.89480413, 0.89793154]), array([0.89686988, 0.90386331, 0.89482345, 0.88907854, 0.89745686,
       0.89683415, 0.89612075, 0.89498844, 0.89777152, 0.89381317]), array([0.89777311, 0.90438558, 0.8952527 , 0.88951123, 0.8979423 ,
       0.89458173, 0.89623569, 0.89817228, 0.89755458, 0.89607647]), array([0.89735273, 0.90436757, 0.89465014, 0.88831835, 0.89840852,
       0.89385017, 0.89789783, 0.89768926, 0.89736852, 0.8944649 ]), array([0.89735542, 0.90435445, 0.89450367, 0.88836738, 0.89710653,
       0.89567682, 0.89474978, 0.8957528 , 0.89644573, 0.89349299])]
real metric: [array([0.96648133, 0.98409744, 0.92753023, 0.90211817, 0.93588934,
       0.88339603, 0.90241778, 0.92505806, 0.94717523, 0.94212044]), array([0.96963337, 0.98547018, 0.9275542 , 0.90150473, 0.92963643,
       0.89306733, 0.90664064, 0.93321864, 0.95229525, 0.95354643]), array([0.97068843, 0.9848013 , 0.93027392, 0.90044618, 0.93814695,
       0.90900656, 0.88992917, 0.93073353, 0.94515079, 0.94616669]), array([0.97018901, 0.98787482, 0.92689775, 0.88306374, 0.92711222,
       0.89466736, 0.88088996, 0.93164203, 0.94777729, 0.94490145]), array([0.96851732, 0.98659557, 0.92820917, 0.89223091, 0.93627299,
       0.90042313, 0.90495805, 0.93290346, 0.94816415, 0.94780937])]

estim_algorithm = doc-model, mode = classification, metric = auc, confidence_scores = entropy-conf, class_specific = True
test err: [0.03970960906785209, 0.036292353582024095, 0.03735993411387717, 0.04210185807992377, 0.03628005313952565]
estimated metric: [array([0.98705097, 0.98747728, 0.96174199, 0.95634386, 0.96959898,
       0.95450968, 0.97656392, 0.97076793, 0.97337131, 0.97595424]), array([0.98726074, 0.98775061, 0.96191442, 0.95735455, 0.96999649,
       0.95724249, 0.97670596, 0.96903766, 0.97642837, 0.97179945]), array([0.98753349, 0.98801002, 0.96214261, 0.95765686, 0.97024817,
       0.95470992, 0.9766358 , 0.9720878 , 0.97600699, 0.9739112 ]), array([0.98734661, 0.98803387, 0.96155526, 0.95643045, 0.97066001,
       0.95394782, 0.97833963, 0.97160691, 0.97580653, 0.97230712]), array([0.9870796 , 0.98762914, 0.96155409, 0.95654616, 0.96940058,
       0.95581506, 0.97509326, 0.96965487, 0.97487968, 0.97123221])]
real metric: [array([0.96648133, 0.98409744, 0.92753023, 0.90211817, 0.93588934,
       0.88339603, 0.90241778, 0.92505806, 0.94717523, 0.94212044]), array([0.96963337, 0.98547018, 0.9275542 , 0.90150473, 0.92963643,
       0.89306733, 0.90664064, 0.93321864, 0.95229525, 0.95354643]), array([0.97068843, 0.9848013 , 0.93027392, 0.90044618, 0.93814695,
       0.90900656, 0.88992917, 0.93073353, 0.94515079, 0.94616669]), array([0.97018901, 0.98787482, 0.92689775, 0.88306374, 0.92711222,
       0.89466736, 0.88088996, 0.93164203, 0.94777729, 0.94490145]), array([0.96851732, 0.98659557, 0.92820917, 0.89223091, 0.93627299,
       0.90042313, 0.90495805, 0.93290346, 0.94816415, 0.94780937])]

estim_algorithm = doc-model, mode = classification, metric = auc, confidence_scores = doctor-conf, class_specific = False
test err: [0.05754652987325487, 0.06058852886891185, 0.05975036715832406, 0.05493428105109531, 0.05996477580448678]
estimated metric: [array([0.87537227, 0.8791131 , 0.87283354, 0.86970468, 0.87681431,
       0.87342917, 0.87571521, 0.87545992, 0.87171823, 0.87065832]), array([0.87615064, 0.88151319, 0.8724305 , 0.87098037, 0.8769017 ,
       0.87240518, 0.87555832, 0.87283635, 0.87504669, 0.87285897]), array([0.87645168, 0.88203528, 0.87362214, 0.87068922, 0.877104  ,
       0.87199068, 0.87419907, 0.87521297, 0.87465068, 0.87188413]), array([0.87553767, 0.88190063, 0.87389176, 0.86888012, 0.87789663,
       0.87118619, 0.87461435, 0.8751248 , 0.8756225 , 0.87101813]), array([0.87545353, 0.88200504, 0.8734547 , 0.86889808, 0.87698742,
       0.87375636, 0.87505595, 0.8749005 , 0.87417564, 0.87174914])]
real metric: [array([0.96648133, 0.98409744, 0.92753023, 0.90211817, 0.93588934,
       0.88339603, 0.90241778, 0.92505806, 0.94717523, 0.94212044]), array([0.96963337, 0.98547018, 0.9275542 , 0.90150473, 0.92963643,
       0.89306733, 0.90664064, 0.93321864, 0.95229525, 0.95354643]), array([0.97068843, 0.9848013 , 0.93027392, 0.90044618, 0.93814695,
       0.90900656, 0.88992917, 0.93073353, 0.94515079, 0.94616669]), array([0.97018901, 0.98787482, 0.92689775, 0.88306374, 0.92711222,
       0.89466736, 0.88088996, 0.93164203, 0.94777729, 0.94490145]), array([0.96851732, 0.98659557, 0.92820917, 0.89223091, 0.93627299,
       0.90042313, 0.90495805, 0.93290346, 0.94816415, 0.94780937])]

estim_algorithm = doc-model, mode = classification, metric = auc, confidence_scores = doctor-conf, class_specific = True
test err: [0.042449949446752656, 0.039354808666067755, 0.03972427906186836, 0.04474066814292592, 0.03938950220462285]
estimated metric: [array([0.99032009, 0.9923051 , 0.96727426, 0.9615222 , 0.97388745,
       0.95640367, 0.97990963, 0.97218929, 0.97477247, 0.97219939]), array([0.99012419, 0.9922766 , 0.96677399, 0.9625977 , 0.9740442 ,
       0.95791551, 0.97988068, 0.97183735, 0.9762873 , 0.97437776]), array([0.99063279, 0.99251831, 0.96665605, 0.96232282, 0.97407757,
       0.95746557, 0.97840405, 0.97182464, 0.97556728, 0.97311723]), array([0.99050688, 0.99239254, 0.96698352, 0.96158143, 0.97469691,
       0.95661845, 0.97876505, 0.97173038, 0.9767655 , 0.97238164]), array([0.99050647, 0.99214693, 0.96673094, 0.96172173, 0.97384895,
       0.95649545, 0.97905696, 0.97160083, 0.97506271, 0.97280818])]
real metric: [array([0.96648133, 0.98409744, 0.92753023, 0.90211817, 0.93588934,
       0.88339603, 0.90241778, 0.92505806, 0.94717523, 0.94212044]), array([0.96963337, 0.98547018, 0.9275542 , 0.90150473, 0.92963643,
       0.89306733, 0.90664064, 0.93321864, 0.95229525, 0.95354643]), array([0.97068843, 0.9848013 , 0.93027392, 0.90044618, 0.93814695,
       0.90900656, 0.88992917, 0.93073353, 0.94515079, 0.94616669]), array([0.97018901, 0.98787482, 0.92689775, 0.88306374, 0.92711222,
       0.89466736, 0.88088996, 0.93164203, 0.94777729, 0.94490145]), array([0.96851732, 0.98659557, 0.92820917, 0.89223091, 0.93627299,
       0.90042313, 0.90495805, 0.93290346, 0.94816415, 0.94780937])]

