estim_algorithm = ac-model, mode = classification, metric = auc, confidence_scores = max_class_probability-conf, class_specific = False
test err: [0.027805939511744614, 0.026383128266701507, 0.025064583917522122, 0.02783296611306585, 0.02404998526976948]
estimated metric: [array([0.99011283, 0.99265165, 0.988867  , 0.98816137, 0.99022733,
       0.98849664, 0.98918578, 0.99006753, 0.98840278, 0.98959914]), array([0.99057167, 0.99284679, 0.9903397 , 0.98832747, 0.9905704 ,
       0.98955819, 0.98962966, 0.98985986, 0.98905526, 0.98951244]), array([0.9906052 , 0.99319647, 0.99049149, 0.98851344, 0.99026353,
       0.98870005, 0.99073013, 0.99044862, 0.98968235, 0.98963648]), array([0.99091234, 0.99287583, 0.98972563, 0.98821182, 0.99007714,
       0.9895722 , 0.98992768, 0.99022374, 0.98943565, 0.98950792]), array([0.99055434, 0.99246087, 0.98975889, 0.9880368 , 0.99017727,
       0.98826329, 0.98939153, 0.99026105, 0.98853964, 0.98894288])]
real metric: [array([0.97645212, 0.99514785, 0.96444784, 0.93389014, 0.95702745,
       0.94851472, 0.97425451, 0.96857696, 0.94064139, 0.96375208]), array([0.97848756, 0.99466055, 0.97141776, 0.94037589, 0.95981775,
       0.95224085, 0.97306623, 0.9684265 , 0.94154131, 0.96003328]), array([0.97701356, 0.99424643, 0.97169641, 0.94130658, 0.96709612,
       0.95419455, 0.97388818, 0.96598314, 0.94810408, 0.96019279]), array([0.97984151, 0.99500089, 0.9659448 , 0.93636607, 0.96168026,
       0.9466191 , 0.97406359, 0.96558306, 0.93585945, 0.96543168]), array([0.9805005 , 0.99399024, 0.97086986, 0.94393224, 0.96679713,
       0.94632372, 0.97539005, 0.97107389, 0.94605338, 0.96401442])]

estim_algorithm = ac-model, mode = classification, metric = auc, confidence_scores = energy-conf, class_specific = False
test err: [0.09669035052674563, 0.08983803753087617, 0.10449488496889751, 0.10121137419058099, 0.09079180727506973]
estimated metric: [array([0.86113026, 0.91607581, 0.85431254, 0.84449852, 0.85072944,
       0.8393458 , 0.81107776, 0.90572682, 0.84741017, 0.92549444]), array([0.8571543 , 0.91716866, 0.87886713, 0.83199837, 0.88362888,
       0.87600785, 0.80871904, 0.9129565 , 0.84261424, 0.93257233]), array([0.84787215, 0.91585249, 0.86776658, 0.82213095, 0.87964873,
       0.81985751, 0.81625559, 0.90455245, 0.80735058, 0.92748597]), array([0.81696336, 0.91193925, 0.86674347, 0.8354505 , 0.9068515 ,
       0.84959198, 0.80761771, 0.85078237, 0.83520494, 0.9331316 ]), array([0.85499299, 0.91519746, 0.86596607, 0.85468433, 0.88527642,
       0.90190891, 0.78941449, 0.87499578, 0.8755018 , 0.93308912])]
real metric: [array([0.97645212, 0.99514785, 0.96444784, 0.93389014, 0.95702745,
       0.94851472, 0.97425451, 0.96857696, 0.94064139, 0.96375208]), array([0.97848756, 0.99466055, 0.97141776, 0.94037589, 0.95981775,
       0.95224085, 0.97306623, 0.9684265 , 0.94154131, 0.96003328]), array([0.97701356, 0.99424643, 0.97169641, 0.94130658, 0.96709612,
       0.95419455, 0.97388818, 0.96598314, 0.94810408, 0.96019279]), array([0.97984151, 0.99500089, 0.9659448 , 0.93636607, 0.96168026,
       0.9466191 , 0.97406359, 0.96558306, 0.93585945, 0.96543168]), array([0.9805005 , 0.99399024, 0.97086986, 0.94393224, 0.96679713,
       0.94632372, 0.97539005, 0.97107389, 0.94605338, 0.96401442])]

estim_algorithm = ac-model, mode = classification, metric = auc, confidence_scores = entropy-conf, class_specific = False
test err: [0.025802942408606644, 0.024502167001397367, 0.02289249857414425, 0.02568938128379241, 0.022082931656865402]
estimated metric: [array([0.98744067, 0.99087571, 0.98678931, 0.98508926, 0.98766379,
       0.98616432, 0.98768291, 0.98743564, 0.98569071, 0.98735788]), array([0.98832175, 0.99153952, 0.98773612, 0.98554272, 0.98816195,
       0.98663883, 0.98780827, 0.98833954, 0.98724822, 0.98751036]), array([0.98800466, 0.99157447, 0.98788397, 0.98512862, 0.98787927,
       0.98627464, 0.9884711 , 0.98851017, 0.98708014, 0.98649585]), array([0.98819021, 0.99131851, 0.98739097, 0.98553098, 0.98755463,
       0.98692545, 0.98749482, 0.98795975, 0.98693142, 0.98662272]), array([0.98817268, 0.99106183, 0.98757144, 0.98465542, 0.98789221,
       0.9860197 , 0.98673305, 0.98907711, 0.98583373, 0.98690078])]
real metric: [array([0.97645212, 0.99514785, 0.96444784, 0.93389014, 0.95702745,
       0.94851472, 0.97425451, 0.96857696, 0.94064139, 0.96375208]), array([0.97848756, 0.99466055, 0.97141776, 0.94037589, 0.95981775,
       0.95224085, 0.97306623, 0.9684265 , 0.94154131, 0.96003328]), array([0.97701356, 0.99424643, 0.97169641, 0.94130658, 0.96709612,
       0.95419455, 0.97388818, 0.96598314, 0.94810408, 0.96019279]), array([0.97984151, 0.99500089, 0.9659448 , 0.93636607, 0.96168026,
       0.9466191 , 0.97406359, 0.96558306, 0.93585945, 0.96543168]), array([0.9805005 , 0.99399024, 0.97086986, 0.94393224, 0.96679713,
       0.94632372, 0.97539005, 0.97107389, 0.94605338, 0.96401442])]

estim_algorithm = ac-model, mode = classification, metric = auc, confidence_scores = doctor-conf, class_specific = False
test err: [0.03018673623729745, 0.028751853680076954, 0.02736782992114345, 0.029967855981347713, 0.0264211154602109]
estimated metric: [array([0.99241857, 0.99473165, 0.99154042, 0.99107006, 0.99282549,
       0.9913937 , 0.99248474, 0.99273792, 0.99186167, 0.99267582]), array([0.99310168, 0.99483363, 0.99277044, 0.9912095 , 0.99317138,
       0.99242497, 0.99264604, 0.99254136, 0.99222287, 0.99266435]), array([0.99292252, 0.99513918, 0.99255989, 0.9913813 , 0.9927387 ,
       0.99171917, 0.99328714, 0.99256258, 0.99224234, 0.99284732]), array([0.99300519, 0.99454925, 0.99220016, 0.99123595, 0.99255948,
       0.99252426, 0.99190126, 0.99292926, 0.99206598, 0.9921949 ]), array([0.99290549, 0.99472741, 0.99219402, 0.99082161, 0.99274676,
       0.99152019, 0.992211  , 0.99233158, 0.99167656, 0.99202198])]
real metric: [array([0.97645212, 0.99514785, 0.96444784, 0.93389014, 0.95702745,
       0.94851472, 0.97425451, 0.96857696, 0.94064139, 0.96375208]), array([0.97848756, 0.99466055, 0.97141776, 0.94037589, 0.95981775,
       0.95224085, 0.97306623, 0.9684265 , 0.94154131, 0.96003328]), array([0.97701356, 0.99424643, 0.97169641, 0.94130658, 0.96709612,
       0.95419455, 0.97388818, 0.96598314, 0.94810408, 0.96019279]), array([0.97984151, 0.99500089, 0.9659448 , 0.93636607, 0.96168026,
       0.9466191 , 0.97406359, 0.96558306, 0.93585945, 0.96543168]), array([0.9805005 , 0.99399024, 0.97086986, 0.94393224, 0.96679713,
       0.94632372, 0.97539005, 0.97107389, 0.94605338, 0.96401442])]

estim_algorithm = ts-model, mode = classification, metric = auc, confidence_scores = max_class_probability-conf, class_specific = False
test err: [0.014503592044340863, 0.013495850967414569, 0.0123357496483251, 0.015651660764490084, 0.015246242619739258]
estimated metric: [array([0.95122661, 0.96601144, 0.95553916, 0.95108435, 0.95471973,
       0.95702775, 0.9547982 , 0.9577486 , 0.95984941, 0.95949443]), array([0.95315588, 0.96689364, 0.95650087, 0.95268022, 0.95568339,
       0.95680725, 0.95593042, 0.95906989, 0.96082992, 0.96019016]), array([0.951393  , 0.9664309 , 0.95743105, 0.94885374, 0.95572922,
       0.95428843, 0.95550298, 0.95809821, 0.95780406, 0.9595148 ]), array([0.95205886, 0.96634994, 0.95600235, 0.95000251, 0.95531567,
       0.95766239, 0.9533694 , 0.95741707, 0.95897324, 0.95830941]), array([0.95206757, 0.96583782, 0.95623516, 0.95058547, 0.9557542 ,
       0.95959777, 0.95587561, 0.958542  , 0.95879755, 0.95853276])]
real metric: [array([0.97645212, 0.99514785, 0.96444784, 0.93389014, 0.95702745,
       0.94851472, 0.97425451, 0.96857696, 0.94064139, 0.96375208]), array([0.97848756, 0.99466055, 0.97141776, 0.94037589, 0.95981775,
       0.95224085, 0.97306623, 0.9684265 , 0.94154131, 0.96003328]), array([0.97701356, 0.99424643, 0.97169641, 0.94130658, 0.96709612,
       0.95419455, 0.97388818, 0.96598314, 0.94810408, 0.96019279]), array([0.97984151, 0.99500089, 0.9659448 , 0.93636607, 0.96168026,
       0.9466191 , 0.97406359, 0.96558306, 0.93585945, 0.96543168]), array([0.9805005 , 0.99399024, 0.97086986, 0.94393224, 0.96679713,
       0.94632372, 0.97539005, 0.97107389, 0.94605338, 0.96401442])]

estim_algorithm = ts-model, mode = classification, metric = auc, confidence_scores = max_class_probability-conf, class_specific = True
test err: [0.00873314768820419, 0.009048523628029003, 0.007554641485589542, 0.009269280790063218, 0.006229424651919846]
estimated metric: [array([0.97374353, 0.98236574, 0.95850664, 0.94916972, 0.97108842,
       0.94230168, 0.97700791, 0.97813403, 0.95798259, 0.96444641]), array([0.97474986, 0.98270774, 0.95770157, 0.9529486 , 0.9714202 ,
       0.94664755, 0.97733597, 0.97819377, 0.95559578, 0.96325187]), array([0.97414833, 0.98294737, 0.95986797, 0.94806565, 0.97172981,
       0.94157496, 0.97797988, 0.97886307, 0.95228069, 0.96458588]), array([0.97448595, 0.98256239, 0.95776684, 0.94655783, 0.97100969,
       0.94112704, 0.97691458, 0.97801622, 0.95643502, 0.95958385]), array([0.97456587, 0.98238248, 0.95748308, 0.94825603, 0.97191488,
       0.94760934, 0.97652727, 0.97836866, 0.95659889, 0.962354  ])]
real metric: [array([0.97645212, 0.99514785, 0.96444784, 0.93389014, 0.95702745,
       0.94851472, 0.97425451, 0.96857696, 0.94064139, 0.96375208]), array([0.97848756, 0.99466055, 0.97141776, 0.94037589, 0.95981775,
       0.95224085, 0.97306623, 0.9684265 , 0.94154131, 0.96003328]), array([0.97701356, 0.99424643, 0.97169641, 0.94130658, 0.96709612,
       0.95419455, 0.97388818, 0.96598314, 0.94810408, 0.96019279]), array([0.97984151, 0.99500089, 0.9659448 , 0.93636607, 0.96168026,
       0.9466191 , 0.97406359, 0.96558306, 0.93585945, 0.96543168]), array([0.9805005 , 0.99399024, 0.97086986, 0.94393224, 0.96679713,
       0.94632372, 0.97539005, 0.97107389, 0.94605338, 0.96401442])]

estim_algorithm = ts-model, mode = classification, metric = auc, confidence_scores = energy-conf, class_specific = False
test err: [0.028324026828489158, 0.023934620254665463, 0.033460343881656265, 0.029132793841340588, 0.02904020667079319]
estimated metric: [array([0.92349601, 0.95908419, 0.92635086, 0.94778749, 0.93442479,
       0.92666855, 0.90009152, 0.96374422, 0.92823831, 0.9701306 ]), array([0.92519764, 0.95842154, 0.9483825 , 0.91193615, 0.95859117,
       0.95535385, 0.90350718, 0.96092904, 0.93373597, 0.96917411]), array([0.91837178, 0.95874776, 0.93628031, 0.92069417, 0.94945992,
       0.90551688, 0.91185922, 0.95975633, 0.90907325, 0.97102681]), array([0.89576048, 0.95791252, 0.93885549, 0.92075001, 0.96187772,
       0.93909   , 0.89908974, 0.93508381, 0.92348617, 0.9673119 ]), array([0.92487445, 0.95800805, 0.93906592, 0.92349244, 0.95977884,
       0.96872175, 0.88425723, 0.95957472, 0.95916248, 0.96540709])]
real metric: [array([0.97645212, 0.99514785, 0.96444784, 0.93389014, 0.95702745,
       0.94851472, 0.97425451, 0.96857696, 0.94064139, 0.96375208]), array([0.97848756, 0.99466055, 0.97141776, 0.94037589, 0.95981775,
       0.95224085, 0.97306623, 0.9684265 , 0.94154131, 0.96003328]), array([0.97701356, 0.99424643, 0.97169641, 0.94130658, 0.96709612,
       0.95419455, 0.97388818, 0.96598314, 0.94810408, 0.96019279]), array([0.97984151, 0.99500089, 0.9659448 , 0.93636607, 0.96168026,
       0.9466191 , 0.97406359, 0.96558306, 0.93585945, 0.96543168]), array([0.9805005 , 0.99399024, 0.97086986, 0.94393224, 0.96679713,
       0.94632372, 0.97539005, 0.97107389, 0.94605338, 0.96401442])]

estim_algorithm = ts-model, mode = classification, metric = auc, confidence_scores = energy-conf, class_specific = True
test err: [0.013435944086643193, 0.010812137159779267, 0.01069143197492376, 0.011999217109842742, 0.010116223009071912]
estimated metric: [array([0.99514012, 0.99561586, 0.96541396, 0.96853793, 0.97935848,
       0.94520151, 0.98130398, 0.97981594, 0.95776961, 0.98228072]), array([0.99515052, 0.99564758, 0.97167752, 0.95390095, 0.97917545,
       0.95212462, 0.98110801, 0.98213378, 0.96148129, 0.97555687]), array([0.99520995, 0.99579776, 0.96911614, 0.96030399, 0.97947878,
       0.93429952, 0.98134317, 0.97951767, 0.95143886, 0.96917971]), array([0.99519655, 0.99566732, 0.96480766, 0.95226133, 0.97932935,
       0.94791823, 0.98092549, 0.97916356, 0.95585176, 0.99298706]), array([0.99514723, 0.99560542, 0.97074295, 0.95537493, 0.97938698,
       0.95628283, 0.98077755, 0.98113482, 0.96816334, 0.97723781])]
real metric: [array([0.97645212, 0.99514785, 0.96444784, 0.93389014, 0.95702745,
       0.94851472, 0.97425451, 0.96857696, 0.94064139, 0.96375208]), array([0.97848756, 0.99466055, 0.97141776, 0.94037589, 0.95981775,
       0.95224085, 0.97306623, 0.9684265 , 0.94154131, 0.96003328]), array([0.97701356, 0.99424643, 0.97169641, 0.94130658, 0.96709612,
       0.95419455, 0.97388818, 0.96598314, 0.94810408, 0.96019279]), array([0.97984151, 0.99500089, 0.9659448 , 0.93636607, 0.96168026,
       0.9466191 , 0.97406359, 0.96558306, 0.93585945, 0.96543168]), array([0.9805005 , 0.99399024, 0.97086986, 0.94393224, 0.96679713,
       0.94632372, 0.97539005, 0.97107389, 0.94605338, 0.96401442])]

estim_algorithm = ts-model, mode = classification, metric = auc, confidence_scores = entropy-conf, class_specific = False
test err: [0.013676507514151915, 0.012721270137834039, 0.0118089192221418, 0.014737158291985086, 0.014065891812983022]
estimated metric: [array([0.9540298 , 0.96776717, 0.95778304, 0.95389583, 0.95723917,
       0.95891122, 0.95668612, 0.9594304 , 0.96059718, 0.96073946]), array([0.95568918, 0.96814533, 0.95861936, 0.95429688, 0.95779949,
       0.95821403, 0.95806982, 0.96095247, 0.96133501, 0.96095741]), array([0.95400912, 0.9680421 , 0.95942463, 0.95126268, 0.95771225,
       0.95698579, 0.95762804, 0.96041085, 0.96028397, 0.96065791]), array([0.95512345, 0.96789729, 0.95793867, 0.95228648, 0.95710917,
       0.95926532, 0.9561568 , 0.95954519, 0.9606486 , 0.95975941]), array([0.95507305, 0.96756477, 0.95856494, 0.95201471, 0.95783385,
       0.96118674, 0.95772844, 0.96064068, 0.95959037, 0.96105393])]
real metric: [array([0.97645212, 0.99514785, 0.96444784, 0.93389014, 0.95702745,
       0.94851472, 0.97425451, 0.96857696, 0.94064139, 0.96375208]), array([0.97848756, 0.99466055, 0.97141776, 0.94037589, 0.95981775,
       0.95224085, 0.97306623, 0.9684265 , 0.94154131, 0.96003328]), array([0.97701356, 0.99424643, 0.97169641, 0.94130658, 0.96709612,
       0.95419455, 0.97388818, 0.96598314, 0.94810408, 0.96019279]), array([0.97984151, 0.99500089, 0.9659448 , 0.93636607, 0.96168026,
       0.9466191 , 0.97406359, 0.96558306, 0.93585945, 0.96543168]), array([0.9805005 , 0.99399024, 0.97086986, 0.94393224, 0.96679713,
       0.94632372, 0.97539005, 0.97107389, 0.94605338, 0.96401442])]

estim_algorithm = ts-model, mode = classification, metric = auc, confidence_scores = entropy-conf, class_specific = True
test err: [0.0085398418415507, 0.008385677040628148, 0.007125977321199906, 0.009041957964374802, 0.005894245969698453]
estimated metric: [array([0.97203597, 0.98084756, 0.9539933 , 0.94821665, 0.97033281,
       0.94192893, 0.97572752, 0.97175855, 0.95794125, 0.96380742]), array([0.97303967, 0.98122833, 0.95470509, 0.9514366 , 0.97038246,
       0.94885362, 0.9762983 , 0.97120361, 0.95558113, 0.9632356 ]), array([0.97249729, 0.98145211, 0.95703882, 0.94626411, 0.97105304,
       0.94109285, 0.97685298, 0.972119  , 0.95298358, 0.96348807]), array([0.97294516, 0.98109451, 0.95327883, 0.94525636, 0.97042341,
       0.94047115, 0.97553261, 0.97249151, 0.95652149, 0.96130169]), array([0.9730766 , 0.98095007, 0.95400386, 0.9479324 , 0.97114233,
       0.94758961, 0.97534775, 0.9720404 , 0.95623994, 0.96320866])]
real metric: [array([0.97645212, 0.99514785, 0.96444784, 0.93389014, 0.95702745,
       0.94851472, 0.97425451, 0.96857696, 0.94064139, 0.96375208]), array([0.97848756, 0.99466055, 0.97141776, 0.94037589, 0.95981775,
       0.95224085, 0.97306623, 0.9684265 , 0.94154131, 0.96003328]), array([0.97701356, 0.99424643, 0.97169641, 0.94130658, 0.96709612,
       0.95419455, 0.97388818, 0.96598314, 0.94810408, 0.96019279]), array([0.97984151, 0.99500089, 0.9659448 , 0.93636607, 0.96168026,
       0.9466191 , 0.97406359, 0.96558306, 0.93585945, 0.96543168]), array([0.9805005 , 0.99399024, 0.97086986, 0.94393224, 0.96679713,
       0.94632372, 0.97539005, 0.97107389, 0.94605338, 0.96401442])]

estim_algorithm = ts-model, mode = classification, metric = auc, confidence_scores = doctor-conf, class_specific = False
test err: [0.012460419760265984, 0.012350253398558376, 0.010755095283845283, 0.01281131134810326, 0.011997019977907397]
estimated metric: [array([0.96115629, 0.97143229, 0.96331505, 0.95838051, 0.96211481,
       0.96103408, 0.96073602, 0.96282173, 0.9633603 , 0.96412237]), array([0.96234011, 0.97172409, 0.96419647, 0.95980955, 0.96373963,
       0.96297572, 0.96151966, 0.96391204, 0.96455611, 0.96406434]), array([0.96149987, 0.97185457, 0.96495747, 0.95897837, 0.96265848,
       0.96108081, 0.96145251, 0.96412996, 0.96252251, 0.96539628]), array([0.96202625, 0.97129772, 0.96382129, 0.95810537, 0.96253043,
       0.96179806, 0.96027523, 0.96380215, 0.96507925, 0.963518  ]), array([0.96204309, 0.97142732, 0.96359175, 0.95849456, 0.96355158,
       0.9628502 , 0.96124581, 0.96489269, 0.96279295, 0.96374203])]
real metric: [array([0.97645212, 0.99514785, 0.96444784, 0.93389014, 0.95702745,
       0.94851472, 0.97425451, 0.96857696, 0.94064139, 0.96375208]), array([0.97848756, 0.99466055, 0.97141776, 0.94037589, 0.95981775,
       0.95224085, 0.97306623, 0.9684265 , 0.94154131, 0.96003328]), array([0.97701356, 0.99424643, 0.97169641, 0.94130658, 0.96709612,
       0.95419455, 0.97388818, 0.96598314, 0.94810408, 0.96019279]), array([0.97984151, 0.99500089, 0.9659448 , 0.93636607, 0.96168026,
       0.9466191 , 0.97406359, 0.96558306, 0.93585945, 0.96543168]), array([0.9805005 , 0.99399024, 0.97086986, 0.94393224, 0.96679713,
       0.94632372, 0.97539005, 0.97107389, 0.94605338, 0.96401442])]

estim_algorithm = ts-model, mode = classification, metric = auc, confidence_scores = doctor-conf, class_specific = True
test err: [0.00804750610084073, 0.008237480955073862, 0.006368343540873955, 0.008343856234518976, 0.005919190717713907]
estimated metric: [array([0.97024231, 0.9822225 , 0.95934316, 0.94648104, 0.971939  ,
       0.94284449, 0.97696832, 0.97068246, 0.95805713, 0.96292459]), array([0.97148929, 0.98276587, 0.95954184, 0.94924957, 0.97188105,
       0.94855713, 0.9773439 , 0.97049713, 0.9582343 , 0.9639772 ]), array([0.97090519, 0.98298616, 0.96122887, 0.94576756, 0.97252671,
       0.94566845, 0.97792478, 0.97058663, 0.95471904, 0.9623673 ]), array([0.9713128 , 0.98268912, 0.95863745, 0.9459282 , 0.97232942,
       0.9453278 , 0.97648376, 0.9703392 , 0.9568482 , 0.95980858]), array([0.97135359, 0.98237867, 0.95934207, 0.94601454, 0.97255629,
       0.94699855, 0.97649482, 0.97018009, 0.9595825 , 0.96115276])]
real metric: [array([0.97645212, 0.99514785, 0.96444784, 0.93389014, 0.95702745,
       0.94851472, 0.97425451, 0.96857696, 0.94064139, 0.96375208]), array([0.97848756, 0.99466055, 0.97141776, 0.94037589, 0.95981775,
       0.95224085, 0.97306623, 0.9684265 , 0.94154131, 0.96003328]), array([0.97701356, 0.99424643, 0.97169641, 0.94130658, 0.96709612,
       0.95419455, 0.97388818, 0.96598314, 0.94810408, 0.96019279]), array([0.97984151, 0.99500089, 0.9659448 , 0.93636607, 0.96168026,
       0.9466191 , 0.97406359, 0.96558306, 0.93585945, 0.96543168]), array([0.9805005 , 0.99399024, 0.97086986, 0.94393224, 0.96679713,
       0.94632372, 0.97539005, 0.97107389, 0.94605338, 0.96401442])]

estim_algorithm = doc-model, mode = classification, metric = auc, confidence_scores = max_class_probability-conf, class_specific = False
test err: [0.09455204488645896, 0.09569528094135304, 0.09681194386538536, 0.09431819667428894, 0.09799478821712318]
estimated metric: [array([0.86769298, 0.87192508, 0.86692156, 0.86595955, 0.8684868 ,
       0.86655772, 0.86758585, 0.86833753, 0.8660317 , 0.86768586]), array([0.86855433, 0.87255135, 0.86870022, 0.86626002, 0.86918478,
       0.86795477, 0.86829441, 0.86690753, 0.86711288, 0.86759457]), array([0.86829354, 0.87280001, 0.86873066, 0.8665432 , 0.86880074,
       0.86697779, 0.86926122, 0.86888022, 0.86764443, 0.86767058]), array([0.8686257 , 0.87234515, 0.86778477, 0.86618568, 0.86847677,
       0.86795307, 0.86820106, 0.8687968 , 0.86735194, 0.86748752]), array([0.86833176, 0.8719339 , 0.86786572, 0.86589914, 0.86869924,
       0.86645206, 0.86779669, 0.86869787, 0.86637682, 0.86694435])]
real metric: [array([0.97645212, 0.99514785, 0.96444784, 0.93389014, 0.95702745,
       0.94851472, 0.97425451, 0.96857696, 0.94064139, 0.96375208]), array([0.97848756, 0.99466055, 0.97141776, 0.94037589, 0.95981775,
       0.95224085, 0.97306623, 0.9684265 , 0.94154131, 0.96003328]), array([0.97701356, 0.99424643, 0.97169641, 0.94130658, 0.96709612,
       0.95419455, 0.97388818, 0.96598314, 0.94810408, 0.96019279]), array([0.97984151, 0.99500089, 0.9659448 , 0.93636607, 0.96168026,
       0.9466191 , 0.97406359, 0.96558306, 0.93585945, 0.96543168]), array([0.9805005 , 0.99399024, 0.97086986, 0.94393224, 0.96679713,
       0.94632372, 0.97539005, 0.97107389, 0.94605338, 0.96401442])]

estim_algorithm = doc-model, mode = classification, metric = auc, confidence_scores = max_class_probability-conf, class_specific = True
test err: [0.007078689831668627, 0.007273039292985473, 0.006575037074814494, 0.006811751695274504, 0.004051988028591769]
estimated metric: [array([0.98164701, 0.98918029, 0.96142822, 0.94905882, 0.97413764,
       0.9455216 , 0.97833459, 0.97077421, 0.9547399 , 0.96470909]), array([0.98214064, 0.9893999 , 0.96295241, 0.94917846, 0.97451275,
       0.94660824, 0.97876878, 0.97056534, 0.95539982, 0.96455451]), array([0.98221503, 0.98980659, 0.96312527, 0.94946182, 0.97426264,
       0.94580365, 0.97993961, 0.9712073 , 0.9560945 , 0.96475203]), array([0.98247505, 0.98944011, 0.96227731, 0.94910707, 0.97401153,
       0.94664927, 0.97904933, 0.97095528, 0.95579688, 0.9645738 ]), array([0.98207053, 0.98897573, 0.96230452, 0.94885673, 0.97408686,
       0.94527443, 0.97850204, 0.97094754, 0.95487983, 0.96397272])]
real metric: [array([0.97645212, 0.99514785, 0.96444784, 0.93389014, 0.95702745,
       0.94851472, 0.97425451, 0.96857696, 0.94064139, 0.96375208]), array([0.97848756, 0.99466055, 0.97141776, 0.94037589, 0.95981775,
       0.95224085, 0.97306623, 0.9684265 , 0.94154131, 0.96003328]), array([0.97701356, 0.99424643, 0.97169641, 0.94130658, 0.96709612,
       0.95419455, 0.97388818, 0.96598314, 0.94810408, 0.96019279]), array([0.97984151, 0.99500089, 0.9659448 , 0.93636607, 0.96168026,
       0.9466191 , 0.97406359, 0.96558306, 0.93585945, 0.96543168]), array([0.9805005 , 0.99399024, 0.97086986, 0.94393224, 0.96679713,
       0.94632372, 0.97539005, 0.97107389, 0.94605338, 0.96401442])]

estim_algorithm = doc-model, mode = classification, metric = auc, confidence_scores = energy-conf, class_specific = False
test err: [0.01591171165090057, 0.015637918042626396, 0.014581471137597257, 0.01664052814279271, 0.015178510694555548]
estimated metric: [array([0.94587056, 0.96544771, 0.95409923, 0.9557296 , 0.95542119,
       0.96048909, 0.95594154, 0.96098214, 0.96537328, 0.96617912]), array([0.94743534, 0.9669018 , 0.95477236, 0.95639031, 0.95648988,
       0.96145296, 0.95610858, 0.96304012, 0.96542687, 0.96617208]), array([0.94552188, 0.96650409, 0.95762846, 0.95618226, 0.95807765,
       0.95855993, 0.95721718, 0.9623378 , 0.96586609, 0.96636767]), array([0.94571196, 0.96584024, 0.95433749, 0.95458497, 0.95758216,
       0.96169771, 0.95380433, 0.96202843, 0.96551474, 0.96607466]), array([0.94595964, 0.96625099, 0.95590567, 0.95427302, 0.959905  ,
       0.96187987, 0.95740045, 0.9636957 , 0.96077748, 0.96567426])]
real metric: [array([0.97645212, 0.99514785, 0.96444784, 0.93389014, 0.95702745,
       0.94851472, 0.97425451, 0.96857696, 0.94064139, 0.96375208]), array([0.97848756, 0.99466055, 0.97141776, 0.94037589, 0.95981775,
       0.95224085, 0.97306623, 0.9684265 , 0.94154131, 0.96003328]), array([0.97701356, 0.99424643, 0.97169641, 0.94130658, 0.96709612,
       0.95419455, 0.97388818, 0.96598314, 0.94810408, 0.96019279]), array([0.97984151, 0.99500089, 0.9659448 , 0.93636607, 0.96168026,
       0.9466191 , 0.97406359, 0.96558306, 0.93585945, 0.96543168]), array([0.9805005 , 0.99399024, 0.97086986, 0.94393224, 0.96679713,
       0.94632372, 0.97539005, 0.97107389, 0.94605338, 0.96401442])]

estim_algorithm = doc-model, mode = classification, metric = auc, confidence_scores = energy-conf, class_specific = True
test err: [0.013071622366337288, 0.010913693077656317, 0.014308719421338257, 0.011940406225545264, 0.01086189597532422]
estimated metric: [array([0.96134441, 0.97707942, 0.95321168, 0.94646259, 0.96987274,
       0.9153237 , 0.97631683, 0.96927688, 0.96280609, 0.96652032]), array([0.96114252, 0.97703636, 0.94582301, 0.94327283, 0.96931854,
       0.95264024, 0.97611702, 0.9685814 , 0.96695998, 0.96718474]), array([0.96103395, 0.97765586, 0.9518821 , 0.93313251, 0.96954916,
       0.89549556, 0.97672917, 0.96970104, 0.95573887, 0.96737572]), array([0.96117946, 0.97716021, 0.9574974 , 0.94682927, 0.96984974,
       0.92592585, 0.97629243, 0.96961299, 0.96156265, 0.96859771]), array([0.96162638, 0.97719377, 0.9457399 , 0.9459523 , 0.96941415,
       0.96489542, 0.97632227, 0.96916858, 0.96696634, 0.96487357])]
real metric: [array([0.97645212, 0.99514785, 0.96444784, 0.93389014, 0.95702745,
       0.94851472, 0.97425451, 0.96857696, 0.94064139, 0.96375208]), array([0.97848756, 0.99466055, 0.97141776, 0.94037589, 0.95981775,
       0.95224085, 0.97306623, 0.9684265 , 0.94154131, 0.96003328]), array([0.97701356, 0.99424643, 0.97169641, 0.94130658, 0.96709612,
       0.95419455, 0.97388818, 0.96598314, 0.94810408, 0.96019279]), array([0.97984151, 0.99500089, 0.9659448 , 0.93636607, 0.96168026,
       0.9466191 , 0.97406359, 0.96558306, 0.93585945, 0.96543168]), array([0.9805005 , 0.99399024, 0.97086986, 0.94393224, 0.96679713,
       0.94632372, 0.97539005, 0.97107389, 0.94605338, 0.96401442])]

estim_algorithm = doc-model, mode = classification, metric = auc, confidence_scores = entropy-conf, class_specific = False
test err: [0.08935616292208287, 0.09046058316212775, 0.09119130556931487, 0.08899644250877123, 0.09231615797905227]
estimated metric: [array([0.87246622, 0.87741286, 0.87176125, 0.87081501, 0.87413685,
       0.870652  , 0.87247583, 0.87394921, 0.87171617, 0.87375805]), array([0.87356735, 0.87712974, 0.87410972, 0.87135066, 0.87498171,
       0.87124372, 0.87247298, 0.87294783, 0.87366542, 0.8739927 ]), array([0.87310686, 0.87955799, 0.87257554, 0.87117982, 0.87465724,
       0.87293488, 0.87551213, 0.87541451, 0.87368973, 0.87318007]), array([0.87358998, 0.87891685, 0.8735289 , 0.86986567, 0.87203631,
       0.87366522, 0.87411516, 0.87419776, 0.87337937, 0.87313077]), array([0.87356305, 0.87862534, 0.87343342, 0.87049286, 0.87458068,
       0.87242634, 0.87137482, 0.87581608, 0.87216089, 0.87331038])]
real metric: [array([0.97645212, 0.99514785, 0.96444784, 0.93389014, 0.95702745,
       0.94851472, 0.97425451, 0.96857696, 0.94064139, 0.96375208]), array([0.97848756, 0.99466055, 0.97141776, 0.94037589, 0.95981775,
       0.95224085, 0.97306623, 0.9684265 , 0.94154131, 0.96003328]), array([0.97701356, 0.99424643, 0.97169641, 0.94130658, 0.96709612,
       0.95419455, 0.97388818, 0.96598314, 0.94810408, 0.96019279]), array([0.97984151, 0.99500089, 0.9659448 , 0.93636607, 0.96168026,
       0.9466191 , 0.97406359, 0.96558306, 0.93585945, 0.96543168]), array([0.9805005 , 0.99399024, 0.97086986, 0.94393224, 0.96679713,
       0.94632372, 0.97539005, 0.97107389, 0.94605338, 0.96401442])]

estim_algorithm = doc-model, mode = classification, metric = auc, confidence_scores = entropy-conf, class_specific = True
test err: [0.0070097272012834885, 0.0075324376746925045, 0.0064503056596530665, 0.0068211142589573726, 0.003984844003023546]
estimated metric: [array([0.98060012, 0.98856043, 0.96085974, 0.94847547, 0.97433935,
       0.94534055, 0.97861431, 0.97019716, 0.95439311, 0.96472273]), array([0.98149489, 0.98926848, 0.9618861 , 0.94885978, 0.97486482,
       0.9459047 , 0.97874207, 0.97109562, 0.9559308 , 0.96482502]), array([0.98124579, 0.98932512, 0.96209556, 0.94855937, 0.97462949,
       0.94550588, 0.97946196, 0.97130622, 0.95580767, 0.96386617]), array([0.98139461, 0.98901542, 0.96147314, 0.94884351, 0.9742413 ,
       0.94620237, 0.97840545, 0.97073696, 0.95562473, 0.963947  ]), array([0.98134013, 0.98876097, 0.96164638, 0.94799233, 0.9745518 ,
       0.94516044, 0.97762462, 0.97179616, 0.95450628, 0.96418273])]
real metric: [array([0.97645212, 0.99514785, 0.96444784, 0.93389014, 0.95702745,
       0.94851472, 0.97425451, 0.96857696, 0.94064139, 0.96375208]), array([0.97848756, 0.99466055, 0.97141776, 0.94037589, 0.95981775,
       0.95224085, 0.97306623, 0.9684265 , 0.94154131, 0.96003328]), array([0.97701356, 0.99424643, 0.97169641, 0.94130658, 0.96709612,
       0.95419455, 0.97388818, 0.96598314, 0.94810408, 0.96019279]), array([0.97984151, 0.99500089, 0.9659448 , 0.93636607, 0.96168026,
       0.9466191 , 0.97406359, 0.96558306, 0.93585945, 0.96543168]), array([0.9805005 , 0.99399024, 0.97086986, 0.94393224, 0.96679713,
       0.94632372, 0.97539005, 0.97107389, 0.94605338, 0.96401442])]

estim_algorithm = doc-model, mode = classification, metric = auc, confidence_scores = doctor-conf, class_specific = False
test err: [0.10891583754463033, 0.10935278324172973, 0.11033261578991634, 0.10833844579472385, 0.11192196989448851]
estimated metric: [array([0.85388167, 0.85697437, 0.85268272, 0.85214907, 0.85376424,
       0.8520564 , 0.85337684, 0.85348312, 0.85197697, 0.8532013 ]), array([0.85607494, 0.85750397, 0.85397827, 0.85210076, 0.854335  ,
       0.85315323, 0.85366157, 0.85348801, 0.85586886, 0.85637523]), array([0.85580196, 0.85758491, 0.853773  , 0.85227957, 0.85405073,
       0.85601393, 0.8542196 , 0.85341662, 0.85634613, 0.85690923]), array([0.85457053, 0.85721056, 0.85327682, 0.85225802, 0.85377534,
       0.85336623, 0.85282726, 0.85393658, 0.85579993, 0.8559847 ]), array([0.85432323, 0.85703453, 0.85323857, 0.85164962, 0.85393014,
       0.85211309, 0.85305412, 0.85327753, 0.85530003, 0.85580488])]
real metric: [array([0.97645212, 0.99514785, 0.96444784, 0.93389014, 0.95702745,
       0.94851472, 0.97425451, 0.96857696, 0.94064139, 0.96375208]), array([0.97848756, 0.99466055, 0.97141776, 0.94037589, 0.95981775,
       0.95224085, 0.97306623, 0.9684265 , 0.94154131, 0.96003328]), array([0.97701356, 0.99424643, 0.97169641, 0.94130658, 0.96709612,
       0.95419455, 0.97388818, 0.96598314, 0.94810408, 0.96019279]), array([0.97984151, 0.99500089, 0.9659448 , 0.93636607, 0.96168026,
       0.9466191 , 0.97406359, 0.96558306, 0.93585945, 0.96543168]), array([0.9805005 , 0.99399024, 0.97086986, 0.94393224, 0.96679713,
       0.94632372, 0.97539005, 0.97107389, 0.94605338, 0.96401442])]

estim_algorithm = doc-model, mode = classification, metric = auc, confidence_scores = doctor-conf, class_specific = True
test err: [0.007443335487952396, 0.007685103911952762, 0.006812188183432155, 0.007180873082559336, 0.004228677845874595]
estimated metric: [array([0.98355753, 0.99068068, 0.96292668, 0.95087217, 0.97494695,
       0.9461543 , 0.97946025, 0.97198226, 0.95502005, 0.96484005]), array([0.98421804, 0.99080853, 0.96413203, 0.95099671, 0.97536183,
       0.94726517, 0.97969382, 0.9718735 , 0.95551599, 0.96482622]), array([0.9840916 , 0.99120492, 0.96403902, 0.9512489 , 0.97503983,
       0.94665529, 0.98041596, 0.97196803, 0.95563042, 0.96507344]), array([0.98413922, 0.99052935, 0.96353227, 0.95104823, 0.97474599,
       0.94739453, 0.97891738, 0.97224537, 0.95535133, 0.96433602]), array([0.98400829, 0.9906613 , 0.96351559, 0.95052962, 0.97493884,
       0.94628998, 0.97919395, 0.97161904, 0.95490171, 0.96413999])]
real metric: [array([0.97645212, 0.99514785, 0.96444784, 0.93389014, 0.95702745,
       0.94851472, 0.97425451, 0.96857696, 0.94064139, 0.96375208]), array([0.97848756, 0.99466055, 0.97141776, 0.94037589, 0.95981775,
       0.95224085, 0.97306623, 0.9684265 , 0.94154131, 0.96003328]), array([0.97701356, 0.99424643, 0.97169641, 0.94130658, 0.96709612,
       0.95419455, 0.97388818, 0.96598314, 0.94810408, 0.96019279]), array([0.97984151, 0.99500089, 0.9659448 , 0.93636607, 0.96168026,
       0.9466191 , 0.97406359, 0.96558306, 0.93585945, 0.96543168]), array([0.9805005 , 0.99399024, 0.97086986, 0.94393224, 0.96679713,
       0.94632372, 0.97539005, 0.97107389, 0.94605338, 0.96401442])]

