estim_algorithm = ac-model, mode = classification, metric = precision, confidence_scores = max_class_probability-conf, class_specific = False
test err: [0.47115381084828395, 0.4602761885978439, 0.4682189048619259, 0.46206846945412117, 0.4622741473263621]
estimated metric: [array([0.30806422, 0.0481397 , 0.19113647, 0.09348158, 0.19634308,
       0.01676525, 0.54020842, 0.00901918, 0.03512545, 0.00454463]), array([0.30587786, 0.04799534, 0.19166866, 0.09677838, 0.19221252,
       0.01558238, 0.54420352, 0.00993456, 0.03580012, 0.00399491]), array([0.30790945, 0.05620151, 0.18569513, 0.098759  , 0.20005314,
       0.01790214, 0.53573774, 0.00828096, 0.03516908, 0.00538165]), array([0.30832037, 0.04924648, 0.18699599, 0.1024254 , 0.19334212,
       0.01680544, 0.53625817, 0.0100381 , 0.03934776, 0.00407141]), array([0.30045571, 0.04976465, 0.1906651 , 0.09682036, 0.19436283,
       0.01478503, 0.54909659, 0.01072061, 0.03509828, 0.00376987])]
real metric: [array([0.35473197, 0.80203046, 0.33557047, 0.3256351 , 0.34739179,
       0.60810811, 0.22526089, 0.87179487, 0.70394737, 0.95      ]), array([0.3626595 , 0.7628866 , 0.36262514, 0.29046563, 0.32992036,
       0.54285714, 0.23340471, 0.86046512, 0.73548387, 0.94444444]), array([0.3811749 , 0.74025974, 0.33986175, 0.27729258, 0.35511983,
       0.64556962, 0.21885276, 0.97058824, 0.69078947, 0.88      ]), array([0.36985392, 0.77227723, 0.31356899, 0.29598309, 0.36907449,
       0.59459459, 0.21169208, 0.95454545, 0.75903614, 0.77777778]), array([0.36295284, 0.77073171, 0.38496072, 0.27455357, 0.35851184,
       0.71875   , 0.22206506, 0.91304348, 0.7615894 , 0.64705882])]

estim_algorithm = ac-model, mode = classification, metric = precision, confidence_scores = energy-conf, class_specific = False
test err: [0.5287472996918017, 0.521145825967266, 0.52682036815203, 0.522696820596992, 0.5138937895041854]
estimated metric: [array([0.81202417, 0.24176452, 0.70228818, 0.53628509, 0.68655914,
       0.15097928, 0.90708359, 0.08067297, 0.200339  , 0.03030198]), array([0.80927088, 0.23627746, 0.70171614, 0.54856203, 0.67896254,
       0.14984273, 0.90821947, 0.08643436, 0.20339905, 0.02638101]), array([0.80975277, 0.27209611, 0.69512703, 0.54888653, 0.69083851,
       0.15647509, 0.9040031 , 0.06648553, 0.20006688, 0.04018591]), array([0.81366606, 0.25225836, 0.70010047, 0.5603813 , 0.68496437,
       0.15355295, 0.90703696, 0.0947114 , 0.20952338, 0.0271935 ]), array([0.80450666, 0.25278156, 0.69896105, 0.54201612, 0.67935886,
       0.13087518, 0.90876767, 0.09363983, 0.19925928, 0.02624601])]
real metric: [array([0.35473197, 0.80203046, 0.33557047, 0.3256351 , 0.34739179,
       0.60810811, 0.22526089, 0.87179487, 0.70394737, 0.95      ]), array([0.3626595 , 0.7628866 , 0.36262514, 0.29046563, 0.32992036,
       0.54285714, 0.23340471, 0.86046512, 0.73548387, 0.94444444]), array([0.3811749 , 0.74025974, 0.33986175, 0.27729258, 0.35511983,
       0.64556962, 0.21885276, 0.97058824, 0.69078947, 0.88      ]), array([0.36985392, 0.77227723, 0.31356899, 0.29598309, 0.36907449,
       0.59459459, 0.21169208, 0.95454545, 0.75903614, 0.77777778]), array([0.36295284, 0.77073171, 0.38496072, 0.27455357, 0.35851184,
       0.71875   , 0.22206506, 0.91304348, 0.7615894 , 0.64705882])]

estim_algorithm = ac-model, mode = classification, metric = precision, confidence_scores = entropy-conf, class_specific = False
test err: [0.5572744742724264, 0.5461128638391497, 0.5495763322869238, 0.5436912740249797, 0.5453483669343809]
estimated metric: [array([9.79785372e-01, 2.22047599e-01, 1.47255855e-08, 1.37771506e-08,
       1.47042135e-08, 1.31290021e-08, 1.98973051e-08, 1.30695465e-08,
       1.32659777e-08, 1.30380305e-08]), array([9.79933752e-01, 2.18698513e-01, 1.47391862e-08, 1.38119060e-08,
       1.46560236e-08, 1.31236464e-08, 1.99807030e-08, 1.30774254e-08,
       1.32718147e-08, 1.30358075e-08]), array([9.79699219e-01, 2.21094863e-01, 1.46699983e-08, 1.38246502e-08,
       1.47418999e-08, 1.31390757e-08, 1.97282697e-08, 1.30615285e-08,
       1.32667153e-08, 1.30485648e-08]), array([9.79645659e-01, 2.21428733e-01, 1.46898334e-08, 1.38518036e-08,
       1.46712211e-08, 1.31290252e-08, 1.98174553e-08, 1.30782339e-08,
       1.32874296e-08, 1.30344459e-08]), array([9.80421261e-01, 2.15249243e-01, 1.47193184e-08, 1.38072505e-08,
       1.46746222e-08, 1.31138090e-08, 2.00678217e-08, 1.30833457e-08,
       1.32658973e-08, 1.30352112e-08])]
real metric: [array([0.35473197, 0.80203046, 0.33557047, 0.3256351 , 0.34739179,
       0.60810811, 0.22526089, 0.87179487, 0.70394737, 0.95      ]), array([0.3626595 , 0.7628866 , 0.36262514, 0.29046563, 0.32992036,
       0.54285714, 0.23340471, 0.86046512, 0.73548387, 0.94444444]), array([0.3811749 , 0.74025974, 0.33986175, 0.27729258, 0.35511983,
       0.64556962, 0.21885276, 0.97058824, 0.69078947, 0.88      ]), array([0.36985392, 0.77227723, 0.31356899, 0.29598309, 0.36907449,
       0.59459459, 0.21169208, 0.95454545, 0.75903614, 0.77777778]), array([0.36295284, 0.77073171, 0.38496072, 0.27455357, 0.35851184,
       0.71875   , 0.22206506, 0.91304348, 0.7615894 , 0.64705882])]

estim_algorithm = ac-model, mode = classification, metric = precision, confidence_scores = doctor-conf, class_specific = False
test err: [0.44696583265397677, 0.43705584622468885, 0.4379741358529066, 0.4307754070067359, 0.43234453025497216]
estimated metric: [array([0.45456543, 0.13796066, 0.31980334, 0.18120386, 0.36464433,
       0.03735775, 0.75709373, 0.02001308, 0.07141979, 0.00858843]), array([0.45767576, 0.13927578, 0.31996352, 0.18730841, 0.3624601 ,
       0.03393185, 0.76068689, 0.02200832, 0.07422643, 0.00679335]), array([0.46143024, 0.15431069, 0.31322981, 0.19218208, 0.37150438,
       0.03909247, 0.75647193, 0.02033645, 0.07234585, 0.00738177]), array([0.45960724, 0.13831553, 0.31170182, 0.19771473, 0.36046227,
       0.03639489, 0.75249344, 0.02101183, 0.08697803, 0.00707925]), array([0.45074981, 0.1382211 , 0.32473162, 0.18797622, 0.36587573,
       0.03337662, 0.76630994, 0.02431523, 0.0721225 , 0.00590486])]
real metric: [array([0.35473197, 0.80203046, 0.33557047, 0.3256351 , 0.34739179,
       0.60810811, 0.22526089, 0.87179487, 0.70394737, 0.95      ]), array([0.3626595 , 0.7628866 , 0.36262514, 0.29046563, 0.32992036,
       0.54285714, 0.23340471, 0.86046512, 0.73548387, 0.94444444]), array([0.3811749 , 0.74025974, 0.33986175, 0.27729258, 0.35511983,
       0.64556962, 0.21885276, 0.97058824, 0.69078947, 0.88      ]), array([0.36985392, 0.77227723, 0.31356899, 0.29598309, 0.36907449,
       0.59459459, 0.21169208, 0.95454545, 0.75903614, 0.77777778]), array([0.36295284, 0.77073171, 0.38496072, 0.27455357, 0.35851184,
       0.71875   , 0.22206506, 0.91304348, 0.7615894 , 0.64705882])]

estim_algorithm = ts-model, mode = classification, metric = precision, confidence_scores = max_class_probability-conf, class_specific = False
test err: [0.5076014529082826, 0.5006408247225508, 0.5059749531273997, 0.5009274309483633, 0.49450217626228454]
estimated metric: [array([0.79624851, 0.30556075, 0.66622302, 0.4424577 , 0.67414369,
       0.11731439, 0.90554099, 0.06795333, 0.23054586, 0.03451564]), array([0.7978093 , 0.31069498, 0.66784327, 0.450549  , 0.67071748,
       0.10691841, 0.90779712, 0.07395299, 0.23440733, 0.02939604]), array([0.8016605 , 0.34496817, 0.66169893, 0.46260547, 0.68510648,
       0.12672539, 0.90617184, 0.06943669, 0.23313228, 0.03813641]), array([0.79835083, 0.3104804 , 0.65935871, 0.4735197 , 0.67131424,
       0.1195208 , 0.90512868, 0.07515094, 0.25964097, 0.03166339]), array([0.79497362, 0.31643039, 0.66989481, 0.45790318, 0.67767838,
       0.11044345, 0.91015   , 0.08215076, 0.23613059, 0.02855242])]
real metric: [array([0.35473197, 0.80203046, 0.33557047, 0.3256351 , 0.34739179,
       0.60810811, 0.22526089, 0.87179487, 0.70394737, 0.95      ]), array([0.3626595 , 0.7628866 , 0.36262514, 0.29046563, 0.32992036,
       0.54285714, 0.23340471, 0.86046512, 0.73548387, 0.94444444]), array([0.3811749 , 0.74025974, 0.33986175, 0.27729258, 0.35511983,
       0.64556962, 0.21885276, 0.97058824, 0.69078947, 0.88      ]), array([0.36985392, 0.77227723, 0.31356899, 0.29598309, 0.36907449,
       0.59459459, 0.21169208, 0.95454545, 0.75903614, 0.77777778]), array([0.36295284, 0.77073171, 0.38496072, 0.27455357, 0.35851184,
       0.71875   , 0.22206506, 0.91304348, 0.7615894 , 0.64705882])]

estim_algorithm = ts-model, mode = classification, metric = precision, confidence_scores = max_class_probability-conf, class_specific = True
test err: [0.4824161085911407, 0.4747060416595814, 0.47814380723804, 0.47584456854371204, 0.469070846722958]
estimated metric: [array([0.95742893, 0.59746619, 0.87072916, 0.67002631, 0.87160453,
       0.35796214, 0.95441689, 0.22710629, 0.533847  , 0.1309537 ]), array([0.95497153, 0.59616032, 0.87246337, 0.67930201, 0.86993893,
       0.34753973, 0.9552005 , 0.24653728, 0.54117122, 0.12046921]), array([0.95567298, 0.63694114, 0.86828584, 0.6864759 , 0.87455991,
       0.3749925 , 0.95410048, 0.20522619, 0.53583223, 0.15957021]), array([0.95534446, 0.60304457, 0.86834531, 0.69694703, 0.86950814,
       0.357545  , 0.95394243, 0.248634  , 0.55524531, 0.11923143]), array([0.95524309, 0.61313388, 0.87323167, 0.68636663, 0.87273275,
       0.33100961, 0.9562623 , 0.26233569, 0.53861655, 0.11616163])]
real metric: [array([0.35473197, 0.80203046, 0.33557047, 0.3256351 , 0.34739179,
       0.60810811, 0.22526089, 0.87179487, 0.70394737, 0.95      ]), array([0.3626595 , 0.7628866 , 0.36262514, 0.29046563, 0.32992036,
       0.54285714, 0.23340471, 0.86046512, 0.73548387, 0.94444444]), array([0.3811749 , 0.74025974, 0.33986175, 0.27729258, 0.35511983,
       0.64556962, 0.21885276, 0.97058824, 0.69078947, 0.88      ]), array([0.36985392, 0.77227723, 0.31356899, 0.29598309, 0.36907449,
       0.59459459, 0.21169208, 0.95454545, 0.75903614, 0.77777778]), array([0.36295284, 0.77073171, 0.38496072, 0.27455357, 0.35851184,
       0.71875   , 0.22206506, 0.91304348, 0.7615894 , 0.64705882])]

estim_algorithm = ts-model, mode = classification, metric = precision, confidence_scores = energy-conf, class_specific = False
test err: [0.5108971999852542, 0.5039305088131549, 0.5077585618354533, 0.5016857698767322, 0.4980698610543269]
estimated metric: [array([0.92395279, 0.52742762, 0.87234457, 0.76567557, 0.87144377,
       0.34710156, 0.97481954, 0.21055394, 0.4639752 , 0.09749651]), array([0.92267775, 0.52115479, 0.87277263, 0.77337132, 0.86803665,
       0.33880895, 0.97510236, 0.22431074, 0.46881238, 0.08663057]), array([0.92261379, 0.56667721, 0.8678606 , 0.77370608, 0.87284544,
       0.35560056, 0.97372007, 0.18006816, 0.46224576, 0.12347393]), array([0.92506001, 0.54218289, 0.87231822, 0.78462462, 0.87171329,
       0.35225909, 0.97482947, 0.24096302, 0.48500795, 0.08933359]), array([0.9205092 , 0.53881013, 0.87051976, 0.76948007, 0.86784306,
       0.3084384 , 0.97511959, 0.23875334, 0.46053928, 0.0843613 ])]
real metric: [array([0.35473197, 0.80203046, 0.33557047, 0.3256351 , 0.34739179,
       0.60810811, 0.22526089, 0.87179487, 0.70394737, 0.95      ]), array([0.3626595 , 0.7628866 , 0.36262514, 0.29046563, 0.32992036,
       0.54285714, 0.23340471, 0.86046512, 0.73548387, 0.94444444]), array([0.3811749 , 0.74025974, 0.33986175, 0.27729258, 0.35511983,
       0.64556962, 0.21885276, 0.97058824, 0.69078947, 0.88      ]), array([0.36985392, 0.77227723, 0.31356899, 0.29598309, 0.36907449,
       0.59459459, 0.21169208, 0.95454545, 0.75903614, 0.77777778]), array([0.36295284, 0.77073171, 0.38496072, 0.27455357, 0.35851184,
       0.71875   , 0.22206506, 0.91304348, 0.7615894 , 0.64705882])]

estim_algorithm = ts-model, mode = classification, metric = precision, confidence_scores = energy-conf, class_specific = True
test err: [0.4864569703887625, 0.47941616870945014, 0.4826328308295034, 0.4793997537829644, 0.47321751739037143]
estimated metric: [array([0.962196  , 0.59920867, 0.86994324, 0.7039391 , 0.87082314,
       0.35636333, 0.95411288, 0.22588631, 0.53211368, 0.13016326]), array([0.96174945, 0.59712906, 0.87188856, 0.71802467, 0.86935445,
       0.34637167, 0.95497928, 0.24558091, 0.53989086, 0.11992405]), array([0.96041142, 0.63467065, 0.86646686, 0.71630923, 0.87281488,
       0.37129399, 0.95340294, 0.20265915, 0.53189738, 0.15746111]), array([0.95989582, 0.60265286, 0.8672794 , 0.7229587 , 0.86845023,
       0.35541359, 0.95353238, 0.24690233, 0.55294969, 0.11825916]), array([0.95985694, 0.61215052, 0.87175943, 0.71562384, 0.87125558,
       0.32808577, 0.95570537, 0.2597829 , 0.5353263 , 0.11480988])]
real metric: [array([0.35473197, 0.80203046, 0.33557047, 0.3256351 , 0.34739179,
       0.60810811, 0.22526089, 0.87179487, 0.70394737, 0.95      ]), array([0.3626595 , 0.7628866 , 0.36262514, 0.29046563, 0.32992036,
       0.54285714, 0.23340471, 0.86046512, 0.73548387, 0.94444444]), array([0.3811749 , 0.74025974, 0.33986175, 0.27729258, 0.35511983,
       0.64556962, 0.21885276, 0.97058824, 0.69078947, 0.88      ]), array([0.36985392, 0.77227723, 0.31356899, 0.29598309, 0.36907449,
       0.59459459, 0.21169208, 0.95454545, 0.75903614, 0.77777778]), array([0.36295284, 0.77073171, 0.38496072, 0.27455357, 0.35851184,
       0.71875   , 0.22206506, 0.91304348, 0.7615894 , 0.64705882])]

estim_algorithm = ts-model, mode = classification, metric = precision, confidence_scores = entropy-conf, class_specific = False
test err: [0.5041007092095545, 0.4972625596175126, 0.5031276018054257, 0.49779219712529504, 0.4915784574742405]
estimated metric: [array([0.78519432, 0.29732869, 0.65115745, 0.41876307, 0.66166209,
       0.11039288, 0.90128068, 0.06376658, 0.22052405, 0.03232891]), array([0.78728141, 0.30398823, 0.65381741, 0.42686185, 0.65928487,
       0.09935598, 0.9037795 , 0.06929229, 0.22565353, 0.02717124]), array([0.79140133, 0.33446949, 0.64672025, 0.4396549 , 0.67305586,
       0.11982248, 0.90195742, 0.06561764, 0.22235294, 0.03415645]), array([0.78713622, 0.3009327 , 0.64400738, 0.44970543, 0.65847734,
       0.11147357, 0.90074146, 0.06898784, 0.24991706, 0.02889332]), array([0.7841937 , 0.30772737, 0.65630103, 0.43446076, 0.6663248 ,
       0.10398646, 0.90624814, 0.07718999, 0.22540454, 0.02556488])]
real metric: [array([0.35473197, 0.80203046, 0.33557047, 0.3256351 , 0.34739179,
       0.60810811, 0.22526089, 0.87179487, 0.70394737, 0.95      ]), array([0.3626595 , 0.7628866 , 0.36262514, 0.29046563, 0.32992036,
       0.54285714, 0.23340471, 0.86046512, 0.73548387, 0.94444444]), array([0.3811749 , 0.74025974, 0.33986175, 0.27729258, 0.35511983,
       0.64556962, 0.21885276, 0.97058824, 0.69078947, 0.88      ]), array([0.36985392, 0.77227723, 0.31356899, 0.29598309, 0.36907449,
       0.59459459, 0.21169208, 0.95454545, 0.75903614, 0.77777778]), array([0.36295284, 0.77073171, 0.38496072, 0.27455357, 0.35851184,
       0.71875   , 0.22206506, 0.91304348, 0.7615894 , 0.64705882])]

estim_algorithm = ts-model, mode = classification, metric = precision, confidence_scores = entropy-conf, class_specific = True
test err: [0.4612516820005119, 0.4625725005668092, 0.4791239048780307, 0.46408918638955077, 0.45757123997377125]
estimated metric: [array([0.00194317, 0.95220106, 0.83480174, 0.63798708, 0.83587454,
       0.29492302, 0.94014947, 0.18062838, 0.46212836, 0.10156776]), array([9.41085801e-04, 9.47549275e-01, 8.36419463e-01, 6.44488913e-01,
       8.33317879e-01, 2.84761742e-01, 9.40956946e-01, 1.96508975e-01,
       4.68533371e-01, 9.28699290e-02]), array([0.00187241, 0.9526319 , 0.83056723, 0.65086192, 0.8383034 ,
       0.30851071, 0.93923654, 0.16108486, 0.46190933, 0.12372021]), array([0.0018622 , 0.95037458, 0.83186768, 0.66366231, 0.83329085,
       0.29452246, 0.93952957, 0.19886631, 0.48360661, 0.09218756]), array([0.00097497, 0.95110784, 0.8377882 , 0.65309909, 0.8371758 ,
       0.27059641, 0.94250499, 0.21051227, 0.46674863, 0.08970289])]
real metric: [array([0.35473197, 0.80203046, 0.33557047, 0.3256351 , 0.34739179,
       0.60810811, 0.22526089, 0.87179487, 0.70394737, 0.95      ]), array([0.3626595 , 0.7628866 , 0.36262514, 0.29046563, 0.32992036,
       0.54285714, 0.23340471, 0.86046512, 0.73548387, 0.94444444]), array([0.3811749 , 0.74025974, 0.33986175, 0.27729258, 0.35511983,
       0.64556962, 0.21885276, 0.97058824, 0.69078947, 0.88      ]), array([0.36985392, 0.77227723, 0.31356899, 0.29598309, 0.36907449,
       0.59459459, 0.21169208, 0.95454545, 0.75903614, 0.77777778]), array([0.36295284, 0.77073171, 0.38496072, 0.27455357, 0.35851184,
       0.71875   , 0.22206506, 0.91304348, 0.7615894 , 0.64705882])]

estim_algorithm = ts-model, mode = classification, metric = precision, confidence_scores = doctor-conf, class_specific = False
test err: [0.5044684520555252, 0.49802679765189495, 0.5035231858333227, 0.49828448425765315, 0.49277369056867293]
estimated metric: [array([0.77514897, 0.31493394, 0.65271143, 0.45118072, 0.6836502 ,
       0.12602453, 0.90481836, 0.07124015, 0.22551472, 0.03240241]), array([0.77775206, 0.32322408, 0.65702812, 0.46627943, 0.68344499,
       0.11578657, 0.90734299, 0.07747063, 0.23508589, 0.02707425]), array([0.78109702, 0.35787416, 0.65040422, 0.47475424, 0.69372436,
       0.13474392, 0.90527484, 0.07086775, 0.22939328, 0.03204895]), array([0.77709665, 0.31759597, 0.64597119, 0.47969286, 0.68055485,
       0.12460241, 0.9040767 , 0.07528716, 0.25755985, 0.02756066]), array([0.77596077, 0.3274357 , 0.66171158, 0.47020236, 0.6895667 ,
       0.11783633, 0.90994646, 0.0853505 , 0.23292341, 0.02423441])]
real metric: [array([0.35473197, 0.80203046, 0.33557047, 0.3256351 , 0.34739179,
       0.60810811, 0.22526089, 0.87179487, 0.70394737, 0.95      ]), array([0.3626595 , 0.7628866 , 0.36262514, 0.29046563, 0.32992036,
       0.54285714, 0.23340471, 0.86046512, 0.73548387, 0.94444444]), array([0.3811749 , 0.74025974, 0.33986175, 0.27729258, 0.35511983,
       0.64556962, 0.21885276, 0.97058824, 0.69078947, 0.88      ]), array([0.36985392, 0.77227723, 0.31356899, 0.29598309, 0.36907449,
       0.59459459, 0.21169208, 0.95454545, 0.75903614, 0.77777778]), array([0.36295284, 0.77073171, 0.38496072, 0.27455357, 0.35851184,
       0.71875   , 0.22206506, 0.91304348, 0.7615894 , 0.64705882])]

estim_algorithm = ts-model, mode = classification, metric = precision, confidence_scores = doctor-conf, class_specific = True
test err: [0.47905789066894566, 0.4722604475823201, 0.4763865694339284, 0.4733003522313772, 0.4662563064984912]
estimated metric: [array([0.90355515, 0.58390136, 0.84918197, 0.59231588, 0.85009569,
       0.31789963, 0.94595306, 0.19719094, 0.48909529, 0.10972622]), array([0.90281625, 0.5800027 , 0.85125987, 0.60751489, 0.84834774,
       0.30825907, 0.94691538, 0.21491221, 0.49666477, 0.10147274]), array([0.90493255, 0.6161566 , 0.8460887 , 0.61306919, 0.85321614,
       0.33347806, 0.94545673, 0.17717827, 0.49048531, 0.13650463]), array([0.90282489, 0.58278371, 0.84594301, 0.61948471, 0.84722472,
       0.31608561, 0.94518579, 0.21599032, 0.50965135, 0.10120723]), array([0.90274567, 0.5966464 , 0.85209845, 0.61120998, 0.85151992,
       0.29233273, 0.94814892, 0.22925059, 0.49402296, 0.09903659])]
real metric: [array([0.35473197, 0.80203046, 0.33557047, 0.3256351 , 0.34739179,
       0.60810811, 0.22526089, 0.87179487, 0.70394737, 0.95      ]), array([0.3626595 , 0.7628866 , 0.36262514, 0.29046563, 0.32992036,
       0.54285714, 0.23340471, 0.86046512, 0.73548387, 0.94444444]), array([0.3811749 , 0.74025974, 0.33986175, 0.27729258, 0.35511983,
       0.64556962, 0.21885276, 0.97058824, 0.69078947, 0.88      ]), array([0.36985392, 0.77227723, 0.31356899, 0.29598309, 0.36907449,
       0.59459459, 0.21169208, 0.95454545, 0.75903614, 0.77777778]), array([0.36295284, 0.77073171, 0.38496072, 0.27455357, 0.35851184,
       0.71875   , 0.22206506, 0.91304348, 0.7615894 , 0.64705882])]

estim_algorithm = doc-model, mode = classification, metric = precision, confidence_scores = max_class_probability-conf, class_specific = False
test err: [0.5181637999291862, 0.5110155993144362, 0.5147273053618038, 0.5112139865966459, 0.5048628195418762]
estimated metric: [array([0.86091874, 0.39670432, 0.7663996 , 0.59452948, 0.76860982,
       0.1922832 , 0.93639528, 0.11133199, 0.33220723, 0.05997878]), array([0.85891767, 0.39386248, 0.76772108, 0.60508194, 0.76382343,
       0.18332854, 0.93729093, 0.12153909, 0.33691306, 0.0540977 ]), array([0.8600256 , 0.43707851, 0.76069361, 0.60952652, 0.77291015,
       0.20313899, 0.93508767, 0.09959118, 0.33275694, 0.07331013]), array([0.86048782, 0.40284602, 0.76234279, 0.61747818, 0.7652094 ,
       0.19239351, 0.93555261, 0.12363688, 0.3538626 , 0.05425056]), array([0.85636766, 0.40687039, 0.76626355, 0.60404408, 0.76606767,
       0.17144747, 0.93827371, 0.12934551, 0.33155778, 0.05129672])]
real metric: [array([0.35473197, 0.80203046, 0.33557047, 0.3256351 , 0.34739179,
       0.60810811, 0.22526089, 0.87179487, 0.70394737, 0.95      ]), array([0.3626595 , 0.7628866 , 0.36262514, 0.29046563, 0.32992036,
       0.54285714, 0.23340471, 0.86046512, 0.73548387, 0.94444444]), array([0.3811749 , 0.74025974, 0.33986175, 0.27729258, 0.35511983,
       0.64556962, 0.21885276, 0.97058824, 0.69078947, 0.88      ]), array([0.36985392, 0.77227723, 0.31356899, 0.29598309, 0.36907449,
       0.59459459, 0.21169208, 0.95454545, 0.75903614, 0.77777778]), array([0.36295284, 0.77073171, 0.38496072, 0.27455357, 0.35851184,
       0.71875   , 0.22206506, 0.91304348, 0.7615894 , 0.64705882])]

estim_algorithm = doc-model, mode = classification, metric = precision, confidence_scores = max_class_probability-conf, class_specific = True
test err: [0.4816088538190474, 0.4743781346650331, 0.4775835493852195, 0.47481948497572707, 0.46824931984608387]
estimated metric: [array([0.96919239, 0.61965693, 0.88085947, 0.72081771, 0.88167556,
       0.37964714, 0.95830301, 0.24387525, 0.55694415, 0.14192672]), array([0.96752817, 0.61774044, 0.88219614, 0.73196444, 0.87983782,
       0.3683285 , 0.95891656, 0.26372645, 0.5635385 , 0.13038972]), array([0.96731706, 0.65647388, 0.87776073, 0.73413691, 0.88364396,
       0.39523725, 0.95770293, 0.2195249 , 0.55702149, 0.17137383]), array([0.96648657, 0.62321698, 0.87776833, 0.73946925, 0.87885955,
       0.37731103, 0.95753846, 0.26486135, 0.57613948, 0.12845709]), array([0.9672168 , 0.63425529, 0.88286554, 0.73423973, 0.88239943,
       0.35123596, 0.95987606, 0.28012282, 0.56089271, 0.12572696])]
real metric: [array([0.35473197, 0.80203046, 0.33557047, 0.3256351 , 0.34739179,
       0.60810811, 0.22526089, 0.87179487, 0.70394737, 0.95      ]), array([0.3626595 , 0.7628866 , 0.36262514, 0.29046563, 0.32992036,
       0.54285714, 0.23340471, 0.86046512, 0.73548387, 0.94444444]), array([0.3811749 , 0.74025974, 0.33986175, 0.27729258, 0.35511983,
       0.64556962, 0.21885276, 0.97058824, 0.69078947, 0.88      ]), array([0.36985392, 0.77227723, 0.31356899, 0.29598309, 0.36907449,
       0.59459459, 0.21169208, 0.95454545, 0.75903614, 0.77777778]), array([0.36295284, 0.77073171, 0.38496072, 0.27455357, 0.35851184,
       0.71875   , 0.22206506, 0.91304348, 0.7615894 , 0.64705882])]

estim_algorithm = doc-model, mode = classification, metric = precision, confidence_scores = energy-conf, class_specific = False
test err: [0.511056274634434, 0.5040828466754925, 0.507916707251029, 0.5018517695923411, 0.4982170994273445]
estimated metric: [array([0.92379669, 0.52673654, 0.87204832, 0.7652096 , 0.87113516,
       0.34648173, 0.9746818 , 0.21011533, 0.46310857, 0.09715724]), array([0.92252544, 0.5205189 , 0.872487  , 0.77293788, 0.86773295,
       0.33822223, 0.97496988, 0.22385176, 0.46798075, 0.08631286]), array([0.92246359, 0.56603289, 0.86757187, 0.77327404, 0.87255703,
       0.35499099, 0.97358467, 0.17972015, 0.4614234 , 0.12302196]), array([0.92490527, 0.54149308, 0.87201932, 0.78418353, 0.87140324,
       0.35162301, 0.97469571, 0.24043768, 0.48418826, 0.08900598]), array([0.92035707, 0.53816059, 0.87024064, 0.76905327, 0.86755021,
       0.30791178, 0.97498988, 0.23828761, 0.459736  , 0.08405347])]
real metric: [array([0.35473197, 0.80203046, 0.33557047, 0.3256351 , 0.34739179,
       0.60810811, 0.22526089, 0.87179487, 0.70394737, 0.95      ]), array([0.3626595 , 0.7628866 , 0.36262514, 0.29046563, 0.32992036,
       0.54285714, 0.23340471, 0.86046512, 0.73548387, 0.94444444]), array([0.3811749 , 0.74025974, 0.33986175, 0.27729258, 0.35511983,
       0.64556962, 0.21885276, 0.97058824, 0.69078947, 0.88      ]), array([0.36985392, 0.77227723, 0.31356899, 0.29598309, 0.36907449,
       0.59459459, 0.21169208, 0.95454545, 0.75903614, 0.77777778]), array([0.36295284, 0.77073171, 0.38496072, 0.27455357, 0.35851184,
       0.71875   , 0.22206506, 0.91304348, 0.7615894 , 0.64705882])]

estim_algorithm = doc-model, mode = classification, metric = precision, confidence_scores = energy-conf, class_specific = True
test err: [0.4863735430402526, 0.47944007614358164, 0.4827021320980034, 0.4793723335020269, 0.47319037386210133]
estimated metric: [array([0.9620101 , 0.59965755, 0.87001337, 0.70404732, 0.87089287,
       0.35650555, 0.95414052, 0.22599474, 0.53226803, 0.13023347]), array([0.96198132, 0.59695405, 0.87195038, 0.71813081, 0.86941731,
       0.34649699, 0.95500448, 0.24568348, 0.54002835, 0.11998248]), array([0.9608596 , 0.63424962, 0.86653095, 0.71641247, 0.87287637,
       0.37142332, 0.95342824, 0.20274869, 0.53203531, 0.15753462]), array([0.9599382 , 0.60279617, 0.86734873, 0.72308206, 0.86851903,
       0.35555161, 0.9535594 , 0.24701435, 0.55309859, 0.11832199]), array([0.95990387, 0.61229623, 0.8718283 , 0.71575689, 0.87132467,
       0.3282216 , 0.95573192, 0.25990139, 0.53547956, 0.11487251])]
real metric: [array([0.35473197, 0.80203046, 0.33557047, 0.3256351 , 0.34739179,
       0.60810811, 0.22526089, 0.87179487, 0.70394737, 0.95      ]), array([0.3626595 , 0.7628866 , 0.36262514, 0.29046563, 0.32992036,
       0.54285714, 0.23340471, 0.86046512, 0.73548387, 0.94444444]), array([0.3811749 , 0.74025974, 0.33986175, 0.27729258, 0.35511983,
       0.64556962, 0.21885276, 0.97058824, 0.69078947, 0.88      ]), array([0.36985392, 0.77227723, 0.31356899, 0.29598309, 0.36907449,
       0.59459459, 0.21169208, 0.95454545, 0.75903614, 0.77777778]), array([0.36295284, 0.77073171, 0.38496072, 0.27455357, 0.35851184,
       0.71875   , 0.22206506, 0.91304348, 0.7615894 , 0.64705882])]

estim_algorithm = doc-model, mode = classification, metric = precision, confidence_scores = entropy-conf, class_specific = False
test err: [0.5183026058150676, 0.5111502257396181, 0.5147788322195741, 0.5113398128607987, 0.5050573082527088]
estimated metric: [array([0.86702349, 0.4075187 , 0.77611711, 0.60964157, 0.77791574,
       0.20203164, 0.93966329, 0.11718308, 0.34446033, 0.06343198]), array([0.86489474, 0.4039164 , 0.77727217, 0.620022  , 0.77305771,
       0.19309953, 0.9404534 , 0.12774479, 0.34909614, 0.05740273]), array([0.86579608, 0.4477902 , 0.77025489, 0.62392225, 0.78166522,
       0.21289017, 0.93825342, 0.10380567, 0.3445696 , 0.07795315]), array([0.86652648, 0.41374887, 0.77224357, 0.63189081, 0.7745618 ,
       0.20197005, 0.93881504, 0.13023156, 0.36534633, 0.05740139]), array([0.86229776, 0.41752335, 0.77557178, 0.61841219, 0.77492438,
       0.17952638, 0.94132607, 0.13556948, 0.34310353, 0.05436575])]
real metric: [array([0.35473197, 0.80203046, 0.33557047, 0.3256351 , 0.34739179,
       0.60810811, 0.22526089, 0.87179487, 0.70394737, 0.95      ]), array([0.3626595 , 0.7628866 , 0.36262514, 0.29046563, 0.32992036,
       0.54285714, 0.23340471, 0.86046512, 0.73548387, 0.94444444]), array([0.3811749 , 0.74025974, 0.33986175, 0.27729258, 0.35511983,
       0.64556962, 0.21885276, 0.97058824, 0.69078947, 0.88      ]), array([0.36985392, 0.77227723, 0.31356899, 0.29598309, 0.36907449,
       0.59459459, 0.21169208, 0.95454545, 0.75903614, 0.77777778]), array([0.36295284, 0.77073171, 0.38496072, 0.27455357, 0.35851184,
       0.71875   , 0.22206506, 0.91304348, 0.7615894 , 0.64705882])]

estim_algorithm = doc-model, mode = classification, metric = precision, confidence_scores = entropy-conf, class_specific = True
test err: [0.4647784853826664, 0.46682659128567555, 0.4827151438187555, 0.467161160470191, 0.4609950041150158]
estimated metric: [array([0.00128909, 0.96842671, 0.84538103, 0.6866323 , 0.84639777,
       0.31156413, 0.94443137, 0.19258187, 0.4817577 , 0.10898515]), array([6.48479950e-08, 9.67285117e-01, 8.47538483e-01, 6.98476594e-01,
       8.44608556e-01, 3.02090324e-01, 9.45433825e-01, 2.10044257e-01,
       4.89393133e-01, 1.00156517e-01]), array([6.43405755e-08, 9.69960431e-01, 8.41964610e-01, 7.00298755e-01,
       8.49274821e-01, 3.26551302e-01, 9.43818427e-01, 1.72657068e-01,
       4.82658921e-01, 1.33033829e-01]), array([6.39294417e-08, 9.66647368e-01, 8.42445278e-01, 7.06038679e-01,
       8.43795725e-01, 3.10901966e-01, 9.43791567e-01, 2.11521036e-01,
       5.03004142e-01, 9.88918174e-02]), array([6.59349363e-08, 9.68218681e-01, 8.48503486e-01, 7.00684638e-01,
       8.47924196e-01, 2.86887380e-01, 9.46742685e-01, 2.24298287e-01,
       4.86964714e-01, 9.65448387e-02])]
real metric: [array([0.35473197, 0.80203046, 0.33557047, 0.3256351 , 0.34739179,
       0.60810811, 0.22526089, 0.87179487, 0.70394737, 0.95      ]), array([0.3626595 , 0.7628866 , 0.36262514, 0.29046563, 0.32992036,
       0.54285714, 0.23340471, 0.86046512, 0.73548387, 0.94444444]), array([0.3811749 , 0.74025974, 0.33986175, 0.27729258, 0.35511983,
       0.64556962, 0.21885276, 0.97058824, 0.69078947, 0.88      ]), array([0.36985392, 0.77227723, 0.31356899, 0.29598309, 0.36907449,
       0.59459459, 0.21169208, 0.95454545, 0.75903614, 0.77777778]), array([0.36295284, 0.77073171, 0.38496072, 0.27455357, 0.35851184,
       0.71875   , 0.22206506, 0.91304348, 0.7615894 , 0.64705882])]

estim_algorithm = doc-model, mode = classification, metric = precision, confidence_scores = doctor-conf, class_specific = False
test err: [0.512787780298446, 0.505716334389221, 0.5102668843028191, 0.505847666468916, 0.4999978941173353]
estimated metric: [array([0.81755294, 0.34918603, 0.70517578, 0.5187816 , 0.71986796,
       0.15208059, 0.9180734 , 0.0865616 , 0.26816686, 0.04286939]), array([0.81666371, 0.35197367, 0.70791522, 0.53207311, 0.71676736,
       0.14315755, 0.91971526, 0.09515452, 0.27539875, 0.03734865]), array([0.81848687, 0.39064985, 0.70042368, 0.53781329, 0.72642445,
       0.16091162, 0.9173668 , 0.0813085 , 0.27192094, 0.0479606 ]), array([0.81695168, 0.35438495, 0.69922495, 0.54352152, 0.71564092,
       0.15059636, 0.91698216, 0.09331789, 0.2960449 , 0.03755911]), array([0.81465159, 0.36023144, 0.70919535, 0.53307647, 0.72087428,
       0.13756545, 0.92145067, 0.10280322, 0.27197109, 0.03482761])]
real metric: [array([0.35473197, 0.80203046, 0.33557047, 0.3256351 , 0.34739179,
       0.60810811, 0.22526089, 0.87179487, 0.70394737, 0.95      ]), array([0.3626595 , 0.7628866 , 0.36262514, 0.29046563, 0.32992036,
       0.54285714, 0.23340471, 0.86046512, 0.73548387, 0.94444444]), array([0.3811749 , 0.74025974, 0.33986175, 0.27729258, 0.35511983,
       0.64556962, 0.21885276, 0.97058824, 0.69078947, 0.88      ]), array([0.36985392, 0.77227723, 0.31356899, 0.29598309, 0.36907449,
       0.59459459, 0.21169208, 0.95454545, 0.75903614, 0.77777778]), array([0.36295284, 0.77073171, 0.38496072, 0.27455357, 0.35851184,
       0.71875   , 0.22206506, 0.91304348, 0.7615894 , 0.64705882])]

estim_algorithm = doc-model, mode = classification, metric = precision, confidence_scores = doctor-conf, class_specific = True
test err: [0.47967727567384805, 0.47308163966478806, 0.47717059052567085, 0.47384913730659173, 0.46705750767922183]
estimated metric: [array([0.90638384, 0.58533164, 0.85014026, 0.60232136, 0.85113122,
       0.31952861, 0.94633534, 0.19838127, 0.49097008, 0.11261826]), array([0.90601386, 0.58050749, 0.85212602, 0.61721171, 0.84926857,
       0.3097232 , 0.94725901, 0.21607146, 0.49837904, 0.10344341]), array([0.90862207, 0.61721305, 0.8469557 , 0.62130859, 0.85407505,
       0.33496296, 0.94579983, 0.17815323, 0.4921531 , 0.13747826]), array([0.90529713, 0.58440177, 0.84677246, 0.62735363, 0.84809251,
       0.31800965, 0.94551533, 0.21707243, 0.51124532, 0.10186914]), array([0.90532271, 0.59714047, 0.85285299, 0.62003216, 0.85228743,
       0.29394381, 0.94844309, 0.23031245, 0.49552274, 0.09957323])]
real metric: [array([0.35473197, 0.80203046, 0.33557047, 0.3256351 , 0.34739179,
       0.60810811, 0.22526089, 0.87179487, 0.70394737, 0.95      ]), array([0.3626595 , 0.7628866 , 0.36262514, 0.29046563, 0.32992036,
       0.54285714, 0.23340471, 0.86046512, 0.73548387, 0.94444444]), array([0.3811749 , 0.74025974, 0.33986175, 0.27729258, 0.35511983,
       0.64556962, 0.21885276, 0.97058824, 0.69078947, 0.88      ]), array([0.36985392, 0.77227723, 0.31356899, 0.29598309, 0.36907449,
       0.59459459, 0.21169208, 0.95454545, 0.75903614, 0.77777778]), array([0.36295284, 0.77073171, 0.38496072, 0.27455357, 0.35851184,
       0.71875   , 0.22206506, 0.91304348, 0.7615894 , 0.64705882])]

