estim_algorithm = ac-model, mode = classification, metric = precision, confidence_scores = max_class_probability-conf, class_specific = False
test err: [0.5471125783498646, 0.5429742967636653, 0.5447979683842381, 0.5425421491332107, 0.5507986300145368]
estimated metric: [array([0.11008263, 0.18691875, 0.21991295, 0.10153316, 0.24270772,
       0.02944951, 0.50338863, 0.029464  , 0.06351235, 0.05569427]), array([0.11678969, 0.18972428, 0.22252377, 0.09121477, 0.24418277,
       0.02750333, 0.50646473, 0.028398  , 0.06181425, 0.04902677]), array([0.10920201, 0.18494942, 0.21728671, 0.09597331, 0.24123415,
       0.03160852, 0.50876566, 0.02893638, 0.06682898, 0.05523713]), array([0.10637867, 0.18428614, 0.22229682, 0.095656  , 0.24076762,
       0.03352817, 0.51267413, 0.03414575, 0.06470718, 0.04673804]), array([0.10963898, 0.19200272, 0.21521589, 0.10178893, 0.23507385,
       0.03166768, 0.50441006, 0.03512852, 0.06725704, 0.0547336 ])]
real metric: [array([0.62549801, 0.75518672, 0.390579  , 0.47240618, 0.36642599,
       0.91735537, 0.25732637, 0.96521739, 0.81818182, 0.95348837]), array([0.59479554, 0.73883627, 0.43148688, 0.51851852, 0.34646374,
       0.85840708, 0.26294821, 0.96363636, 0.81707317, 0.94818653]), array([0.63419483, 0.74965035, 0.39384921, 0.50351288, 0.38047445,
       0.875     , 0.26069731, 0.98198198, 0.76296296, 0.94954128]), array([0.61396304, 0.73980309, 0.40503876, 0.46948357, 0.35428051,
       0.84671533, 0.26561886, 0.96946565, 0.84126984, 0.96685083]), array([0.65139442, 0.76119403, 0.41792548, 0.48131868, 0.369606  ,
       0.8671875 , 0.24380496, 0.97058824, 0.81784387, 0.95283019])]

estim_algorithm = ac-model, mode = classification, metric = precision, confidence_scores = energy-conf, class_specific = False
test err: [0.46462641684360306, 0.45924437973344856, 0.4578592336389623, 0.4624806433067171, 0.45895356424503947]
estimated metric: [array([0.48421484, 0.41945785, 0.65823114, 0.45982246, 0.65813503,
       0.1656657 , 0.83728421, 0.13058443, 0.20949191, 0.13115152]), array([0.50127733, 0.43084037, 0.66040402, 0.43066004, 0.66267808,
       0.15199621, 0.84019024, 0.12263643, 0.20422447, 0.12774834]), array([0.48317951, 0.41795518, 0.65643703, 0.44855205, 0.65789798,
       0.16403545, 0.84094931, 0.12024531, 0.2254157 , 0.13913212]), array([0.47221203, 0.41239577, 0.66198628, 0.44156766, 0.65589932,
       0.17845884, 0.84123448, 0.1372338 , 0.20044219, 0.11461658]), array([0.48491402, 0.4227005 , 0.65050218, 0.45941983, 0.64720716,
       0.15905528, 0.83799543, 0.1455283 , 0.21432398, 0.13124771])]
real metric: [array([0.62549801, 0.75518672, 0.390579  , 0.47240618, 0.36642599,
       0.91735537, 0.25732637, 0.96521739, 0.81818182, 0.95348837]), array([0.59479554, 0.73883627, 0.43148688, 0.51851852, 0.34646374,
       0.85840708, 0.26294821, 0.96363636, 0.81707317, 0.94818653]), array([0.63419483, 0.74965035, 0.39384921, 0.50351288, 0.38047445,
       0.875     , 0.26069731, 0.98198198, 0.76296296, 0.94954128]), array([0.61396304, 0.73980309, 0.40503876, 0.46948357, 0.35428051,
       0.84671533, 0.26561886, 0.96946565, 0.84126984, 0.96685083]), array([0.65139442, 0.76119403, 0.41792548, 0.48131868, 0.369606  ,
       0.8671875 , 0.24380496, 0.97058824, 0.81784387, 0.95283019])]

estim_algorithm = ac-model, mode = classification, metric = precision, confidence_scores = entropy-conf, class_specific = False
test err: [0.6186316991419912, 0.6200222669702026, 0.6139188820836425, 0.616294940150923, 0.6146528183662152]
estimated metric: [array([9.94485649e-01, 7.88377567e-02, 1.50270920e-08, 1.38320739e-08,
       1.51754928e-08, 1.32282398e-08, 1.88241838e-08, 1.32154371e-08,
       1.34545592e-08, 1.33833937e-08]), array([9.94168758e-01, 8.47071892e-02, 1.50470464e-08, 1.37398890e-08,
       1.51968282e-08, 1.32143994e-08, 1.88817850e-08, 1.32066457e-08,
       1.34409874e-08, 1.33484053e-08]), array([9.94663423e-01, 7.89500795e-02, 1.50030181e-08, 1.37825161e-08,
       1.51428394e-08, 1.32405472e-08, 1.89265596e-08, 1.32076222e-08,
       1.34867833e-08, 1.33924390e-08]), array([9.94769103e-01, 7.63829865e-02, 1.50569648e-08, 1.37822816e-08,
       1.51565506e-08, 1.32569478e-08, 1.89965763e-08, 1.32421359e-08,
       1.34493223e-08, 1.33270740e-08]), array([9.94575326e-01, 7.89515438e-02, 1.49682703e-08, 1.38369350e-08,
       1.50817555e-08, 1.32418165e-08, 1.88666405e-08, 1.32514019e-08,
       1.34829580e-08, 1.33802149e-08])]
real metric: [array([0.62549801, 0.75518672, 0.390579  , 0.47240618, 0.36642599,
       0.91735537, 0.25732637, 0.96521739, 0.81818182, 0.95348837]), array([0.59479554, 0.73883627, 0.43148688, 0.51851852, 0.34646374,
       0.85840708, 0.26294821, 0.96363636, 0.81707317, 0.94818653]), array([0.63419483, 0.74965035, 0.39384921, 0.50351288, 0.38047445,
       0.875     , 0.26069731, 0.98198198, 0.76296296, 0.94954128]), array([0.61396304, 0.73980309, 0.40503876, 0.46948357, 0.35428051,
       0.84671533, 0.26561886, 0.96946565, 0.84126984, 0.96685083]), array([0.65139442, 0.76119403, 0.41792548, 0.48131868, 0.369606  ,
       0.8671875 , 0.24380496, 0.97058824, 0.81784387, 0.95283019])]

estim_algorithm = ac-model, mode = classification, metric = precision, confidence_scores = doctor-conf, class_specific = False
test err: [0.47077400784076107, 0.47355791934572367, 0.4672132997756431, 0.46776985195229914, 0.46984860483038615]
estimated metric: [array([0.2170495 , 0.47854782, 0.38575117, 0.22027312, 0.4620675 ,
       0.07820118, 0.76023911, 0.08532624, 0.16600189, 0.1575761 ]), array([0.22878115, 0.47884688, 0.39004261, 0.20237181, 0.46254816,
       0.07254279, 0.76185363, 0.08148802, 0.16239439, 0.13388335]), array([0.21058767, 0.47593502, 0.38180603, 0.2106776 , 0.46419146,
       0.08325369, 0.76472583, 0.08701137, 0.16902243, 0.14801223]), array([0.20411453, 0.47580019, 0.39230605, 0.21017597, 0.45836658,
       0.08769431, 0.7686516 , 0.1007585 , 0.17774067, 0.13342017]), array([0.21140528, 0.49336294, 0.38249242, 0.22138302, 0.45256625,
       0.08245814, 0.76117753, 0.10123232, 0.17682262, 0.15297243])]
real metric: [array([0.62549801, 0.75518672, 0.390579  , 0.47240618, 0.36642599,
       0.91735537, 0.25732637, 0.96521739, 0.81818182, 0.95348837]), array([0.59479554, 0.73883627, 0.43148688, 0.51851852, 0.34646374,
       0.85840708, 0.26294821, 0.96363636, 0.81707317, 0.94818653]), array([0.63419483, 0.74965035, 0.39384921, 0.50351288, 0.38047445,
       0.875     , 0.26069731, 0.98198198, 0.76296296, 0.94954128]), array([0.61396304, 0.73980309, 0.40503876, 0.46948357, 0.35428051,
       0.84671533, 0.26561886, 0.96946565, 0.84126984, 0.96685083]), array([0.65139442, 0.76119403, 0.41792548, 0.48131868, 0.369606  ,
       0.8671875 , 0.24380496, 0.97058824, 0.81784387, 0.95283019])]

estim_algorithm = ts-model, mode = classification, metric = precision, confidence_scores = max_class_probability-conf, class_specific = False
test err: [0.3962175705109081, 0.38686545462643335, 0.3807768280115857, 0.3867987768673218, 0.3833721799255364]
estimated metric: [array([0.54116906, 0.7020735 , 0.73802998, 0.51434418, 0.76182714,
       0.23262976, 0.9074795 , 0.23857919, 0.41054808, 0.38269564]), array([0.55339879, 0.70517815, 0.74093033, 0.48274658, 0.76228056,
       0.21887759, 0.9079052 , 0.23477995, 0.399951  , 0.34608412]), array([0.5341039 , 0.69994552, 0.73373987, 0.49825802, 0.7603875 ,
       0.25155522, 0.90889832, 0.23739335, 0.41972838, 0.37609635]), array([0.53098188, 0.70101819, 0.74166802, 0.49914767, 0.76149466,
       0.26204089, 0.91091587, 0.2742004 , 0.42100756, 0.33963563]), array([0.53987257, 0.71111328, 0.73451715, 0.51582147, 0.75596374,
       0.25476656, 0.908906  , 0.27924992, 0.424223  , 0.38064437])]
real metric: [array([0.62549801, 0.75518672, 0.390579  , 0.47240618, 0.36642599,
       0.91735537, 0.25732637, 0.96521739, 0.81818182, 0.95348837]), array([0.59479554, 0.73883627, 0.43148688, 0.51851852, 0.34646374,
       0.85840708, 0.26294821, 0.96363636, 0.81707317, 0.94818653]), array([0.63419483, 0.74965035, 0.39384921, 0.50351288, 0.38047445,
       0.875     , 0.26069731, 0.98198198, 0.76296296, 0.94954128]), array([0.61396304, 0.73980309, 0.40503876, 0.46948357, 0.35428051,
       0.84671533, 0.26561886, 0.96946565, 0.84126984, 0.96685083]), array([0.65139442, 0.76119403, 0.41792548, 0.48131868, 0.369606  ,
       0.8671875 , 0.24380496, 0.97058824, 0.81784387, 0.95283019])]

estim_algorithm = ts-model, mode = classification, metric = precision, confidence_scores = max_class_probability-conf, class_specific = True
test err: [0.3411985430354584, 0.33712133499603897, 0.3363271272172533, 0.33531444027495916, 0.3255738411573262]
estimated metric: [array([0.88609402, 0.92491647, 0.94553902, 0.87465675, 0.94969353,
       0.67337343, 0.97698074, 0.66209048, 0.81169805, 0.78555381]), array([0.90101247, 0.92541654, 0.94528613, 0.8518894 , 0.94937843,
       0.65484703, 0.97682127, 0.64874026, 0.80508085, 0.76417673]), array([0.88943149, 0.92492642, 0.94556045, 0.86632318, 0.94971171,
       0.68804433, 0.97752382, 0.65667058, 0.82308413, 0.7897563 ]), array([0.88724147, 0.92619083, 0.94795407, 0.87000887, 0.95092901,
       0.70742381, 0.97822153, 0.69806937, 0.81643121, 0.76159082]), array([0.88334327, 0.92560618, 0.9437056 , 0.8736389 , 0.94735773,
       0.68363277, 0.97687257, 0.69659632, 0.81953475, 0.78160999])]
real metric: [array([0.62549801, 0.75518672, 0.390579  , 0.47240618, 0.36642599,
       0.91735537, 0.25732637, 0.96521739, 0.81818182, 0.95348837]), array([0.59479554, 0.73883627, 0.43148688, 0.51851852, 0.34646374,
       0.85840708, 0.26294821, 0.96363636, 0.81707317, 0.94818653]), array([0.63419483, 0.74965035, 0.39384921, 0.50351288, 0.38047445,
       0.875     , 0.26069731, 0.98198198, 0.76296296, 0.94954128]), array([0.61396304, 0.73980309, 0.40503876, 0.46948357, 0.35428051,
       0.84671533, 0.26561886, 0.96946565, 0.84126984, 0.96685083]), array([0.65139442, 0.76119403, 0.41792548, 0.48131868, 0.369606  ,
       0.8671875 , 0.24380496, 0.97058824, 0.81784387, 0.95283019])]

estim_algorithm = ts-model, mode = classification, metric = precision, confidence_scores = energy-conf, class_specific = False
test err: [0.4127553938750855, 0.40434151888274866, 0.3946002799472583, 0.40772060405228105, 0.3985048915424275]
estimated metric: [array([0.69126338, 0.70242656, 0.82272822, 0.66876203, 0.83040166,
       0.33184576, 0.9349442 , 0.28768955, 0.44149401, 0.3542838 ]), array([0.7079394 , 0.71170824, 0.82522988, 0.64433262, 0.83342609,
       0.31354642, 0.93633385, 0.27715522, 0.43540645, 0.33795683]), array([0.69169744, 0.70142056, 0.82199425, 0.6587545 , 0.83007916,
       0.33531155, 0.93665305, 0.27431135, 0.46338742, 0.36515262]), array([0.68230725, 0.6964263 , 0.82441349, 0.65270218, 0.82854961,
       0.35355154, 0.93676114, 0.30578241, 0.43233674, 0.31515064]), array([0.69041585, 0.70505917, 0.81722522, 0.66831733, 0.82289284,
       0.32789707, 0.93448091, 0.31756672, 0.45120658, 0.35214799])]
real metric: [array([0.62549801, 0.75518672, 0.390579  , 0.47240618, 0.36642599,
       0.91735537, 0.25732637, 0.96521739, 0.81818182, 0.95348837]), array([0.59479554, 0.73883627, 0.43148688, 0.51851852, 0.34646374,
       0.85840708, 0.26294821, 0.96363636, 0.81707317, 0.94818653]), array([0.63419483, 0.74965035, 0.39384921, 0.50351288, 0.38047445,
       0.875     , 0.26069731, 0.98198198, 0.76296296, 0.94954128]), array([0.61396304, 0.73980309, 0.40503876, 0.46948357, 0.35428051,
       0.84671533, 0.26561886, 0.96946565, 0.84126984, 0.96685083]), array([0.65139442, 0.76119403, 0.41792548, 0.48131868, 0.369606  ,
       0.8671875 , 0.24380496, 0.97058824, 0.81784387, 0.95283019])]

estim_algorithm = ts-model, mode = classification, metric = precision, confidence_scores = energy-conf, class_specific = True
test err: [0.3402673785320852, 0.3370166705194432, 0.3335507954900783, 0.33456816368001446, 0.32456638386115294]
estimated metric: [array([0.84249652, 0.9227875 , 0.9413205 , 0.85950975, 0.94577836,
       0.65574895, 0.97513357, 0.6441789 , 0.79931294, 0.77193229]), array([0.86665917, 0.92285984, 0.94110077, 0.83485909, 0.94548805,
       0.63697701, 0.9749843 , 0.63073237, 0.79252465, 0.74980447]), array([0.85229106, 0.92372893, 0.94184407, 0.85306282, 0.9462626 ,
       0.67283133, 0.97593385, 0.64072651, 0.81266347, 0.77790231]), array([0.84517658, 0.92367621, 0.94365988, 0.85329528, 0.94686651,
       0.68977893, 0.9763623 , 0.68011545, 0.80353463, 0.74603993]), array([0.8484039 , 0.923106  , 0.93984544, 0.86009856, 0.94373305,
       0.66820946, 0.97522693, 0.68151056, 0.80888461, 0.76935163])]
real metric: [array([0.62549801, 0.75518672, 0.390579  , 0.47240618, 0.36642599,
       0.91735537, 0.25732637, 0.96521739, 0.81818182, 0.95348837]), array([0.59479554, 0.73883627, 0.43148688, 0.51851852, 0.34646374,
       0.85840708, 0.26294821, 0.96363636, 0.81707317, 0.94818653]), array([0.63419483, 0.74965035, 0.39384921, 0.50351288, 0.38047445,
       0.875     , 0.26069731, 0.98198198, 0.76296296, 0.94954128]), array([0.61396304, 0.73980309, 0.40503876, 0.46948357, 0.35428051,
       0.84671533, 0.26561886, 0.96946565, 0.84126984, 0.96685083]), array([0.65139442, 0.76119403, 0.41792548, 0.48131868, 0.369606  ,
       0.8671875 , 0.24380496, 0.97058824, 0.81784387, 0.95283019])]

estim_algorithm = ts-model, mode = classification, metric = precision, confidence_scores = entropy-conf, class_specific = False
test err: [0.39692124742315144, 0.3900288301221395, 0.3846198814231446, 0.38755448788855557, 0.3840794320293705]
estimated metric: [array([0.5265092 , 0.69960221, 0.73019512, 0.5020781 , 0.75627987,
       0.22858061, 0.90532795, 0.23474444, 0.40411714, 0.3793051 ]), array([0.53696043, 0.70263998, 0.73366522, 0.47169766, 0.75700093,
       0.21591203, 0.90575456, 0.23161557, 0.39332375, 0.34253763]), array([0.51567086, 0.69745587, 0.72595741, 0.48488148, 0.75568481,
       0.24764648, 0.90672421, 0.23503576, 0.41314542, 0.37015507]), array([0.51445735, 0.69924772, 0.73501862, 0.48768965, 0.75636503,
       0.25742432, 0.90907997, 0.27203041, 0.41563214, 0.33746253]), array([0.52491925, 0.70934765, 0.72739067, 0.50361519, 0.75096951,
       0.25166318, 0.90690961, 0.27548351, 0.41858116, 0.37647904])]
real metric: [array([0.62549801, 0.75518672, 0.390579  , 0.47240618, 0.36642599,
       0.91735537, 0.25732637, 0.96521739, 0.81818182, 0.95348837]), array([0.59479554, 0.73883627, 0.43148688, 0.51851852, 0.34646374,
       0.85840708, 0.26294821, 0.96363636, 0.81707317, 0.94818653]), array([0.63419483, 0.74965035, 0.39384921, 0.50351288, 0.38047445,
       0.875     , 0.26069731, 0.98198198, 0.76296296, 0.94954128]), array([0.61396304, 0.73980309, 0.40503876, 0.46948357, 0.35428051,
       0.84671533, 0.26561886, 0.96946565, 0.84126984, 0.96685083]), array([0.65139442, 0.76119403, 0.41792548, 0.48131868, 0.369606  ,
       0.8671875 , 0.24380496, 0.97058824, 0.81784387, 0.95283019])]

estim_algorithm = ts-model, mode = classification, metric = precision, confidence_scores = entropy-conf, class_specific = True
test err: [0.39282531072679544, 0.38293784835503286, 0.3836346307994608, 0.38413975283827645, 0.3812057020381227]
estimated metric: [array([2.25855496e-07, 9.81703875e-01, 9.35870368e-01, 8.54256176e-01,
       9.40716192e-01, 6.34085481e-01, 9.72733012e-01, 6.22206812e-01,
       7.83703892e-01, 7.54846795e-01]), array([2.28078726e-07, 9.84127529e-01, 9.34476218e-01, 8.30852076e-01,
       9.39325131e-01, 6.10310642e-01, 9.72057559e-01, 6.03892538e-01,
       7.73216250e-01, 7.27885438e-01]), array([0.00245593, 0.98275949, 0.93619283, 0.84739866, 0.94101384,
       0.65073302, 0.97350205, 0.61769186, 0.79716268, 0.76037337]), array([2.40267637e-07, 9.82501903e-01, 9.38932852e-01, 8.50771709e-01,
       9.42392093e-01, 6.71173400e-01, 9.74304347e-01, 6.61215000e-01,
       7.89671276e-01, 7.29485354e-01]), array([2.30442344e-07, 9.81750193e-01, 9.34550633e-01, 8.55246380e-01,
       9.38758140e-01, 6.47961025e-01, 9.72956798e-01, 6.61662854e-01,
       7.94582076e-01, 7.52994000e-01])]
real metric: [array([0.62549801, 0.75518672, 0.390579  , 0.47240618, 0.36642599,
       0.91735537, 0.25732637, 0.96521739, 0.81818182, 0.95348837]), array([0.59479554, 0.73883627, 0.43148688, 0.51851852, 0.34646374,
       0.85840708, 0.26294821, 0.96363636, 0.81707317, 0.94818653]), array([0.63419483, 0.74965035, 0.39384921, 0.50351288, 0.38047445,
       0.875     , 0.26069731, 0.98198198, 0.76296296, 0.94954128]), array([0.61396304, 0.73980309, 0.40503876, 0.46948357, 0.35428051,
       0.84671533, 0.26561886, 0.96946565, 0.84126984, 0.96685083]), array([0.65139442, 0.76119403, 0.41792548, 0.48131868, 0.369606  ,
       0.8671875 , 0.24380496, 0.97058824, 0.81784387, 0.95283019])]

estim_algorithm = ts-model, mode = classification, metric = precision, confidence_scores = doctor-conf, class_specific = False
test err: [0.39076392982081065, 0.37530632774830835, 0.37524155639682216, 0.3816415371915788, 0.3785820554878427]
estimated metric: [array([0.52431415, 0.73272861, 0.74788998, 0.54778109, 0.78889394,
       0.26546076, 0.91594115, 0.26776636, 0.4342317 , 0.41655541]), array([0.53755778, 0.73524034, 0.75142882, 0.51918068, 0.78914654,
       0.25067275, 0.91638329, 0.26126041, 0.42347723, 0.37638515]), array([0.51513339, 0.73165868, 0.74668959, 0.53446259, 0.78980696,
       0.2824905 , 0.91789133, 0.27011477, 0.44671085, 0.40512427]), array([0.51064197, 0.73269298, 0.75472939, 0.53352507, 0.7889378 ,
       0.29369033, 0.91935075, 0.30731239, 0.44588619, 0.37354987]), array([0.52376243, 0.74244479, 0.74659959, 0.55190529, 0.78415676,
       0.28221685, 0.918017  , 0.31003569, 0.45126309, 0.41351836])]
real metric: [array([0.62549801, 0.75518672, 0.390579  , 0.47240618, 0.36642599,
       0.91735537, 0.25732637, 0.96521739, 0.81818182, 0.95348837]), array([0.59479554, 0.73883627, 0.43148688, 0.51851852, 0.34646374,
       0.85840708, 0.26294821, 0.96363636, 0.81707317, 0.94818653]), array([0.63419483, 0.74965035, 0.39384921, 0.50351288, 0.38047445,
       0.875     , 0.26069731, 0.98198198, 0.76296296, 0.94954128]), array([0.61396304, 0.73980309, 0.40503876, 0.46948357, 0.35428051,
       0.84671533, 0.26561886, 0.96946565, 0.84126984, 0.96685083]), array([0.65139442, 0.76119403, 0.41792548, 0.48131868, 0.369606  ,
       0.8671875 , 0.24380496, 0.97058824, 0.81784387, 0.95283019])]

estim_algorithm = ts-model, mode = classification, metric = precision, confidence_scores = doctor-conf, class_specific = True
test err: [0.33653919518961734, 0.33337026263390257, 0.32481371518293667, 0.33042296615155586, 0.31938549577714925]
estimated metric: [array([0.76550554, 0.91921288, 0.93533504, 0.83248609, 0.94032089,
       0.63202151, 0.97249636, 0.62011598, 0.78219397, 0.75245407]), array([0.79291212, 0.92044482, 0.93554878, 0.80680557, 0.94037978,
       0.61404671, 0.97253303, 0.6081071 , 0.77629659, 0.73072507]), array([0.75879223, 0.92232323, 0.93572559, 0.82365277, 0.9406037 ,
       0.64895925, 0.97330023, 0.61584935, 0.79589932, 0.75853259]), array([0.76823232, 0.9222763 , 0.93839081, 0.82637816, 0.94194187,
       0.66859453, 0.9740676 , 0.65910288, 0.78810336, 0.72737045]), array([0.75500437, 0.92199096, 0.93344786, 0.83171137, 0.93778953,
       0.64386954, 0.97248208, 0.65764648, 0.79164671, 0.7486147 ])]
real metric: [array([0.62549801, 0.75518672, 0.390579  , 0.47240618, 0.36642599,
       0.91735537, 0.25732637, 0.96521739, 0.81818182, 0.95348837]), array([0.59479554, 0.73883627, 0.43148688, 0.51851852, 0.34646374,
       0.85840708, 0.26294821, 0.96363636, 0.81707317, 0.94818653]), array([0.63419483, 0.74965035, 0.39384921, 0.50351288, 0.38047445,
       0.875     , 0.26069731, 0.98198198, 0.76296296, 0.94954128]), array([0.61396304, 0.73980309, 0.40503876, 0.46948357, 0.35428051,
       0.84671533, 0.26561886, 0.96946565, 0.84126984, 0.96685083]), array([0.65139442, 0.76119403, 0.41792548, 0.48131868, 0.369606  ,
       0.8671875 , 0.24380496, 0.97058824, 0.81784387, 0.95283019])]

estim_algorithm = doc-model, mode = classification, metric = precision, confidence_scores = max_class_probability-conf, class_specific = False
test err: [0.389031739278054, 0.3811114750874886, 0.36996452173198746, 0.3818876637411755, 0.37482367845466236]
estimated metric: [array([0.63847401, 0.73236268, 0.79721321, 0.61339098, 0.81333944,
       0.28929398, 0.92761641, 0.28107678, 0.4671125 , 0.42706482]), array([0.65519545, 0.73676523, 0.79904111, 0.58455491, 0.81467595,
       0.27505958, 0.92833253, 0.27225724, 0.45975588, 0.39877379]), array([0.63852258, 0.72991591, 0.79507796, 0.59830255, 0.81144417,
       0.30191406, 0.92895195, 0.27463631, 0.48326211, 0.4293335 ]), array([0.63094634, 0.72902715, 0.79983176, 0.5979669 , 0.81191941,
       0.31659361, 0.92990945, 0.30982125, 0.46766856, 0.38430666]), array([0.63851553, 0.73709714, 0.79248453, 0.61465455, 0.80650237,
       0.30219598, 0.92819014, 0.31754497, 0.48308985, 0.42353445])]
real metric: [array([0.62549801, 0.75518672, 0.390579  , 0.47240618, 0.36642599,
       0.91735537, 0.25732637, 0.96521739, 0.81818182, 0.95348837]), array([0.59479554, 0.73883627, 0.43148688, 0.51851852, 0.34646374,
       0.85840708, 0.26294821, 0.96363636, 0.81707317, 0.94818653]), array([0.63419483, 0.74965035, 0.39384921, 0.50351288, 0.38047445,
       0.875     , 0.26069731, 0.98198198, 0.76296296, 0.94954128]), array([0.61396304, 0.73980309, 0.40503876, 0.46948357, 0.35428051,
       0.84671533, 0.26561886, 0.96946565, 0.84126984, 0.96685083]), array([0.65139442, 0.76119403, 0.41792548, 0.48131868, 0.369606  ,
       0.8671875 , 0.24380496, 0.97058824, 0.81784387, 0.95283019])]

estim_algorithm = doc-model, mode = classification, metric = precision, confidence_scores = max_class_probability-conf, class_specific = True
test err: [0.3413832850531609, 0.3360941529640629, 0.3379333912002477, 0.33411717935560553, 0.32734946650118035]
estimated metric: [array([0.90960492, 0.9311198 , 0.95013037, 0.89091711, 0.95395169,
       0.69347176, 0.97898026, 0.6825558 , 0.82549064, 0.80079142]), array([0.92325414, 0.9319826 , 0.95019706, 0.87182281, 0.95393994,
       0.67691727, 0.97896464, 0.67100481, 0.82018248, 0.78158773]), array([0.91418889, 0.93156485, 0.95047198, 0.8845746 , 0.95426682,
       0.70904019, 0.97961373, 0.67879225, 0.8371425 , 0.80583831]), array([0.91191025, 0.93262322, 0.95258688, 0.88768186, 0.95530949,
       0.72730846, 0.98021629, 0.71833666, 0.83068047, 0.77894442]), array([0.90901296, 0.93216992, 0.94876081, 0.89117405, 0.95210162,
       0.70473567, 0.97901558, 0.71719221, 0.83377661, 0.79810748])]
real metric: [array([0.62549801, 0.75518672, 0.390579  , 0.47240618, 0.36642599,
       0.91735537, 0.25732637, 0.96521739, 0.81818182, 0.95348837]), array([0.59479554, 0.73883627, 0.43148688, 0.51851852, 0.34646374,
       0.85840708, 0.26294821, 0.96363636, 0.81707317, 0.94818653]), array([0.63419483, 0.74965035, 0.39384921, 0.50351288, 0.38047445,
       0.875     , 0.26069731, 0.98198198, 0.76296296, 0.94954128]), array([0.61396304, 0.73980309, 0.40503876, 0.46948357, 0.35428051,
       0.84671533, 0.26561886, 0.96946565, 0.84126984, 0.96685083]), array([0.65139442, 0.76119403, 0.41792548, 0.48131868, 0.369606  ,
       0.8671875 , 0.24380496, 0.97058824, 0.81784387, 0.95283019])]

estim_algorithm = doc-model, mode = classification, metric = precision, confidence_scores = energy-conf, class_specific = False
test err: [0.4127162176629823, 0.404315900680159, 0.39457144609780914, 0.40767076642125366, 0.398464004105411]
estimated metric: [array([0.69092602, 0.70255638, 0.82257421, 0.66854714, 0.83027688,
       0.33165562, 0.93487879, 0.28758592, 0.44127064, 0.35416642]), array([0.70759874, 0.71179615, 0.82507048, 0.64409624, 0.83329492,
       0.31333461, 0.93626294, 0.27702316, 0.43518248, 0.33775442]), array([0.69134743, 0.70154223, 0.82183996, 0.65854429, 0.82995984,
       0.33511325, 0.93658763, 0.27422839, 0.4631342 , 0.36495451]), array([0.68196478, 0.69657587, 0.82427108, 0.65249124, 0.82843106,
       0.35336395, 0.93669963, 0.30569575, 0.43220024, 0.31503433]), array([0.69008925, 0.70523753, 0.81707896, 0.6681179 , 0.82277781,
       0.32770833, 0.93442399, 0.3174597 , 0.45101063, 0.35202596])]
real metric: [array([0.62549801, 0.75518672, 0.390579  , 0.47240618, 0.36642599,
       0.91735537, 0.25732637, 0.96521739, 0.81818182, 0.95348837]), array([0.59479554, 0.73883627, 0.43148688, 0.51851852, 0.34646374,
       0.85840708, 0.26294821, 0.96363636, 0.81707317, 0.94818653]), array([0.63419483, 0.74965035, 0.39384921, 0.50351288, 0.38047445,
       0.875     , 0.26069731, 0.98198198, 0.76296296, 0.94954128]), array([0.61396304, 0.73980309, 0.40503876, 0.46948357, 0.35428051,
       0.84671533, 0.26561886, 0.96946565, 0.84126984, 0.96685083]), array([0.65139442, 0.76119403, 0.41792548, 0.48131868, 0.369606  ,
       0.8671875 , 0.24380496, 0.97058824, 0.81784387, 0.95283019])]

estim_algorithm = doc-model, mode = classification, metric = precision, confidence_scores = energy-conf, class_specific = True
test err: [0.34035648088147236, 0.3369980899951329, 0.3337122008247261, 0.3345501832401134, 0.32461056753994294]
estimated metric: [array([0.84380596, 0.92255582, 0.9413416 , 0.85957267, 0.94579795,
       0.65583519, 0.97514556, 0.64426647, 0.79937422, 0.77199955]), array([0.86673337, 0.92289829, 0.9411333 , 0.83496223, 0.9455183 ,
       0.63711273, 0.97499895, 0.63086907, 0.79262115, 0.74991457]), array([0.85434612, 0.92337459, 0.94187203, 0.85314856, 0.94628856,
       0.67294369, 0.97594789, 0.64084401, 0.81274118, 0.77799049]), array([0.84522815, 0.92371086, 0.94368948, 0.853392  , 0.94689451,
       0.68989807, 0.9763756 , 0.68023657, 0.80362252, 0.74614541]), array([0.84917971, 0.92301511, 0.93987477, 0.86018546, 0.94376099,
       0.6683245 , 0.97523963, 0.68162319, 0.80896482, 0.76944371])]
real metric: [array([0.62549801, 0.75518672, 0.390579  , 0.47240618, 0.36642599,
       0.91735537, 0.25732637, 0.96521739, 0.81818182, 0.95348837]), array([0.59479554, 0.73883627, 0.43148688, 0.51851852, 0.34646374,
       0.85840708, 0.26294821, 0.96363636, 0.81707317, 0.94818653]), array([0.63419483, 0.74965035, 0.39384921, 0.50351288, 0.38047445,
       0.875     , 0.26069731, 0.98198198, 0.76296296, 0.94954128]), array([0.61396304, 0.73980309, 0.40503876, 0.46948357, 0.35428051,
       0.84671533, 0.26561886, 0.96946565, 0.84126984, 0.96685083]), array([0.65139442, 0.76119403, 0.41792548, 0.48131868, 0.369606  ,
       0.8671875 , 0.24380496, 0.97058824, 0.81784387, 0.95283019])]

estim_algorithm = doc-model, mode = classification, metric = precision, confidence_scores = entropy-conf, class_specific = False
test err: [0.38974469404192175, 0.3818680497779757, 0.3707052030475254, 0.38281224279475334, 0.3738714444900706]
estimated metric: [array([0.64747549, 0.73454467, 0.80248687, 0.62272278, 0.81790402,
       0.2958438 , 0.92954114, 0.28549105, 0.47266256, 0.4313354 ]), array([0.66431268, 0.7391849 , 0.80428031, 0.5943055 , 0.81930236,
       0.28149075, 0.93029209, 0.27631962, 0.46542712, 0.40401385]), array([0.64791453, 0.73211149, 0.80047448, 0.60783015, 0.81600446,
       0.30791573, 0.93087079, 0.27838976, 0.48942805, 0.43460524]), array([0.63999787, 0.73094908, 0.80488332, 0.6072486 , 0.81632789,
       0.32286897, 0.93171456, 0.31346557, 0.47196953, 0.38851668]), array([0.64750328, 0.73883207, 0.79770195, 0.62388885, 0.81103199,
       0.30788408, 0.93001314, 0.32165074, 0.4886633 , 0.42777114])]
real metric: [array([0.62549801, 0.75518672, 0.390579  , 0.47240618, 0.36642599,
       0.91735537, 0.25732637, 0.96521739, 0.81818182, 0.95348837]), array([0.59479554, 0.73883627, 0.43148688, 0.51851852, 0.34646374,
       0.85840708, 0.26294821, 0.96363636, 0.81707317, 0.94818653]), array([0.63419483, 0.74965035, 0.39384921, 0.50351288, 0.38047445,
       0.875     , 0.26069731, 0.98198198, 0.76296296, 0.94954128]), array([0.61396304, 0.73980309, 0.40503876, 0.46948357, 0.35428051,
       0.84671533, 0.26561886, 0.96946565, 0.84126984, 0.96685083]), array([0.65139442, 0.76119403, 0.41792548, 0.48131868, 0.369606  ,
       0.8671875 , 0.24380496, 0.97058824, 0.81784387, 0.95283019])]

estim_algorithm = doc-model, mode = classification, metric = precision, confidence_scores = entropy-conf, class_specific = True
test err: [0.388755325517061, 0.3791042964756218, 0.38292052990053016, 0.3803965334306915, 0.3776278342229753]
estimated metric: [array([1.63617748e-07, 9.85080662e-01, 9.40990639e-01, 8.69658037e-01,
       9.45472102e-01, 6.54403150e-01, 9.74988734e-01, 6.42812509e-01,
       7.98355795e-01, 7.70881994e-01]), array([1.57952952e-07, 9.86973000e-01, 9.39400358e-01, 8.47873026e-01,
       9.43906747e-01, 6.29948978e-01, 9.74235314e-01, 6.23654866e-01,
       7.87503384e-01, 7.44083162e-01]), array([1.65547458e-07, 9.85785861e-01, 9.40872267e-01, 8.62584816e-01,
       9.45360348e-01, 6.68944308e-01, 9.75516892e-01, 6.36664029e-01,
       8.09968552e-01, 7.74845873e-01]), array([1.69771385e-07, 9.85709994e-01, 9.43595336e-01, 8.66004180e-01,
       9.46805427e-01, 6.89519227e-01, 9.76334282e-01, 6.79851405e-01,
       8.03343009e-01, 7.45809969e-01]), array([1.63661461e-07, 9.85284346e-01, 9.39489390e-01, 8.70144916e-01,
       9.43398631e-01, 6.66815604e-01, 9.75074751e-01, 6.80145837e-01,
       8.07911846e-01, 7.68235304e-01])]
real metric: [array([0.62549801, 0.75518672, 0.390579  , 0.47240618, 0.36642599,
       0.91735537, 0.25732637, 0.96521739, 0.81818182, 0.95348837]), array([0.59479554, 0.73883627, 0.43148688, 0.51851852, 0.34646374,
       0.85840708, 0.26294821, 0.96363636, 0.81707317, 0.94818653]), array([0.63419483, 0.74965035, 0.39384921, 0.50351288, 0.38047445,
       0.875     , 0.26069731, 0.98198198, 0.76296296, 0.94954128]), array([0.61396304, 0.73980309, 0.40503876, 0.46948357, 0.35428051,
       0.84671533, 0.26561886, 0.96946565, 0.84126984, 0.96685083]), array([0.65139442, 0.76119403, 0.41792548, 0.48131868, 0.369606  ,
       0.8671875 , 0.24380496, 0.97058824, 0.81784387, 0.95283019])]

estim_algorithm = doc-model, mode = classification, metric = precision, confidence_scores = doctor-conf, class_specific = False
test err: [0.3864400661460723, 0.37232794744215986, 0.36999127552124145, 0.3780243589423713, 0.37475582864458806]
estimated metric: [array([0.58193894, 0.74384172, 0.77549253, 0.58441458, 0.80249879,
       0.27566953, 0.92289554, 0.27998101, 0.45706832, 0.4305914 ]), array([0.59762194, 0.74632765, 0.77727188, 0.55518893, 0.80300936,
       0.26038321, 0.92318422, 0.27023447, 0.44943955, 0.39352127]), array([0.57937214, 0.74158541, 0.77345767, 0.57016348, 0.80178309,
       0.28886658, 0.92432561, 0.27941124, 0.47050161, 0.42487768]), array([0.57392312, 0.74262142, 0.78033394, 0.57039288, 0.80220163,
       0.30298969, 0.92572103, 0.31438021, 0.46637576, 0.38739843]), array([0.58175516, 0.75080187, 0.77146202, 0.58690236, 0.79629386,
       0.28789959, 0.92396365, 0.31831449, 0.47485072, 0.4258249 ])]
real metric: [array([0.62549801, 0.75518672, 0.390579  , 0.47240618, 0.36642599,
       0.91735537, 0.25732637, 0.96521739, 0.81818182, 0.95348837]), array([0.59479554, 0.73883627, 0.43148688, 0.51851852, 0.34646374,
       0.85840708, 0.26294821, 0.96363636, 0.81707317, 0.94818653]), array([0.63419483, 0.74965035, 0.39384921, 0.50351288, 0.38047445,
       0.875     , 0.26069731, 0.98198198, 0.76296296, 0.94954128]), array([0.61396304, 0.73980309, 0.40503876, 0.46948357, 0.35428051,
       0.84671533, 0.26561886, 0.96946565, 0.84126984, 0.96685083]), array([0.65139442, 0.76119403, 0.41792548, 0.48131868, 0.369606  ,
       0.8671875 , 0.24380496, 0.97058824, 0.81784387, 0.95283019])]

estim_algorithm = doc-model, mode = classification, metric = precision, confidence_scores = doctor-conf, class_specific = True
test err: [0.3364560168662049, 0.3331687592318947, 0.32473865620717673, 0.3297782249381184, 0.3193366818463077]
estimated metric: [array([0.76777933, 0.91907985, 0.93554878, 0.83276943, 0.94041735,
       0.63284424, 0.97259086, 0.62094936, 0.78279633, 0.75385618]), array([0.79411099, 0.91975475, 0.9356317 , 0.80640049, 0.94040056,
       0.61482641, 0.97256977, 0.60843497, 0.77653545, 0.73163783]), array([0.75990373, 0.92147872, 0.93571118, 0.8229946 , 0.94056626,
       0.64890464, 0.973294  , 0.61579264, 0.79586038, 0.7589063 ]), array([0.76255193, 0.92233237, 0.93846774, 0.82726536, 0.9419517 ,
       0.669387  , 0.97410121, 0.65940195, 0.78832561, 0.72788731]), array([0.75743441, 0.92131396, 0.93362115, 0.83241699, 0.93788443,
       0.64450969, 0.97255672, 0.658275  , 0.792107  , 0.75017537])]
real metric: [array([0.62549801, 0.75518672, 0.390579  , 0.47240618, 0.36642599,
       0.91735537, 0.25732637, 0.96521739, 0.81818182, 0.95348837]), array([0.59479554, 0.73883627, 0.43148688, 0.51851852, 0.34646374,
       0.85840708, 0.26294821, 0.96363636, 0.81707317, 0.94818653]), array([0.63419483, 0.74965035, 0.39384921, 0.50351288, 0.38047445,
       0.875     , 0.26069731, 0.98198198, 0.76296296, 0.94954128]), array([0.61396304, 0.73980309, 0.40503876, 0.46948357, 0.35428051,
       0.84671533, 0.26561886, 0.96946565, 0.84126984, 0.96685083]), array([0.65139442, 0.76119403, 0.41792548, 0.48131868, 0.369606  ,
       0.8671875 , 0.24380496, 0.97058824, 0.81784387, 0.95283019])]

