estim_algorithm = ac-model, mode = classification, metric = auc, confidence_scores = max_class_probability-conf, class_specific = False
test err: [0.040489173457070794, 0.042461104816717755, 0.03968885493093185, 0.042433076173341466, 0.043717800467094316]
estimated metric: [array([0.98756398, 0.98884837, 0.98516401, 0.98229517, 0.98520718,
       0.98472671, 0.98548317, 0.98558513, 0.98513374, 0.98584208]), array([0.98755255, 0.9893721 , 0.98528168, 0.98291905, 0.98522503,
       0.98545388, 0.98545617, 0.98488731, 0.98435834, 0.98536812]), array([0.98815285, 0.98920947, 0.98538034, 0.98321821, 0.98511235,
       0.98581601, 0.98533694, 0.98411084, 0.9861688 , 0.98527693]), array([0.98810075, 0.98946419, 0.98540269, 0.98320037, 0.98461547,
       0.98534765, 0.98490563, 0.98546791, 0.9862326 , 0.98555913]), array([0.98756651, 0.98916526, 0.98561269, 0.98253619, 0.98476058,
       0.98493346, 0.98573596, 0.9859166 , 0.98413983, 0.98526856])]
real metric: [array([0.96816539, 0.98917195, 0.9307376 , 0.91010623, 0.93834577,
       0.92099189, 0.95895533, 0.94373441, 0.93035206, 0.96104433]), array([0.96626745, 0.98694113, 0.93296515, 0.91095826, 0.93125939,
       0.92746444, 0.9467771 , 0.94134916, 0.92767261, 0.95960847]), array([0.97225609, 0.98920767, 0.93242174, 0.91689158, 0.94238542,
       0.92539607, 0.94748806, 0.94170533, 0.93247576, 0.96066647]), array([0.97263258, 0.98912113, 0.93471737, 0.91326462, 0.93215891,
       0.92014559, 0.94889643, 0.9337215 , 0.9293266 , 0.9599809 ]), array([0.96326509, 0.98880081, 0.93335507, 0.90544404, 0.93232165,
       0.92594109, 0.93911468, 0.93589623, 0.92958146, 0.96473751])]

estim_algorithm = ac-model, mode = classification, metric = auc, confidence_scores = energy-conf, class_specific = False
test err: [0.11022444152093738, 0.10280791928667037, 0.09729709474747579, 0.0987900840999992, 0.10892046843388845]
estimated metric: [array([0.84396713, 0.84022572, 0.81438893, 0.77651113, 0.85442953,
       0.8282188 , 0.78801167, 0.81209521, 0.86702115, 0.92449128]), array([0.82491806, 0.86385384, 0.77410119, 0.80110288, 0.83666422,
       0.83965405, 0.79111632, 0.82113684, 0.92488265, 0.92575394]), array([0.81261333, 0.88946881, 0.83135744, 0.84132377, 0.79492796,
       0.85062787, 0.7385729 , 0.878658  , 0.92612852, 0.92424465]), array([0.80347199, 0.9106332 , 0.84883584, 0.77951539, 0.87272859,
       0.83423457, 0.77005941, 0.86569929, 0.83779072, 0.9230958 ]), array([0.83697831, 0.90308796, 0.80988027, 0.81503462, 0.78636569,
       0.79006203, 0.84831842, 0.79822748, 0.81516905, 0.92612912])]
real metric: [array([0.96816539, 0.98917195, 0.9307376 , 0.91010623, 0.93834577,
       0.92099189, 0.95895533, 0.94373441, 0.93035206, 0.96104433]), array([0.96626745, 0.98694113, 0.93296515, 0.91095826, 0.93125939,
       0.92746444, 0.9467771 , 0.94134916, 0.92767261, 0.95960847]), array([0.97225609, 0.98920767, 0.93242174, 0.91689158, 0.94238542,
       0.92539607, 0.94748806, 0.94170533, 0.93247576, 0.96066647]), array([0.97263258, 0.98912113, 0.93471737, 0.91326462, 0.93215891,
       0.92014559, 0.94889643, 0.9337215 , 0.9293266 , 0.9599809 ]), array([0.96326509, 0.98880081, 0.93335507, 0.90544404, 0.93232165,
       0.92594109, 0.93911468, 0.93589623, 0.92958146, 0.96473751])]

estim_algorithm = ac-model, mode = classification, metric = auc, confidence_scores = entropy-conf, class_specific = False
test err: [0.037525783799551446, 0.039066635447091255, 0.03701893085628087, 0.03953097863059616, 0.04081635066999828]
estimated metric: [array([0.98414383, 0.98659174, 0.98164007, 0.97747738, 0.98112274,
       0.98147176, 0.98102152, 0.98309119, 0.98240821, 0.98273394]), array([0.98432809, 0.98678793, 0.98148313, 0.97798053, 0.98121371,
       0.98192659, 0.98285612, 0.98123793, 0.9809214 , 0.9828877 ]), array([0.98495017, 0.98665522, 0.98185616, 0.97864802, 0.98108884,
       0.98230834, 0.98268643, 0.9818299 , 0.98311501, 0.9828405 ]), array([0.98487132, 0.98657005, 0.98198484, 0.97895213, 0.98051985,
       0.98198718, 0.98136282, 0.98270443, 0.98257507, 0.98264557]), array([0.98448919, 0.98671801, 0.98196024, 0.97800309, 0.98103036,
       0.98103915, 0.98211398, 0.98253675, 0.98182101, 0.98274376])]
real metric: [array([0.96816539, 0.98917195, 0.9307376 , 0.91010623, 0.93834577,
       0.92099189, 0.95895533, 0.94373441, 0.93035206, 0.96104433]), array([0.96626745, 0.98694113, 0.93296515, 0.91095826, 0.93125939,
       0.92746444, 0.9467771 , 0.94134916, 0.92767261, 0.95960847]), array([0.97225609, 0.98920767, 0.93242174, 0.91689158, 0.94238542,
       0.92539607, 0.94748806, 0.94170533, 0.93247576, 0.96066647]), array([0.97263258, 0.98912113, 0.93471737, 0.91326462, 0.93215891,
       0.92014559, 0.94889643, 0.9337215 , 0.9293266 , 0.9599809 ]), array([0.96326509, 0.98880081, 0.93335507, 0.90544404, 0.93232165,
       0.92594109, 0.93911468, 0.93589623, 0.92958146, 0.96473751])]

estim_algorithm = ac-model, mode = classification, metric = auc, confidence_scores = doctor-conf, class_specific = False
test err: [0.044044260150445734, 0.046248560056450595, 0.043298296183033616, 0.04623819006693993, 0.047469451617745115]
estimated metric: [array([0.99046317, 0.99179712, 0.9884485 , 0.98707008, 0.98897703,
       0.98887345, 0.98837027, 0.98981695, 0.98859497, 0.98963603]), array([0.99075424, 0.99246474, 0.98882744, 0.98693329, 0.98908464,
       0.98922198, 0.98865885, 0.98936902, 0.98880614, 0.98962844]), array([0.99123016, 0.99202255, 0.9893111 , 0.98740367, 0.98856232,
       0.98885582, 0.98946219, 0.98843724, 0.989498  , 0.98909411]), array([0.99149873, 0.99265185, 0.98906512, 0.98752219, 0.98859135,
       0.98961888, 0.98859512, 0.98934195, 0.99030123, 0.98916111]), array([0.99078313, 0.99233745, 0.98962045, 0.98700755, 0.98857656,
       0.98881113, 0.98899981, 0.98944505, 0.98824391, 0.98932711])]
real metric: [array([0.96816539, 0.98917195, 0.9307376 , 0.91010623, 0.93834577,
       0.92099189, 0.95895533, 0.94373441, 0.93035206, 0.96104433]), array([0.96626745, 0.98694113, 0.93296515, 0.91095826, 0.93125939,
       0.92746444, 0.9467771 , 0.94134916, 0.92767261, 0.95960847]), array([0.97225609, 0.98920767, 0.93242174, 0.91689158, 0.94238542,
       0.92539607, 0.94748806, 0.94170533, 0.93247576, 0.96066647]), array([0.97263258, 0.98912113, 0.93471737, 0.91326462, 0.93215891,
       0.92014559, 0.94889643, 0.9337215 , 0.9293266 , 0.9599809 ]), array([0.96326509, 0.98880081, 0.93335507, 0.90544404, 0.93232165,
       0.92594109, 0.93911468, 0.93589623, 0.92958146, 0.96473751])]

estim_algorithm = ts-model, mode = classification, metric = auc, confidence_scores = max_class_probability-conf, class_specific = False
test err: [0.01662389783056887, 0.01566528803685998, 0.015310031972262484, 0.01731578843193552, 0.017671114196455017]
estimated metric: [array([0.94126815, 0.95200343, 0.94051262, 0.93278327, 0.94085926,
       0.94535937, 0.94675665, 0.94516012, 0.95036382, 0.95184028]), array([0.9413803 , 0.95193952, 0.94050455, 0.93471565, 0.94400597,
       0.94512696, 0.94720592, 0.94394275, 0.95217408, 0.95207411]), array([0.94394068, 0.95201678, 0.94491869, 0.93685288, 0.9409064 ,
       0.94860544, 0.94453566, 0.94384421, 0.94970455, 0.95253916]), array([0.94127315, 0.95259715, 0.94264588, 0.93369257, 0.94082755,
       0.94694826, 0.94426937, 0.94281633, 0.94935711, 0.9522866 ]), array([0.94092043, 0.95165209, 0.94376948, 0.93574102, 0.94033604,
       0.94471339, 0.94632554, 0.94611795, 0.94910946, 0.95197842])]
real metric: [array([0.96816539, 0.98917195, 0.9307376 , 0.91010623, 0.93834577,
       0.92099189, 0.95895533, 0.94373441, 0.93035206, 0.96104433]), array([0.96626745, 0.98694113, 0.93296515, 0.91095826, 0.93125939,
       0.92746444, 0.9467771 , 0.94134916, 0.92767261, 0.95960847]), array([0.97225609, 0.98920767, 0.93242174, 0.91689158, 0.94238542,
       0.92539607, 0.94748806, 0.94170533, 0.93247576, 0.96066647]), array([0.97263258, 0.98912113, 0.93471737, 0.91326462, 0.93215891,
       0.92014559, 0.94889643, 0.9337215 , 0.9293266 , 0.9599809 ]), array([0.96326509, 0.98880081, 0.93335507, 0.90544404, 0.93232165,
       0.92594109, 0.93911468, 0.93589623, 0.92958146, 0.96473751])]

estim_algorithm = ts-model, mode = classification, metric = auc, confidence_scores = max_class_probability-conf, class_specific = True
test err: [0.014011452055355422, 0.015401348101374768, 0.015254708419215912, 0.015702116826486156, 0.016896828327831792]
estimated metric: [array([0.96674984, 0.97682418, 0.94694187, 0.91935328, 0.95998352,
       0.93900311, 0.96878121, 0.97123034, 0.94978655, 0.9565497 ]), array([0.96681122, 0.97663845, 0.94307533, 0.92441387, 0.95921758,
       0.93910748, 0.96986652, 0.96976015, 0.95267712, 0.95611337]), array([0.96790402, 0.97711513, 0.94926695, 0.92935805, 0.96022968,
       0.94212162, 0.96980979, 0.96959415, 0.950941  , 0.95712126]), array([0.96728146, 0.97678336, 0.94677412, 0.92819927, 0.95900152,
       0.92647305, 0.96839343, 0.97034846, 0.94931834, 0.9569258 ]), array([0.96703106, 0.97665738, 0.94534316, 0.92768186, 0.96014727,
       0.92626048, 0.96979958, 0.97136832, 0.94566975, 0.95629483])]
real metric: [array([0.96816539, 0.98917195, 0.9307376 , 0.91010623, 0.93834577,
       0.92099189, 0.95895533, 0.94373441, 0.93035206, 0.96104433]), array([0.96626745, 0.98694113, 0.93296515, 0.91095826, 0.93125939,
       0.92746444, 0.9467771 , 0.94134916, 0.92767261, 0.95960847]), array([0.97225609, 0.98920767, 0.93242174, 0.91689158, 0.94238542,
       0.92539607, 0.94748806, 0.94170533, 0.93247576, 0.96066647]), array([0.97263258, 0.98912113, 0.93471737, 0.91326462, 0.93215891,
       0.92014559, 0.94889643, 0.9337215 , 0.9293266 , 0.9599809 ]), array([0.96326509, 0.98880081, 0.93335507, 0.90544404, 0.93232165,
       0.92594109, 0.93911468, 0.93589623, 0.92958146, 0.96473751])]

estim_algorithm = ts-model, mode = classification, metric = auc, confidence_scores = energy-conf, class_specific = False
test err: [0.03251835382636857, 0.032057455982517705, 0.03547089483431293, 0.029094250547004617, 0.026073493161416838]
estimated metric: [array([0.91790702, 0.92115325, 0.89451201, 0.8703677 , 0.93177269,
       0.92417597, 0.88892315, 0.91741466, 0.94995585, 0.96627382]), array([0.89887798, 0.93668769, 0.87721542, 0.9023378 , 0.91213284,
       0.93079395, 0.89868882, 0.91703098, 0.96080735, 0.97017266]), array([0.89586769, 0.94915387, 0.91063945, 0.91972036, 0.89566178,
       0.93732551, 0.8582373 , 0.96849928, 0.97015032, 0.96194981]), array([0.89354859, 0.9523727 , 0.92596319, 0.87467419, 0.94386244,
       0.92094716, 0.87369921, 0.96579124, 0.9329415 , 0.96435943]), array([0.9043393 , 0.94752702, 0.88857178, 0.91339006, 0.88263199,
       0.90252423, 0.93543824, 0.91951608, 0.92022102, 0.97001999])]
real metric: [array([0.96816539, 0.98917195, 0.9307376 , 0.91010623, 0.93834577,
       0.92099189, 0.95895533, 0.94373441, 0.93035206, 0.96104433]), array([0.96626745, 0.98694113, 0.93296515, 0.91095826, 0.93125939,
       0.92746444, 0.9467771 , 0.94134916, 0.92767261, 0.95960847]), array([0.97225609, 0.98920767, 0.93242174, 0.91689158, 0.94238542,
       0.92539607, 0.94748806, 0.94170533, 0.93247576, 0.96066647]), array([0.97263258, 0.98912113, 0.93471737, 0.91326462, 0.93215891,
       0.92014559, 0.94889643, 0.9337215 , 0.9293266 , 0.9599809 ]), array([0.96326509, 0.98880081, 0.93335507, 0.90544404, 0.93232165,
       0.92594109, 0.93911468, 0.93589623, 0.92958146, 0.96473751])]

estim_algorithm = ts-model, mode = classification, metric = auc, confidence_scores = energy-conf, class_specific = True
test err: [0.020763557305324233, 0.027666668381401006, 0.02889825072125223, 0.026341097910382007, 0.0264077686442201]
estimated metric: [array([0.99465212, 0.99503186, 0.94618015, 0.93016855, 0.97585706,
       0.9357645 , 0.97754464, 0.96962327, 0.97135898, 0.9630594 ]), array([0.9945965 , 0.99495739, 0.93996533, 0.94891974, 0.97601149,
       0.94128741, 0.97795164, 0.96294322, 0.98002222, 0.99127491]), array([0.99468994, 0.99493042, 0.95563072, 0.95008915, 0.97557569,
       0.94477045, 0.97807863, 0.9798876 , 0.99284277, 0.98338134]), array([0.99461076, 0.99500306, 0.95766103, 0.93128428, 0.97561254,
       0.9371618 , 0.97784485, 0.97881285, 0.96263259, 0.98675286]), array([0.99457382, 0.99496077, 0.94620526, 0.95400543, 0.97568912,
       0.93184939, 0.9779054 , 0.97456635, 0.95039135, 0.98238844])]
real metric: [array([0.96816539, 0.98917195, 0.9307376 , 0.91010623, 0.93834577,
       0.92099189, 0.95895533, 0.94373441, 0.93035206, 0.96104433]), array([0.96626745, 0.98694113, 0.93296515, 0.91095826, 0.93125939,
       0.92746444, 0.9467771 , 0.94134916, 0.92767261, 0.95960847]), array([0.97225609, 0.98920767, 0.93242174, 0.91689158, 0.94238542,
       0.92539607, 0.94748806, 0.94170533, 0.93247576, 0.96066647]), array([0.97263258, 0.98912113, 0.93471737, 0.91326462, 0.93215891,
       0.92014559, 0.94889643, 0.9337215 , 0.9293266 , 0.9599809 ]), array([0.96326509, 0.98880081, 0.93335507, 0.90544404, 0.93232165,
       0.92594109, 0.93911468, 0.93589623, 0.92958146, 0.96473751])]

estim_algorithm = ts-model, mode = classification, metric = auc, confidence_scores = entropy-conf, class_specific = False
test err: [0.017140991255459214, 0.016271594057662864, 0.015495570770815714, 0.017763063147094228, 0.01854092161551072]
estimated metric: [array([0.94355875, 0.95337736, 0.94160124, 0.93517765, 0.9421707 ,
       0.94756878, 0.94773921, 0.9470735 , 0.95187635, 0.95245202]), array([0.94270293, 0.95338699, 0.94277449, 0.93727766, 0.94319087,
       0.94563084, 0.94815457, 0.94622551, 0.95352321, 0.95234222]), array([0.94531804, 0.95389464, 0.94653567, 0.93772868, 0.94297599,
       0.95042789, 0.94720708, 0.94594206, 0.95152225, 0.95209946]), array([0.94405113, 0.95447783, 0.94475135, 0.93638802, 0.94147543,
       0.9486164 , 0.94714784, 0.94569317, 0.95172027, 0.95263367]), array([0.94338652, 0.95320536, 0.94608299, 0.93602818, 0.94203266,
       0.94666233, 0.94905699, 0.94876929, 0.95045317, 0.95223371])]
real metric: [array([0.96816539, 0.98917195, 0.9307376 , 0.91010623, 0.93834577,
       0.92099189, 0.95895533, 0.94373441, 0.93035206, 0.96104433]), array([0.96626745, 0.98694113, 0.93296515, 0.91095826, 0.93125939,
       0.92746444, 0.9467771 , 0.94134916, 0.92767261, 0.95960847]), array([0.97225609, 0.98920767, 0.93242174, 0.91689158, 0.94238542,
       0.92539607, 0.94748806, 0.94170533, 0.93247576, 0.96066647]), array([0.97263258, 0.98912113, 0.93471737, 0.91326462, 0.93215891,
       0.92014559, 0.94889643, 0.9337215 , 0.9293266 , 0.9599809 ]), array([0.96326509, 0.98880081, 0.93335507, 0.90544404, 0.93232165,
       0.92594109, 0.93911468, 0.93589623, 0.92958146, 0.96473751])]

estim_algorithm = ts-model, mode = classification, metric = auc, confidence_scores = entropy-conf, class_specific = True
test err: [0.01248761927975398, 0.013404100250344298, 0.014169070272645579, 0.015254064661966748, 0.016490660390316113]
estimated metric: [array([0.96471808, 0.97507633, 0.94211264, 0.91738784, 0.95987899,
       0.93860135, 0.96727882, 0.9623737 , 0.94933622, 0.95745732]), array([0.96475878, 0.974721  , 0.93443587, 0.92325497, 0.95801636,
       0.93851487, 0.96815586, 0.96035158, 0.95207159, 0.95565125]), array([0.96597748, 0.97531276, 0.94617571, 0.92796093, 0.95955027,
       0.94185318, 0.96835644, 0.96197852, 0.95062472, 0.95688509]), array([0.96526876, 0.97493428, 0.9420505 , 0.92595088, 0.95822924,
       0.93473236, 0.9670129 , 0.96266395, 0.94875176, 0.95615151]), array([0.96483374, 0.9748456 , 0.93993603, 0.92903561, 0.95918041,
       0.93694476, 0.96841851, 0.96314607, 0.94536938, 0.95573132])]
real metric: [array([0.96816539, 0.98917195, 0.9307376 , 0.91010623, 0.93834577,
       0.92099189, 0.95895533, 0.94373441, 0.93035206, 0.96104433]), array([0.96626745, 0.98694113, 0.93296515, 0.91095826, 0.93125939,
       0.92746444, 0.9467771 , 0.94134916, 0.92767261, 0.95960847]), array([0.97225609, 0.98920767, 0.93242174, 0.91689158, 0.94238542,
       0.92539607, 0.94748806, 0.94170533, 0.93247576, 0.96066647]), array([0.97263258, 0.98912113, 0.93471737, 0.91326462, 0.93215891,
       0.92014559, 0.94889643, 0.9337215 , 0.9293266 , 0.9599809 ]), array([0.96326509, 0.98880081, 0.93335507, 0.90544404, 0.93232165,
       0.92594109, 0.93911468, 0.93589623, 0.92958146, 0.96473751])]

estim_algorithm = ts-model, mode = classification, metric = auc, confidence_scores = doctor-conf, class_specific = False
test err: [0.019112521591253307, 0.018206153297422933, 0.01750045745092731, 0.020034771277228424, 0.020810078292951804]
estimated metric: [array([0.95070894, 0.95812468, 0.94978661, 0.9449509 , 0.94877232,
       0.95178593, 0.94929388, 0.95172782, 0.95495983, 0.95579972]), array([0.95099511, 0.95839847, 0.94969386, 0.94593585, 0.94881164,
       0.95188634, 0.95042814, 0.9515696 , 0.95326012, 0.95450136]), array([0.95215356, 0.95833448, 0.95240013, 0.94738461, 0.94789207,
       0.9527776 , 0.95103106, 0.95192431, 0.9540537 , 0.95533713]), array([0.95107854, 0.95828408, 0.95023474, 0.94527259, 0.94920726,
       0.95253297, 0.95155746, 0.95105828, 0.95448051, 0.95413707]), array([0.95042991, 0.95772755, 0.9514193 , 0.94644645, 0.94856625,
       0.95383686, 0.95144733, 0.95181809, 0.9523975 , 0.95482273])]
real metric: [array([0.96816539, 0.98917195, 0.9307376 , 0.91010623, 0.93834577,
       0.92099189, 0.95895533, 0.94373441, 0.93035206, 0.96104433]), array([0.96626745, 0.98694113, 0.93296515, 0.91095826, 0.93125939,
       0.92746444, 0.9467771 , 0.94134916, 0.92767261, 0.95960847]), array([0.97225609, 0.98920767, 0.93242174, 0.91689158, 0.94238542,
       0.92539607, 0.94748806, 0.94170533, 0.93247576, 0.96066647]), array([0.97263258, 0.98912113, 0.93471737, 0.91326462, 0.93215891,
       0.92014559, 0.94889643, 0.9337215 , 0.9293266 , 0.9599809 ]), array([0.96326509, 0.98880081, 0.93335507, 0.90544404, 0.93232165,
       0.92594109, 0.93911468, 0.93589623, 0.92958146, 0.96473751])]

estim_algorithm = ts-model, mode = classification, metric = auc, confidence_scores = doctor-conf, class_specific = True
test err: [0.013813806486220982, 0.015956685056494745, 0.01474008367716757, 0.0161223502580086, 0.016270718143032638]
estimated metric: [array([0.96299246, 0.97560697, 0.94511008, 0.92086321, 0.96166238,
       0.93383911, 0.96871087, 0.962047  , 0.95433703, 0.95499054]), array([0.96258021, 0.97569435, 0.94321653, 0.92651054, 0.96068615,
       0.94287998, 0.96939343, 0.95981243, 0.95608126, 0.95510984]), array([0.9644632 , 0.97583054, 0.95064757, 0.9295599 , 0.96206834,
       0.93693004, 0.96986744, 0.96070125, 0.95284747, 0.9582937 ]), array([0.96305171, 0.97603263, 0.94909812, 0.92630102, 0.96088478,
       0.93078171, 0.96874203, 0.96093188, 0.94951139, 0.95544668]), array([0.96263202, 0.97569178, 0.94772103, 0.92930759, 0.96145227,
       0.9254115 , 0.96950777, 0.96065712, 0.94686748, 0.95610216])]
real metric: [array([0.96816539, 0.98917195, 0.9307376 , 0.91010623, 0.93834577,
       0.92099189, 0.95895533, 0.94373441, 0.93035206, 0.96104433]), array([0.96626745, 0.98694113, 0.93296515, 0.91095826, 0.93125939,
       0.92746444, 0.9467771 , 0.94134916, 0.92767261, 0.95960847]), array([0.97225609, 0.98920767, 0.93242174, 0.91689158, 0.94238542,
       0.92539607, 0.94748806, 0.94170533, 0.93247576, 0.96066647]), array([0.97263258, 0.98912113, 0.93471737, 0.91326462, 0.93215891,
       0.92014559, 0.94889643, 0.9337215 , 0.9293266 , 0.9599809 ]), array([0.96326509, 0.98880081, 0.93335507, 0.90544404, 0.93232165,
       0.92594109, 0.93911468, 0.93589623, 0.92958146, 0.96473751])]

estim_algorithm = doc-model, mode = classification, metric = auc, confidence_scores = max_class_probability-conf, class_specific = False
test err: [0.08221961589205344, 0.0801105756866189, 0.08280926763832176, 0.07994702069439642, 0.0788015370910086]
estimated metric: [array([0.86464877, 0.86705221, 0.86238439, 0.85907722, 0.86206406,
       0.86220315, 0.86287843, 0.86320521, 0.86245254, 0.86344282]), array([0.86493688, 0.8679853 , 0.86257089, 0.85939799, 0.86262213,
       0.86302072, 0.86291537, 0.86244936, 0.86126162, 0.86299717]), array([0.86574333, 0.86757996, 0.86290328, 0.86012742, 0.86227234,
       0.86332931, 0.86260278, 0.86167058, 0.86364772, 0.8629248 ]), array([0.86580205, 0.86812874, 0.86271199, 0.860083  , 0.86193424,
       0.86305338, 0.862458  , 0.86315284, 0.86399141, 0.86317978]), array([0.86507414, 0.86769265, 0.86310097, 0.85900653, 0.86200996,
       0.86240988, 0.86320798, 0.86342167, 0.86163322, 0.86288526])]
real metric: [array([0.96816539, 0.98917195, 0.9307376 , 0.91010623, 0.93834577,
       0.92099189, 0.95895533, 0.94373441, 0.93035206, 0.96104433]), array([0.96626745, 0.98694113, 0.93296515, 0.91095826, 0.93125939,
       0.92746444, 0.9467771 , 0.94134916, 0.92767261, 0.95960847]), array([0.97225609, 0.98920767, 0.93242174, 0.91689158, 0.94238542,
       0.92539607, 0.94748806, 0.94170533, 0.93247576, 0.96066647]), array([0.97263258, 0.98912113, 0.93471737, 0.91326462, 0.93215891,
       0.92014559, 0.94889643, 0.9337215 , 0.9293266 , 0.9599809 ]), array([0.96326509, 0.98880081, 0.93335507, 0.90544404, 0.93232165,
       0.92594109, 0.93911468, 0.93589623, 0.92958146, 0.96473751])]

estim_algorithm = doc-model, mode = classification, metric = auc, confidence_scores = max_class_probability-conf, class_specific = True
test err: [0.01833929757886048, 0.01970654605311638, 0.01756748563747006, 0.02011887760052885, 0.022301534827853308]
estimated metric: [array([0.97873034, 0.98497789, 0.9572928 , 0.94259994, 0.96870389,
       0.94145155, 0.97424699, 0.96597274, 0.95121998, 0.96067496]), array([0.97869353, 0.98547995, 0.95739059, 0.94306721, 0.96868662,
       0.9421417 , 0.97418751, 0.96521635, 0.95038931, 0.96015351]), array([0.97934854, 0.98536083, 0.9575673 , 0.9435412 , 0.96856509,
       0.9424512 , 0.97408632, 0.96443921, 0.95223014, 0.96004739]), array([0.97928322, 0.9855878 , 0.95751399, 0.9434789 , 0.96807695,
       0.94206017, 0.97362923, 0.96580714, 0.95234865, 0.9603017 ]), array([0.97869093, 0.98522991, 0.95773272, 0.9426791 , 0.9681882 ,
       0.94153392, 0.97442615, 0.96622572, 0.95016716, 0.96001766])]
real metric: [array([0.96816539, 0.98917195, 0.9307376 , 0.91010623, 0.93834577,
       0.92099189, 0.95895533, 0.94373441, 0.93035206, 0.96104433]), array([0.96626745, 0.98694113, 0.93296515, 0.91095826, 0.93125939,
       0.92746444, 0.9467771 , 0.94134916, 0.92767261, 0.95960847]), array([0.97225609, 0.98920767, 0.93242174, 0.91689158, 0.94238542,
       0.92539607, 0.94748806, 0.94170533, 0.93247576, 0.96066647]), array([0.97263258, 0.98912113, 0.93471737, 0.91326462, 0.93215891,
       0.92014559, 0.94889643, 0.9337215 , 0.9293266 , 0.9599809 ]), array([0.96326509, 0.98880081, 0.93335507, 0.90544404, 0.93232165,
       0.92594109, 0.93911468, 0.93589623, 0.92958146, 0.96473751])]

estim_algorithm = doc-model, mode = classification, metric = auc, confidence_scores = energy-conf, class_specific = False
test err: [0.017379417866582748, 0.018966814385495634, 0.017750437774714557, 0.019900542756482165, 0.020247955104568238]
estimated metric: [array([0.93894808, 0.95120095, 0.94361501, 0.93589998, 0.94083071,
       0.94636714, 0.9542164 , 0.95234557, 0.9549553 , 0.95892314]), array([0.93440903, 0.95192003, 0.94235896, 0.93967197, 0.94406683,
       0.94932056, 0.95490528, 0.95191551, 0.95642038, 0.95703322]), array([0.94173624, 0.95178424, 0.94792335, 0.93678901, 0.94143212,
       0.95396802, 0.94595796, 0.95517362, 0.95737043, 0.9559227 ]), array([0.93684345, 0.95216608, 0.93986977, 0.93822436, 0.94359093,
       0.95364789, 0.94561394, 0.95262893, 0.95531006, 0.95693951]), array([0.93946797, 0.95168385, 0.94368775, 0.93836337, 0.94360957,
       0.94945001, 0.95162302, 0.95652166, 0.95341553, 0.95818874])]
real metric: [array([0.96816539, 0.98917195, 0.9307376 , 0.91010623, 0.93834577,
       0.92099189, 0.95895533, 0.94373441, 0.93035206, 0.96104433]), array([0.96626745, 0.98694113, 0.93296515, 0.91095826, 0.93125939,
       0.92746444, 0.9467771 , 0.94134916, 0.92767261, 0.95960847]), array([0.97225609, 0.98920767, 0.93242174, 0.91689158, 0.94238542,
       0.92539607, 0.94748806, 0.94170533, 0.93247576, 0.96066647]), array([0.97263258, 0.98912113, 0.93471737, 0.91326462, 0.93215891,
       0.92014559, 0.94889643, 0.9337215 , 0.9293266 , 0.9599809 ]), array([0.96326509, 0.98880081, 0.93335507, 0.90544404, 0.93232165,
       0.92594109, 0.93911468, 0.93589623, 0.92958146, 0.96473751])]

estim_algorithm = doc-model, mode = classification, metric = auc, confidence_scores = energy-conf, class_specific = True
test err: [0.01840077477195514, 0.021441700684013167, 0.015845208834853165, 0.01928977292458387, 0.025507087776233096]
estimated metric: [array([0.95309085, 0.97206481, 0.91147206, 0.88262311, 0.95905345,
       0.90394057, 0.97104006, 0.96478408, 0.96087986, 0.9573881 ]), array([0.95261817, 0.97184408, 0.86970106, 0.90669765, 0.95944203,
       0.91530365, 0.97096122, 0.9592232 , 0.95565654, 0.95184802]), array([0.95521322, 0.97228855, 0.92947464, 0.94492807, 0.95845852,
       0.92705667, 0.97098996, 0.96199768, 0.96309452, 0.96202629]), array([0.95247131, 0.97181668, 0.94612594, 0.88573485, 0.95858091,
       0.90978773, 0.97075161, 0.96156213, 0.95676976, 0.95740608]), array([0.95109187, 0.97162893, 0.90655962, 0.92072434, 0.95921178,
       0.86356295, 0.9705892 , 0.96298915, 0.95776674, 0.95710848])]
real metric: [array([0.96816539, 0.98917195, 0.9307376 , 0.91010623, 0.93834577,
       0.92099189, 0.95895533, 0.94373441, 0.93035206, 0.96104433]), array([0.96626745, 0.98694113, 0.93296515, 0.91095826, 0.93125939,
       0.92746444, 0.9467771 , 0.94134916, 0.92767261, 0.95960847]), array([0.97225609, 0.98920767, 0.93242174, 0.91689158, 0.94238542,
       0.92539607, 0.94748806, 0.94170533, 0.93247576, 0.96066647]), array([0.97263258, 0.98912113, 0.93471737, 0.91326462, 0.93215891,
       0.92014559, 0.94889643, 0.9337215 , 0.9293266 , 0.9599809 ]), array([0.96326509, 0.98880081, 0.93335507, 0.90544404, 0.93232165,
       0.92594109, 0.93911468, 0.93589623, 0.92958146, 0.96473751])]

estim_algorithm = doc-model, mode = classification, metric = auc, confidence_scores = entropy-conf, class_specific = False
test err: [0.07789052497258972, 0.07592814854258148, 0.07808359799118915, 0.07561846750883132, 0.07417661848750187]
estimated metric: [array([0.8691427 , 0.87178616, 0.867023  , 0.86091305, 0.86511744,
       0.86718412, 0.86677997, 0.86806598, 0.86806302, 0.86862427]), array([0.86814221, 0.87337828, 0.86559111, 0.86254585, 0.86528752,
       0.8676962 , 0.86769633, 0.86702875, 0.86591816, 0.86869729]), array([0.870407  , 0.87306588, 0.86742339, 0.86341738, 0.86484563,
       0.86816074, 0.86750027, 0.86758892, 0.86894992, 0.86869908]), array([0.87036262, 0.87277406, 0.86738831, 0.86224647, 0.86574558,
       0.86652994, 0.86717153, 0.86851489, 0.86858154, 0.86846602]), array([0.86957061, 0.87294632, 0.86752556, 0.86252677, 0.86623117,
       0.86565859, 0.86793191, 0.86835435, 0.86743364, 0.86851252])]
real metric: [array([0.96816539, 0.98917195, 0.9307376 , 0.91010623, 0.93834577,
       0.92099189, 0.95895533, 0.94373441, 0.93035206, 0.96104433]), array([0.96626745, 0.98694113, 0.93296515, 0.91095826, 0.93125939,
       0.92746444, 0.9467771 , 0.94134916, 0.92767261, 0.95960847]), array([0.97225609, 0.98920767, 0.93242174, 0.91689158, 0.94238542,
       0.92539607, 0.94748806, 0.94170533, 0.93247576, 0.96066647]), array([0.97263258, 0.98912113, 0.93471737, 0.91326462, 0.93215891,
       0.92014559, 0.94889643, 0.9337215 , 0.9293266 , 0.9599809 ]), array([0.96326509, 0.98880081, 0.93335507, 0.90544404, 0.93232165,
       0.92594109, 0.93911468, 0.93589623, 0.92958146, 0.96473751])]

estim_algorithm = doc-model, mode = classification, metric = auc, confidence_scores = entropy-conf, class_specific = True
test err: [0.017323005845926998, 0.0185936623641769, 0.016713772013199533, 0.019121519128842246, 0.021316925179202785]
estimated metric: [array([0.97693267, 0.98391806, 0.95531512, 0.94026368, 0.96736086,
       0.94036774, 0.97155475, 0.96550209, 0.95082824, 0.95980463]), array([0.97710424, 0.98415345, 0.95520472, 0.94068784, 0.96742464,
       0.94083944, 0.97336309, 0.96362542, 0.94929338, 0.95992821]), array([0.97775905, 0.98402533, 0.95555908, 0.94144459, 0.96729974,
       0.94118678, 0.9731887 , 0.96418277, 0.95152989, 0.95984163]), array([0.9776728 , 0.98395405, 0.95564118, 0.94170342, 0.96671929,
       0.94086534, 0.97186333, 0.96507293, 0.95103434, 0.95964182]), array([0.97722911, 0.9840085 , 0.95564585, 0.94069544, 0.96718956,
       0.93988213, 0.97259061, 0.96490554, 0.9501551 , 0.95973459])]
real metric: [array([0.96816539, 0.98917195, 0.9307376 , 0.91010623, 0.93834577,
       0.92099189, 0.95895533, 0.94373441, 0.93035206, 0.96104433]), array([0.96626745, 0.98694113, 0.93296515, 0.91095826, 0.93125939,
       0.92746444, 0.9467771 , 0.94134916, 0.92767261, 0.95960847]), array([0.97225609, 0.98920767, 0.93242174, 0.91689158, 0.94238542,
       0.92539607, 0.94748806, 0.94170533, 0.93247576, 0.96066647]), array([0.97263258, 0.98912113, 0.93471737, 0.91326462, 0.93215891,
       0.92014559, 0.94889643, 0.9337215 , 0.9293266 , 0.9599809 ]), array([0.96326509, 0.98880081, 0.93335507, 0.90544404, 0.93232165,
       0.92594109, 0.93911468, 0.93589623, 0.92958146, 0.96473751])]

estim_algorithm = doc-model, mode = classification, metric = auc, confidence_scores = doctor-conf, class_specific = False
test err: [0.09545550314954078, 0.09351192326838828, 0.09588157656861213, 0.09311280077557701, 0.09178764443628738]
estimated metric: [array([0.85101934, 0.85295117, 0.8486118 , 0.84662761, 0.84900549,
       0.84892053, 0.85119833, 0.85003602, 0.84869464, 0.84998502]), array([0.85145395, 0.8538839 , 0.84884705, 0.84642642, 0.84922674,
       0.84929472, 0.84879387, 0.8495123 , 0.8488432 , 0.84986179]), array([0.85193282, 0.85336039, 0.84935608, 0.84719152, 0.84859004,
       0.84886858, 0.84957677, 0.84850238, 0.85242151, 0.85227833]), array([0.85223705, 0.85396502, 0.84902482, 0.84720592, 0.85048782,
       0.84968944, 0.84864417, 0.84951131, 0.85048577, 0.85158631]), array([0.85166031, 0.85357759, 0.84963559, 0.84620959, 0.84858465,
       0.84865355, 0.85196579, 0.84959004, 0.85119905, 0.84950503])]
real metric: [array([0.96816539, 0.98917195, 0.9307376 , 0.91010623, 0.93834577,
       0.92099189, 0.95895533, 0.94373441, 0.93035206, 0.96104433]), array([0.96626745, 0.98694113, 0.93296515, 0.91095826, 0.93125939,
       0.92746444, 0.9467771 , 0.94134916, 0.92767261, 0.95960847]), array([0.97225609, 0.98920767, 0.93242174, 0.91689158, 0.94238542,
       0.92539607, 0.94748806, 0.94170533, 0.93247576, 0.96066647]), array([0.97263258, 0.98912113, 0.93471737, 0.91326462, 0.93215891,
       0.92014559, 0.94889643, 0.9337215 , 0.9293266 , 0.9599809 ]), array([0.96326509, 0.98880081, 0.93335507, 0.90544404, 0.93232165,
       0.92594109, 0.93911468, 0.93589623, 0.92958146, 0.96473751])]

estim_algorithm = doc-model, mode = classification, metric = auc, confidence_scores = doctor-conf, class_specific = True
test err: [0.019605240551748216, 0.021413131740543233, 0.018837616831622474, 0.021631122648059886, 0.023531266426729404]
estimated metric: [array([0.98124858, 0.98729606, 0.95933384, 0.94608491, 0.97061266,
       0.9431839 , 0.97480916, 0.96854959, 0.95139327, 0.9613936 ]), array([0.98153363, 0.98799615, 0.95965272, 0.94590905, 0.97073963,
       0.9434969 , 0.97508724, 0.96806453, 0.95156962, 0.96134502]), array([0.98206907, 0.98759941, 0.96021249, 0.94649639, 0.97020842,
       0.94317059, 0.97592428, 0.96717247, 0.95234717, 0.96085356]), array([0.98231036, 0.98820213, 0.95992647, 0.94664295, 0.97022132,
       0.94393954, 0.97501217, 0.96810112, 0.95319457, 0.96088822]), array([0.98156488, 0.9878337 , 0.96043734, 0.94586138, 0.97017785,
       0.94300013, 0.97535963, 0.96809309, 0.95104729, 0.96101424])]
real metric: [array([0.96816539, 0.98917195, 0.9307376 , 0.91010623, 0.93834577,
       0.92099189, 0.95895533, 0.94373441, 0.93035206, 0.96104433]), array([0.96626745, 0.98694113, 0.93296515, 0.91095826, 0.93125939,
       0.92746444, 0.9467771 , 0.94134916, 0.92767261, 0.95960847]), array([0.97225609, 0.98920767, 0.93242174, 0.91689158, 0.94238542,
       0.92539607, 0.94748806, 0.94170533, 0.93247576, 0.96066647]), array([0.97263258, 0.98912113, 0.93471737, 0.91326462, 0.93215891,
       0.92014559, 0.94889643, 0.9337215 , 0.9293266 , 0.9599809 ]), array([0.96326509, 0.98880081, 0.93335507, 0.90544404, 0.93232165,
       0.92594109, 0.93911468, 0.93589623, 0.92958146, 0.96473751])]

