estim_algorithm = moval-ensemble-cls-precision, mode = classification, metric = precision
test err: [0.3238452392837723, 0.32550592698146597, 0.3408104496814986, 0.33789862991515546, 0.33283807935060006]
estimated metric: [array([0.75887596, 0.76054939, 0.79591237, 0.93037862, 0.64726014,
       0.59496114, 0.4509324 , 0.60691613, 0.43341292, 0.45653392]), array([0.7598598 , 0.76227511, 0.79261378, 0.93003395, 0.63758886,
       0.60042127, 0.4423741 , 0.58813339, 0.45374581, 0.45513474]), array([0.76047812, 0.77243851, 0.79212031, 0.92981647, 0.67216917,
       0.5920305 , 0.44314494, 0.59124988, 0.42205319, 0.38192051]), array([0.75726146, 0.77384825, 0.7932954 , 0.93151622, 0.65377587,
       0.57643205, 0.45177607, 0.58226448, 0.44605588, 0.44605588]), array([0.75355331, 0.78718687, 0.79615061, 0.93245298, 0.66380478,
       0.60720534, 0.43672687, 0.59963196, 0.45874971, 0.43672687])]
real metric: [array([0.44993046, 0.78686131, 0.54392298, 0.24078526, 0.69565217,
       0.70607029, 0.94285714, 0.87234043, 0.95705521, 0.97765363]), array([0.44758621, 0.79597701, 0.57264957, 0.25369557, 0.70026525,
       0.70807453, 0.91764706, 0.89215686, 0.99438202, 0.97765363]), array([0.42017968, 0.78337875, 0.57371007, 0.24176707, 0.7260274 ,
       0.76129032, 0.91764706, 0.88996764, 0.98076923, 0.97727273]), array([0.43247026, 0.79183673, 0.55705521, 0.24185862, 0.6957606 ,
       0.76124567, 0.94857143, 0.90202703, 0.97076023, 0.98830409]), array([0.41744773, 0.78764479, 0.52897657, 0.25633803, 0.73902439,
       0.73831776, 0.92546584, 0.91318328, 0.96022727, 0.97515528])]

