estim_algorithm = ac-model, mode = classification, metric = precision, confidence_scores = max_class_probability-conf, class_specific = False
test err: [0.6133536552723478, 0.6137291415602311, 0.6026191033239126, 0.6141405665504865, 0.6170286933630633]
estimated metric: [array([0.2684595 , 0.21696125, 0.1777973 , 0.42196965, 0.12045015,
       0.09416205, 0.05568078, 0.09289771, 0.05798879, 0.06210571]), array([0.27323284, 0.20816445, 0.18237983, 0.42025398, 0.12161434,
       0.09464085, 0.06297835, 0.09355259, 0.06092973, 0.05794511]), array([0.28413879, 0.20661387, 0.17977938, 0.41900442, 0.12358342,
       0.09088933, 0.06267968, 0.08276485, 0.05783478, 0.06289031]), array([0.26475215, 0.21563877, 0.18572038, 0.41469692, 0.12671824,
       0.09294119, 0.06503211, 0.08975802, 0.06189671, 0.05849566]), array([0.28106579, 0.19795098, 0.18498479, 0.42758215, 0.11751559,
       0.09265213, 0.05766065, 0.08851593, 0.05720928, 0.05879883])]
real metric: [array([0.4703125 , 0.80144404, 0.5859473 , 0.27302175, 0.73084479,
       0.73969072, 0.94036697, 0.91111111, 0.96846847, 0.98290598]), array([0.49730562, 0.77721519, 0.58506732, 0.28838077, 0.72047244,
       0.76683938, 0.95061728, 0.91160221, 0.97008547, 0.98165138]), array([0.46436444, 0.77307692, 0.55940594, 0.29299065, 0.70689655,
       0.72727273, 0.94605809, 0.91823899, 0.97695853, 0.9790795 ]), array([0.48726115, 0.77871826, 0.6062425 , 0.28774255, 0.72149533,
       0.7408377 , 0.96442688, 0.92397661, 0.97046414, 0.98198198]), array([0.47693452, 0.79521277, 0.62318841, 0.29470803, 0.7195122 ,
       0.7191601 , 0.95089286, 0.93823529, 0.96396396, 0.98666667])]

estim_algorithm = ac-model, mode = classification, metric = precision, confidence_scores = energy-conf, class_specific = False
test err: [0.467746581608777, 0.4666427519434079, 0.4702946028503412, 0.4629115853577181, 0.4746084265435667]
estimated metric: [array([0.70615444, 0.46916131, 0.58274023, 0.81276829, 0.44868359,
       0.36432854, 0.24951   , 0.29320679, 0.1901791 , 0.1610925 ]), array([0.71097241, 0.45112549, 0.58913406, 0.80987124, 0.44489617,
       0.35527579, 0.26664498, 0.28877887, 0.1960937 , 0.14846482]), array([0.72229616, 0.44513355, 0.59228821, 0.81160954, 0.45796025,
       0.35595208, 0.26533918, 0.26614013, 0.17831305, 0.16522992]), array([0.70427643, 0.4703669 , 0.59704603, 0.81038328, 0.46839795,
       0.36294152, 0.28107496, 0.26352056, 0.20063788, 0.15469773]), array([0.72074029, 0.44314612, 0.5925413 , 0.8168013 , 0.4411741 ,
       0.35898752, 0.25631888, 0.27495903, 0.19457171, 0.15494835])]
real metric: [array([0.4703125 , 0.80144404, 0.5859473 , 0.27302175, 0.73084479,
       0.73969072, 0.94036697, 0.91111111, 0.96846847, 0.98290598]), array([0.49730562, 0.77721519, 0.58506732, 0.28838077, 0.72047244,
       0.76683938, 0.95061728, 0.91160221, 0.97008547, 0.98165138]), array([0.46436444, 0.77307692, 0.55940594, 0.29299065, 0.70689655,
       0.72727273, 0.94605809, 0.91823899, 0.97695853, 0.9790795 ]), array([0.48726115, 0.77871826, 0.6062425 , 0.28774255, 0.72149533,
       0.7408377 , 0.96442688, 0.92397661, 0.97046414, 0.98198198]), array([0.47693452, 0.79521277, 0.62318841, 0.29470803, 0.7195122 ,
       0.7191601 , 0.95089286, 0.93823529, 0.96396396, 0.98666667])]

estim_algorithm = ac-model, mode = classification, metric = precision, confidence_scores = entropy-conf, class_specific = False
test err: [0.7244477631615076, 0.7233081417164957, 0.7183813310401292, 0.7273650393840958, 0.7286412395309492]
estimated metric: [array([9.84074463e-01, 2.03085363e-01, 1.45147140e-08, 1.81585287e-08,
       1.39046072e-08, 1.36800403e-08, 1.33665682e-08, 1.36106750e-08,
       1.33731801e-08, 1.33886566e-08]), array([9.83407633e-01, 2.04951926e-01, 1.45575427e-08, 1.80971956e-08,
       1.38994350e-08, 1.36773726e-08, 1.34068613e-08, 1.36145683e-08,
       1.33953521e-08, 1.33633330e-08]), array([9.82581636e-01, 2.14381679e-01, 1.45365973e-08, 1.80884933e-08,
       1.39275612e-08, 1.36553751e-08, 1.34031297e-08, 1.35377645e-08,
       1.33617577e-08, 1.33996369e-08]), array([9.84234174e-01, 1.99208448e-01, 1.45922459e-08, 1.79991426e-08,
       1.39515628e-08, 1.36695583e-08, 1.34254890e-08, 1.35776385e-08,
       1.34001802e-08, 1.33714676e-08]), array([9.82894336e-01, 2.11087586e-01, 1.45772589e-08, 1.82543836e-08,
       1.38670882e-08, 1.36651236e-08, 1.33730796e-08, 1.35734308e-08,
       1.33743352e-08, 1.33742614e-08])]
real metric: [array([0.4703125 , 0.80144404, 0.5859473 , 0.27302175, 0.73084479,
       0.73969072, 0.94036697, 0.91111111, 0.96846847, 0.98290598]), array([0.49730562, 0.77721519, 0.58506732, 0.28838077, 0.72047244,
       0.76683938, 0.95061728, 0.91160221, 0.97008547, 0.98165138]), array([0.46436444, 0.77307692, 0.55940594, 0.29299065, 0.70689655,
       0.72727273, 0.94605809, 0.91823899, 0.97695853, 0.9790795 ]), array([0.48726115, 0.77871826, 0.6062425 , 0.28774255, 0.72149533,
       0.7408377 , 0.96442688, 0.92397661, 0.97046414, 0.98198198]), array([0.47693452, 0.79521277, 0.62318841, 0.29470803, 0.7195122 ,
       0.7191601 , 0.95089286, 0.93823529, 0.96396396, 0.98666667])]

estim_algorithm = ac-model, mode = classification, metric = precision, confidence_scores = doctor-conf, class_specific = False
test err: [0.49820646903312127, 0.4957262022592646, 0.48580475893120656, 0.4958442952594003, 0.5044931957120709]
estimated metric: [array([0.40938572, 0.53154333, 0.31085894, 0.58710704, 0.2622458 ,
       0.21418235, 0.15426779, 0.2409098 , 0.16049877, 0.17922   ]), array([0.42237457, 0.51978233, 0.31886048, 0.5886808 , 0.27158952,
       0.21505028, 0.17759674, 0.24401167, 0.1667318 , 0.16789691]), array([0.43053303, 0.52074394, 0.31763409, 0.58632725, 0.27117727,
       0.20680791, 0.17639902, 0.21936268, 0.1662292 , 0.17775356]), array([0.40776378, 0.52881583, 0.32473491, 0.58407224, 0.27963666,
       0.21382769, 0.18090303, 0.23972109, 0.17031824, 0.16757003]), array([0.4236404 , 0.50174611, 0.32192814, 0.59356572, 0.26021323,
       0.21048267, 0.1614461 , 0.23065715, 0.15160703, 0.16597166])]
real metric: [array([0.4703125 , 0.80144404, 0.5859473 , 0.27302175, 0.73084479,
       0.73969072, 0.94036697, 0.91111111, 0.96846847, 0.98290598]), array([0.49730562, 0.77721519, 0.58506732, 0.28838077, 0.72047244,
       0.76683938, 0.95061728, 0.91160221, 0.97008547, 0.98165138]), array([0.46436444, 0.77307692, 0.55940594, 0.29299065, 0.70689655,
       0.72727273, 0.94605809, 0.91823899, 0.97695853, 0.9790795 ]), array([0.48726115, 0.77871826, 0.6062425 , 0.28774255, 0.72149533,
       0.7408377 , 0.96442688, 0.92397661, 0.97046414, 0.98198198]), array([0.47693452, 0.79521277, 0.62318841, 0.29470803, 0.7195122 ,
       0.7191601 , 0.95089286, 0.93823529, 0.96396396, 0.98666667])]

estim_algorithm = ts-model, mode = classification, metric = precision, confidence_scores = max_class_probability-conf, class_specific = False
test err: [0.35763543663993025, 0.3490342007498527, 0.35527414688016307, 0.34756941025140486, 0.35816053173934537]
estimated metric: [array([0.78904293, 0.7357471 , 0.68661487, 0.8850591 , 0.58162115,
       0.51870467, 0.3751216 , 0.51892047, 0.38978181, 0.41001628]), array([0.79788125, 0.73011112, 0.69892152, 0.88750144, 0.59289636,
       0.52986388, 0.41560524, 0.52646054, 0.40779127, 0.39896342]), array([0.8032125 , 0.72487811, 0.68940743, 0.88436822, 0.5896996 ,
       0.51014563, 0.41248876, 0.49006118, 0.39324242, 0.41455125]), array([0.78870855, 0.73640366, 0.70151118, 0.88360022, 0.59887736,
       0.51818315, 0.42208738, 0.51507466, 0.41054221, 0.39761212]), array([0.80089679, 0.71457785, 0.69941823, 0.88810556, 0.57840852,
       0.51529485, 0.38837549, 0.50926568, 0.38579872, 0.39390704])]
real metric: [array([0.4703125 , 0.80144404, 0.5859473 , 0.27302175, 0.73084479,
       0.73969072, 0.94036697, 0.91111111, 0.96846847, 0.98290598]), array([0.49730562, 0.77721519, 0.58506732, 0.28838077, 0.72047244,
       0.76683938, 0.95061728, 0.91160221, 0.97008547, 0.98165138]), array([0.46436444, 0.77307692, 0.55940594, 0.29299065, 0.70689655,
       0.72727273, 0.94605809, 0.91823899, 0.97695853, 0.9790795 ]), array([0.48726115, 0.77871826, 0.6062425 , 0.28774255, 0.72149533,
       0.7408377 , 0.96442688, 0.92397661, 0.97046414, 0.98198198]), array([0.47693452, 0.79521277, 0.62318841, 0.29470803, 0.7195122 ,
       0.7191601 , 0.95089286, 0.93823529, 0.96396396, 0.98666667])]

estim_algorithm = ts-model, mode = classification, metric = precision, confidence_scores = max_class_probability-conf, class_specific = True
test err: [0.2829578770612301, 0.2833938549000594, 0.2930478361462229, 0.2823564531476839, 0.2823164845186909]
estimated metric: [array([0.82861474, 0.81685483, 0.81052224, 0.93471747, 0.73204056,
       0.67558547, 0.5391813 , 0.65895847, 0.54369563, 0.55672308]), array([0.83697621, 0.811108  , 0.81620311, 0.93469985, 0.73412911,
       0.67722104, 0.56911811, 0.66303234, 0.55984022, 0.54232039]), array([0.84046924, 0.80413191, 0.80962727, 0.93083119, 0.73315623,
       0.66313215, 0.5591775 , 0.62599639, 0.53318242, 0.55712234]), array([0.83190526, 0.82037668, 0.82143946, 0.93523702, 0.74712996,
       0.67841935, 0.5828505 , 0.65382773, 0.56688586, 0.55076793]), array([0.83680107, 0.79800652, 0.81308144, 0.93350741, 0.72103948,
       0.66684376, 0.54060806, 0.64108821, 0.53837989, 0.5417141 ])]
real metric: [array([0.4703125 , 0.80144404, 0.5859473 , 0.27302175, 0.73084479,
       0.73969072, 0.94036697, 0.91111111, 0.96846847, 0.98290598]), array([0.49730562, 0.77721519, 0.58506732, 0.28838077, 0.72047244,
       0.76683938, 0.95061728, 0.91160221, 0.97008547, 0.98165138]), array([0.46436444, 0.77307692, 0.55940594, 0.29299065, 0.70689655,
       0.72727273, 0.94605809, 0.91823899, 0.97695853, 0.9790795 ]), array([0.48726115, 0.77871826, 0.6062425 , 0.28774255, 0.72149533,
       0.7408377 , 0.96442688, 0.92397661, 0.97046414, 0.98198198]), array([0.47693452, 0.79521277, 0.62318841, 0.29470803, 0.7195122 ,
       0.7191601 , 0.95089286, 0.93823529, 0.96396396, 0.98666667])]

estim_algorithm = ts-model, mode = classification, metric = precision, confidence_scores = energy-conf, class_specific = False
test err: [0.3477050908590963, 0.3451676304940195, 0.3483046299354234, 0.3395399822205102, 0.3468106803763119]
estimated metric: [array([0.85401628, 0.73917521, 0.77551601, 0.91766622, 0.6746933 ,
       0.59891673, 0.45971234, 0.54484967, 0.40901455, 0.38933633]), array([0.85579136, 0.72534226, 0.77980578, 0.9165193 , 0.67239138,
       0.59322402, 0.48361518, 0.54313821, 0.41968897, 0.37076975]), array([0.86356753, 0.72315571, 0.78095343, 0.91746316, 0.68292476,
       0.59194905, 0.48390539, 0.51252163, 0.39662895, 0.39867262]), array([0.85321903, 0.74114444, 0.78611528, 0.91639489, 0.69123   ,
       0.59883435, 0.50182411, 0.52077369, 0.42758114, 0.37959634]), array([0.862352  , 0.71792012, 0.78373455, 0.92026398, 0.66915659,
       0.5963797 , 0.46931313, 0.52716205, 0.41488971, 0.38223532])]
real metric: [array([0.4703125 , 0.80144404, 0.5859473 , 0.27302175, 0.73084479,
       0.73969072, 0.94036697, 0.91111111, 0.96846847, 0.98290598]), array([0.49730562, 0.77721519, 0.58506732, 0.28838077, 0.72047244,
       0.76683938, 0.95061728, 0.91160221, 0.97008547, 0.98165138]), array([0.46436444, 0.77307692, 0.55940594, 0.29299065, 0.70689655,
       0.72727273, 0.94605809, 0.91823899, 0.97695853, 0.9790795 ]), array([0.48726115, 0.77871826, 0.6062425 , 0.28774255, 0.72149533,
       0.7408377 , 0.96442688, 0.92397661, 0.97046414, 0.98198198]), array([0.47693452, 0.79521277, 0.62318841, 0.29470803, 0.7195122 ,
       0.7191601 , 0.95089286, 0.93823529, 0.96396396, 0.98666667])]

estim_algorithm = ts-model, mode = classification, metric = precision, confidence_scores = energy-conf, class_specific = True
test err: [0.29710093265923554, 0.29389827570002797, 0.29995854956217555, 0.2883342757545997, 0.30099106030692163]
estimated metric: [array([0.62659358, 0.78141565, 0.75834444, 0.88763042, 0.66712661,
       0.60438621, 0.46189023, 0.58634442, 0.46641241, 0.47953413]), array([0.63794405, 0.77101441, 0.76217181, 0.88456607, 0.66584809,
       0.60224349, 0.48801376, 0.58677001, 0.47858949, 0.46094956]), array([0.6410873 , 0.76681017, 0.7564837 , 0.87996536, 0.6674341 ,
       0.58981263, 0.48094224, 0.55007815, 0.45483158, 0.47886226]), array([0.63886959, 0.78415484, 0.77164933, 0.88946707, 0.68457578,
       0.60779065, 0.50650054, 0.58113268, 0.49016984, 0.47384677]), array([0.63981574, 0.75857717, 0.75996424, 0.88398363, 0.65293223,
       0.59297411, 0.46135737, 0.56523113, 0.45912938, 0.4624645 ])]
real metric: [array([0.4703125 , 0.80144404, 0.5859473 , 0.27302175, 0.73084479,
       0.73969072, 0.94036697, 0.91111111, 0.96846847, 0.98290598]), array([0.49730562, 0.77721519, 0.58506732, 0.28838077, 0.72047244,
       0.76683938, 0.95061728, 0.91160221, 0.97008547, 0.98165138]), array([0.46436444, 0.77307692, 0.55940594, 0.29299065, 0.70689655,
       0.72727273, 0.94605809, 0.91823899, 0.97695853, 0.9790795 ]), array([0.48726115, 0.77871826, 0.6062425 , 0.28774255, 0.72149533,
       0.7408377 , 0.96442688, 0.92397661, 0.97046414, 0.98198198]), array([0.47693452, 0.79521277, 0.62318841, 0.29470803, 0.7195122 ,
       0.7191601 , 0.95089286, 0.93823529, 0.96396396, 0.98666667])]

estim_algorithm = ts-model, mode = classification, metric = precision, confidence_scores = entropy-conf, class_specific = False
test err: [0.36047878789902976, 0.3517763478770114, 0.3581509788221683, 0.3502301206067053, 0.36102930626756075]
estimated metric: [array([0.77675437, 0.72951905, 0.67333712, 0.87729119, 0.56910496,
       0.5095461 , 0.36524031, 0.51014442, 0.38192593, 0.40266459]), array([0.78704002, 0.72376062, 0.68640468, 0.88043572, 0.58209213,
       0.5220114 , 0.40673455, 0.51806374, 0.39962281, 0.39156133]), array([0.79201301, 0.71832232, 0.67644781, 0.87699514, 0.57766837,
       0.50190827, 0.40331649, 0.48145791, 0.38556395, 0.40652915]), array([0.77661276, 0.73014085, 0.68956739, 0.87617277, 0.58742316,
       0.51049274, 0.41341265, 0.50723694, 0.4021149 , 0.38988517]), array([0.78984614, 0.70770786, 0.68695216, 0.88061805, 0.5669377 ,
       0.50771471, 0.37982065, 0.49997831, 0.37664288, 0.38713408])]
real metric: [array([0.4703125 , 0.80144404, 0.5859473 , 0.27302175, 0.73084479,
       0.73969072, 0.94036697, 0.91111111, 0.96846847, 0.98290598]), array([0.49730562, 0.77721519, 0.58506732, 0.28838077, 0.72047244,
       0.76683938, 0.95061728, 0.91160221, 0.97008547, 0.98165138]), array([0.46436444, 0.77307692, 0.55940594, 0.29299065, 0.70689655,
       0.72727273, 0.94605809, 0.91823899, 0.97695853, 0.9790795 ]), array([0.48726115, 0.77871826, 0.6062425 , 0.28774255, 0.72149533,
       0.7408377 , 0.96442688, 0.92397661, 0.97046414, 0.98198198]), array([0.47693452, 0.79521277, 0.62318841, 0.29470803, 0.7195122 ,
       0.7191601 , 0.95089286, 0.93823529, 0.96396396, 0.98666667])]

estim_algorithm = ts-model, mode = classification, metric = precision, confidence_scores = entropy-conf, class_specific = True
test err: [0.31044058765157717, 0.31472800866238865, 0.31879309374625675, 0.3112568376067112, 0.3125201119821121]
estimated metric: [array([7.49047732e-08, 9.42422480e-01, 8.04075579e-01, 9.23214950e-01,
       7.23833538e-01, 6.66437246e-01, 5.28869033e-01, 6.49584574e-01,
       5.33396958e-01, 5.46473164e-01]), array([0.00305189, 0.94298796, 0.80914474, 0.92273886, 0.72498091,
       0.66700293, 0.55771284, 0.65259548, 0.54838425, 0.53079061]), array([0.00223197, 0.94138866, 0.80110203, 0.91875709, 0.72238076,
       0.65087557, 0.54572966, 0.61317682, 0.51962283, 0.54366296]), array([0.00308924, 0.94405477, 0.81479791, 0.92326631, 0.73860403,
       0.66860434, 0.57195901, 0.6436564 , 0.55589515, 0.53970032]), array([0.00219261, 0.93840138, 0.80545184, 0.92148173, 0.71098839,
       0.65577222, 0.52830884, 0.62963614, 0.52607331, 0.52941872])]
real metric: [array([0.4703125 , 0.80144404, 0.5859473 , 0.27302175, 0.73084479,
       0.73969072, 0.94036697, 0.91111111, 0.96846847, 0.98290598]), array([0.49730562, 0.77721519, 0.58506732, 0.28838077, 0.72047244,
       0.76683938, 0.95061728, 0.91160221, 0.97008547, 0.98165138]), array([0.46436444, 0.77307692, 0.55940594, 0.29299065, 0.70689655,
       0.72727273, 0.94605809, 0.91823899, 0.97695853, 0.9790795 ]), array([0.48726115, 0.77871826, 0.6062425 , 0.28774255, 0.72149533,
       0.7408377 , 0.96442688, 0.92397661, 0.97046414, 0.98198198]), array([0.47693452, 0.79521277, 0.62318841, 0.29470803, 0.7195122 ,
       0.7191601 , 0.95089286, 0.93823529, 0.96396396, 0.98666667])]

estim_algorithm = ts-model, mode = classification, metric = precision, confidence_scores = doctor-conf, class_specific = False
test err: [0.35396269031181643, 0.3461515522243182, 0.3523778381360313, 0.3425228629800843, 0.35533939217792343]
estimated metric: [array([0.73470855, 0.72298641, 0.63994462, 0.85996478, 0.56692591,
       0.5029951 , 0.36928734, 0.50618328, 0.3726038 , 0.39955974]), array([0.74720649, 0.71536854, 0.65259247, 0.86290336, 0.57962017,
       0.51021592, 0.4118156 , 0.51411145, 0.38903672, 0.38874801]), array([0.752454  , 0.71166779, 0.64556532, 0.85956623, 0.57695783,
       0.49406947, 0.40611778, 0.47665144, 0.37623594, 0.4029272 ]), array([0.73666345, 0.72487846, 0.65827642, 0.8599744 , 0.58891417,
       0.50671064, 0.42054233, 0.50451726, 0.39338092, 0.39139656]), array([0.74813977, 0.69953674, 0.65172353, 0.86290863, 0.5637239 ,
       0.49912537, 0.38555408, 0.49212245, 0.36241367, 0.38571471])]
real metric: [array([0.4703125 , 0.80144404, 0.5859473 , 0.27302175, 0.73084479,
       0.73969072, 0.94036697, 0.91111111, 0.96846847, 0.98290598]), array([0.49730562, 0.77721519, 0.58506732, 0.28838077, 0.72047244,
       0.76683938, 0.95061728, 0.91160221, 0.97008547, 0.98165138]), array([0.46436444, 0.77307692, 0.55940594, 0.29299065, 0.70689655,
       0.72727273, 0.94605809, 0.91823899, 0.97695853, 0.9790795 ]), array([0.48726115, 0.77871826, 0.6062425 , 0.28774255, 0.72149533,
       0.7408377 , 0.96442688, 0.92397661, 0.97046414, 0.98198198]), array([0.47693452, 0.79521277, 0.62318841, 0.29470803, 0.7195122 ,
       0.7191601 , 0.95089286, 0.93823529, 0.96396396, 0.98666667])]

estim_algorithm = ts-model, mode = classification, metric = precision, confidence_scores = doctor-conf, class_specific = True
test err: [0.2970604581474908, 0.29325169232847503, 0.300388787757969, 0.2884575025206456, 0.3003289543068102]
estimated metric: [array([0.64019624, 0.78390408, 0.76032941, 0.88839666, 0.66922981,
       0.6063734 , 0.46459106, 0.58897646, 0.46911664, 0.48167683]), array([0.65636562, 0.7741009 , 0.7658335 , 0.88788359, 0.66989898,
       0.60709816, 0.49308913, 0.5916855 , 0.48365943, 0.46576333]), array([0.66433926, 0.7686618 , 0.75938774, 0.88167461, 0.67041029,
       0.59360792, 0.48489475, 0.55399242, 0.45875917, 0.48200765]), array([0.64477324, 0.78723921, 0.77280779, 0.88966077, 0.68566403,
       0.60928111, 0.50814674, 0.58273502, 0.49181586, 0.47548141]), array([0.65440282, 0.76183225, 0.76295064, 0.88646357, 0.65656709,
       0.59675849, 0.46544464, 0.56926608, 0.46321389, 0.46625792])]
real metric: [array([0.4703125 , 0.80144404, 0.5859473 , 0.27302175, 0.73084479,
       0.73969072, 0.94036697, 0.91111111, 0.96846847, 0.98290598]), array([0.49730562, 0.77721519, 0.58506732, 0.28838077, 0.72047244,
       0.76683938, 0.95061728, 0.91160221, 0.97008547, 0.98165138]), array([0.46436444, 0.77307692, 0.55940594, 0.29299065, 0.70689655,
       0.72727273, 0.94605809, 0.91823899, 0.97695853, 0.9790795 ]), array([0.48726115, 0.77871826, 0.6062425 , 0.28774255, 0.72149533,
       0.7408377 , 0.96442688, 0.92397661, 0.97046414, 0.98198198]), array([0.47693452, 0.79521277, 0.62318841, 0.29470803, 0.7195122 ,
       0.7191601 , 0.95089286, 0.93823529, 0.96396396, 0.98666667])]

estim_algorithm = doc-model, mode = classification, metric = precision, confidence_scores = max_class_probability-conf, class_specific = False
test err: [0.3392388624812197, 0.33444673777288125, 0.3389838224904757, 0.3312870222208938, 0.3397161928951936]
estimated metric: [array([0.83641169, 0.76079939, 0.74605096, 0.91139499, 0.64328146,
       0.57506355, 0.42760376, 0.55886303, 0.43350288, 0.44790549]), array([0.83933175, 0.75096928, 0.75187555, 0.91065879, 0.64387404,
       0.574809  , 0.45678859, 0.56094344, 0.44733021, 0.43041379]), array([0.84671054, 0.74815873, 0.74905686, 0.91030466, 0.64973874,
       0.5656983 , 0.45447357, 0.52695659, 0.42902593, 0.45300226]), array([0.83352395, 0.76005285, 0.75584192, 0.9088944 , 0.65607181,
       0.57152263, 0.46660518, 0.54678142, 0.45062715, 0.43438372]), array([0.84443076, 0.73971193, 0.75414152, 0.91297394, 0.63502132,
       0.57022189, 0.43475919, 0.54418711, 0.43253624, 0.43675947])]
real metric: [array([0.4703125 , 0.80144404, 0.5859473 , 0.27302175, 0.73084479,
       0.73969072, 0.94036697, 0.91111111, 0.96846847, 0.98290598]), array([0.49730562, 0.77721519, 0.58506732, 0.28838077, 0.72047244,
       0.76683938, 0.95061728, 0.91160221, 0.97008547, 0.98165138]), array([0.46436444, 0.77307692, 0.55940594, 0.29299065, 0.70689655,
       0.72727273, 0.94605809, 0.91823899, 0.97695853, 0.9790795 ]), array([0.48726115, 0.77871826, 0.6062425 , 0.28774255, 0.72149533,
       0.7408377 , 0.96442688, 0.92397661, 0.97046414, 0.98198198]), array([0.47693452, 0.79521277, 0.62318841, 0.29470803, 0.7195122 ,
       0.7191601 , 0.95089286, 0.93823529, 0.96396396, 0.98666667])]

estim_algorithm = doc-model, mode = classification, metric = precision, confidence_scores = max_class_probability-conf, class_specific = True
test err: [0.2822001991293858, 0.2830060505150277, 0.29233727792786357, 0.2817284811976006, 0.2817598019331048]
estimated metric: [array([0.84450019, 0.82278807, 0.81661458, 0.93893467, 0.73984643,
       0.68432675, 0.54914521, 0.66792755, 0.55364274, 0.56661256]), array([0.84799811, 0.8150932 , 0.82010466, 0.93773828, 0.73921627,
       0.6829268 , 0.5755371 , 0.66886627, 0.5662921 , 0.54882212]), array([0.85382091, 0.80961729, 0.81499415, 0.93479196, 0.73998662,
       0.67095051, 0.56783621, 0.6342012 , 0.54193347, 0.56579007]), array([0.84525443, 0.82522263, 0.82626281, 0.93881361, 0.75335792,
       0.68562755, 0.59090915, 0.66131196, 0.57502805, 0.5589774 ]), array([0.84930193, 0.80304172, 0.81782663, 0.93701761, 0.72733776,
       0.67381213, 0.54842883, 0.64831118, 0.54620674, 0.54953173])]
real metric: [array([0.4703125 , 0.80144404, 0.5859473 , 0.27302175, 0.73084479,
       0.73969072, 0.94036697, 0.91111111, 0.96846847, 0.98290598]), array([0.49730562, 0.77721519, 0.58506732, 0.28838077, 0.72047244,
       0.76683938, 0.95061728, 0.91160221, 0.97008547, 0.98165138]), array([0.46436444, 0.77307692, 0.55940594, 0.29299065, 0.70689655,
       0.72727273, 0.94605809, 0.91823899, 0.97695853, 0.9790795 ]), array([0.48726115, 0.77871826, 0.6062425 , 0.28774255, 0.72149533,
       0.7408377 , 0.96442688, 0.92397661, 0.97046414, 0.98198198]), array([0.47693452, 0.79521277, 0.62318841, 0.29470803, 0.7195122 ,
       0.7191601 , 0.95089286, 0.93823529, 0.96396396, 0.98666667])]

estim_algorithm = doc-model, mode = classification, metric = precision, confidence_scores = energy-conf, class_specific = False
test err: [0.34785403613991167, 0.34530465217604667, 0.348441561699144, 0.3396764409738048, 0.34698480896971384]
estimated metric: [array([0.85370886, 0.73908338, 0.77509451, 0.91751008, 0.67423877,
       0.59841169, 0.45936331, 0.54448266, 0.4086559 , 0.3890879 ]), array([0.85550157, 0.72529122, 0.77940818, 0.91636696, 0.67196826,
       0.59272808, 0.48330919, 0.54279655, 0.41933074, 0.37053578]), array([0.86329099, 0.72311998, 0.7805591 , 0.91731046, 0.68249365,
       0.59144672, 0.48358877, 0.5121685 , 0.3963529 , 0.39839469]), array([0.85292344, 0.74106305, 0.78572824, 0.91624519, 0.6908244 ,
       0.59835382, 0.50150759, 0.52046351, 0.42723501, 0.37933977]), array([0.86205232, 0.71781029, 0.78330617, 0.92010206, 0.66868546,
       0.59584512, 0.46895043, 0.52677566, 0.41444739, 0.381911  ])]
real metric: [array([0.4703125 , 0.80144404, 0.5859473 , 0.27302175, 0.73084479,
       0.73969072, 0.94036697, 0.91111111, 0.96846847, 0.98290598]), array([0.49730562, 0.77721519, 0.58506732, 0.28838077, 0.72047244,
       0.76683938, 0.95061728, 0.91160221, 0.97008547, 0.98165138]), array([0.46436444, 0.77307692, 0.55940594, 0.29299065, 0.70689655,
       0.72727273, 0.94605809, 0.91823899, 0.97695853, 0.9790795 ]), array([0.48726115, 0.77871826, 0.6062425 , 0.28774255, 0.72149533,
       0.7408377 , 0.96442688, 0.92397661, 0.97046414, 0.98198198]), array([0.47693452, 0.79521277, 0.62318841, 0.29470803, 0.7195122 ,
       0.7191601 , 0.95089286, 0.93823529, 0.96396396, 0.98666667])]

estim_algorithm = doc-model, mode = classification, metric = precision, confidence_scores = energy-conf, class_specific = True
test err: [0.29718741645303104, 0.2938903886368408, 0.3001120043930262, 0.2883505207817819, 0.3011039080739969]
estimated metric: [array([0.62764844, 0.78119672, 0.75842164, 0.88772669, 0.66719142,
       0.60448694, 0.46199494, 0.58644659, 0.46651726, 0.47963927]), array([0.63824527, 0.77106697, 0.76223697, 0.88464834, 0.66589599,
       0.6023296 , 0.48808851, 0.58685717, 0.4786792 , 0.46103889]), array([0.64257262, 0.7663862 , 0.75655694, 0.88005927, 0.66749014,
       0.58990883, 0.48103568, 0.55017655, 0.45493018, 0.47896149]), array([0.63945971, 0.78412021, 0.77172061, 0.88955819, 0.68465797,
       0.60788707, 0.50657693, 0.58123114, 0.49027093, 0.47394763]), array([0.64097708, 0.75822789, 0.75999859, 0.88406228, 0.65300982,
       0.59305675, 0.46143799, 0.56531528, 0.45921442, 0.46254962])]
real metric: [array([0.4703125 , 0.80144404, 0.5859473 , 0.27302175, 0.73084479,
       0.73969072, 0.94036697, 0.91111111, 0.96846847, 0.98290598]), array([0.49730562, 0.77721519, 0.58506732, 0.28838077, 0.72047244,
       0.76683938, 0.95061728, 0.91160221, 0.97008547, 0.98165138]), array([0.46436444, 0.77307692, 0.55940594, 0.29299065, 0.70689655,
       0.72727273, 0.94605809, 0.91823899, 0.97695853, 0.9790795 ]), array([0.48726115, 0.77871826, 0.6062425 , 0.28774255, 0.72149533,
       0.7408377 , 0.96442688, 0.92397661, 0.97046414, 0.98198198]), array([0.47693452, 0.79521277, 0.62318841, 0.29470803, 0.7195122 ,
       0.7191601 , 0.95089286, 0.93823529, 0.96396396, 0.98666667])]

estim_algorithm = doc-model, mode = classification, metric = precision, confidence_scores = entropy-conf, class_specific = False
test err: [0.3369290340935609, 0.3325211584479294, 0.3369067302829696, 0.32919544492699915, 0.3372614323125095]
estimated metric: [array([0.84131934, 0.76311619, 0.75282298, 0.91385614, 0.65073548,
       0.58234984, 0.43377709, 0.5637125 , 0.43840401, 0.45216355]), array([0.84377961, 0.75274486, 0.75806418, 0.91292661, 0.65041816,
       0.58108991, 0.46179131, 0.56524211, 0.45185524, 0.43414686]), array([0.85121332, 0.75010036, 0.75573875, 0.91275008, 0.65697329,
       0.57289027, 0.45961844, 0.53148624, 0.4329025 , 0.45748402]), array([0.83827074, 0.7621882 , 0.76209892, 0.91130977, 0.66303709,
       0.57846904, 0.47214599, 0.55062121, 0.45519736, 0.43872078]), array([0.84912986, 0.74211799, 0.76069056, 0.91542338, 0.64235417,
       0.57755409, 0.44069293, 0.54877362, 0.4380875 , 0.44186206])]
real metric: [array([0.4703125 , 0.80144404, 0.5859473 , 0.27302175, 0.73084479,
       0.73969072, 0.94036697, 0.91111111, 0.96846847, 0.98290598]), array([0.49730562, 0.77721519, 0.58506732, 0.28838077, 0.72047244,
       0.76683938, 0.95061728, 0.91160221, 0.97008547, 0.98165138]), array([0.46436444, 0.77307692, 0.55940594, 0.29299065, 0.70689655,
       0.72727273, 0.94605809, 0.91823899, 0.97695853, 0.9790795 ]), array([0.48726115, 0.77871826, 0.6062425 , 0.28774255, 0.72149533,
       0.7408377 , 0.96442688, 0.92397661, 0.97046414, 0.98198198]), array([0.47693452, 0.79521277, 0.62318841, 0.29470803, 0.7195122 ,
       0.7191601 , 0.95089286, 0.93823529, 0.96396396, 0.98666667])]

estim_algorithm = doc-model, mode = classification, metric = precision, confidence_scores = entropy-conf, class_specific = True
test err: [0.30591764816693817, 0.3128102927760493, 0.316164444490646, 0.30875807374718106, 0.30866995739908953]
estimated metric: [array([5.60673328e-04, 9.44624212e-01, 8.10904404e-01, 9.27182142e-01,
       7.32528814e-01, 6.76131094e-01, 5.39800095e-01, 6.59517966e-01,
       5.44313482e-01, 5.57337648e-01]), array([5.55593152e-04, 9.42886766e-01, 8.13626005e-01, 9.25704012e-01,
       7.30780829e-01, 6.73474857e-01, 5.64923341e-01, 6.59204352e-01,
       5.55625659e-01, 5.38076494e-01]), array([0.00161615, 0.9425496 , 0.8069777 , 0.92240134, 0.72979758,
       0.65930173, 0.55495835, 0.62198442, 0.52892408, 0.55289925]), array([5.70863002e-04, 9.45443261e-01, 8.20533978e-01, 9.26933712e-01,
       7.45964224e-01, 6.77073787e-01, 5.81351841e-01, 6.52431988e-01,
       5.65372621e-01, 5.49243154e-01]), array([5.38614522e-08, 9.39699906e-01, 8.11080759e-01, 9.24976815e-01,
       7.18394877e-01, 6.63924864e-01, 5.37350524e-01, 6.38066145e-01,
       5.35120136e-01, 5.38457711e-01])]
real metric: [array([0.4703125 , 0.80144404, 0.5859473 , 0.27302175, 0.73084479,
       0.73969072, 0.94036697, 0.91111111, 0.96846847, 0.98290598]), array([0.49730562, 0.77721519, 0.58506732, 0.28838077, 0.72047244,
       0.76683938, 0.95061728, 0.91160221, 0.97008547, 0.98165138]), array([0.46436444, 0.77307692, 0.55940594, 0.29299065, 0.70689655,
       0.72727273, 0.94605809, 0.91823899, 0.97695853, 0.9790795 ]), array([0.48726115, 0.77871826, 0.6062425 , 0.28774255, 0.72149533,
       0.7408377 , 0.96442688, 0.92397661, 0.97046414, 0.98198198]), array([0.47693452, 0.79521277, 0.62318841, 0.29470803, 0.7195122 ,
       0.7191601 , 0.95089286, 0.93823529, 0.96396396, 0.98666667])]

estim_algorithm = doc-model, mode = classification, metric = precision, confidence_scores = doctor-conf, class_specific = False
test err: [0.34812723964520187, 0.34208456682632865, 0.3471930607800318, 0.338504608432702, 0.3503092668637258]
estimated metric: [array([0.78226189, 0.74472191, 0.68337943, 0.88652813, 0.59147594,
       0.52242527, 0.39854982, 0.5311847 , 0.40146349, 0.42662647]), array([0.78870181, 0.73649189, 0.6921424 , 0.88664814, 0.59747862,
       0.52439587, 0.43446421, 0.53563837, 0.41554916, 0.4103582 ]), array([0.7969327 , 0.7334841 , 0.68787164, 0.8852568 , 0.60014442,
       0.51284641, 0.43040527, 0.50003268, 0.4034178 , 0.42862012]), array([0.7810801 , 0.74510173, 0.69737203, 0.88463506, 0.60978917,
       0.52248437, 0.44207685, 0.52576969, 0.42042879, 0.41304518]), array([0.79172642, 0.72158627, 0.69138837, 0.887398  , 0.58367495,
       0.51592767, 0.40712885, 0.51532073, 0.39269887, 0.40989568])]
real metric: [array([0.4703125 , 0.80144404, 0.5859473 , 0.27302175, 0.73084479,
       0.73969072, 0.94036697, 0.91111111, 0.96846847, 0.98290598]), array([0.49730562, 0.77721519, 0.58506732, 0.28838077, 0.72047244,
       0.76683938, 0.95061728, 0.91160221, 0.97008547, 0.98165138]), array([0.46436444, 0.77307692, 0.55940594, 0.29299065, 0.70689655,
       0.72727273, 0.94605809, 0.91823899, 0.97695853, 0.9790795 ]), array([0.48726115, 0.77871826, 0.6062425 , 0.28774255, 0.72149533,
       0.7408377 , 0.96442688, 0.92397661, 0.97046414, 0.98198198]), array([0.47693452, 0.79521277, 0.62318841, 0.29470803, 0.7195122 ,
       0.7191601 , 0.95089286, 0.93823529, 0.96396396, 0.98666667])]

estim_algorithm = doc-model, mode = classification, metric = precision, confidence_scores = doctor-conf, class_specific = True
test err: [0.2952387915564554, 0.2916867778401079, 0.2985881655774699, 0.2872942144612466, 0.2988691712204303]
estimated metric: [array([0.63977737, 0.7859425 , 0.76315625, 0.8938501 , 0.67297146,
       0.61068983, 0.46846754, 0.5927418 , 0.47299751, 0.4861357 ]), array([0.65565415, 0.77612014, 0.76826004, 0.89289998, 0.67334532,
       0.61033264, 0.49648375, 0.59496221, 0.4870515 , 0.46938046]), array([0.66247567, 0.77097313, 0.76201683, 0.88760633, 0.67411896,
       0.59711593, 0.48850292, 0.55755821, 0.46234742, 0.48642089]), array([0.64484058, 0.78963207, 0.77532622, 0.8942717 , 0.6890898 ,
       0.61278199, 0.5117454 , 0.58623231, 0.49541535, 0.47908175]), array([0.6541445 , 0.76353799, 0.76535867, 0.89144091, 0.65965386,
       0.60014582, 0.46877056, 0.57253929, 0.46653778, 0.46987996])]
real metric: [array([0.4703125 , 0.80144404, 0.5859473 , 0.27302175, 0.73084479,
       0.73969072, 0.94036697, 0.91111111, 0.96846847, 0.98290598]), array([0.49730562, 0.77721519, 0.58506732, 0.28838077, 0.72047244,
       0.76683938, 0.95061728, 0.91160221, 0.97008547, 0.98165138]), array([0.46436444, 0.77307692, 0.55940594, 0.29299065, 0.70689655,
       0.72727273, 0.94605809, 0.91823899, 0.97695853, 0.9790795 ]), array([0.48726115, 0.77871826, 0.6062425 , 0.28774255, 0.72149533,
       0.7408377 , 0.96442688, 0.92397661, 0.97046414, 0.98198198]), array([0.47693452, 0.79521277, 0.62318841, 0.29470803, 0.7195122 ,
       0.7191601 , 0.95089286, 0.93823529, 0.96396396, 0.98666667])]

