estim_algorithm = ac-model, mode = classification, metric = auc, confidence_scores = max_class_probability-conf, class_specific = False
test err: [0.017717649283260518, 0.0175589722366702, 0.018688491985480282, 0.017400953053547597, 0.01855630068670735]
estimated metric: [array([0.9866725 , 0.98984324, 0.9854238 , 0.98109386, 0.98565398,
       0.98341683, 0.98447009, 0.98431262, 0.98430029, 0.98485558]), array([0.98553753, 0.98913854, 0.98609773, 0.98060155, 0.98617377,
       0.9822678 , 0.98376412, 0.98400778, 0.98452338, 0.98387457]), array([0.98586071, 0.98956103, 0.98557045, 0.98108952, 0.98639979,
       0.98392016, 0.98393053, 0.98420798, 0.98358014, 0.9850504 ]), array([0.98655849, 0.98961149, 0.98552632, 0.97981305, 0.9853278 ,
       0.98349775, 0.98420811, 0.98467808, 0.9836703 , 0.98468988]), array([0.98579437, 0.98963161, 0.98507088, 0.98031319, 0.98535416,
       0.98286766, 0.98356812, 0.98472643, 0.98335697, 0.98439073])]
real metric: [array([0.98616657, 0.99429112, 0.96655975, 0.94239313, 0.9662726 ,
       0.94225814, 0.96882647, 0.96452393, 0.97114962, 0.97932073]), array([0.98181121, 0.99385064, 0.96177091, 0.93838561, 0.96905431,
       0.95044585, 0.9734099 , 0.96821178, 0.97009902, 0.97278202]), array([0.98224646, 0.99455151, 0.96715812, 0.93111837, 0.96332139,
       0.94641982, 0.97473986, 0.95982456, 0.97250071, 0.98038595]), array([0.98457489, 0.9956035 , 0.96381845, 0.94176689, 0.96543252,
       0.94054774, 0.97534567, 0.96619009, 0.97245811, 0.97981791]), array([0.98331235, 0.99356186, 0.96577147, 0.93034243, 0.96576218,
       0.94558161, 0.97425794, 0.96260568, 0.9705064 , 0.97566971])]

estim_algorithm = ac-model, mode = classification, metric = auc, confidence_scores = energy-conf, class_specific = False
test err: [0.17544128770118622, 0.16140299863246202, 0.16100909686848044, 0.16381082497262298, 0.15503751495684304]
estimated metric: [array([0.7352994 , 0.86539459, 0.83129896, 0.79364448, 0.81336043,
       0.75273707, 0.70210062, 0.82552938, 0.79617882, 0.81180543]), array([0.78354126, 0.90097899, 0.78130839, 0.79853237, 0.92056742,
       0.74494029, 0.73194979, 0.7867547 , 0.78292173, 0.8342963 ]), array([0.75945577, 0.89237123, 0.83739228, 0.82080687, 0.7926319 ,
       0.73437109, 0.74442278, 0.81619294, 0.79361457, 0.87091633]), array([0.77340921, 0.85253704, 0.77288087, 0.82907931, 0.91192253,
       0.74829013, 0.7172304 , 0.80420137, 0.81270007, 0.8251966 ]), array([0.75860151, 0.90458887, 0.81023374, 0.82303986, 0.84575229,
       0.77568781, 0.75596206, 0.80213414, 0.7561184 , 0.88487777])]
real metric: [array([0.98616657, 0.99429112, 0.96655975, 0.94239313, 0.9662726 ,
       0.94225814, 0.96882647, 0.96452393, 0.97114962, 0.97932073]), array([0.98181121, 0.99385064, 0.96177091, 0.93838561, 0.96905431,
       0.95044585, 0.9734099 , 0.96821178, 0.97009902, 0.97278202]), array([0.98224646, 0.99455151, 0.96715812, 0.93111837, 0.96332139,
       0.94641982, 0.97473986, 0.95982456, 0.97250071, 0.98038595]), array([0.98457489, 0.9956035 , 0.96381845, 0.94176689, 0.96543252,
       0.94054774, 0.97534567, 0.96619009, 0.97245811, 0.97981791]), array([0.98331235, 0.99356186, 0.96577147, 0.93034243, 0.96576218,
       0.94558161, 0.97425794, 0.96260568, 0.9705064 , 0.97566971])]

estim_algorithm = ac-model, mode = classification, metric = auc, confidence_scores = entropy-conf, class_specific = False
test err: [0.01513025713930044, 0.014618646688167891, 0.015593605854588088, 0.014802104784387616, 0.015641752722669877]
estimated metric: [array([0.98261339, 0.98752193, 0.98176826, 0.9757456 , 0.98197678,
       0.97960963, 0.98044923, 0.98135562, 0.98080463, 0.98057481]), array([0.98189309, 0.98672818, 0.98269541, 0.97545524, 0.98247313,
       0.97798434, 0.9801026 , 0.98094665, 0.98201896, 0.9814652 ]), array([0.98201728, 0.98702447, 0.98188994, 0.97526657, 0.9830879 ,
       0.9807548 , 0.97937413, 0.98103218, 0.9804364 , 0.9818067 ]), array([0.98295016, 0.98760151, 0.98178928, 0.97487399, 0.98251332,
       0.97987889, 0.9806649 , 0.98147388, 0.98083009, 0.98174737]), array([0.9822347 , 0.98723953, 0.98180141, 0.97538359, 0.9819555 ,
       0.97915244, 0.9800259 , 0.98066166, 0.97937314, 0.98116131])]
real metric: [array([0.98616657, 0.99429112, 0.96655975, 0.94239313, 0.9662726 ,
       0.94225814, 0.96882647, 0.96452393, 0.97114962, 0.97932073]), array([0.98181121, 0.99385064, 0.96177091, 0.93838561, 0.96905431,
       0.95044585, 0.9734099 , 0.96821178, 0.97009902, 0.97278202]), array([0.98224646, 0.99455151, 0.96715812, 0.93111837, 0.96332139,
       0.94641982, 0.97473986, 0.95982456, 0.97250071, 0.98038595]), array([0.98457489, 0.9956035 , 0.96381845, 0.94176689, 0.96543252,
       0.94054774, 0.97534567, 0.96619009, 0.97245811, 0.97981791]), array([0.98331235, 0.99356186, 0.96577147, 0.93034243, 0.96576218,
       0.94558161, 0.97425794, 0.96260568, 0.9705064 , 0.97566971])]

estim_algorithm = ac-model, mode = classification, metric = auc, confidence_scores = doctor-conf, class_specific = False
test err: [0.021471294621014325, 0.021357539463798057, 0.022541233324908917, 0.02113397722917667, 0.02257342869039162]
estimated metric: [array([0.99031914, 0.9935498 , 0.98973478, 0.98586941, 0.98989623,
       0.98825337, 0.99013423, 0.98924481, 0.98834132, 0.98964928]), array([0.98995287, 0.9930713 , 0.9897693 , 0.985655  , 0.99016068,
       0.98793495, 0.98935215, 0.98856361, 0.988641  , 0.98873709]), array([0.9900329 , 0.99322939, 0.98937144, 0.98582764, 0.99038256,
       0.98892625, 0.98910085, 0.98934692, 0.98864725, 0.99016965]), array([0.99065659, 0.99352355, 0.98932674, 0.9855138 , 0.98998474,
       0.98785069, 0.98882645, 0.98949637, 0.98844164, 0.98911508]), array([0.99022504, 0.9934258 , 0.98954479, 0.98565671, 0.98977569,
       0.98800484, 0.98867391, 0.98965064, 0.98846668, 0.98940969])]
real metric: [array([0.98616657, 0.99429112, 0.96655975, 0.94239313, 0.9662726 ,
       0.94225814, 0.96882647, 0.96452393, 0.97114962, 0.97932073]), array([0.98181121, 0.99385064, 0.96177091, 0.93838561, 0.96905431,
       0.95044585, 0.9734099 , 0.96821178, 0.97009902, 0.97278202]), array([0.98224646, 0.99455151, 0.96715812, 0.93111837, 0.96332139,
       0.94641982, 0.97473986, 0.95982456, 0.97250071, 0.98038595]), array([0.98457489, 0.9956035 , 0.96381845, 0.94176689, 0.96543252,
       0.94054774, 0.97534567, 0.96619009, 0.97245811, 0.97981791]), array([0.98331235, 0.99356186, 0.96577147, 0.93034243, 0.96576218,
       0.94558161, 0.97425794, 0.96260568, 0.9705064 , 0.97566971])]

estim_algorithm = ts-model, mode = classification, metric = auc, confidence_scores = max_class_probability-conf, class_specific = False
test err: [0.013739367501847477, 0.012788606513984358, 0.014562309423710207, 0.014575586180197997, 0.014700263501138334]
estimated metric: [array([0.95479201, 0.96882788, 0.95894661, 0.94708522, 0.95878673,
       0.9545602 , 0.95677698, 0.9597176 , 0.96069302, 0.95817043]), array([0.95334618, 0.96800887, 0.95969218, 0.94797125, 0.96004812,
       0.95398457, 0.95868918, 0.95903103, 0.95914778, 0.95826473]), array([0.95315621, 0.96815658, 0.95966459, 0.9472091 , 0.9592856 ,
       0.95768435, 0.95553136, 0.95869947, 0.96221116, 0.95975574]), array([0.95517727, 0.96919689, 0.95912431, 0.94572523, 0.95918553,
       0.95652167, 0.95721326, 0.95892754, 0.96125241, 0.95734037]), array([0.95420867, 0.96909164, 0.95832932, 0.9475509 , 0.95745433,
       0.95591918, 0.95644416, 0.96000814, 0.95825941, 0.95819532])]
real metric: [array([0.98616657, 0.99429112, 0.96655975, 0.94239313, 0.9662726 ,
       0.94225814, 0.96882647, 0.96452393, 0.97114962, 0.97932073]), array([0.98181121, 0.99385064, 0.96177091, 0.93838561, 0.96905431,
       0.95044585, 0.9734099 , 0.96821178, 0.97009902, 0.97278202]), array([0.98224646, 0.99455151, 0.96715812, 0.93111837, 0.96332139,
       0.94641982, 0.97473986, 0.95982456, 0.97250071, 0.98038595]), array([0.98457489, 0.9956035 , 0.96381845, 0.94176689, 0.96543252,
       0.94054774, 0.97534567, 0.96619009, 0.97245811, 0.97981791]), array([0.98331235, 0.99356186, 0.96577147, 0.93034243, 0.96576218,
       0.94558161, 0.97425794, 0.96260568, 0.9705064 , 0.97566971])]

estim_algorithm = ts-model, mode = classification, metric = auc, confidence_scores = max_class_probability-conf, class_specific = True
test err: [0.007200917217500646, 0.005773356922626882, 0.008024743655526467, 0.006026111779303211, 0.007156857543872641]
estimated metric: [array([0.98135218, 0.98415663, 0.96279932, 0.95442102, 0.97023441,
       0.95020817, 0.98004455, 0.97371764, 0.97721359, 0.97643636]), array([0.98150425, 0.9842334 , 0.96419268, 0.95532821, 0.97162959,
       0.95010831, 0.97976731, 0.97491817, 0.97831042, 0.97703901]), array([0.98103326, 0.98405343, 0.9638467 , 0.9543887 , 0.97126593,
       0.95368537, 0.97951666, 0.97448194, 0.97659437, 0.97716947]), array([0.98121157, 0.98396759, 0.96281677, 0.95267743, 0.96997987,
       0.9508249 , 0.97917222, 0.97321242, 0.97703211, 0.97671563]), array([0.98092524, 0.98366631, 0.9626504 , 0.95394197, 0.96999059,
       0.95084468, 0.97930021, 0.97369679, 0.97647053, 0.97664601])]
real metric: [array([0.98616657, 0.99429112, 0.96655975, 0.94239313, 0.9662726 ,
       0.94225814, 0.96882647, 0.96452393, 0.97114962, 0.97932073]), array([0.98181121, 0.99385064, 0.96177091, 0.93838561, 0.96905431,
       0.95044585, 0.9734099 , 0.96821178, 0.97009902, 0.97278202]), array([0.98224646, 0.99455151, 0.96715812, 0.93111837, 0.96332139,
       0.94641982, 0.97473986, 0.95982456, 0.97250071, 0.98038595]), array([0.98457489, 0.9956035 , 0.96381845, 0.94176689, 0.96543252,
       0.94054774, 0.97534567, 0.96619009, 0.97245811, 0.97981791]), array([0.98331235, 0.99356186, 0.96577147, 0.93034243, 0.96576218,
       0.94558161, 0.97425794, 0.96260568, 0.9705064 , 0.97566971])]

estim_algorithm = ts-model, mode = classification, metric = auc, confidence_scores = energy-conf, class_specific = False
test err: [0.05109128877159476, 0.04638774625996526, 0.04431580191277842, 0.04554158805972588, 0.04209898077517342]
estimated metric: [array([0.86657062, 0.95801243, 0.93223447, 0.90482061, 0.9249471 ,
       0.89011082, 0.86927727, 0.93809319, 0.93771278, 0.94906986]), array([0.89955719, 0.95733659, 0.90580243, 0.9082203 , 0.96734985,
       0.89601117, 0.88581675, 0.92857093, 0.91124684, 0.95603174]), array([0.8832052 , 0.95967313, 0.94176137, 0.93077868, 0.91771035,
       0.88983167, 0.89610797, 0.92926285, 0.91030242, 0.9704751 ]), array([0.88559451, 0.95181341, 0.89678408, 0.93059982, 0.96250536,
       0.89108986, 0.87769277, 0.93630443, 0.93811053, 0.95964513]), array([0.87782246, 0.96203447, 0.91359293, 0.93374345, 0.95638793,
       0.9225043 , 0.89932924, 0.92769677, 0.8960486 , 0.96402371])]
real metric: [array([0.98616657, 0.99429112, 0.96655975, 0.94239313, 0.9662726 ,
       0.94225814, 0.96882647, 0.96452393, 0.97114962, 0.97932073]), array([0.98181121, 0.99385064, 0.96177091, 0.93838561, 0.96905431,
       0.95044585, 0.9734099 , 0.96821178, 0.97009902, 0.97278202]), array([0.98224646, 0.99455151, 0.96715812, 0.93111837, 0.96332139,
       0.94641982, 0.97473986, 0.95982456, 0.97250071, 0.98038595]), array([0.98457489, 0.9956035 , 0.96381845, 0.94176689, 0.96543252,
       0.94054774, 0.97534567, 0.96619009, 0.97245811, 0.97981791]), array([0.98331235, 0.99356186, 0.96577147, 0.93034243, 0.96576218,
       0.94558161, 0.97425794, 0.96260568, 0.9705064 , 0.97566971])]

estim_algorithm = ts-model, mode = classification, metric = auc, confidence_scores = energy-conf, class_specific = True
test err: [0.013840242284090786, 0.013711486321319133, 0.01472437131305856, 0.013050936647927202, 0.015315932593214199]
estimated metric: [array([0.99739597, 0.99763909, 0.97691246, 0.97213111, 0.98069981,
       0.96389704, 0.98722931, 0.98133753, 0.9808777 , 0.98204448]), array([0.99739417, 0.99761423, 0.9775658 , 0.972657  , 0.98111664,
       0.96529794, 0.9866873 , 0.97706401, 0.97878321, 0.98275581]), array([0.99739043, 0.99762743, 0.97703746, 0.9732092 , 0.98131375,
       0.96549568, 0.98659032, 0.97937061, 0.97924857, 0.98222701]), array([0.99739279, 0.99761991, 0.97715998, 0.97232882, 0.98108205,
       0.96348933, 0.9870486 , 0.97873258, 0.97835014, 0.98286093]), array([0.99737534, 0.99761325, 0.97675741, 0.97262595, 0.9807815 ,
       0.97065766, 0.98705451, 0.97950297, 0.97533396, 0.98282838])]
real metric: [array([0.98616657, 0.99429112, 0.96655975, 0.94239313, 0.9662726 ,
       0.94225814, 0.96882647, 0.96452393, 0.97114962, 0.97932073]), array([0.98181121, 0.99385064, 0.96177091, 0.93838561, 0.96905431,
       0.95044585, 0.9734099 , 0.96821178, 0.97009902, 0.97278202]), array([0.98224646, 0.99455151, 0.96715812, 0.93111837, 0.96332139,
       0.94641982, 0.97473986, 0.95982456, 0.97250071, 0.98038595]), array([0.98457489, 0.9956035 , 0.96381845, 0.94176689, 0.96543252,
       0.94054774, 0.97534567, 0.96619009, 0.97245811, 0.97981791]), array([0.98331235, 0.99356186, 0.96577147, 0.93034243, 0.96576218,
       0.94558161, 0.97425794, 0.96260568, 0.9705064 , 0.97566971])]

estim_algorithm = ts-model, mode = classification, metric = auc, confidence_scores = entropy-conf, class_specific = False
test err: [0.013643808444592186, 0.012767848821613493, 0.014370596605282471, 0.014374985867510414, 0.014508508442162893]
estimated metric: [array([0.95550357, 0.96900146, 0.95896938, 0.9472456 , 0.95883245,
       0.95539588, 0.95694409, 0.95969868, 0.9610958 , 0.95861749]), array([0.95388186, 0.96827422, 0.95963112, 0.94808025, 0.95988949,
       0.95488128, 0.95868792, 0.95916802, 0.95952349, 0.95838522]), array([0.95378203, 0.96834927, 0.96003491, 0.94730292, 0.95959191,
       0.95815974, 0.95599027, 0.95910872, 0.96214949, 0.95994045]), array([0.95576416, 0.96946018, 0.959375  , 0.94536581, 0.95941413,
       0.95735867, 0.9576671 , 0.95934954, 0.96135069, 0.95752036]), array([0.95478289, 0.96929334, 0.95874119, 0.94775218, 0.95762888,
       0.95637461, 0.95685119, 0.96037171, 0.95871784, 0.95817819])]
real metric: [array([0.98616657, 0.99429112, 0.96655975, 0.94239313, 0.9662726 ,
       0.94225814, 0.96882647, 0.96452393, 0.97114962, 0.97932073]), array([0.98181121, 0.99385064, 0.96177091, 0.93838561, 0.96905431,
       0.95044585, 0.9734099 , 0.96821178, 0.97009902, 0.97278202]), array([0.98224646, 0.99455151, 0.96715812, 0.93111837, 0.96332139,
       0.94641982, 0.97473986, 0.95982456, 0.97250071, 0.98038595]), array([0.98457489, 0.9956035 , 0.96381845, 0.94176689, 0.96543252,
       0.94054774, 0.97534567, 0.96619009, 0.97245811, 0.97981791]), array([0.98331235, 0.99356186, 0.96577147, 0.93034243, 0.96576218,
       0.94558161, 0.97425794, 0.96260568, 0.9705064 , 0.97566971])]

estim_algorithm = ts-model, mode = classification, metric = auc, confidence_scores = entropy-conf, class_specific = True
test err: [0.007171922236061357, 0.005853074517553414, 0.008159076839668678, 0.006050294603202755, 0.007095507533485012]
estimated metric: [array([0.98105802, 0.98176584, 0.96282302, 0.95384413, 0.97008695,
       0.9499636 , 0.98061823, 0.973471  , 0.97506958, 0.97660168]), array([0.98112205, 0.98117494, 0.96427276, 0.95456816, 0.97160843,
       0.94981118, 0.98047221, 0.97440306, 0.97636243, 0.97655771]), array([0.98067294, 0.98118446, 0.96406199, 0.9541245 , 0.97134848,
       0.95441896, 0.98013563, 0.97389874, 0.97446337, 0.97729685]), array([0.98078684, 0.98156412, 0.96314262, 0.95188376, 0.96988797,
       0.95079475, 0.98020695, 0.97277608, 0.97477979, 0.9764065 ]), array([0.98060353, 0.98140419, 0.96302439, 0.95400433, 0.96989571,
       0.95071582, 0.9799875 , 0.97368023, 0.97327484, 0.97650899])]
real metric: [array([0.98616657, 0.99429112, 0.96655975, 0.94239313, 0.9662726 ,
       0.94225814, 0.96882647, 0.96452393, 0.97114962, 0.97932073]), array([0.98181121, 0.99385064, 0.96177091, 0.93838561, 0.96905431,
       0.95044585, 0.9734099 , 0.96821178, 0.97009902, 0.97278202]), array([0.98224646, 0.99455151, 0.96715812, 0.93111837, 0.96332139,
       0.94641982, 0.97473986, 0.95982456, 0.97250071, 0.98038595]), array([0.98457489, 0.9956035 , 0.96381845, 0.94176689, 0.96543252,
       0.94054774, 0.97534567, 0.96619009, 0.97245811, 0.97981791]), array([0.98331235, 0.99356186, 0.96577147, 0.93034243, 0.96576218,
       0.94558161, 0.97425794, 0.96260568, 0.9705064 , 0.97566971])]

estim_algorithm = ts-model, mode = classification, metric = auc, confidence_scores = doctor-conf, class_specific = False
test err: [0.012830034782567412, 0.012306603546386807, 0.013983556211066284, 0.013715644381151226, 0.013632124900071218]
estimated metric: [array([0.95868041, 0.97009819, 0.96135915, 0.95152421, 0.96013182,
       0.95585369, 0.95784773, 0.96019462, 0.96252046, 0.96070468]), array([0.95696577, 0.96939462, 0.9607704 , 0.95156275, 0.96116803,
       0.95546532, 0.95842102, 0.9591838 , 0.95996392, 0.96025279]), array([0.95721402, 0.96930465, 0.96179279, 0.95206399, 0.96155091,
       0.9590609 , 0.95622705, 0.96011622, 0.96219922, 0.96065815]), array([0.95898673, 0.9705459 , 0.96131739, 0.94924508, 0.96152726,
       0.95808507, 0.95873293, 0.95918547, 0.96121414, 0.9595904 ]), array([0.95794704, 0.97010199, 0.96053773, 0.95264945, 0.95918916,
       0.95537388, 0.95819702, 0.96145911, 0.96029394, 0.95949963])]
real metric: [array([0.98616657, 0.99429112, 0.96655975, 0.94239313, 0.9662726 ,
       0.94225814, 0.96882647, 0.96452393, 0.97114962, 0.97932073]), array([0.98181121, 0.99385064, 0.96177091, 0.93838561, 0.96905431,
       0.95044585, 0.9734099 , 0.96821178, 0.97009902, 0.97278202]), array([0.98224646, 0.99455151, 0.96715812, 0.93111837, 0.96332139,
       0.94641982, 0.97473986, 0.95982456, 0.97250071, 0.98038595]), array([0.98457489, 0.9956035 , 0.96381845, 0.94176689, 0.96543252,
       0.94054774, 0.97534567, 0.96619009, 0.97245811, 0.97981791]), array([0.98331235, 0.99356186, 0.96577147, 0.93034243, 0.96576218,
       0.94558161, 0.97425794, 0.96260568, 0.9705064 , 0.97566971])]

estim_algorithm = ts-model, mode = classification, metric = auc, confidence_scores = doctor-conf, class_specific = True
test err: [0.009023231010818977, 0.008570761283096917, 0.010013248424536048, 0.008534276068847869, 0.009670782816431056]
estimated metric: [array([0.98317326, 0.98749234, 0.96731645, 0.95852363, 0.98333369,
       0.95150757, 0.98339191, 0.9754019 , 0.98154383, 0.97791586]), array([0.98243359, 0.98712397, 0.96810288, 0.95913594, 0.98376551,
       0.95330366, 0.98315009, 0.97446769, 0.98176815, 0.97882404]), array([0.98249882, 0.98711158, 0.96776638, 0.95916648, 0.98404165,
       0.95629966, 0.98230564, 0.975082  , 0.98124401, 0.97876876]), array([0.98326079, 0.98717059, 0.96688841, 0.9564281 , 0.98370938,
       0.95409173, 0.98232223, 0.97458014, 0.98152723, 0.97820991]), array([0.98267694, 0.98696412, 0.96685984, 0.95836932, 0.98331853,
       0.95427346, 0.98248078, 0.97475083, 0.98137857, 0.97854076])]
real metric: [array([0.98616657, 0.99429112, 0.96655975, 0.94239313, 0.9662726 ,
       0.94225814, 0.96882647, 0.96452393, 0.97114962, 0.97932073]), array([0.98181121, 0.99385064, 0.96177091, 0.93838561, 0.96905431,
       0.95044585, 0.9734099 , 0.96821178, 0.97009902, 0.97278202]), array([0.98224646, 0.99455151, 0.96715812, 0.93111837, 0.96332139,
       0.94641982, 0.97473986, 0.95982456, 0.97250071, 0.98038595]), array([0.98457489, 0.9956035 , 0.96381845, 0.94176689, 0.96543252,
       0.94054774, 0.97534567, 0.96619009, 0.97245811, 0.97981791]), array([0.98331235, 0.99356186, 0.96577147, 0.93034243, 0.96576218,
       0.94558161, 0.97425794, 0.96260568, 0.9705064 , 0.97566971])]

estim_algorithm = doc-model, mode = classification, metric = auc, confidence_scores = max_class_probability-conf, class_specific = False
test err: [0.07310760236087774, 0.07330892175704479, 0.07230887447489645, 0.07368309777182004, 0.07219152486573724]
estimated metric: [array([0.89617457, 0.90127462, 0.89538698, 0.8899507 , 0.89572429,
       0.8934545 , 0.89475706, 0.89451895, 0.89432539, 0.89511896]), array([0.89510065, 0.90047617, 0.89607356, 0.88949751, 0.89637009,
       0.89236477, 0.89403291, 0.89413437, 0.89458729, 0.8940947 ]), array([0.89531992, 0.90085132, 0.89537512, 0.88993185, 0.89650053,
       0.89394134, 0.89404937, 0.89431591, 0.89356975, 0.89532289]), array([0.89629918, 0.90110186, 0.89543808, 0.88870666, 0.89562052,
       0.89357873, 0.89437257, 0.89494594, 0.89376348, 0.89489778]), array([0.89546656, 0.90090316, 0.89488699, 0.88933742, 0.89545286,
       0.89289034, 0.89371745, 0.89490488, 0.89339252, 0.89450418])]
real metric: [array([0.98616657, 0.99429112, 0.96655975, 0.94239313, 0.9662726 ,
       0.94225814, 0.96882647, 0.96452393, 0.97114962, 0.97932073]), array([0.98181121, 0.99385064, 0.96177091, 0.93838561, 0.96905431,
       0.95044585, 0.9734099 , 0.96821178, 0.97009902, 0.97278202]), array([0.98224646, 0.99455151, 0.96715812, 0.93111837, 0.96332139,
       0.94641982, 0.97473986, 0.95982456, 0.97250071, 0.98038595]), array([0.98457489, 0.9956035 , 0.96381845, 0.94176689, 0.96543252,
       0.94054774, 0.97534567, 0.96619009, 0.97245811, 0.97981791]), array([0.98331235, 0.99356186, 0.96577147, 0.93034243, 0.96576218,
       0.94558161, 0.97425794, 0.96260568, 0.9705064 , 0.97566971])]

estim_algorithm = doc-model, mode = classification, metric = auc, confidence_scores = max_class_probability-conf, class_specific = True
test err: [0.008696230883423051, 0.008385682187235611, 0.009891020505121561, 0.008474350813394715, 0.009323905747808081]
estimated metric: [array([0.99084519, 0.99119126, 0.96794912, 0.96376036, 0.97435698,
       0.95955951, 0.98094314, 0.97428766, 0.9789391 , 0.97794914]), array([0.99066619, 0.99113656, 0.96875599, 0.9633935 , 0.97503019,
       0.9584882 , 0.98033441, 0.97409102, 0.97927265, 0.97708121]), array([0.9907123 , 0.99101571, 0.96806442, 0.9637486 , 0.97511039,
       0.96005425, 0.98039005, 0.97417928, 0.97820602, 0.97814756]), array([0.99059289, 0.99104039, 0.96800988, 0.96245366, 0.97404027,
       0.95959199, 0.98064654, 0.97463503, 0.97828329, 0.9777567 ]), array([0.99038807, 0.9907857 , 0.96758287, 0.96301041, 0.97408774,
       0.95898856, 0.98003167, 0.97471895, 0.97799393, 0.97747044])]
real metric: [array([0.98616657, 0.99429112, 0.96655975, 0.94239313, 0.9662726 ,
       0.94225814, 0.96882647, 0.96452393, 0.97114962, 0.97932073]), array([0.98181121, 0.99385064, 0.96177091, 0.93838561, 0.96905431,
       0.95044585, 0.9734099 , 0.96821178, 0.97009902, 0.97278202]), array([0.98224646, 0.99455151, 0.96715812, 0.93111837, 0.96332139,
       0.94641982, 0.97473986, 0.95982456, 0.97250071, 0.98038595]), array([0.98457489, 0.9956035 , 0.96381845, 0.94176689, 0.96543252,
       0.94054774, 0.97534567, 0.96619009, 0.97245811, 0.97981791]), array([0.98331235, 0.99356186, 0.96577147, 0.93034243, 0.96576218,
       0.94558161, 0.97425794, 0.96260568, 0.9705064 , 0.97566971])]

estim_algorithm = doc-model, mode = classification, metric = auc, confidence_scores = energy-conf, class_specific = False
test err: [0.013989323326934311, 0.012590842203509135, 0.015708526158515458, 0.014278417192773729, 0.014660049768727656]
estimated metric: [array([0.94703574, 0.96834754, 0.95602938, 0.94399337, 0.95822006,
       0.95862791, 0.95167008, 0.96452712, 0.9641012 , 0.96526282]), array([0.94375474, 0.96777185, 0.95677252, 0.9438935 , 0.96053017,
       0.95543525, 0.96147964, 0.95803621, 0.96072598, 0.96650753]), array([0.94428531, 0.96794489, 0.95590712, 0.94910167, 0.9587025 ,
       0.96337684, 0.96062792, 0.96430451, 0.96365215, 0.9661191 ]), array([0.9449141 , 0.96882229, 0.95579528, 0.94489453, 0.96009518,
       0.95884568, 0.96257809, 0.96325814, 0.96113318, 0.96528631]), array([0.94464914, 0.96863384, 0.9554728 , 0.94223302, 0.9568608 ,
       0.96059617, 0.95791613, 0.96565508, 0.96260436, 0.9660589 ])]
real metric: [array([0.98616657, 0.99429112, 0.96655975, 0.94239313, 0.9662726 ,
       0.94225814, 0.96882647, 0.96452393, 0.97114962, 0.97932073]), array([0.98181121, 0.99385064, 0.96177091, 0.93838561, 0.96905431,
       0.95044585, 0.9734099 , 0.96821178, 0.97009902, 0.97278202]), array([0.98224646, 0.99455151, 0.96715812, 0.93111837, 0.96332139,
       0.94641982, 0.97473986, 0.95982456, 0.97250071, 0.98038595]), array([0.98457489, 0.9956035 , 0.96381845, 0.94176689, 0.96543252,
       0.94054774, 0.97534567, 0.96619009, 0.97245811, 0.97981791]), array([0.98331235, 0.99356186, 0.96577147, 0.93034243, 0.96576218,
       0.94558161, 0.97425794, 0.96260568, 0.9705064 , 0.97566971])]

estim_algorithm = doc-model, mode = classification, metric = auc, confidence_scores = energy-conf, class_specific = True
test err: [0.009429527075444765, 0.00700430377022816, 0.008764029824920073, 0.00826225632506813, 0.010921219793219061]
estimated metric: [array([0.97136282, 0.982604  , 0.96334407, 0.95080955, 0.97166009,
       0.96274659, 0.98080356, 0.97225163, 0.97786625, 0.97544579]), array([0.97099327, 0.9826438 , 0.96477782, 0.95308313, 0.97347119,
       0.95317246, 0.98038248, 0.97358431, 0.97746227, 0.97624401]), array([0.97038105, 0.98239605, 0.96356431, 0.95091131, 0.97208067,
       0.94285671, 0.9807025 , 0.97397948, 0.97691377, 0.9770063 ]), array([0.97191456, 0.98258097, 0.96328603, 0.95309297, 0.97226096,
       0.95670721, 0.98110601, 0.973737  , 0.97754382, 0.97611757]), array([0.97056715, 0.98232001, 0.96205906, 0.95662762, 0.97100367,
       0.9712794 , 0.98041591, 0.9737303 , 0.9770826 , 0.97609916])]
real metric: [array([0.98616657, 0.99429112, 0.96655975, 0.94239313, 0.9662726 ,
       0.94225814, 0.96882647, 0.96452393, 0.97114962, 0.97932073]), array([0.98181121, 0.99385064, 0.96177091, 0.93838561, 0.96905431,
       0.95044585, 0.9734099 , 0.96821178, 0.97009902, 0.97278202]), array([0.98224646, 0.99455151, 0.96715812, 0.93111837, 0.96332139,
       0.94641982, 0.97473986, 0.95982456, 0.97250071, 0.98038595]), array([0.98457489, 0.9956035 , 0.96381845, 0.94176689, 0.96543252,
       0.94054774, 0.97534567, 0.96619009, 0.97245811, 0.97981791]), array([0.98331235, 0.99356186, 0.96577147, 0.93034243, 0.96576218,
       0.94558161, 0.97425794, 0.96260568, 0.9705064 , 0.97566971])]

estim_algorithm = doc-model, mode = classification, metric = auc, confidence_scores = entropy-conf, class_specific = False
test err: [0.06734079849376637, 0.06731586597465244, 0.06642836837273605, 0.0675725577352046, 0.06631369282802466]
estimated metric: [array([0.90150705, 0.90836113, 0.9011596 , 0.89428404, 0.9015809 ,
       0.89921212, 0.90028695, 0.90111604, 0.90044581, 0.90040045]), array([0.90051029, 0.90729042, 0.90213137, 0.8939222 , 0.90218383,
       0.8975669 , 0.89977947, 0.90057297, 0.90160437, 0.90110077]), array([0.90069217, 0.90770993, 0.90126256, 0.89386264, 0.90270429,
       0.90032659, 0.89911807, 0.90067605, 0.9000184 , 0.90161237]), array([0.90191282, 0.90836481, 0.90115847, 0.89319715, 0.90213115,
       0.89953668, 0.90035249, 0.90124406, 0.90045865, 0.90147391]), array([0.90106491, 0.90799116, 0.90103325, 0.89390818, 0.90146025,
       0.89873938, 0.89972993, 0.90045336, 0.89901572, 0.90083854])]
real metric: [array([0.98616657, 0.99429112, 0.96655975, 0.94239313, 0.9662726 ,
       0.94225814, 0.96882647, 0.96452393, 0.97114962, 0.97932073]), array([0.98181121, 0.99385064, 0.96177091, 0.93838561, 0.96905431,
       0.95044585, 0.9734099 , 0.96821178, 0.97009902, 0.97278202]), array([0.98224646, 0.99455151, 0.96715812, 0.93111837, 0.96332139,
       0.94641982, 0.97473986, 0.95982456, 0.97250071, 0.98038595]), array([0.98457489, 0.9956035 , 0.96381845, 0.94176689, 0.96543252,
       0.94054774, 0.97534567, 0.96619009, 0.97245811, 0.97981791]), array([0.98331235, 0.99356186, 0.96577147, 0.93034243, 0.96576218,
       0.94558161, 0.97425794, 0.96260568, 0.9705064 , 0.97566971])]

estim_algorithm = doc-model, mode = classification, metric = auc, confidence_scores = entropy-conf, class_specific = True
test err: [0.008033060248573953, 0.007891041863682313, 0.009220708048481496, 0.00787361403681408, 0.008633772776823635]
estimated metric: [array([0.98888793, 0.98953085, 0.966688  , 0.9613106 , 0.97344977,
       0.9588423 , 0.97992549, 0.97429787, 0.97828005, 0.97728219]), array([0.98845347, 0.98929248, 0.96777735, 0.9611264 , 0.97408941,
       0.95730483, 0.97968143, 0.97399453, 0.97960547, 0.97828998]), array([0.98860515, 0.98931414, 0.96691141, 0.96091566, 0.97461546,
       0.96002392, 0.97890987, 0.97404679, 0.97797279, 0.97858143]), array([0.98847935, 0.98939959, 0.96670531, 0.96034905, 0.97394352,
       0.95904326, 0.98009785, 0.97438498, 0.97826338, 0.97841802]), array([0.98828315, 0.98914904, 0.96674091, 0.96095752, 0.97345789,
       0.95836717, 0.9795173 , 0.97365362, 0.97686812, 0.97788898])]
real metric: [array([0.98616657, 0.99429112, 0.96655975, 0.94239313, 0.9662726 ,
       0.94225814, 0.96882647, 0.96452393, 0.97114962, 0.97932073]), array([0.98181121, 0.99385064, 0.96177091, 0.93838561, 0.96905431,
       0.95044585, 0.9734099 , 0.96821178, 0.97009902, 0.97278202]), array([0.98224646, 0.99455151, 0.96715812, 0.93111837, 0.96332139,
       0.94641982, 0.97473986, 0.95982456, 0.97250071, 0.98038595]), array([0.98457489, 0.9956035 , 0.96381845, 0.94176689, 0.96543252,
       0.94054774, 0.97534567, 0.96619009, 0.97245811, 0.97981791]), array([0.98331235, 0.99356186, 0.96577147, 0.93034243, 0.96576218,
       0.94558161, 0.97425794, 0.96260568, 0.9705064 , 0.97566971])]

estim_algorithm = doc-model, mode = classification, metric = auc, confidence_scores = doctor-conf, class_specific = False
test err: [0.09020002412886662, 0.09036774691391188, 0.08915986720843197, 0.09046081371580013, 0.08926350050875334]
estimated metric: [array([0.87778708, 0.88454426, 0.87706387, 0.87220872, 0.87935065,
       0.87769831, 0.87727234, 0.87904497, 0.8753024 , 0.87948922]), array([0.87719289, 0.88396151, 0.87710952, 0.87198914, 0.87975854,
       0.87714192, 0.87651157, 0.87831099, 0.87559258, 0.87857511]), array([0.87719913, 0.884153  , 0.87802851, 0.87208554, 0.87793814,
       0.87822744, 0.87866798, 0.8789314 , 0.87806335, 0.87737359]), array([0.87799853, 0.88243252, 0.87805175, 0.87284223, 0.87750149,
       0.87730167, 0.87858066, 0.87929306, 0.87799334, 0.87895238]), array([0.87751266, 0.88209141, 0.87670433, 0.8719064 , 0.87935233,
       0.87495606, 0.87844054, 0.87666533, 0.87799139, 0.87911615])]
real metric: [array([0.98616657, 0.99429112, 0.96655975, 0.94239313, 0.9662726 ,
       0.94225814, 0.96882647, 0.96452393, 0.97114962, 0.97932073]), array([0.98181121, 0.99385064, 0.96177091, 0.93838561, 0.96905431,
       0.95044585, 0.9734099 , 0.96821178, 0.97009902, 0.97278202]), array([0.98224646, 0.99455151, 0.96715812, 0.93111837, 0.96332139,
       0.94641982, 0.97473986, 0.95982456, 0.97250071, 0.98038595]), array([0.98457489, 0.9956035 , 0.96381845, 0.94176689, 0.96543252,
       0.94054774, 0.97534567, 0.96619009, 0.97245811, 0.97981791]), array([0.98331235, 0.99356186, 0.96577147, 0.93034243, 0.96576218,
       0.94558161, 0.97425794, 0.96260568, 0.9705064 , 0.97566971])]

estim_algorithm = doc-model, mode = classification, metric = auc, confidence_scores = doctor-conf, class_specific = True
test err: [0.009162683455308162, 0.009026292089726884, 0.010259880613098215, 0.008959725160147081, 0.01017407947951573]
estimated metric: [array([0.99164772, 0.99332145, 0.9702607 , 0.96403451, 0.97629679,
       0.96014849, 0.98330917, 0.97481749, 0.97822347, 0.97925169]), array([0.99144522, 0.99308562, 0.97034065, 0.96383678, 0.97658942,
       0.9597561 , 0.98252823, 0.97412736, 0.97851906, 0.97832569]), array([0.99103681, 0.99320325, 0.96984476, 0.96392967, 0.97677383,
       0.9607561 , 0.98223596, 0.97486682, 0.97848945, 0.97973951]), array([0.99154318, 0.99330308, 0.96982375, 0.96360813, 0.97635725,
       0.95968634, 0.9819457 , 0.97503568, 0.97827403, 0.97866078]), array([0.99116261, 0.99303778, 0.97002935, 0.96375308, 0.97613869,
       0.95981448, 0.98178033, 0.97514809, 0.97827343, 0.97892641])]
real metric: [array([0.98616657, 0.99429112, 0.96655975, 0.94239313, 0.9662726 ,
       0.94225814, 0.96882647, 0.96452393, 0.97114962, 0.97932073]), array([0.98181121, 0.99385064, 0.96177091, 0.93838561, 0.96905431,
       0.95044585, 0.9734099 , 0.96821178, 0.97009902, 0.97278202]), array([0.98224646, 0.99455151, 0.96715812, 0.93111837, 0.96332139,
       0.94641982, 0.97473986, 0.95982456, 0.97250071, 0.98038595]), array([0.98457489, 0.9956035 , 0.96381845, 0.94176689, 0.96543252,
       0.94054774, 0.97534567, 0.96619009, 0.97245811, 0.97981791]), array([0.98331235, 0.99356186, 0.96577147, 0.93034243, 0.96576218,
       0.94558161, 0.97425794, 0.96260568, 0.9705064 , 0.97566971])]

