estim_algorithm = ac-model, mode = classification, metric = sensitivity, confidence_scores = max_class_probability-conf, class_specific = False
test err: [0.2623497717367195, 0.2470293260130907, 0.2577483884349526, 0.24576262647271702, 0.24893969186947626]
estimated metric: [array([0.87061868, 0.91534464, 0.83861491, 0.77346537, 0.82596668,
       0.80865075, 0.85602824, 0.85344436, 0.84306089, 0.86131153]), array([0.87787578, 0.92179463, 0.84410047, 0.78676622, 0.81997684,
       0.78551114, 0.827392  , 0.87173766, 0.85112336, 0.86540488]), array([0.87609293, 0.90740687, 0.81737089, 0.76969562, 0.82575892,
       0.8011401 , 0.84132901, 0.86700241, 0.85447856, 0.87364106]), array([0.87858059, 0.90400688, 0.82519298, 0.76547856, 0.82266362,
       0.80438026, 0.85732372, 0.86184158, 0.87000889, 0.85755895]), array([0.87355558, 0.90831018, 0.83750206, 0.77156322, 0.82888322,
       0.81509677, 0.85144937, 0.86669478, 0.8697511 , 0.86410259])]
real metric: [array([0.93641618, 0.86438356, 0.67146974, 0.5728022 , 0.78093883,
       0.32271468, 0.33241758, 0.4380531 , 0.39755352, 0.63785395]), array([0.95959596, 0.86581921, 0.71856287, 0.58569501, 0.78893741,
       0.29970326, 0.36712329, 0.50146199, 0.39218524, 0.66574586]), array([0.95386905, 0.85852982, 0.65945166, 0.5754858 , 0.78659371,
       0.30517711, 0.35057471, 0.45606695, 0.36775106, 0.69848485]), array([0.94159544, 0.87928669, 0.68436578, 0.59305994, 0.80819912,
       0.33194444, 0.35131397, 0.46817539, 0.41289438, 0.64460432]), array([0.93993994, 0.87835926, 0.68091168, 0.5988935 , 0.79022989,
       0.32957746, 0.36773256, 0.47902571, 0.40949555, 0.65611511])]

estim_algorithm = ac-model, mode = classification, metric = sensitivity, confidence_scores = energy-conf, class_specific = False
test err: [0.35959544825777, 0.3778906448489161, 0.3693533505425514, 0.377089772699495, 0.3776349620803481]
estimated metric: [array([0.23367549, 0.34004779, 0.22202824, 0.14789751, 0.18489323,
       0.2144022 , 0.21096603, 0.24701249, 0.27416308, 0.28356281]), array([0.23625918, 0.34127185, 0.22840103, 0.15497866, 0.18547695,
       0.1974409 , 0.20437228, 0.25842188, 0.27365123, 0.28564969]), array([0.23155742, 0.33838487, 0.20223426, 0.14141634, 0.18984867,
       0.20271955, 0.20510931, 0.24072076, 0.27929676, 0.28716328]), array([0.23707836, 0.33410951, 0.21363912, 0.14098984, 0.18645532,
       0.20388244, 0.21721167, 0.24711655, 0.28447893, 0.27958001]), array([0.23156984, 0.3339099 , 0.21633481, 0.14850738, 0.19406486,
       0.20383951, 0.21165094, 0.24477034, 0.28720345, 0.28208001])]
real metric: [array([0.93641618, 0.86438356, 0.67146974, 0.5728022 , 0.78093883,
       0.32271468, 0.33241758, 0.4380531 , 0.39755352, 0.63785395]), array([0.95959596, 0.86581921, 0.71856287, 0.58569501, 0.78893741,
       0.29970326, 0.36712329, 0.50146199, 0.39218524, 0.66574586]), array([0.95386905, 0.85852982, 0.65945166, 0.5754858 , 0.78659371,
       0.30517711, 0.35057471, 0.45606695, 0.36775106, 0.69848485]), array([0.94159544, 0.87928669, 0.68436578, 0.59305994, 0.80819912,
       0.33194444, 0.35131397, 0.46817539, 0.41289438, 0.64460432]), array([0.93993994, 0.87835926, 0.68091168, 0.5988935 , 0.79022989,
       0.32957746, 0.36773256, 0.47902571, 0.40949555, 0.65611511])]

estim_algorithm = ac-model, mode = classification, metric = sensitivity, confidence_scores = entropy-conf, class_specific = False
test err: [0.24254704856730144, 0.22825169250953045, 0.23618196240710915, 0.22888109643422133, 0.22787726430372154]
estimated metric: [array([0.84772019, 0.90197488, 0.81403214, 0.73057905, 0.78754196,
       0.79223407, 0.82979427, 0.82752943, 0.83100765, 0.8402682 ]), array([0.85496015, 0.90667129, 0.81905149, 0.74685302, 0.78238682,
       0.76242683, 0.80175943, 0.84472465, 0.83922745, 0.84691309]), array([0.85230816, 0.89542262, 0.79274085, 0.72350379, 0.79000838,
       0.77513826, 0.81169971, 0.83565474, 0.84289071, 0.85131534]), array([0.85451667, 0.89140819, 0.79905663, 0.72041706, 0.78546536,
       0.77835678, 0.82722254, 0.83464817, 0.85658525, 0.83694871]), array([0.84989963, 0.89197744, 0.80992876, 0.72868993, 0.79282888,
       0.79350557, 0.82279069, 0.84095962, 0.85524023, 0.84315193])]
real metric: [array([0.93641618, 0.86438356, 0.67146974, 0.5728022 , 0.78093883,
       0.32271468, 0.33241758, 0.4380531 , 0.39755352, 0.63785395]), array([0.95959596, 0.86581921, 0.71856287, 0.58569501, 0.78893741,
       0.29970326, 0.36712329, 0.50146199, 0.39218524, 0.66574586]), array([0.95386905, 0.85852982, 0.65945166, 0.5754858 , 0.78659371,
       0.30517711, 0.35057471, 0.45606695, 0.36775106, 0.69848485]), array([0.94159544, 0.87928669, 0.68436578, 0.59305994, 0.80819912,
       0.33194444, 0.35131397, 0.46817539, 0.41289438, 0.64460432]), array([0.93993994, 0.87835926, 0.68091168, 0.5988935 , 0.79022989,
       0.32957746, 0.36773256, 0.47902571, 0.40949555, 0.65611511])]

estim_algorithm = ac-model, mode = classification, metric = sensitivity, confidence_scores = doctor-conf, class_specific = False
test err: [0.32344350181251, 0.30824653986401745, 0.31974362277390855, 0.3068982863639823, 0.30790076740071626]
estimated metric: [array([0.93262118, 0.95707888, 0.91444866, 0.87296086, 0.9053232 ,
       0.90560101, 0.92716735, 0.91769671, 0.92221235, 0.92633816]), array([0.93768536, 0.95922045, 0.91931484, 0.88178819, 0.90272878,
       0.88579133, 0.90820354, 0.92955058, 0.92585798, 0.93333324]), array([0.93522907, 0.95382082, 0.90366476, 0.87107209, 0.90604533,
       0.89223903, 0.91720814, 0.9294547 , 0.92562847, 0.93777859]), array([0.9368791 , 0.94958295, 0.90560219, 0.86727406, 0.90364861,
       0.89658361, 0.92619516, 0.92562962, 0.93894278, 0.92465158]), array([0.93492539, 0.95173107, 0.91225157, 0.87317404, 0.90687459,
       0.90844706, 0.92369228, 0.92759308, 0.93443767, 0.92613248])]
real metric: [array([0.93641618, 0.86438356, 0.67146974, 0.5728022 , 0.78093883,
       0.32271468, 0.33241758, 0.4380531 , 0.39755352, 0.63785395]), array([0.95959596, 0.86581921, 0.71856287, 0.58569501, 0.78893741,
       0.29970326, 0.36712329, 0.50146199, 0.39218524, 0.66574586]), array([0.95386905, 0.85852982, 0.65945166, 0.5754858 , 0.78659371,
       0.30517711, 0.35057471, 0.45606695, 0.36775106, 0.69848485]), array([0.94159544, 0.87928669, 0.68436578, 0.59305994, 0.80819912,
       0.33194444, 0.35131397, 0.46817539, 0.41289438, 0.64460432]), array([0.93993994, 0.87835926, 0.68091168, 0.5988935 , 0.79022989,
       0.32957746, 0.36773256, 0.47902571, 0.40949555, 0.65611511])]

estim_algorithm = ts-model, mode = classification, metric = sensitivity, confidence_scores = max_class_probability-conf, class_specific = False
test err: [0.17383896087404538, 0.16736597326118727, 0.17565561600159657, 0.17787725667017265, 0.1722951095396285]
estimated metric: [array([0.67513419, 0.77880264, 0.63059945, 0.50935683, 0.57773173,
       0.59178892, 0.62589978, 0.65343778, 0.66573564, 0.67573465]), array([0.6815289 , 0.78390788, 0.63873822, 0.52741984, 0.57401081,
       0.56494555, 0.60291556, 0.66580186, 0.67392538, 0.67928621]), array([0.67723925, 0.77087803, 0.59854124, 0.4987825 , 0.58509994,
       0.57982329, 0.60969121, 0.64920595, 0.67750671, 0.6819751 ]), array([0.68378587, 0.76761774, 0.61453408, 0.5001364 , 0.57881226,
       0.58223878, 0.62952892, 0.65484868, 0.68943491, 0.67003313]), array([0.67456432, 0.76645579, 0.623226  , 0.50803957, 0.58860957,
       0.58832898, 0.617991  , 0.65855936, 0.69536611, 0.67721301])]
real metric: [array([0.93641618, 0.86438356, 0.67146974, 0.5728022 , 0.78093883,
       0.32271468, 0.33241758, 0.4380531 , 0.39755352, 0.63785395]), array([0.95959596, 0.86581921, 0.71856287, 0.58569501, 0.78893741,
       0.29970326, 0.36712329, 0.50146199, 0.39218524, 0.66574586]), array([0.95386905, 0.85852982, 0.65945166, 0.5754858 , 0.78659371,
       0.30517711, 0.35057471, 0.45606695, 0.36775106, 0.69848485]), array([0.94159544, 0.87928669, 0.68436578, 0.59305994, 0.80819912,
       0.33194444, 0.35131397, 0.46817539, 0.41289438, 0.64460432]), array([0.93993994, 0.87835926, 0.68091168, 0.5988935 , 0.79022989,
       0.32957746, 0.36773256, 0.47902571, 0.40949555, 0.65611511])]

estim_algorithm = ts-model, mode = classification, metric = sensitivity, confidence_scores = max_class_probability-conf, class_specific = True
test err: [0.122884970600541, 0.10978559442433336, 0.11999616317768427, 0.11309203750189896, 0.10921132419139679]
estimated metric: [array([0.95571195, 0.95768852, 0.79435254, 0.72221276, 0.71779378,
       0.53488294, 0.60117525, 0.54303994, 0.38048987, 0.46001981]), array([0.95784412, 0.96293586, 0.79995941, 0.73792473, 0.71154186,
       0.51004151, 0.57957322, 0.55080746, 0.38188431, 0.46021479]), array([0.95835452, 0.95333485, 0.76970131, 0.71632191, 0.72128599,
       0.52375605, 0.58558854, 0.53331426, 0.38536333, 0.46265955]), array([0.96165435, 0.95049763, 0.77918984, 0.71323929, 0.71617447,
       0.52574244, 0.60534002, 0.54056016, 0.39214477, 0.45294028]), array([0.95828238, 0.95681814, 0.79160869, 0.71997002, 0.72478885,
       0.52940907, 0.5936878 , 0.54054228, 0.39776693, 0.45704978])]
real metric: [array([0.93641618, 0.86438356, 0.67146974, 0.5728022 , 0.78093883,
       0.32271468, 0.33241758, 0.4380531 , 0.39755352, 0.63785395]), array([0.95959596, 0.86581921, 0.71856287, 0.58569501, 0.78893741,
       0.29970326, 0.36712329, 0.50146199, 0.39218524, 0.66574586]), array([0.95386905, 0.85852982, 0.65945166, 0.5754858 , 0.78659371,
       0.30517711, 0.35057471, 0.45606695, 0.36775106, 0.69848485]), array([0.94159544, 0.87928669, 0.68436578, 0.59305994, 0.80819912,
       0.33194444, 0.35131397, 0.46817539, 0.41289438, 0.64460432]), array([0.93993994, 0.87835926, 0.68091168, 0.5988935 , 0.79022989,
       0.32957746, 0.36773256, 0.47902571, 0.40949555, 0.65611511])]

estim_algorithm = ts-model, mode = classification, metric = sensitivity, confidence_scores = energy-conf, class_specific = False
test err: [0.20649345203879999, 0.1952325377622802, 0.20315588938045298, 0.19963847081251657, 0.1939879365069652]
estimated metric: [array([0.71027768, 0.7429245 , 0.71102956, 0.6946825 , 0.70315039,
       0.71235254, 0.70885697, 0.72156606, 0.72863305, 0.73529261]), array([0.71083763, 0.74283836, 0.71287592, 0.69578676, 0.70355385,
       0.70802351, 0.70808705, 0.72659295, 0.72759475, 0.7353453 ]), array([0.7094237 , 0.74304944, 0.70625097, 0.6930188 , 0.7041638 ,
       0.7090825 , 0.70831568, 0.71981748, 0.72941895, 0.73629103]), array([0.71109832, 0.74131594, 0.70936234, 0.6927001 , 0.70356248,
       0.7094224 , 0.71109034, 0.72259929, 0.73048148, 0.73398246]), array([0.70969462, 0.74176051, 0.70962363, 0.69487308, 0.70583394,
       0.70872506, 0.71019929, 0.72092211, 0.73107903, 0.73496873])]
real metric: [array([0.93641618, 0.86438356, 0.67146974, 0.5728022 , 0.78093883,
       0.32271468, 0.33241758, 0.4380531 , 0.39755352, 0.63785395]), array([0.95959596, 0.86581921, 0.71856287, 0.58569501, 0.78893741,
       0.29970326, 0.36712329, 0.50146199, 0.39218524, 0.66574586]), array([0.95386905, 0.85852982, 0.65945166, 0.5754858 , 0.78659371,
       0.30517711, 0.35057471, 0.45606695, 0.36775106, 0.69848485]), array([0.94159544, 0.87928669, 0.68436578, 0.59305994, 0.80819912,
       0.33194444, 0.35131397, 0.46817539, 0.41289438, 0.64460432]), array([0.93993994, 0.87835926, 0.68091168, 0.5988935 , 0.79022989,
       0.32957746, 0.36773256, 0.47902571, 0.40949555, 0.65611511])]

estim_algorithm = ts-model, mode = classification, metric = sensitivity, confidence_scores = energy-conf, class_specific = True
test err: [0.15105932617258758, 0.13795215801905303, 0.15629210465451152, 0.13765908194844592, 0.1374248941426195]
estimated metric: [array([0.95773157, 0.97168103, 0.85273576, 0.79612368, 0.80915331,
       0.59387213, 0.68849195, 0.59943009, 0.40352518, 0.48325599]), array([0.95815038, 0.97087899, 0.85413886, 0.79707045, 0.80952423,
       0.58865304, 0.68768934, 0.60532596, 0.40188065, 0.4833431 ]), array([0.9572076 , 0.97140408, 0.84892015, 0.79466372, 0.81004288,
       0.58997299, 0.68791821, 0.59712065, 0.40546491, 0.48477913]), array([0.95842556, 0.97068126, 0.85132297, 0.79437636, 0.80950368,
       0.59035258, 0.69079246, 0.60047149, 0.40796469, 0.48092876]), array([0.95742222, 0.97058341, 0.85155803, 0.79628807, 0.81148578,
       0.5895238 , 0.68985627, 0.59842056, 0.4095672 , 0.48240597])]
real metric: [array([0.93641618, 0.86438356, 0.67146974, 0.5728022 , 0.78093883,
       0.32271468, 0.33241758, 0.4380531 , 0.39755352, 0.63785395]), array([0.95959596, 0.86581921, 0.71856287, 0.58569501, 0.78893741,
       0.29970326, 0.36712329, 0.50146199, 0.39218524, 0.66574586]), array([0.95386905, 0.85852982, 0.65945166, 0.5754858 , 0.78659371,
       0.30517711, 0.35057471, 0.45606695, 0.36775106, 0.69848485]), array([0.94159544, 0.87928669, 0.68436578, 0.59305994, 0.80819912,
       0.33194444, 0.35131397, 0.46817539, 0.41289438, 0.64460432]), array([0.93993994, 0.87835926, 0.68091168, 0.5988935 , 0.79022989,
       0.32957746, 0.36773256, 0.47902571, 0.40949555, 0.65611511])]

estim_algorithm = ts-model, mode = classification, metric = sensitivity, confidence_scores = entropy-conf, class_specific = False
test err: [0.18067604050374292, 0.1737108713622157, 0.18157490682182623, 0.18427008434296654, 0.17823965943077788]
estimated metric: [array([0.66204748, 0.77716099, 0.61677581, 0.47508617, 0.55014285,
       0.5939968 , 0.61121716, 0.63712634, 0.67593877, 0.67227695]), array([0.66918412, 0.78111016, 0.62632959, 0.49529136, 0.54856747,
       0.55971567, 0.58992418, 0.65122891, 0.68261027, 0.68172156]), array([0.66357688, 0.77237612, 0.58420208, 0.46195208, 0.56225049,
       0.57041568, 0.594115  , 0.63364133, 0.68938799, 0.68029834]), array([0.67116829, 0.76739127, 0.60008483, 0.46327038, 0.55248834,
       0.57439533, 0.61659396, 0.6385059 , 0.70014709, 0.6698872 ]), array([0.6614149 , 0.76366446, 0.60730984, 0.4756675 , 0.56528012,
       0.58290065, 0.60420514, 0.64528017, 0.70290233, 0.67405725])]
real metric: [array([0.93641618, 0.86438356, 0.67146974, 0.5728022 , 0.78093883,
       0.32271468, 0.33241758, 0.4380531 , 0.39755352, 0.63785395]), array([0.95959596, 0.86581921, 0.71856287, 0.58569501, 0.78893741,
       0.29970326, 0.36712329, 0.50146199, 0.39218524, 0.66574586]), array([0.95386905, 0.85852982, 0.65945166, 0.5754858 , 0.78659371,
       0.30517711, 0.35057471, 0.45606695, 0.36775106, 0.69848485]), array([0.94159544, 0.87928669, 0.68436578, 0.59305994, 0.80819912,
       0.33194444, 0.35131397, 0.46817539, 0.41289438, 0.64460432]), array([0.93993994, 0.87835926, 0.68091168, 0.5988935 , 0.79022989,
       0.32957746, 0.36773256, 0.47902571, 0.40949555, 0.65611511])]

estim_algorithm = ts-model, mode = classification, metric = sensitivity, confidence_scores = entropy-conf, class_specific = True
test err: [0.12220172214665195, 0.10866645763895548, 0.11564390351652273, 0.11075593011284139, 0.10726217859876788]
estimated metric: [array([0.95311312, 0.95814428, 0.79702059, 0.71417729, 0.70565771,
       0.52192462, 0.58570292, 0.52434297, 0.36827238, 0.43656773]), array([0.95649733, 0.96229645, 0.80242843, 0.73121129, 0.7010224 ,
       0.48913192, 0.56570771, 0.53460965, 0.36820101, 0.44109895]), array([0.95616951, 0.95405269, 0.77455485, 0.70646619, 0.71242212,
       0.49952197, 0.56929299, 0.51540202, 0.37601798, 0.44078946]), array([0.9579744 , 0.95066408, 0.78160926, 0.70379784, 0.7051049 ,
       0.50273123, 0.59210206, 0.52204649, 0.38277752, 0.4314398 ]), array([0.95540404, 0.95537302, 0.79227673, 0.71241289, 0.71499434,
       0.50770085, 0.57930094, 0.52458141, 0.38802553, 0.43280864])]
real metric: [array([0.93641618, 0.86438356, 0.67146974, 0.5728022 , 0.78093883,
       0.32271468, 0.33241758, 0.4380531 , 0.39755352, 0.63785395]), array([0.95959596, 0.86581921, 0.71856287, 0.58569501, 0.78893741,
       0.29970326, 0.36712329, 0.50146199, 0.39218524, 0.66574586]), array([0.95386905, 0.85852982, 0.65945166, 0.5754858 , 0.78659371,
       0.30517711, 0.35057471, 0.45606695, 0.36775106, 0.69848485]), array([0.94159544, 0.87928669, 0.68436578, 0.59305994, 0.80819912,
       0.33194444, 0.35131397, 0.46817539, 0.41289438, 0.64460432]), array([0.93993994, 0.87835926, 0.68091168, 0.5988935 , 0.79022989,
       0.32957746, 0.36773256, 0.47902571, 0.40949555, 0.65611511])]

estim_algorithm = ts-model, mode = classification, metric = sensitivity, confidence_scores = doctor-conf, class_specific = False
test err: [0.1914090010234392, 0.18321697741671591, 0.19210740903731333, 0.1964333628540243, 0.18933795200120512]
estimated metric: [array([0.63694517, 0.77074802, 0.58833556, 0.41497404, 0.50992558,
       0.58618079, 0.59247996, 0.61139421, 0.68078895, 0.66675677]), array([0.64663275, 0.77681981, 0.59881922, 0.43718976, 0.50970922,
       0.53609575, 0.56745882, 0.63478591, 0.68558207, 0.68502716]), array([0.64020738, 0.7689829 , 0.55190624, 0.39829116, 0.52702781,
       0.54837492, 0.57157516, 0.61380766, 0.70223814, 0.68135135]), array([0.64863444, 0.76215769, 0.56823264, 0.39870178, 0.51227191,
       0.55459242, 0.60345325, 0.61546036, 0.71268577, 0.67056581]), array([0.63738931, 0.75734339, 0.57657735, 0.41870558, 0.5302746 ,
       0.56655702, 0.58880002, 0.62923966, 0.71055889, 0.67212629])]
real metric: [array([0.93641618, 0.86438356, 0.67146974, 0.5728022 , 0.78093883,
       0.32271468, 0.33241758, 0.4380531 , 0.39755352, 0.63785395]), array([0.95959596, 0.86581921, 0.71856287, 0.58569501, 0.78893741,
       0.29970326, 0.36712329, 0.50146199, 0.39218524, 0.66574586]), array([0.95386905, 0.85852982, 0.65945166, 0.5754858 , 0.78659371,
       0.30517711, 0.35057471, 0.45606695, 0.36775106, 0.69848485]), array([0.94159544, 0.87928669, 0.68436578, 0.59305994, 0.80819912,
       0.33194444, 0.35131397, 0.46817539, 0.41289438, 0.64460432]), array([0.93993994, 0.87835926, 0.68091168, 0.5988935 , 0.79022989,
       0.32957746, 0.36773256, 0.47902571, 0.40949555, 0.65611511])]

estim_algorithm = ts-model, mode = classification, metric = sensitivity, confidence_scores = doctor-conf, class_specific = True
test err: [0.11519245462061249, 0.10082305044329173, 0.10560484888250025, 0.1029332867523284, 0.09945880433736572]
estimated metric: [array([0.94945723, 0.95789886, 0.78866213, 0.68137856, 0.68854303,
       0.49515168, 0.56052599, 0.49124282, 0.35113611, 0.41080284]), array([0.95346213, 0.96004576, 0.79708428, 0.70104835, 0.68557177,
       0.44451408, 0.53700566, 0.50899467, 0.35366335, 0.41586388]), array([0.95163685, 0.95468231, 0.767032  , 0.67173834, 0.69884482,
       0.46235255, 0.54015426, 0.48391716, 0.36082924, 0.41392983]), array([0.9531791 , 0.95049374, 0.77283125, 0.66727057, 0.68780033,
       0.46650814, 0.57293796, 0.49206112, 0.36806145, 0.40604339]), array([0.95138172, 0.95270204, 0.78238521, 0.68240568, 0.70100172,
       0.47157287, 0.55715732, 0.49877701, 0.37469192, 0.4075006 ])]
real metric: [array([0.93641618, 0.86438356, 0.67146974, 0.5728022 , 0.78093883,
       0.32271468, 0.33241758, 0.4380531 , 0.39755352, 0.63785395]), array([0.95959596, 0.86581921, 0.71856287, 0.58569501, 0.78893741,
       0.29970326, 0.36712329, 0.50146199, 0.39218524, 0.66574586]), array([0.95386905, 0.85852982, 0.65945166, 0.5754858 , 0.78659371,
       0.30517711, 0.35057471, 0.45606695, 0.36775106, 0.69848485]), array([0.94159544, 0.87928669, 0.68436578, 0.59305994, 0.80819912,
       0.33194444, 0.35131397, 0.46817539, 0.41289438, 0.64460432]), array([0.93993994, 0.87835926, 0.68091168, 0.5988935 , 0.79022989,
       0.32957746, 0.36773256, 0.47902571, 0.40949555, 0.65611511])]

estim_algorithm = doc-model, mode = classification, metric = sensitivity, confidence_scores = max_class_probability-conf, class_specific = False
test err: [0.17766565425136482, 0.17177566945696268, 0.1758129243741115, 0.1770170844846406, 0.1711576016785456]
estimated metric: [array([0.70690284, 0.7516288 , 0.67489907, 0.60974953, 0.66225084,
       0.64493492, 0.69231241, 0.68972852, 0.67934506, 0.6975957 ]), array([0.71415994, 0.7580788 , 0.68038463, 0.62305038, 0.65626101,
       0.62179531, 0.66367617, 0.70802183, 0.68740753, 0.70168904]), array([0.71237709, 0.74369103, 0.65365505, 0.60597979, 0.66204308,
       0.63742426, 0.67761317, 0.70328658, 0.69076272, 0.70992522]), array([0.71486475, 0.74029104, 0.66147715, 0.60176272, 0.65894778,
       0.64066443, 0.69360789, 0.69812574, 0.70629306, 0.69384312]), array([0.70983974, 0.74459434, 0.67378622, 0.60784738, 0.66516738,
       0.65138094, 0.68773353, 0.70297894, 0.70603526, 0.70038675])]
real metric: [array([0.93641618, 0.86438356, 0.67146974, 0.5728022 , 0.78093883,
       0.32271468, 0.33241758, 0.4380531 , 0.39755352, 0.63785395]), array([0.95959596, 0.86581921, 0.71856287, 0.58569501, 0.78893741,
       0.29970326, 0.36712329, 0.50146199, 0.39218524, 0.66574586]), array([0.95386905, 0.85852982, 0.65945166, 0.5754858 , 0.78659371,
       0.30517711, 0.35057471, 0.45606695, 0.36775106, 0.69848485]), array([0.94159544, 0.87928669, 0.68436578, 0.59305994, 0.80819912,
       0.33194444, 0.35131397, 0.46817539, 0.41289438, 0.64460432]), array([0.93993994, 0.87835926, 0.68091168, 0.5988935 , 0.79022989,
       0.32957746, 0.36773256, 0.47902571, 0.40949555, 0.65611511])]

estim_algorithm = doc-model, mode = classification, metric = sensitivity, confidence_scores = max_class_probability-conf, class_specific = True
test err: [0.13211158267013154, 0.11943322507663053, 0.13209133695857228, 0.12222811727248876, 0.1203554323871118]
estimated metric: [array([0.94881542, 0.95650446, 0.80524003, 0.73487198, 0.76476473,
       0.57666052, 0.66513269, 0.56788836, 0.37520636, 0.4721158 ]), array([0.95350632, 0.96150673, 0.81072559, 0.74817283, 0.75877489,
       0.55352091, 0.63649645, 0.58626728, 0.38263962, 0.47553554]), array([0.95249332, 0.95199434, 0.78399601, 0.73110224, 0.76455697,
       0.56914986, 0.65043346, 0.58140157, 0.3877466 , 0.48377091]), array([0.95400276, 0.94895363, 0.7918181 , 0.72688517, 0.76146167,
       0.57239003, 0.66642817, 0.57624073, 0.40012452, 0.4688074 ]), array([0.95228872, 0.95283631, 0.80412718, 0.73296983, 0.76768127,
       0.58310654, 0.66055382, 0.58126613, 0.40174727, 0.47556608])]
real metric: [array([0.93641618, 0.86438356, 0.67146974, 0.5728022 , 0.78093883,
       0.32271468, 0.33241758, 0.4380531 , 0.39755352, 0.63785395]), array([0.95959596, 0.86581921, 0.71856287, 0.58569501, 0.78893741,
       0.29970326, 0.36712329, 0.50146199, 0.39218524, 0.66574586]), array([0.95386905, 0.85852982, 0.65945166, 0.5754858 , 0.78659371,
       0.30517711, 0.35057471, 0.45606695, 0.36775106, 0.69848485]), array([0.94159544, 0.87928669, 0.68436578, 0.59305994, 0.80819912,
       0.33194444, 0.35131397, 0.46817539, 0.41289438, 0.64460432]), array([0.93993994, 0.87835926, 0.68091168, 0.5988935 , 0.79022989,
       0.32957746, 0.36773256, 0.47902571, 0.40949555, 0.65611511])]

estim_algorithm = doc-model, mode = classification, metric = sensitivity, confidence_scores = energy-conf, class_specific = False
test err: [0.18221479315524478, 0.17800944085819964, 0.17736520129682323, 0.1818147868373626, 0.17553367586322058]
estimated metric: [array([0.66887644, 0.76671608, 0.65594382, 0.58323186, 0.61949258,
       0.64926313, 0.64616556, 0.67964826, 0.70681046, 0.71624429]), array([0.67140347, 0.767024  , 0.66135653, 0.59010421, 0.62048047,
       0.63254134, 0.63971057, 0.69098137, 0.70682419, 0.7191964 ]), array([0.66684985, 0.76484348, 0.63679637, 0.57673164, 0.62507828,
       0.63777611, 0.64010014, 0.6751623 , 0.71305416, 0.71949188]), array([0.6722736 , 0.7618388 , 0.64676156, 0.57615691, 0.62106356,
       0.63906313, 0.65131695, 0.67753   , 0.71804838, 0.71270936]), array([0.66669632, 0.7602777 , 0.65025644, 0.58358125, 0.62849211,
       0.63901403, 0.64698923, 0.67753812, 0.72068887, 0.71402245])]
real metric: [array([0.93641618, 0.86438356, 0.67146974, 0.5728022 , 0.78093883,
       0.32271468, 0.33241758, 0.4380531 , 0.39755352, 0.63785395]), array([0.95959596, 0.86581921, 0.71856287, 0.58569501, 0.78893741,
       0.29970326, 0.36712329, 0.50146199, 0.39218524, 0.66574586]), array([0.95386905, 0.85852982, 0.65945166, 0.5754858 , 0.78659371,
       0.30517711, 0.35057471, 0.45606695, 0.36775106, 0.69848485]), array([0.94159544, 0.87928669, 0.68436578, 0.59305994, 0.80819912,
       0.33194444, 0.35131397, 0.46817539, 0.41289438, 0.64460432]), array([0.93993994, 0.87835926, 0.68091168, 0.5988935 , 0.79022989,
       0.32957746, 0.36773256, 0.47902571, 0.40949555, 0.65611511])]

estim_algorithm = doc-model, mode = classification, metric = sensitivity, confidence_scores = energy-conf, class_specific = True
test err: [0.1282183631855319, 0.11866338311018261, 0.1309885004840947, 0.1192716570844778, 0.11463931585191019]
estimated metric: [array([0.93976331, 0.96066831, 0.81168284, 0.73428682, 0.73378413,
       0.54991378, 0.63155912, 0.55209243, 0.38476087, 0.45732723]), array([0.94202551, 0.96137955, 0.8158227 , 0.74104796, 0.73555375,
       0.53295248, 0.62501702, 0.56355769, 0.38424903, 0.45941411]), array([0.9398567 , 0.96138456, 0.795749  , 0.72764312, 0.73996124,
       0.53823113, 0.62551318, 0.54630079, 0.38989455, 0.46092388]), array([0.9428585 , 0.95877581, 0.80397672, 0.72708984, 0.73511344,
       0.53939402, 0.6367885 , 0.5514116 , 0.39507673, 0.45334442]), array([0.93968196, 0.95769396, 0.80696212, 0.73477257, 0.742585  ,
       0.53935109, 0.63229568, 0.54995008, 0.39780125, 0.45584442])]
real metric: [array([0.93641618, 0.86438356, 0.67146974, 0.5728022 , 0.78093883,
       0.32271468, 0.33241758, 0.4380531 , 0.39755352, 0.63785395]), array([0.95959596, 0.86581921, 0.71856287, 0.58569501, 0.78893741,
       0.29970326, 0.36712329, 0.50146199, 0.39218524, 0.66574586]), array([0.95386905, 0.85852982, 0.65945166, 0.5754858 , 0.78659371,
       0.30517711, 0.35057471, 0.45606695, 0.36775106, 0.69848485]), array([0.94159544, 0.87928669, 0.68436578, 0.59305994, 0.80819912,
       0.33194444, 0.35131397, 0.46817539, 0.41289438, 0.64460432]), array([0.93993994, 0.87835926, 0.68091168, 0.5988935 , 0.79022989,
       0.32957746, 0.36773256, 0.47902571, 0.40949555, 0.65611511])]

estim_algorithm = doc-model, mode = classification, metric = sensitivity, confidence_scores = entropy-conf, class_specific = False
test err: [0.17572865756183234, 0.17051597697341953, 0.17199611966383682, 0.1780474332611961, 0.1728814965122674]
estimated metric: [array([0.70036444, 0.75461913, 0.66667639, 0.5832549 , 0.64018622,
       0.64487833, 0.68243853, 0.68017368, 0.68365191, 0.69292211]), array([0.7076044 , 0.75931554, 0.67169575, 0.59949727, 0.63503108,
       0.61507109, 0.65440368, 0.69740463, 0.69187171, 0.69955734]), array([0.70495242, 0.74806688, 0.64538511, 0.57619442, 0.64265263,
       0.62778251, 0.66434397, 0.688299  , 0.69553497, 0.7039596 ]), array([0.70717409, 0.74405245, 0.65170089, 0.5730677 , 0.63810961,
       0.63100104, 0.6798668 , 0.68729243, 0.70922951, 0.68961482]), array([0.70254388, 0.74462251, 0.66257302, 0.58133418, 0.64547314,
       0.64614983, 0.67543495, 0.69360388, 0.70798897, 0.69579619])]
real metric: [array([0.93641618, 0.86438356, 0.67146974, 0.5728022 , 0.78093883,
       0.32271468, 0.33241758, 0.4380531 , 0.39755352, 0.63785395]), array([0.95959596, 0.86581921, 0.71856287, 0.58569501, 0.78893741,
       0.29970326, 0.36712329, 0.50146199, 0.39218524, 0.66574586]), array([0.95386905, 0.85852982, 0.65945166, 0.5754858 , 0.78659371,
       0.30517711, 0.35057471, 0.45606695, 0.36775106, 0.69848485]), array([0.94159544, 0.87928669, 0.68436578, 0.59305994, 0.80819912,
       0.33194444, 0.35131397, 0.46817539, 0.41289438, 0.64460432]), array([0.93993994, 0.87835926, 0.68091168, 0.5988935 , 0.79022989,
       0.32957746, 0.36773256, 0.47902571, 0.40949555, 0.65611511])]

estim_algorithm = doc-model, mode = classification, metric = sensitivity, confidence_scores = entropy-conf, class_specific = True
test err: [0.13046139453166603, 0.11819075163263629, 0.12963646608522145, 0.11861378074862858, 0.11731799800391482]
estimated metric: [array([0.94139129, 0.95542665, 0.80157238, 0.719056  , 0.74189358,
       0.57345947, 0.65676009, 0.56335307, 0.37415117, 0.4684495 ]), array([0.94693582, 0.95864529, 0.80659174, 0.73532996, 0.73673844,
       0.54365223, 0.62872524, 0.58099516, 0.38257883, 0.47387785]), array([0.94470622, 0.95185513, 0.7802811 , 0.71198073, 0.74435999,
       0.55636366, 0.63866553, 0.57147838, 0.38713824, 0.47824238]), array([0.94544317, 0.94795702, 0.78659688, 0.70889401, 0.73981698,
       0.559767  , 0.65418836, 0.57047181, 0.39752255, 0.46579706]), array([0.94448857, 0.94845146, 0.79746901, 0.71716687, 0.7471805 ,
       0.57473097, 0.64975651, 0.57719949, 0.39802727, 0.47227555])]
real metric: [array([0.93641618, 0.86438356, 0.67146974, 0.5728022 , 0.78093883,
       0.32271468, 0.33241758, 0.4380531 , 0.39755352, 0.63785395]), array([0.95959596, 0.86581921, 0.71856287, 0.58569501, 0.78893741,
       0.29970326, 0.36712329, 0.50146199, 0.39218524, 0.66574586]), array([0.95386905, 0.85852982, 0.65945166, 0.5754858 , 0.78659371,
       0.30517711, 0.35057471, 0.45606695, 0.36775106, 0.69848485]), array([0.94159544, 0.87928669, 0.68436578, 0.59305994, 0.80819912,
       0.33194444, 0.35131397, 0.46817539, 0.41289438, 0.64460432]), array([0.93993994, 0.87835926, 0.68091168, 0.5988935 , 0.79022989,
       0.32957746, 0.36773256, 0.47902571, 0.40949555, 0.65611511])]

estim_algorithm = doc-model, mode = classification, metric = sensitivity, confidence_scores = doctor-conf, class_specific = False
test err: [0.1942069668697038, 0.18376690625916936, 0.19095669731131967, 0.18789694644386962, 0.1840640494814299]
estimated metric: [array([0.71788214, 0.74233984, 0.69970963, 0.65856626, 0.69058416,
       0.69086198, 0.71242832, 0.70295768, 0.70747332, 0.71200481]), array([0.72294632, 0.74448142, 0.70457581, 0.66705894, 0.68798975,
       0.6710523 , 0.69346451, 0.71537264, 0.71111895, 0.7185942 ]), array([0.72060067, 0.73908756, 0.68892573, 0.65657515, 0.69135735,
       0.6775    , 0.70246911, 0.71471566, 0.71138691, 0.72303955]), array([0.72230694, 0.7349547 , 0.69086316, 0.65265928, 0.688914  ,
       0.68204813, 0.71145613, 0.71089059, 0.72420375, 0.71030103]), array([0.72027519, 0.73719187, 0.69751254, 0.65852013, 0.69214919,
       0.69370803, 0.70902237, 0.71285405, 0.72038036, 0.71148175])]
real metric: [array([0.93641618, 0.86438356, 0.67146974, 0.5728022 , 0.78093883,
       0.32271468, 0.33241758, 0.4380531 , 0.39755352, 0.63785395]), array([0.95959596, 0.86581921, 0.71856287, 0.58569501, 0.78893741,
       0.29970326, 0.36712329, 0.50146199, 0.39218524, 0.66574586]), array([0.95386905, 0.85852982, 0.65945166, 0.5754858 , 0.78659371,
       0.30517711, 0.35057471, 0.45606695, 0.36775106, 0.69848485]), array([0.94159544, 0.87928669, 0.68436578, 0.59305994, 0.80819912,
       0.33194444, 0.35131397, 0.46817539, 0.41289438, 0.64460432]), array([0.93993994, 0.87835926, 0.68091168, 0.5988935 , 0.79022989,
       0.32957746, 0.36773256, 0.47902571, 0.40949555, 0.65611511])]

estim_algorithm = doc-model, mode = classification, metric = sensitivity, confidence_scores = doctor-conf, class_specific = True
test err: [0.14026732744833353, 0.12749939972721305, 0.14473880055002206, 0.1278051810952118, 0.12828827391712286]
estimated metric: [array([0.94625251, 0.95772822, 0.83284838, 0.76042238, 0.79611871,
       0.59906292, 0.68715309, 0.58816371, 0.39763384, 0.48381504]), array([0.95112534, 0.95986709, 0.83771456, 0.76912702, 0.7935243 ,
       0.57925323, 0.66818928, 0.60092079, 0.40140718, 0.48973766]), array([0.94871925, 0.95448897, 0.82206448, 0.75853793, 0.79684085,
       0.58570093, 0.67719388, 0.5999217 , 0.40261686, 0.49398143]), array([0.95014222, 0.95024947, 0.82400191, 0.75461289, 0.79444412,
       0.59057345, 0.6861809 , 0.59609663, 0.41305188, 0.48258081]), array([0.94871566, 0.95240438, 0.83065129, 0.76051287, 0.79767011,
       0.60190897, 0.68384216, 0.5983708 , 0.41092513, 0.48406818])]
real metric: [array([0.93641618, 0.86438356, 0.67146974, 0.5728022 , 0.78093883,
       0.32271468, 0.33241758, 0.4380531 , 0.39755352, 0.63785395]), array([0.95959596, 0.86581921, 0.71856287, 0.58569501, 0.78893741,
       0.29970326, 0.36712329, 0.50146199, 0.39218524, 0.66574586]), array([0.95386905, 0.85852982, 0.65945166, 0.5754858 , 0.78659371,
       0.30517711, 0.35057471, 0.45606695, 0.36775106, 0.69848485]), array([0.94159544, 0.87928669, 0.68436578, 0.59305994, 0.80819912,
       0.33194444, 0.35131397, 0.46817539, 0.41289438, 0.64460432]), array([0.93993994, 0.87835926, 0.68091168, 0.5988935 , 0.79022989,
       0.32957746, 0.36773256, 0.47902571, 0.40949555, 0.65611511])]

estim_algorithm = atc-model, mode = classification, metric = sensitivity, confidence_scores = max_class_probability-conf, class_specific = False
test err: [0.1699183922565482, 0.1632941462169129, 0.1839495989828112, 0.18133589190429583, 0.176764361871385]
estimated metric: [array([0.67272727, 0.7953715 , 0.58861579, 0.43521595, 0.55911112,
       0.51228072, 0.64202336, 0.66060607, 0.58169936, 0.65619835]), array([0.69      , 0.80530974, 0.57387863, 0.46969698, 0.54666667,
       0.47081714, 0.57291668, 0.6891892 , 0.60983608, 0.64814815]), array([0.68471338, 0.76513317, 0.53351207, 0.42953777, 0.552056  ,
       0.52014654, 0.60000002, 0.6612022 , 0.64163824, 0.67138365]), array([0.69216418, 0.75498242, 0.56568365, 0.42424243, 0.55526545,
       0.48763253, 0.64044945, 0.67323945, 0.65765767, 0.64006515]), array([0.67357513, 0.76328503, 0.59412551, 0.42009133, 0.56732496,
       0.52430557, 0.62030077, 0.67015708, 0.66031747, 0.66457681])]
real metric: [array([0.93641618, 0.86438356, 0.67146974, 0.5728022 , 0.78093883,
       0.32271468, 0.33241758, 0.4380531 , 0.39755352, 0.63785395]), array([0.95959596, 0.86581921, 0.71856287, 0.58569501, 0.78893741,
       0.29970326, 0.36712329, 0.50146199, 0.39218524, 0.66574586]), array([0.95386905, 0.85852982, 0.65945166, 0.5754858 , 0.78659371,
       0.30517711, 0.35057471, 0.45606695, 0.36775106, 0.69848485]), array([0.94159544, 0.87928669, 0.68436578, 0.59305994, 0.80819912,
       0.33194444, 0.35131397, 0.46817539, 0.41289438, 0.64460432]), array([0.93993994, 0.87835926, 0.68091168, 0.5988935 , 0.79022989,
       0.32957746, 0.36773256, 0.47902571, 0.40949555, 0.65611511])]

estim_algorithm = atc-model, mode = classification, metric = sensitivity, confidence_scores = max_class_probability-conf, class_specific = True
test err: [0.1187438198833329, 0.10055991442504157, 0.1169292776459705, 0.10346643519753354, 0.10181647558162987]
estimated metric: [array([0.93166144, 0.94397077, 0.75291074, 0.68217055, 0.71111111,
       0.51578949, 0.64202336, 0.53030304, 0.33333336, 0.45454546]), array([0.9325    , 0.94310999, 0.77308707, 0.6958042 , 0.71288889,
       0.47081714, 0.55208335, 0.55405407, 0.35081969, 0.45524692]), array([0.93821656, 0.93341404, 0.72386059, 0.68996618, 0.69903762,
       0.52014654, 0.57307694, 0.51366122, 0.30716726, 0.44182391]), array([0.94465174, 0.92262603, 0.72520108, 0.65909091, 0.69103569,
       0.49469966, 0.61423222, 0.52394368, 0.33333335, 0.44136809]), array([0.94106218, 0.93719807, 0.7623498 , 0.67237443, 0.72441652,
       0.52777779, 0.59022558, 0.54973823, 0.35873018, 0.46081506])]
real metric: [array([0.93641618, 0.86438356, 0.67146974, 0.5728022 , 0.78093883,
       0.32271468, 0.33241758, 0.4380531 , 0.39755352, 0.63785395]), array([0.95959596, 0.86581921, 0.71856287, 0.58569501, 0.78893741,
       0.29970326, 0.36712329, 0.50146199, 0.39218524, 0.66574586]), array([0.95386905, 0.85852982, 0.65945166, 0.5754858 , 0.78659371,
       0.30517711, 0.35057471, 0.45606695, 0.36775106, 0.69848485]), array([0.94159544, 0.87928669, 0.68436578, 0.59305994, 0.80819912,
       0.33194444, 0.35131397, 0.46817539, 0.41289438, 0.64460432]), array([0.93993994, 0.87835926, 0.68091168, 0.5988935 , 0.79022989,
       0.32957746, 0.36773256, 0.47902571, 0.40949555, 0.65611511])]

estim_algorithm = atc-model, mode = classification, metric = sensitivity, confidence_scores = energy-conf, class_specific = False
test err: [0.21786939608321215, 0.20701661413744105, 0.22133255034573085, 0.2308034857747138, 0.2110360931505574]
estimated metric: [array([0.57115988, 0.77222899, 0.48382924, 0.24584718, 0.38666667,
       0.50526318, 0.49416344, 0.55151517, 0.71568628, 0.67438017]), array([0.583125  , 0.77749684, 0.4934037 , 0.27505828, 0.36533334,
       0.40466928, 0.48958335, 0.5837838 , 0.69508198, 0.69907408]), array([0.55859873, 0.77118644, 0.40750671, 0.21984217, 0.40069992,
       0.44322346, 0.48846156, 0.54098362, 0.74061434, 0.69496856]), array([0.58706468, 0.75615475, 0.43833781, 0.21843435, 0.38207137,
       0.44169613, 0.54307118, 0.5661972 , 0.74774776, 0.69381108]), array([0.56606218, 0.75483092, 0.46595461, 0.23744293, 0.4102334 ,
       0.45138891, 0.46240604, 0.56806284, 0.72698414, 0.68965518])]
real metric: [array([0.93641618, 0.86438356, 0.67146974, 0.5728022 , 0.78093883,
       0.32271468, 0.33241758, 0.4380531 , 0.39755352, 0.63785395]), array([0.95959596, 0.86581921, 0.71856287, 0.58569501, 0.78893741,
       0.29970326, 0.36712329, 0.50146199, 0.39218524, 0.66574586]), array([0.95386905, 0.85852982, 0.65945166, 0.5754858 , 0.78659371,
       0.30517711, 0.35057471, 0.45606695, 0.36775106, 0.69848485]), array([0.94159544, 0.87928669, 0.68436578, 0.59305994, 0.80819912,
       0.33194444, 0.35131397, 0.46817539, 0.41289438, 0.64460432]), array([0.93993994, 0.87835926, 0.68091168, 0.5988935 , 0.79022989,
       0.32957746, 0.36773256, 0.47902571, 0.40949555, 0.65611511])]

estim_algorithm = atc-model, mode = classification, metric = sensitivity, confidence_scores = energy-conf, class_specific = True
test err: [0.09059178532832937, 0.08288288037884257, 0.09581298016397648, 0.0986904735430718, 0.07744510715318047]
estimated metric: [array([0.91598746, 0.94640682, 0.70633894, 0.48947952, 0.52355556,
       0.37192985, 0.44357979, 0.43636365, 0.34313728, 0.42644629]), array([0.9275    , 0.95069532, 0.70712401, 0.52564103, 0.53955556,
       0.32295722, 0.40972224, 0.44864866, 0.37049182, 0.41512347]), array([0.92675159, 0.9503632 , 0.6621984 , 0.46110485, 0.54505687,
       0.36996339, 0.43076925, 0.42076504, 0.37201367, 0.40251573]), array([0.92475124, 0.94138335, 0.67426274, 0.45707071, 0.54046998,
       0.36042405, 0.49438204, 0.44507044, 0.35735738, 0.40065148]), array([0.92487047, 0.94082126, 0.68090788, 0.50114156, 0.57899462,
       0.36111113, 0.42105265, 0.43717279, 0.40000002, 0.40438872])]
real metric: [array([0.93641618, 0.86438356, 0.67146974, 0.5728022 , 0.78093883,
       0.32271468, 0.33241758, 0.4380531 , 0.39755352, 0.63785395]), array([0.95959596, 0.86581921, 0.71856287, 0.58569501, 0.78893741,
       0.29970326, 0.36712329, 0.50146199, 0.39218524, 0.66574586]), array([0.95386905, 0.85852982, 0.65945166, 0.5754858 , 0.78659371,
       0.30517711, 0.35057471, 0.45606695, 0.36775106, 0.69848485]), array([0.94159544, 0.87928669, 0.68436578, 0.59305994, 0.80819912,
       0.33194444, 0.35131397, 0.46817539, 0.41289438, 0.64460432]), array([0.93993994, 0.87835926, 0.68091168, 0.5988935 , 0.79022989,
       0.32957746, 0.36773256, 0.47902571, 0.40949555, 0.65611511])]

estim_algorithm = atc-model, mode = classification, metric = sensitivity, confidence_scores = entropy-conf, class_specific = False
test err: [0.17689375501203636, 0.16752489547880786, 0.18368606974980123, 0.1870557772481046, 0.18476021862214476]
estimated metric: [array([0.67021944, 0.79171742, 0.57697284, 0.41085272, 0.53422223,
       0.51578949, 0.63813231, 0.64242425, 0.6013072 , 0.65785125]), array([0.683125  , 0.7977244 , 0.57124011, 0.44755245, 0.53066667,
       0.47081714, 0.55902779, 0.67837839, 0.62622952, 0.65277778]), array([0.68025478, 0.76513317, 0.52949062, 0.40698986, 0.53980753,
       0.50915753, 0.5846154 , 0.64480875, 0.64163824, 0.67452831]), array([0.6840796 , 0.75381008, 0.55227883, 0.39267678, 0.53959966,
       0.49469966, 0.63295882, 0.65915494, 0.66366367, 0.64495115]), array([0.66839378, 0.75483092, 0.58744994, 0.41095891, 0.5502693 ,
       0.53125002, 0.62406016, 0.67539268, 0.68253969, 0.65987461])]
real metric: [array([0.93641618, 0.86438356, 0.67146974, 0.5728022 , 0.78093883,
       0.32271468, 0.33241758, 0.4380531 , 0.39755352, 0.63785395]), array([0.95959596, 0.86581921, 0.71856287, 0.58569501, 0.78893741,
       0.29970326, 0.36712329, 0.50146199, 0.39218524, 0.66574586]), array([0.95386905, 0.85852982, 0.65945166, 0.5754858 , 0.78659371,
       0.30517711, 0.35057471, 0.45606695, 0.36775106, 0.69848485]), array([0.94159544, 0.87928669, 0.68436578, 0.59305994, 0.80819912,
       0.33194444, 0.35131397, 0.46817539, 0.41289438, 0.64460432]), array([0.93993994, 0.87835926, 0.68091168, 0.5988935 , 0.79022989,
       0.32957746, 0.36773256, 0.47902571, 0.40949555, 0.65611511])]

estim_algorithm = atc-model, mode = classification, metric = sensitivity, confidence_scores = entropy-conf, class_specific = True
test err: [0.10735093884904776, 0.09263515925584345, 0.10584361234060606, 0.09519283550238036, 0.09144943806859168]
estimated metric: [array([0.92664577, 0.93300853, 0.76843467, 0.61018827, 0.71644445,
       0.50877195, 0.61867706, 0.52424244, 0.34640525, 0.45123968]), array([0.93      , 0.94690266, 0.76912929, 0.65734266, 0.71466667,
       0.46303504, 0.53819446, 0.55405407, 0.37049182, 0.45524692]), array([0.93184713, 0.93704601, 0.7466488 , 0.60879369, 0.72615923,
       0.50549452, 0.56923079, 0.5191257 , 0.33105804, 0.44025158]), array([0.93159204, 0.93317702, 0.72922252, 0.59848485, 0.69973891,
       0.4911661 , 0.59176031, 0.52676058, 0.34834837, 0.43811076]), array([0.9365285 , 0.93236715, 0.7623498 , 0.62100457, 0.72082586,
       0.51736113, 0.57518799, 0.54712043, 0.37460319, 0.47021944])]
real metric: [array([0.93641618, 0.86438356, 0.67146974, 0.5728022 , 0.78093883,
       0.32271468, 0.33241758, 0.4380531 , 0.39755352, 0.63785395]), array([0.95959596, 0.86581921, 0.71856287, 0.58569501, 0.78893741,
       0.29970326, 0.36712329, 0.50146199, 0.39218524, 0.66574586]), array([0.95386905, 0.85852982, 0.65945166, 0.5754858 , 0.78659371,
       0.30517711, 0.35057471, 0.45606695, 0.36775106, 0.69848485]), array([0.94159544, 0.87928669, 0.68436578, 0.59305994, 0.80819912,
       0.33194444, 0.35131397, 0.46817539, 0.41289438, 0.64460432]), array([0.93993994, 0.87835926, 0.68091168, 0.5988935 , 0.79022989,
       0.32957746, 0.36773256, 0.47902571, 0.40949555, 0.65611511])]

estim_algorithm = atc-model, mode = classification, metric = sensitivity, confidence_scores = doctor-conf, class_specific = False
test err: [0.17099221717872376, 0.16420195605615237, 0.18368710996907162, 0.1818795247841012, 0.17804853358334533]
estimated metric: [array([0.67210032, 0.79415347, 0.58861579, 0.43189369, 0.55377778,
       0.51228072, 0.64202336, 0.65757577, 0.58496733, 0.65619835]), array([0.68875   , 0.80278129, 0.57255937, 0.46853147, 0.54311112,
       0.47470819, 0.56944446, 0.68648649, 0.60983608, 0.64660494]), array([0.68343949, 0.76392252, 0.53351207, 0.42615559, 0.55030622,
       0.51648353, 0.59615386, 0.65846995, 0.64163824, 0.67138365]), array([0.6909204 , 0.75615475, 0.56568365, 0.4179293 , 0.55265449,
       0.48763253, 0.63670413, 0.67042254, 0.66066067, 0.64006515]), array([0.67163213, 0.7620773 , 0.59012017, 0.41780823, 0.56552963,
       0.52430557, 0.62030077, 0.67015708, 0.66349207, 0.66300941])]
real metric: [array([0.93641618, 0.86438356, 0.67146974, 0.5728022 , 0.78093883,
       0.32271468, 0.33241758, 0.4380531 , 0.39755352, 0.63785395]), array([0.95959596, 0.86581921, 0.71856287, 0.58569501, 0.78893741,
       0.29970326, 0.36712329, 0.50146199, 0.39218524, 0.66574586]), array([0.95386905, 0.85852982, 0.65945166, 0.5754858 , 0.78659371,
       0.30517711, 0.35057471, 0.45606695, 0.36775106, 0.69848485]), array([0.94159544, 0.87928669, 0.68436578, 0.59305994, 0.80819912,
       0.33194444, 0.35131397, 0.46817539, 0.41289438, 0.64460432]), array([0.93993994, 0.87835926, 0.68091168, 0.5988935 , 0.79022989,
       0.32957746, 0.36773256, 0.47902571, 0.40949555, 0.65611511])]

estim_algorithm = atc-model, mode = classification, metric = sensitivity, confidence_scores = doctor-conf, class_specific = True
test err: [0.1196859931465593, 0.10361798107693458, 0.11792845944055899, 0.10577506128806084, 0.10203716261233504]
estimated metric: [array([0.91912226, 0.94762485, 0.76843467, 0.66998893, 0.70577778,
       0.50526318, 0.64202336, 0.53030304, 0.33660133, 0.45619836]), array([0.9275    , 0.95322377, 0.78496043, 0.6981352 , 0.70311111,
       0.46692609, 0.54861113, 0.55945947, 0.35737707, 0.45524692]), array([0.93184713, 0.94552058, 0.7386059 , 0.67981962, 0.69728784,
       0.51282053, 0.57307694, 0.51639346, 0.31740617, 0.44182391]), array([0.93221393, 0.94255569, 0.73056301, 0.65277778, 0.68581375,
       0.48763253, 0.61423222, 0.52957748, 0.33933936, 0.44136809]), array([0.93199482, 0.9468599 , 0.77036048, 0.65753425, 0.71454219,
       0.51736113, 0.59022558, 0.55235603, 0.36825399, 0.46081506])]
real metric: [array([0.93641618, 0.86438356, 0.67146974, 0.5728022 , 0.78093883,
       0.32271468, 0.33241758, 0.4380531 , 0.39755352, 0.63785395]), array([0.95959596, 0.86581921, 0.71856287, 0.58569501, 0.78893741,
       0.29970326, 0.36712329, 0.50146199, 0.39218524, 0.66574586]), array([0.95386905, 0.85852982, 0.65945166, 0.5754858 , 0.78659371,
       0.30517711, 0.35057471, 0.45606695, 0.36775106, 0.69848485]), array([0.94159544, 0.87928669, 0.68436578, 0.59305994, 0.80819912,
       0.33194444, 0.35131397, 0.46817539, 0.41289438, 0.64460432]), array([0.93993994, 0.87835926, 0.68091168, 0.5988935 , 0.79022989,
       0.32957746, 0.36773256, 0.47902571, 0.40949555, 0.65611511])]

estim_algorithm = ts-atc-model, mode = classification, metric = sensitivity, confidence_scores = max_class_probability-conf, class_specific = False
test err: [0.19298050586893298, 0.17618370214202445, 0.1974672848433731, 0.2010905206538506, 0.1950740074296499]
estimated metric: [array([0.63573668, 0.78440926, 0.56015525, 0.34883722, 0.48533334,
       0.51929826, 0.61478601, 0.60606062, 0.63398694, 0.67272728]), array([0.65375   , 0.80025285, 0.55277045, 0.3939394 , 0.46488889,
       0.42801559, 0.5451389 , 0.65945947, 0.63606559, 0.66512346]), array([0.65350319, 0.77360775, 0.50268097, 0.319053  , 0.49081365,
       0.4835165 , 0.55384617, 0.61475411, 0.6791809 , 0.66981133]), array([0.65547264, 0.75967175, 0.52412869, 0.32575758, 0.48389905,
       0.48763253, 0.60299627, 0.62535212, 0.69969971, 0.64657981]), array([0.63601037, 0.75603865, 0.53805074, 0.35045663, 0.50987433,
       0.51736113, 0.56766919, 0.63089006, 0.71428572, 0.66457681])]
real metric: [array([0.93641618, 0.86438356, 0.67146974, 0.5728022 , 0.78093883,
       0.32271468, 0.33241758, 0.4380531 , 0.39755352, 0.63785395]), array([0.95959596, 0.86581921, 0.71856287, 0.58569501, 0.78893741,
       0.29970326, 0.36712329, 0.50146199, 0.39218524, 0.66574586]), array([0.95386905, 0.85852982, 0.65945166, 0.5754858 , 0.78659371,
       0.30517711, 0.35057471, 0.45606695, 0.36775106, 0.69848485]), array([0.94159544, 0.87928669, 0.68436578, 0.59305994, 0.80819912,
       0.33194444, 0.35131397, 0.46817539, 0.41289438, 0.64460432]), array([0.93993994, 0.87835926, 0.68091168, 0.5988935 , 0.79022989,
       0.32957746, 0.36773256, 0.47902571, 0.40949555, 0.65611511])]

estim_algorithm = ts-atc-model, mode = classification, metric = sensitivity, confidence_scores = max_class_probability-conf, class_specific = True
test err: [0.11232089392754907, 0.08952039619533955, 0.09897982708215423, 0.09934956288059352, 0.09437033956259518]
estimated metric: [array([0.96175549, 0.95371498, 0.76584735, 0.66334441, 0.712     ,
       0.48070177, 0.59922181, 0.49696971, 0.35947715, 0.40495869]), array([0.96125   , 0.96460177, 0.77968338, 0.7004662 , 0.71377778,
       0.41634244, 0.51388891, 0.50270272, 0.38688527, 0.39197532]), array([0.96242038, 0.9503632 , 0.73726542, 0.67643743, 0.71478565,
       0.45421247, 0.50769233, 0.47814209, 0.35153586, 0.40408806]), array([0.97574627, 0.94372802, 0.72922252, 0.6489899 , 0.69277633,
       0.43816256, 0.57303372, 0.49577466, 0.34834837, 0.3859935 ]), array([0.96373057, 0.9589372 , 0.76902537, 0.66095891, 0.71903052,
       0.47222224, 0.5488722 , 0.51047122, 0.40952383, 0.39341694])]
real metric: [array([0.93641618, 0.86438356, 0.67146974, 0.5728022 , 0.78093883,
       0.32271468, 0.33241758, 0.4380531 , 0.39755352, 0.63785395]), array([0.95959596, 0.86581921, 0.71856287, 0.58569501, 0.78893741,
       0.29970326, 0.36712329, 0.50146199, 0.39218524, 0.66574586]), array([0.95386905, 0.85852982, 0.65945166, 0.5754858 , 0.78659371,
       0.30517711, 0.35057471, 0.45606695, 0.36775106, 0.69848485]), array([0.94159544, 0.87928669, 0.68436578, 0.59305994, 0.80819912,
       0.33194444, 0.35131397, 0.46817539, 0.41289438, 0.64460432]), array([0.93993994, 0.87835926, 0.68091168, 0.5988935 , 0.79022989,
       0.32957746, 0.36773256, 0.47902571, 0.40949555, 0.65611511])]

estim_algorithm = ts-atc-model, mode = classification, metric = sensitivity, confidence_scores = energy-conf, class_specific = False
test err: [0.23235078080566846, 0.22520015263245882, 0.23451524071547145, 0.2542993421107495, 0.22875132903083553]
estimated metric: [array([0.50971787, 0.75030451, 0.46054334, 0.24141751, 0.36888889,
       0.51929826, 0.47470819, 0.55151517, 0.72549021, 0.68595042]), array([0.519375  , 0.72566372, 0.47361478, 0.25641027, 0.35822223,
       0.43579769, 0.47916668, 0.57567569, 0.70163935, 0.70061729]), array([0.49490446, 0.73486683, 0.38739947, 0.20293124, 0.38495189,
       0.44322346, 0.46538464, 0.52732242, 0.75085325, 0.70754717]), array([0.50808458, 0.72684643, 0.40214478, 0.1919192 , 0.35770236,
       0.49469966, 0.505618  , 0.5774648 , 0.75075076, 0.70358307]), array([0.49352332, 0.73067633, 0.435247  , 0.23173517, 0.38958708,
       0.45833335, 0.49248122, 0.54973823, 0.72698414, 0.69435737])]
real metric: [array([0.93641618, 0.86438356, 0.67146974, 0.5728022 , 0.78093883,
       0.32271468, 0.33241758, 0.4380531 , 0.39755352, 0.63785395]), array([0.95959596, 0.86581921, 0.71856287, 0.58569501, 0.78893741,
       0.29970326, 0.36712329, 0.50146199, 0.39218524, 0.66574586]), array([0.95386905, 0.85852982, 0.65945166, 0.5754858 , 0.78659371,
       0.30517711, 0.35057471, 0.45606695, 0.36775106, 0.69848485]), array([0.94159544, 0.87928669, 0.68436578, 0.59305994, 0.80819912,
       0.33194444, 0.35131397, 0.46817539, 0.41289438, 0.64460432]), array([0.93993994, 0.87835926, 0.68091168, 0.5988935 , 0.79022989,
       0.32957746, 0.36773256, 0.47902571, 0.40949555, 0.65611511])]

estim_algorithm = ts-atc-model, mode = classification, metric = sensitivity, confidence_scores = energy-conf, class_specific = True
test err: [0.09395371945241557, 0.10778026104563784, 0.11281341658556213, 0.11399787013980896, 0.10387694508629908]
estimated metric: [array([0.91034483, 0.95127893, 0.6481242 , 0.43743079, 0.44888889,
       0.30877195, 0.34241248, 0.39696972, 0.34313728, 0.42148761]), array([0.909375  , 0.94563843, 0.66622692, 0.46037297, 0.45333334,
       0.24902727, 0.3402778 , 0.41891893, 0.36065576, 0.42283952]), array([0.90382166, 0.95520581, 0.5924933 , 0.40811726, 0.46106737,
       0.32234435, 0.35769233, 0.36612024, 0.38225258, 0.40566039]), array([0.91355721, 0.94724502, 0.6233244 , 0.39646465, 0.4464752 ,
       0.29328624, 0.38951313, 0.40000002, 0.37237239, 0.40553747]), array([0.90479275, 0.94202899, 0.61415221, 0.44634704, 0.48204668,
       0.28472225, 0.38345867, 0.39005237, 0.39047621, 0.41222571])]
real metric: [array([0.93641618, 0.86438356, 0.67146974, 0.5728022 , 0.78093883,
       0.32271468, 0.33241758, 0.4380531 , 0.39755352, 0.63785395]), array([0.95959596, 0.86581921, 0.71856287, 0.58569501, 0.78893741,
       0.29970326, 0.36712329, 0.50146199, 0.39218524, 0.66574586]), array([0.95386905, 0.85852982, 0.65945166, 0.5754858 , 0.78659371,
       0.30517711, 0.35057471, 0.45606695, 0.36775106, 0.69848485]), array([0.94159544, 0.87928669, 0.68436578, 0.59305994, 0.80819912,
       0.33194444, 0.35131397, 0.46817539, 0.41289438, 0.64460432]), array([0.93993994, 0.87835926, 0.68091168, 0.5988935 , 0.79022989,
       0.32957746, 0.36773256, 0.47902571, 0.40949555, 0.65611511])]

estim_algorithm = ts-atc-model, mode = classification, metric = sensitivity, confidence_scores = entropy-conf, class_specific = False
test err: [0.201061661099419, 0.18900308539332522, 0.20361734107544388, 0.21048383050174105, 0.20401071130191828]
estimated metric: [array([0.62445141, 0.78806334, 0.53816301, 0.31229237, 0.43466667,
       0.51228072, 0.57198445, 0.57575759, 0.67973857, 0.67107439]), array([0.639375  , 0.7977244 , 0.54353563, 0.34965036, 0.40088889,
       0.43579769, 0.49305557, 0.62162163, 0.6885246 , 0.68981482]), array([0.63566879, 0.78934625, 0.46514746, 0.27508456, 0.45756781,
       0.4761905 , 0.50000002, 0.58196722, 0.73037544, 0.68238994]), array([0.63557214, 0.76553341, 0.47855229, 0.2929293 , 0.43603134,
       0.47349825, 0.55805245, 0.58873241, 0.73273274, 0.66286646]), array([0.623057  , 0.76570049, 0.50734313, 0.28424658, 0.46409336,
       0.50000002, 0.52631581, 0.61256546, 0.71746033, 0.68181819])]
real metric: [array([0.93641618, 0.86438356, 0.67146974, 0.5728022 , 0.78093883,
       0.32271468, 0.33241758, 0.4380531 , 0.39755352, 0.63785395]), array([0.95959596, 0.86581921, 0.71856287, 0.58569501, 0.78893741,
       0.29970326, 0.36712329, 0.50146199, 0.39218524, 0.66574586]), array([0.95386905, 0.85852982, 0.65945166, 0.5754858 , 0.78659371,
       0.30517711, 0.35057471, 0.45606695, 0.36775106, 0.69848485]), array([0.94159544, 0.87928669, 0.68436578, 0.59305994, 0.80819912,
       0.33194444, 0.35131397, 0.46817539, 0.41289438, 0.64460432]), array([0.93993994, 0.87835926, 0.68091168, 0.5988935 , 0.79022989,
       0.32957746, 0.36773256, 0.47902571, 0.40949555, 0.65611511])]

estim_algorithm = ts-atc-model, mode = classification, metric = sensitivity, confidence_scores = entropy-conf, class_specific = True
test err: [0.09831951755575193, 0.08244608743347077, 0.09069479346232037, 0.084541716072961, 0.07951900517983537]
estimated metric: [array([0.95297806, 0.94518879, 0.76584735, 0.61018827, 0.66933334,
       0.44912283, 0.5525292 , 0.44848487, 0.33006538, 0.41983472]), array([0.955     , 0.9494311 , 0.76649077, 0.64801865, 0.672     ,
       0.39688718, 0.47916668, 0.47837839, 0.37377051, 0.40740742]), array([0.95477707, 0.93825666, 0.74798928, 0.59977453, 0.67716536,
       0.41758244, 0.48846156, 0.43442624, 0.33788398, 0.39622642]), array([0.96393035, 0.92497069, 0.73190349, 0.59343435, 0.64316798,
       0.39575974, 0.54307118, 0.46478875, 0.35135137, 0.40065148]), array([0.95854922, 0.94202899, 0.76902537, 0.60958905, 0.68761221,
       0.42361113, 0.49624062, 0.4685864 , 0.39682542, 0.39028214])]
real metric: [array([0.93641618, 0.86438356, 0.67146974, 0.5728022 , 0.78093883,
       0.32271468, 0.33241758, 0.4380531 , 0.39755352, 0.63785395]), array([0.95959596, 0.86581921, 0.71856287, 0.58569501, 0.78893741,
       0.29970326, 0.36712329, 0.50146199, 0.39218524, 0.66574586]), array([0.95386905, 0.85852982, 0.65945166, 0.5754858 , 0.78659371,
       0.30517711, 0.35057471, 0.45606695, 0.36775106, 0.69848485]), array([0.94159544, 0.87928669, 0.68436578, 0.59305994, 0.80819912,
       0.33194444, 0.35131397, 0.46817539, 0.41289438, 0.64460432]), array([0.93993994, 0.87835926, 0.68091168, 0.5988935 , 0.79022989,
       0.32957746, 0.36773256, 0.47902571, 0.40949555, 0.65611511])]

estim_algorithm = ts-atc-model, mode = classification, metric = sensitivity, confidence_scores = doctor-conf, class_specific = False
test err: [0.20785407401919348, 0.1928069388151647, 0.2088528967525262, 0.21706514900252155, 0.20414966249991218]
estimated metric: [array([0.60626959, 0.78075518, 0.51617077, 0.28571429, 0.40533334,
       0.49824563, 0.536965  , 0.56969698, 0.69607844, 0.67438017]), array([0.61875   , 0.79393173, 0.52638523, 0.31934733, 0.38222223,
       0.41245138, 0.47916668, 0.5918919 , 0.69836067, 0.69444445]), array([0.61401274, 0.78208233, 0.44235926, 0.24689967, 0.4304462 ,
       0.45421247, 0.48076925, 0.5737705 , 0.7235495 , 0.68081762]), array([0.62002488, 0.75381008, 0.46380698, 0.27146466, 0.40818103,
       0.45936398, 0.55430713, 0.571831  , 0.73873875, 0.66612378]), array([0.60297928, 0.7620773 , 0.48731643, 0.26255709, 0.43447038,
       0.47222224, 0.48872182, 0.58115184, 0.71746033, 0.68495298])]
real metric: [array([0.93641618, 0.86438356, 0.67146974, 0.5728022 , 0.78093883,
       0.32271468, 0.33241758, 0.4380531 , 0.39755352, 0.63785395]), array([0.95959596, 0.86581921, 0.71856287, 0.58569501, 0.78893741,
       0.29970326, 0.36712329, 0.50146199, 0.39218524, 0.66574586]), array([0.95386905, 0.85852982, 0.65945166, 0.5754858 , 0.78659371,
       0.30517711, 0.35057471, 0.45606695, 0.36775106, 0.69848485]), array([0.94159544, 0.87928669, 0.68436578, 0.59305994, 0.80819912,
       0.33194444, 0.35131397, 0.46817539, 0.41289438, 0.64460432]), array([0.93993994, 0.87835926, 0.68091168, 0.5988935 , 0.79022989,
       0.32957746, 0.36773256, 0.47902571, 0.40949555, 0.65611511])]

estim_algorithm = ts-atc-model, mode = classification, metric = sensitivity, confidence_scores = doctor-conf, class_specific = True
test err: [0.09616085679507487, 0.0781590135505355, 0.092777904676791, 0.08398236121938847, 0.0785265801306659]
estimated metric: [array([0.9153605 , 0.94884288, 0.75549806, 0.60132891, 0.64266667,
       0.44912283, 0.52529185, 0.44848487, 0.32679741, 0.43305786]), array([0.924375  , 0.95322377, 0.74934037, 0.61655012, 0.64533334,
       0.37743193, 0.45833335, 0.47837839, 0.36721314, 0.42901235]), array([0.92993631, 0.94673124, 0.72654156, 0.59977453, 0.64829397,
       0.40293042, 0.47307694, 0.4180328 , 0.33447101, 0.40408806]), array([0.93221393, 0.94138335, 0.72922252, 0.57449495, 0.62315057,
       0.37809189, 0.51685395, 0.46197185, 0.34834837, 0.40716613]), array([0.93329016, 0.9468599 , 0.7623498 , 0.59018265, 0.66606823,
       0.41666669, 0.47368423, 0.45026179, 0.3809524 , 0.41065832])]
real metric: [array([0.93641618, 0.86438356, 0.67146974, 0.5728022 , 0.78093883,
       0.32271468, 0.33241758, 0.4380531 , 0.39755352, 0.63785395]), array([0.95959596, 0.86581921, 0.71856287, 0.58569501, 0.78893741,
       0.29970326, 0.36712329, 0.50146199, 0.39218524, 0.66574586]), array([0.95386905, 0.85852982, 0.65945166, 0.5754858 , 0.78659371,
       0.30517711, 0.35057471, 0.45606695, 0.36775106, 0.69848485]), array([0.94159544, 0.87928669, 0.68436578, 0.59305994, 0.80819912,
       0.33194444, 0.35131397, 0.46817539, 0.41289438, 0.64460432]), array([0.93993994, 0.87835926, 0.68091168, 0.5988935 , 0.79022989,
       0.32957746, 0.36773256, 0.47902571, 0.40949555, 0.65611511])]

