estim_algorithm = ac-model, mode = classification, metric = precision, confidence_scores = max_class_probability-conf, class_specific = False
test err: [0.42606431504679704, 0.4470037963028172, 0.4179318017674369, 0.450108426860068, 0.4293134923099416]
estimated metric: [array([0.58240794, 0.79147993, 0.92064645, 0.62747991, 0.79290415,
       0.20357186, 0.93158651, 0.16638427, 0.51482275, 0.31862475]), array([0.56136611, 0.78741623, 0.92566017, 0.62277624, 0.77520296,
       0.23814697, 0.93330751, 0.16020031, 0.51845725, 0.30249183]), array([0.61342369, 0.79660049, 0.92668229, 0.62721896, 0.79722044,
       0.21961814, 0.92858761, 0.19156009, 0.5134265 , 0.32214315]), array([0.60855632, 0.79723865, 0.92284063, 0.6307505 , 0.79461337,
       0.21601528, 0.93157644, 0.17465018, 0.51991259, 0.28245368]), array([0.59457485, 0.79350161, 0.91985445, 0.62738221, 0.79416427,
       0.23420893, 0.93311508, 0.18972783, 0.52143351, 0.30497898])]
real metric: [array([0.58204334, 0.6521164 , 0.24658919, 0.46115288, 0.36309524,
       0.79032258, 0.2787472 , 1.        , 0.62948207, 0.98148148]), array([0.60416667, 0.65311653, 0.23609095, 0.41878173, 0.34776903,
       0.88888889, 0.29543459, 0.9787234 , 0.69565217, 0.99009901]), array([0.58404558, 0.66754271, 0.2585034 , 0.49095607, 0.35663507,
       0.73913043, 0.30065666, 0.96226415, 0.69327731, 1.        ]), array([0.55747126, 0.68455497, 0.24020101, 0.45112782, 0.33572282,
       0.89393939, 0.28164557, 0.97959184, 0.69672131, 0.98901099]), array([0.61094225, 0.66228647, 0.25179856, 0.46717172, 0.34767025,
       0.76470588, 0.27180168, 1.        , 0.69512195, 1.        ])]

estim_algorithm = ac-model, mode = classification, metric = precision, confidence_scores = energy-conf, class_specific = False
test err: [0.48936487431280007, 0.504657819814897, 0.4882892459171212, 0.5016895452263339, 0.49694231790953197]
estimated metric: [array([0.26752373, 0.21226354, 0.36584759, 0.09975467, 0.17260962,
       0.01748306, 0.44972567, 0.01072883, 0.04960852, 0.02631017]), array([0.26795825, 0.20534477, 0.37265967, 0.09009585, 0.16047038,
       0.02123206, 0.4555714 , 0.01103187, 0.04667089, 0.02452068]), array([0.26709724, 0.22639126, 0.38474774, 0.09512385, 0.17413738,
       0.02014128, 0.43910107, 0.0151758 , 0.05010068, 0.02748013]), array([0.26427552, 0.21923748, 0.3629577 , 0.09377015, 0.17413221,
       0.02083248, 0.44784177, 0.01363112, 0.05057863, 0.02374028]), array([0.26510724, 0.21578351, 0.35857636, 0.0945678 , 0.174895  ,
       0.02187106, 0.45168888, 0.0139424 , 0.05115873, 0.0278146 ])]
real metric: [array([0.58204334, 0.6521164 , 0.24658919, 0.46115288, 0.36309524,
       0.79032258, 0.2787472 , 1.        , 0.62948207, 0.98148148]), array([0.60416667, 0.65311653, 0.23609095, 0.41878173, 0.34776903,
       0.88888889, 0.29543459, 0.9787234 , 0.69565217, 0.99009901]), array([0.58404558, 0.66754271, 0.2585034 , 0.49095607, 0.35663507,
       0.73913043, 0.30065666, 0.96226415, 0.69327731, 1.        ]), array([0.55747126, 0.68455497, 0.24020101, 0.45112782, 0.33572282,
       0.89393939, 0.28164557, 0.97959184, 0.69672131, 0.98901099]), array([0.61094225, 0.66228647, 0.25179856, 0.46717172, 0.34767025,
       0.76470588, 0.27180168, 1.        , 0.69512195, 1.        ])]

estim_algorithm = ac-model, mode = classification, metric = precision, confidence_scores = entropy-conf, class_specific = False
test err: [0.43114894271959925, 0.4522816564870797, 0.41771380809075287, 0.4455204864170256, 0.4347791148092021]
estimated metric: [array([0.53787387, 0.76203583, 0.90614935, 0.58698164, 0.76099829,
       0.17825683, 0.91941678, 0.14117079, 0.46562207, 0.28279748]), array([0.51483606, 0.75837861, 0.91172316, 0.58037748, 0.74141159,
       0.20771391, 0.92153353, 0.13819728, 0.46986913, 0.26632873]), array([0.56880643, 0.76865988, 0.91294896, 0.58451082, 0.76520653,
       0.19221133, 0.91609184, 0.1636447 , 0.46534574, 0.28469533]), array([0.56292176, 0.76858848, 0.90809792, 0.5881461 , 0.76184727,
       0.18957878, 0.91923979, 0.15052984, 0.4716139 , 0.25045402]), array([0.54821408, 0.76446353, 0.90464562, 0.58527966, 0.76144811,
       0.20433996, 0.92101387, 0.16391845, 0.47203056, 0.27059799])]
real metric: [array([0.58204334, 0.6521164 , 0.24658919, 0.46115288, 0.36309524,
       0.79032258, 0.2787472 , 1.        , 0.62948207, 0.98148148]), array([0.60416667, 0.65311653, 0.23609095, 0.41878173, 0.34776903,
       0.88888889, 0.29543459, 0.9787234 , 0.69565217, 0.99009901]), array([0.58404558, 0.66754271, 0.2585034 , 0.49095607, 0.35663507,
       0.73913043, 0.30065666, 0.96226415, 0.69327731, 1.        ]), array([0.55747126, 0.68455497, 0.24020101, 0.45112782, 0.33572282,
       0.89393939, 0.28164557, 0.97959184, 0.69672131, 0.98901099]), array([0.61094225, 0.66228647, 0.25179856, 0.46717172, 0.34767025,
       0.76470588, 0.27180168, 1.        , 0.69512195, 1.        ])]

estim_algorithm = ac-model, mode = classification, metric = precision, confidence_scores = doctor-conf, class_specific = False
test err: [0.43452686528613105, 0.4345795522462398, 0.4106059675793108, 0.4445314929440084, 0.42031777506236195]
estimated metric: [array([0.74620773, 0.88273547, 0.96079889, 0.78577105, 0.89338116,
       0.35299792, 0.96570264, 0.29217748, 0.69193728, 0.49466789]), array([0.72645353, 0.88005629, 0.96375095, 0.78265722, 0.88217404,
       0.39386243, 0.96635819, 0.29013125, 0.69309222, 0.47657279]), array([0.76910172, 0.88587996, 0.96423291, 0.78440395, 0.89639889,
       0.37950718, 0.96404278, 0.32936436, 0.68808208, 0.49737931]), array([0.76627451, 0.88596584, 0.9623899 , 0.78839104, 0.89492579,
       0.37218281, 0.9657439 , 0.30731292, 0.6931973 , 0.45422309]), array([0.75439319, 0.88452305, 0.96078567, 0.7861066 , 0.89417151,
       0.38706363, 0.96647049, 0.334089  , 0.6932883 , 0.47698874])]
real metric: [array([0.58204334, 0.6521164 , 0.24658919, 0.46115288, 0.36309524,
       0.79032258, 0.2787472 , 1.        , 0.62948207, 0.98148148]), array([0.60416667, 0.65311653, 0.23609095, 0.41878173, 0.34776903,
       0.88888889, 0.29543459, 0.9787234 , 0.69565217, 0.99009901]), array([0.58404558, 0.66754271, 0.2585034 , 0.49095607, 0.35663507,
       0.73913043, 0.30065666, 0.96226415, 0.69327731, 1.        ]), array([0.55747126, 0.68455497, 0.24020101, 0.45112782, 0.33572282,
       0.89393939, 0.28164557, 0.97959184, 0.69672131, 0.98901099]), array([0.61094225, 0.66228647, 0.25179856, 0.46717172, 0.34767025,
       0.76470588, 0.27180168, 1.        , 0.69512195, 1.        ])]

estim_algorithm = ts-model, mode = classification, metric = precision, confidence_scores = max_class_probability-conf, class_specific = False
test err: [0.4581339147437089, 0.4739267256027908, 0.45405812427528625, 0.47347609303202115, 0.4660600737382605]
estimated metric: [array([0.31296238, 0.5851926 , 0.78748908, 0.35513829, 0.54889664,
       0.07972567, 0.821391  , 0.06059791, 0.25424451, 0.13674335]), array([0.29448038, 0.57946436, 0.79670305, 0.3452275 , 0.52227757,
       0.09534375, 0.82575276, 0.0582465 , 0.25669601, 0.12614145]), array([0.34167301, 0.59762109, 0.80014696, 0.35436826, 0.55194853,
       0.08635765, 0.81511792, 0.07258059, 0.25669853, 0.13875418]), array([0.33603324, 0.59437291, 0.78837337, 0.35451228, 0.54673945,
       0.086334  , 0.82045661, 0.06630895, 0.25960842, 0.1184869 ]), array([0.32260317, 0.58927842, 0.78294262, 0.35228961, 0.54777392,
       0.09396439, 0.8234373 , 0.07133369, 0.26000189, 0.1330397 ])]
real metric: [array([0.58204334, 0.6521164 , 0.24658919, 0.46115288, 0.36309524,
       0.79032258, 0.2787472 , 1.        , 0.62948207, 0.98148148]), array([0.60416667, 0.65311653, 0.23609095, 0.41878173, 0.34776903,
       0.88888889, 0.29543459, 0.9787234 , 0.69565217, 0.99009901]), array([0.58404558, 0.66754271, 0.2585034 , 0.49095607, 0.35663507,
       0.73913043, 0.30065666, 0.96226415, 0.69327731, 1.        ]), array([0.55747126, 0.68455497, 0.24020101, 0.45112782, 0.33572282,
       0.89393939, 0.28164557, 0.97959184, 0.69672131, 0.98901099]), array([0.61094225, 0.66228647, 0.25179856, 0.46717172, 0.34767025,
       0.76470588, 0.27180168, 1.        , 0.69512195, 1.        ])]

estim_algorithm = ts-model, mode = classification, metric = precision, confidence_scores = max_class_probability-conf, class_specific = True
test err: [0.45949024799238114, 0.4750565913174102, 0.46044969155687704, 0.48109500624209833, 0.46823984728514995]
estimated metric: [array([0.04383381, 0.65068388, 0.86450075, 0.29984562, 0.76836561,
       0.19668203, 0.89822907, 0.15654686, 0.49778908, 0.2989788 ]), array([0.04612189, 0.63166888, 0.87276138, 0.28715527, 0.74864111,
       0.2196165 , 0.8990293 , 0.15519531, 0.4972052 , 0.28303666]), array([0.04944423, 0.6538497 , 0.86912513, 0.28792815, 0.76527057,
       0.21044416, 0.89172271, 0.16993828, 0.47899086, 0.29244724]), array([0.04928437, 0.6525037 , 0.86090983, 0.29227432, 0.76460103,
       0.20389967, 0.89565955, 0.15977119, 0.48635746, 0.26097784]), array([0.04761882, 0.65455857, 0.86114926, 0.29671021, 0.76859395,
       0.21249894, 0.89964108, 0.18446507, 0.49397431, 0.28611767])]
real metric: [array([0.58204334, 0.6521164 , 0.24658919, 0.46115288, 0.36309524,
       0.79032258, 0.2787472 , 1.        , 0.62948207, 0.98148148]), array([0.60416667, 0.65311653, 0.23609095, 0.41878173, 0.34776903,
       0.88888889, 0.29543459, 0.9787234 , 0.69565217, 0.99009901]), array([0.58404558, 0.66754271, 0.2585034 , 0.49095607, 0.35663507,
       0.73913043, 0.30065666, 0.96226415, 0.69327731, 1.        ]), array([0.55747126, 0.68455497, 0.24020101, 0.45112782, 0.33572282,
       0.89393939, 0.28164557, 0.97959184, 0.69672131, 0.98901099]), array([0.61094225, 0.66228647, 0.25179856, 0.46717172, 0.34767025,
       0.76470588, 0.27180168, 1.        , 0.69512195, 1.        ])]

estim_algorithm = ts-model, mode = classification, metric = precision, confidence_scores = energy-conf, class_specific = False
test err: [0.43299146226710744, 0.45500727262561824, 0.4208096430564499, 0.44741312741454264, 0.4389666674076741]
estimated metric: [array([0.5052141 , 0.72101209, 0.89353521, 0.56457668, 0.74387228,
       0.1616352 , 0.90898526, 0.12583373, 0.44092104, 0.2500914 ]), array([0.47500071, 0.71497352, 0.89901374, 0.55978018, 0.72192346,
       0.18329112, 0.91106978, 0.12585671, 0.44139957, 0.23747717]), array([0.52779145, 0.72343152, 0.89895785, 0.55689522, 0.74529329,
       0.1779882 , 0.9034399 , 0.14144238, 0.42802634, 0.24909655]), array([0.52501055, 0.72327454, 0.89420811, 0.56364623, 0.74291178,
       0.17195422, 0.90767056, 0.13155903, 0.43307821, 0.21946053]), array([0.51013264, 0.72253564, 0.89130962, 0.56205523, 0.74314762,
       0.17565465, 0.9102973 , 0.14981334, 0.43529035, 0.23882915])]
real metric: [array([0.58204334, 0.6521164 , 0.24658919, 0.46115288, 0.36309524,
       0.79032258, 0.2787472 , 1.        , 0.62948207, 0.98148148]), array([0.60416667, 0.65311653, 0.23609095, 0.41878173, 0.34776903,
       0.88888889, 0.29543459, 0.9787234 , 0.69565217, 0.99009901]), array([0.58404558, 0.66754271, 0.2585034 , 0.49095607, 0.35663507,
       0.73913043, 0.30065666, 0.96226415, 0.69327731, 1.        ]), array([0.55747126, 0.68455497, 0.24020101, 0.45112782, 0.33572282,
       0.89393939, 0.28164557, 0.97959184, 0.69672131, 0.98901099]), array([0.61094225, 0.66228647, 0.25179856, 0.46717172, 0.34767025,
       0.76470588, 0.27180168, 1.        , 0.69512195, 1.        ])]

estim_algorithm = ts-model, mode = classification, metric = precision, confidence_scores = energy-conf, class_specific = True
test err: [0.41667660722415817, 0.4149674059356733, 0.39218913378946124, 0.42583499625249266, 0.4012978506367505]
estimated metric: [array([0.78067115, 0.94168923, 0.97786596, 0.8882481 , 0.94533082,
       0.56069115, 0.97872732, 0.49174595, 0.83784575, 0.68975289]), array([0.76085719, 0.94390998, 0.98027152, 0.89459822, 0.94344119,
       0.61182089, 0.98034089, 0.50711309, 0.84705613, 0.68856672]), array([0.7993587 , 0.93969317, 0.97781845, 0.87881523, 0.94355316,
       0.5774484 , 0.97686533, 0.51212087, 0.82498183, 0.67940305]), array([0.7949574 , 0.93972776, 0.9769489 , 0.88242889, 0.94288837,
       0.56556304, 0.97759406, 0.49148495, 0.82796662, 0.6422115 ]), array([0.7857036 , 0.9416684 , 0.97726901, 0.88631266, 0.94479805,
       0.58167583, 0.97881038, 0.53822532, 0.83417087, 0.67376632])]
real metric: [array([0.58204334, 0.6521164 , 0.24658919, 0.46115288, 0.36309524,
       0.79032258, 0.2787472 , 1.        , 0.62948207, 0.98148148]), array([0.60416667, 0.65311653, 0.23609095, 0.41878173, 0.34776903,
       0.88888889, 0.29543459, 0.9787234 , 0.69565217, 0.99009901]), array([0.58404558, 0.66754271, 0.2585034 , 0.49095607, 0.35663507,
       0.73913043, 0.30065666, 0.96226415, 0.69327731, 1.        ]), array([0.55747126, 0.68455497, 0.24020101, 0.45112782, 0.33572282,
       0.89393939, 0.28164557, 0.97959184, 0.69672131, 0.98901099]), array([0.61094225, 0.66228647, 0.25179856, 0.46717172, 0.34767025,
       0.76470588, 0.27180168, 1.        , 0.69512195, 1.        ])]

estim_algorithm = ts-model, mode = classification, metric = precision, confidence_scores = entropy-conf, class_specific = False
test err: [0.4615929553214121, 0.47761332503790965, 0.4575880749702521, 0.4764955337482958, 0.4693474609608736]
estimated metric: [array([0.29936225, 0.56815274, 0.77735403, 0.35004384, 0.53681003,
       0.07785211, 0.81426483, 0.05677866, 0.23750734, 0.13096954]), array([0.28167404, 0.56366782, 0.78631161, 0.33780416, 0.51035498,
       0.09227363, 0.81852658, 0.05568191, 0.2387446 , 0.1193476 ]), array([0.3268758 , 0.58344955, 0.79130382, 0.34647604, 0.53979928,
       0.0858699 , 0.80775751, 0.06878073, 0.24026147, 0.13268751]), array([0.32209326, 0.57900776, 0.77802399, 0.34716986, 0.53465618,
       0.0852835 , 0.81296927, 0.06367922, 0.2440069 , 0.1143018 ]), array([0.30861633, 0.57492133, 0.77310471, 0.34510293, 0.53579835,
       0.09192204, 0.81640404, 0.06847908, 0.24369838, 0.12805017])]
real metric: [array([0.58204334, 0.6521164 , 0.24658919, 0.46115288, 0.36309524,
       0.79032258, 0.2787472 , 1.        , 0.62948207, 0.98148148]), array([0.60416667, 0.65311653, 0.23609095, 0.41878173, 0.34776903,
       0.88888889, 0.29543459, 0.9787234 , 0.69565217, 0.99009901]), array([0.58404558, 0.66754271, 0.2585034 , 0.49095607, 0.35663507,
       0.73913043, 0.30065666, 0.96226415, 0.69327731, 1.        ]), array([0.55747126, 0.68455497, 0.24020101, 0.45112782, 0.33572282,
       0.89393939, 0.28164557, 0.97959184, 0.69672131, 0.98901099]), array([0.61094225, 0.66228647, 0.25179856, 0.46717172, 0.34767025,
       0.76470588, 0.27180168, 1.        , 0.69512195, 1.        ])]

estim_algorithm = ts-model, mode = classification, metric = precision, confidence_scores = entropy-conf, class_specific = True
test err: [0.47000497574496886, 0.4869736312154432, 0.47074119624951055, 0.4921846201294078, 0.4797028124140012]
estimated metric: [array([0.11165566, 0.51925509, 0.8352663 , 0.26794031, 0.75303775,
       0.18371356, 0.89026731, 0.14574463, 0.47674951, 0.28162998]), array([0.11157523, 0.49663584, 0.84378559, 0.24687994, 0.73257662,
       0.20561782, 0.89117905, 0.14454237, 0.4763122 , 0.26637536]), array([0.11286395, 0.53351046, 0.84133279, 0.25259835, 0.75020801,
       0.19713088, 0.88353965, 0.15867254, 0.45855536, 0.27575807]), array([0.11208849, 0.52480966, 0.82970642, 0.25322537, 0.74885938,
       0.19036643, 0.88739125, 0.14862006, 0.4650278 , 0.24482123]), array([0.11344659, 0.52545156, 0.83250167, 0.25753936, 0.75327588,
       0.19874519, 0.89177623, 0.17212918, 0.47294352, 0.26922804])]
real metric: [array([0.58204334, 0.6521164 , 0.24658919, 0.46115288, 0.36309524,
       0.79032258, 0.2787472 , 1.        , 0.62948207, 0.98148148]), array([0.60416667, 0.65311653, 0.23609095, 0.41878173, 0.34776903,
       0.88888889, 0.29543459, 0.9787234 , 0.69565217, 0.99009901]), array([0.58404558, 0.66754271, 0.2585034 , 0.49095607, 0.35663507,
       0.73913043, 0.30065666, 0.96226415, 0.69327731, 1.        ]), array([0.55747126, 0.68455497, 0.24020101, 0.45112782, 0.33572282,
       0.89393939, 0.28164557, 0.97959184, 0.69672131, 0.98901099]), array([0.61094225, 0.66228647, 0.25179856, 0.46717172, 0.34767025,
       0.76470588, 0.27180168, 1.        , 0.69512195, 1.        ])]

estim_algorithm = ts-model, mode = classification, metric = precision, confidence_scores = doctor-conf, class_specific = False
test err: [0.4573217873905948, 0.473037954902139, 0.45320265479542654, 0.47180113211813685, 0.46470950303384095]
estimated metric: [array([0.37142903, 0.53844357, 0.74685871, 0.32671962, 0.49640288,
       0.07143589, 0.7944893 , 0.04952756, 0.19880524, 0.11633924]), array([0.36470727, 0.53305381, 0.75646512, 0.30954874, 0.47185932,
       0.08557682, 0.79850604, 0.04901089, 0.20043232, 0.1042549 ]), array([0.39544932, 0.55896661, 0.76337842, 0.32106873, 0.49968806,
       0.07959876, 0.78841092, 0.06257054, 0.20480456, 0.11841348]), array([0.39039106, 0.5527392 , 0.74732346, 0.32010706, 0.49601851,
       0.08003227, 0.79339394, 0.05734638, 0.21013122, 0.1028256 ]), array([0.38136973, 0.54856566, 0.74311551, 0.31915058, 0.49964508,
       0.08784058, 0.79721927, 0.06009806, 0.20955846, 0.11525953])]
real metric: [array([0.58204334, 0.6521164 , 0.24658919, 0.46115288, 0.36309524,
       0.79032258, 0.2787472 , 1.        , 0.62948207, 0.98148148]), array([0.60416667, 0.65311653, 0.23609095, 0.41878173, 0.34776903,
       0.88888889, 0.29543459, 0.9787234 , 0.69565217, 0.99009901]), array([0.58404558, 0.66754271, 0.2585034 , 0.49095607, 0.35663507,
       0.73913043, 0.30065666, 0.96226415, 0.69327731, 1.        ]), array([0.55747126, 0.68455497, 0.24020101, 0.45112782, 0.33572282,
       0.89393939, 0.28164557, 0.97959184, 0.69672131, 0.98901099]), array([0.61094225, 0.66228647, 0.25179856, 0.46717172, 0.34767025,
       0.76470588, 0.27180168, 1.        , 0.69512195, 1.        ])]

estim_algorithm = ts-model, mode = classification, metric = precision, confidence_scores = doctor-conf, class_specific = True
test err: [0.45940250338714783, 0.47644493129494414, 0.4607774433275507, 0.48202143096215694, 0.46989179560168537]
estimated metric: [array([0.55329449, 0.26969486, 0.7516809 , 0.15510128, 0.7264378 ,
       0.1638792 , 0.87601456, 0.1293599 , 0.44242524, 0.2545204 ]), array([0.56830761, 0.23346046, 0.76047385, 0.13191901, 0.70445788,
       0.18382221, 0.87693539, 0.12817618, 0.4417803 , 0.24008586]), array([0.54156465, 0.27664725, 0.76202951, 0.1588457 , 0.72333418,
       0.17610177, 0.86849584, 0.14102538, 0.42437941, 0.24894205]), array([0.56408202, 0.26352031, 0.74105603, 0.14401884, 0.72149457,
       0.16962576, 0.87255221, 0.13168792, 0.43026537, 0.219758  ]), array([0.55550231, 0.26554685, 0.74798334, 0.14935338, 0.72643463,
       0.17745175, 0.87755325, 0.15314234, 0.43834422, 0.24267018])]
real metric: [array([0.58204334, 0.6521164 , 0.24658919, 0.46115288, 0.36309524,
       0.79032258, 0.2787472 , 1.        , 0.62948207, 0.98148148]), array([0.60416667, 0.65311653, 0.23609095, 0.41878173, 0.34776903,
       0.88888889, 0.29543459, 0.9787234 , 0.69565217, 0.99009901]), array([0.58404558, 0.66754271, 0.2585034 , 0.49095607, 0.35663507,
       0.73913043, 0.30065666, 0.96226415, 0.69327731, 1.        ]), array([0.55747126, 0.68455497, 0.24020101, 0.45112782, 0.33572282,
       0.89393939, 0.28164557, 0.97959184, 0.69672131, 0.98901099]), array([0.61094225, 0.66228647, 0.25179856, 0.46717172, 0.34767025,
       0.76470588, 0.27180168, 1.        , 0.69512195, 1.        ])]

estim_algorithm = doc-model, mode = classification, metric = precision, confidence_scores = max_class_probability-conf, class_specific = False
test err: [0.43758034046694394, 0.4542029540044603, 0.4336390711172909, 0.4536576120773045, 0.44530472127756376]
estimated metric: [array([0.39225195, 0.64838694, 0.84129477, 0.43282052, 0.63115933,
       0.10521362, 0.8648503 , 0.08481975, 0.32727678, 0.17889856]), array([0.37409267, 0.64267114, 0.8487213 , 0.42667688, 0.60777809,
       0.12718159, 0.86860778, 0.08026856, 0.33055508, 0.16755585]), array([0.42400718, 0.6543334 , 0.85015899, 0.43169901, 0.63515888,
       0.11289278, 0.85921618, 0.09924446, 0.32693751, 0.18045013]), array([0.41813864, 0.65693359, 0.8431009 , 0.43474876, 0.63199573,
       0.11188587, 0.86477495, 0.0890849 , 0.33358783, 0.15376408]), array([0.40589552, 0.65002461, 0.83827796, 0.43168586, 0.63266301,
       0.12547032, 0.86759615, 0.09669161, 0.33579705, 0.1688827 ])]
real metric: [array([0.58204334, 0.6521164 , 0.24658919, 0.46115288, 0.36309524,
       0.79032258, 0.2787472 , 1.        , 0.62948207, 0.98148148]), array([0.60416667, 0.65311653, 0.23609095, 0.41878173, 0.34776903,
       0.88888889, 0.29543459, 0.9787234 , 0.69565217, 0.99009901]), array([0.58404558, 0.66754271, 0.2585034 , 0.49095607, 0.35663507,
       0.73913043, 0.30065666, 0.96226415, 0.69327731, 1.        ]), array([0.55747126, 0.68455497, 0.24020101, 0.45112782, 0.33572282,
       0.89393939, 0.28164557, 0.97959184, 0.69672131, 0.98901099]), array([0.61094225, 0.66228647, 0.25179856, 0.46717172, 0.34767025,
       0.76470588, 0.27180168, 1.        , 0.69512195, 1.        ])]

estim_algorithm = doc-model, mode = classification, metric = precision, confidence_scores = max_class_probability-conf, class_specific = True
test err: [0.4522239481804429, 0.4631038001716104, 0.44901321328927046, 0.46898761117006477, 0.4589666729666286]
estimated metric: [array([0.17459293, 0.69625657, 0.88090637, 0.26772363, 0.78007435,
       0.20748381, 0.90419259, 0.1655988 , 0.51451731, 0.31320824]), array([0.18336628, 0.68081684, 0.88670313, 0.25688592, 0.76096605,
       0.23125494, 0.90492175, 0.16413785, 0.51386759, 0.29675795]), array([0.1842939 , 0.69437673, 0.88098502, 0.26241653, 0.77586074,
       0.22057323, 0.89737388, 0.17855863, 0.49395906, 0.30499859]), array([0.17225407, 0.70296087, 0.87797244, 0.2616705 , 0.77640597,
       0.21495634, 0.90173857, 0.16894275, 0.50305221, 0.27406411]), array([0.18240255, 0.69712982, 0.87670163, 0.26584277, 0.77923856,
       0.22285945, 0.90500272, 0.19379513, 0.50918491, 0.29870604])]
real metric: [array([0.58204334, 0.6521164 , 0.24658919, 0.46115288, 0.36309524,
       0.79032258, 0.2787472 , 1.        , 0.62948207, 0.98148148]), array([0.60416667, 0.65311653, 0.23609095, 0.41878173, 0.34776903,
       0.88888889, 0.29543459, 0.9787234 , 0.69565217, 0.99009901]), array([0.58404558, 0.66754271, 0.2585034 , 0.49095607, 0.35663507,
       0.73913043, 0.30065666, 0.96226415, 0.69327731, 1.        ]), array([0.55747126, 0.68455497, 0.24020101, 0.45112782, 0.33572282,
       0.89393939, 0.28164557, 0.97959184, 0.69672131, 0.98901099]), array([0.61094225, 0.66228647, 0.25179856, 0.46717172, 0.34767025,
       0.76470588, 0.27180168, 1.        , 0.69512195, 1.        ])]

estim_algorithm = doc-model, mode = classification, metric = precision, confidence_scores = energy-conf, class_specific = False
test err: [0.43651846712990194, 0.4592967714391108, 0.43368296492026615, 0.45491278233380406, 0.4457343455240654]
estimated metric: [array([0.39455744, 0.63876544, 0.84471255, 0.45923767, 0.65169598,
       0.11398322, 0.86769581, 0.08512113, 0.3349432 , 0.18047869]), array([0.36726056, 0.6312961 , 0.85195494, 0.45077711, 0.62555455,
       0.13126764, 0.87034396, 0.08514682, 0.3332392 , 0.1700229 ]), array([0.4195178 , 0.64551983, 0.85357835, 0.45299261, 0.65440095,
       0.12734599, 0.86120999, 0.09980703, 0.32718953, 0.18140799]), array([0.4158986 , 0.64274755, 0.84565248, 0.45677682, 0.65027726,
       0.12409826, 0.86604628, 0.09192451, 0.32963176, 0.15791689]), array([0.40045121, 0.64154321, 0.8417789 , 0.45540248, 0.65107938,
       0.12715641, 0.86957182, 0.1035337 , 0.33134339, 0.174614  ])]
real metric: [array([0.58204334, 0.6521164 , 0.24658919, 0.46115288, 0.36309524,
       0.79032258, 0.2787472 , 1.        , 0.62948207, 0.98148148]), array([0.60416667, 0.65311653, 0.23609095, 0.41878173, 0.34776903,
       0.88888889, 0.29543459, 0.9787234 , 0.69565217, 0.99009901]), array([0.58404558, 0.66754271, 0.2585034 , 0.49095607, 0.35663507,
       0.73913043, 0.30065666, 0.96226415, 0.69327731, 1.        ]), array([0.55747126, 0.68455497, 0.24020101, 0.45112782, 0.33572282,
       0.89393939, 0.28164557, 0.97959184, 0.69672131, 0.98901099]), array([0.61094225, 0.66228647, 0.25179856, 0.46717172, 0.34767025,
       0.76470588, 0.27180168, 1.        , 0.69512195, 1.        ])]

estim_algorithm = doc-model, mode = classification, metric = precision, confidence_scores = energy-conf, class_specific = True
test err: [0.40896603888786753, 0.406954971890951, 0.38452447235911713, 0.418384021863039, 0.39333368253542117]
estimated metric: [array([0.63653207, 0.92956536, 0.97227813, 0.84811514, 0.93060487,
       0.49743771, 0.97273778, 0.42868068, 0.80028382, 0.63291612]), array([0.60679856, 0.93209756, 0.97502899, 0.85297281, 0.92724104,
       0.54631215, 0.9744234 , 0.44010466, 0.80884217, 0.62813763]), array([0.66470699, 0.92898389, 0.97284064, 0.83991653, 0.92978095,
       0.5198105 , 0.97097076, 0.45399771, 0.78875674, 0.62668134]), array([0.65710749, 0.92803284, 0.97148344, 0.84200859, 0.92821043,
       0.50483736, 0.97156666, 0.43082539, 0.79032133, 0.58432527]), array([0.64013068, 0.93108486, 0.97173105, 0.84652707, 0.93041696,
       0.52068711, 0.97303723, 0.47660193, 0.79715701, 0.61737199])]
real metric: [array([0.58204334, 0.6521164 , 0.24658919, 0.46115288, 0.36309524,
       0.79032258, 0.2787472 , 1.        , 0.62948207, 0.98148148]), array([0.60416667, 0.65311653, 0.23609095, 0.41878173, 0.34776903,
       0.88888889, 0.29543459, 0.9787234 , 0.69565217, 0.99009901]), array([0.58404558, 0.66754271, 0.2585034 , 0.49095607, 0.35663507,
       0.73913043, 0.30065666, 0.96226415, 0.69327731, 1.        ]), array([0.55747126, 0.68455497, 0.24020101, 0.45112782, 0.33572282,
       0.89393939, 0.28164557, 0.97959184, 0.69672131, 0.98901099]), array([0.61094225, 0.66228647, 0.25179856, 0.46717172, 0.34767025,
       0.76470588, 0.27180168, 1.        , 0.69512195, 1.        ])]

estim_algorithm = doc-model, mode = classification, metric = precision, confidence_scores = entropy-conf, class_specific = False
test err: [0.4426311904261839, 0.45779615393778145, 0.4389637824199942, 0.45826635112772696, 0.4503688987911839]
estimated metric: [array([0.37588978, 0.63266249, 0.83061484, 0.41939226, 0.61461774,
       0.100462  , 0.85633001, 0.07805973, 0.30681968, 0.17013188]), array([0.358064  , 0.62834773, 0.83829048, 0.41113301, 0.59057539,
       0.11986958, 0.86021707, 0.07549879, 0.3104983 , 0.1578438 ]), array([0.40617055, 0.64130124, 0.84035397, 0.41551928, 0.61783402,
       0.10761982, 0.85051333, 0.09179666, 0.30797158, 0.17010549]), array([0.40035123, 0.64211142, 0.83195186, 0.41910951, 0.61434832,
       0.10721328, 0.85595165, 0.08384116, 0.31451578, 0.14729413]), array([0.38730135, 0.63570625, 0.82701367, 0.41669087, 0.61511269,
       0.11855004, 0.85871202, 0.09109258, 0.31525517, 0.16151091])]
real metric: [array([0.58204334, 0.6521164 , 0.24658919, 0.46115288, 0.36309524,
       0.79032258, 0.2787472 , 1.        , 0.62948207, 0.98148148]), array([0.60416667, 0.65311653, 0.23609095, 0.41878173, 0.34776903,
       0.88888889, 0.29543459, 0.9787234 , 0.69565217, 0.99009901]), array([0.58404558, 0.66754271, 0.2585034 , 0.49095607, 0.35663507,
       0.73913043, 0.30065666, 0.96226415, 0.69327731, 1.        ]), array([0.55747126, 0.68455497, 0.24020101, 0.45112782, 0.33572282,
       0.89393939, 0.28164557, 0.97959184, 0.69672131, 0.98901099]), array([0.61094225, 0.66228647, 0.25179856, 0.46717172, 0.34767025,
       0.76470588, 0.27180168, 1.        , 0.69512195, 1.        ])]

estim_algorithm = doc-model, mode = classification, metric = precision, confidence_scores = entropy-conf, class_specific = True
test err: [0.4539765668530949, 0.465358980330694, 0.4517959518870322, 0.4701315473209003, 0.4605826231637885]
estimated metric: [array([0.15544194, 0.68301772, 0.87845103, 0.26298476, 0.77690929,
       0.20448058, 0.90259002, 0.16307709, 0.50988046, 0.30927189]), array([0.16615625, 0.66819343, 0.88488584, 0.24484716, 0.75821388,
       0.22857619, 0.90361202, 0.1620197 , 0.51004314, 0.29357368]), array([0.16257107, 0.68600052, 0.88139054, 0.25498299, 0.77361543,
       0.21836734, 0.89618189, 0.17667768, 0.49074053, 0.30222495]), array([0.15815388, 0.69069705, 0.87485748, 0.25746846, 0.77341316,
       0.21207146, 0.9002058 , 0.1665444 , 0.49875733, 0.27060073]), array([0.16692934, 0.68533863, 0.87438953, 0.25914389, 0.77663766,
       0.22026244, 0.90370025, 0.19145337, 0.50542059, 0.29541504])]
real metric: [array([0.58204334, 0.6521164 , 0.24658919, 0.46115288, 0.36309524,
       0.79032258, 0.2787472 , 1.        , 0.62948207, 0.98148148]), array([0.60416667, 0.65311653, 0.23609095, 0.41878173, 0.34776903,
       0.88888889, 0.29543459, 0.9787234 , 0.69565217, 0.99009901]), array([0.58404558, 0.66754271, 0.2585034 , 0.49095607, 0.35663507,
       0.73913043, 0.30065666, 0.96226415, 0.69327731, 1.        ]), array([0.55747126, 0.68455497, 0.24020101, 0.45112782, 0.33572282,
       0.89393939, 0.28164557, 0.97959184, 0.69672131, 0.98901099]), array([0.61094225, 0.66228647, 0.25179856, 0.46717172, 0.34767025,
       0.76470588, 0.27180168, 1.        , 0.69512195, 1.        ])]

estim_algorithm = doc-model, mode = classification, metric = precision, confidence_scores = doctor-conf, class_specific = False
test err: [0.43420682395340277, 0.4553084011658332, 0.4217422669126744, 0.4478780323699455, 0.43935465138728624]
estimated metric: [array([0.45121035, 0.68845542, 0.87193484, 0.50350223, 0.69344376,
       0.13242507, 0.89043442, 0.10354834, 0.38353683, 0.21661042]), array([0.43077922, 0.68250349, 0.87824597, 0.49766203, 0.67133187,
       0.15504033, 0.89316046, 0.10211165, 0.38399821, 0.20422772]), array([0.48154105, 0.69295977, 0.87914715, 0.49795966, 0.69725561,
       0.14354346, 0.88495782, 0.12054662, 0.37816762, 0.21548215]), array([0.47755476, 0.6951435 , 0.8735532 , 0.50375337, 0.69448159,
       0.14104482, 0.88989698, 0.10983897, 0.38486304, 0.18822933]), array([0.46297876, 0.69027597, 0.86960377, 0.50185948, 0.69472062,
       0.15144072, 0.89250684, 0.12199891, 0.38612599, 0.2029172 ])]
real metric: [array([0.58204334, 0.6521164 , 0.24658919, 0.46115288, 0.36309524,
       0.79032258, 0.2787472 , 1.        , 0.62948207, 0.98148148]), array([0.60416667, 0.65311653, 0.23609095, 0.41878173, 0.34776903,
       0.88888889, 0.29543459, 0.9787234 , 0.69565217, 0.99009901]), array([0.58404558, 0.66754271, 0.2585034 , 0.49095607, 0.35663507,
       0.73913043, 0.30065666, 0.96226415, 0.69327731, 1.        ]), array([0.55747126, 0.68455497, 0.24020101, 0.45112782, 0.33572282,
       0.89393939, 0.28164557, 0.97959184, 0.69672131, 0.98901099]), array([0.61094225, 0.66228647, 0.25179856, 0.46717172, 0.34767025,
       0.76470588, 0.27180168, 1.        , 0.69512195, 1.        ])]

estim_algorithm = doc-model, mode = classification, metric = precision, confidence_scores = doctor-conf, class_specific = True
test err: [0.4610711387701156, 0.4715844724813367, 0.45872064123098244, 0.47693650482093625, 0.4678703051293465]
estimated metric: [array([0.09138886, 0.70257039, 0.88951756, 0.2663462 , 0.7839339 ,
       0.21124328, 0.90614212, 0.16870997, 0.51968228, 0.31801633]), array([0.09986293, 0.6874051 , 0.89577242, 0.25937165, 0.76556626,
       0.23583912, 0.90710247, 0.16714099, 0.5197782 , 0.30190942]), array([0.09609568, 0.69987876, 0.89110708, 0.25803967, 0.77978479,
       0.22451221, 0.89945169, 0.18192244, 0.49957506, 0.30920655]), array([0.09364682, 0.70782796, 0.88696815, 0.26381681, 0.78044342,
       0.2189395 , 0.90379666, 0.17203929, 0.50844268, 0.27852427]), array([0.09882743, 0.70436223, 0.88598009, 0.26452102, 0.78344528,
       0.22718475, 0.90711383, 0.19769984, 0.5150769 , 0.30327329])]
real metric: [array([0.58204334, 0.6521164 , 0.24658919, 0.46115288, 0.36309524,
       0.79032258, 0.2787472 , 1.        , 0.62948207, 0.98148148]), array([0.60416667, 0.65311653, 0.23609095, 0.41878173, 0.34776903,
       0.88888889, 0.29543459, 0.9787234 , 0.69565217, 0.99009901]), array([0.58404558, 0.66754271, 0.2585034 , 0.49095607, 0.35663507,
       0.73913043, 0.30065666, 0.96226415, 0.69327731, 1.        ]), array([0.55747126, 0.68455497, 0.24020101, 0.45112782, 0.33572282,
       0.89393939, 0.28164557, 0.97959184, 0.69672131, 0.98901099]), array([0.61094225, 0.66228647, 0.25179856, 0.46717172, 0.34767025,
       0.76470588, 0.27180168, 1.        , 0.69512195, 1.        ])]

