estim_algorithm = ac-model, mode = classification, metric = f1score, confidence_scores = max_class_probability-conf, class_specific = False
test err: [0.4505143818958478, 0.45053423785283425, 0.43560647253243284, 0.44279068505593616, 0.4500506471965268]
estimated metric: [array([0.92387605, 0.92110975, 0.83314023, 0.85144349, 0.8460596 ,
       0.89073267, 0.86336624, 0.89934269, 0.86179224, 0.9150659 ]), array([0.91741943, 0.92021698, 0.83746839, 0.85096396, 0.84242737,
       0.88555329, 0.86679317, 0.91903608, 0.84836867, 0.90860896]), array([0.92577877, 0.91907568, 0.83714735, 0.85377554, 0.83106259,
       0.88729822, 0.8803782 , 0.90811819, 0.85181576, 0.90146386]), array([0.92355116, 0.92418755, 0.83218692, 0.85529104, 0.85129991,
       0.8858397 , 0.87079886, 0.90927712, 0.8339285 , 0.90210462]), array([0.91951622, 0.92227048, 0.82376625, 0.845678  , 0.84252877,
       0.89255247, 0.87476818, 0.92403771, 0.87063247, 0.902945  ])]
real metric: [array([0.49195837, 0.70561543, 0.43648961, 0.40773286, 0.45672727,
       0.32648649, 0.48728466, 0.39420935, 0.17322835, 0.42105263]), array([0.49904762, 0.6872093 , 0.42454955, 0.35598086, 0.45593591,
       0.36170213, 0.47826087, 0.41341991, 0.17852523, 0.43688255]), array([0.51899907, 0.67869222, 0.43784994, 0.40854225, 0.47040253,
       0.37214363, 0.5       , 0.41743119, 0.18396846, 0.45182013]), array([0.48339844, 0.68856305, 0.43650794, 0.3877551 , 0.47139588,
       0.36248683, 0.4904277 , 0.38930481, 0.21573604, 0.43498274]), array([0.48393021, 0.66925208, 0.41486412, 0.38411819, 0.46471055,
       0.37800687, 0.49152542, 0.40723982, 0.21090047, 0.41364136])]

estim_algorithm = ac-model, mode = classification, metric = f1score, confidence_scores = energy-conf, class_specific = False
test err: [0.1565099088267124, 0.15379785085270714, 0.16816160697456953, 0.14954393044987763, 0.15078223188476958]
estimated metric: [array([0.34603705, 0.3819438 , 0.22462366, 0.24763944, 0.24387994,
       0.30453315, 0.24713565, 0.32294255, 0.34071217, 0.41120617]), array([0.34407676, 0.37458853, 0.2288346 , 0.23671434, 0.24343003,
       0.31863627, 0.24619754, 0.34293536, 0.33182649, 0.39289802]), array([0.34980657, 0.37047355, 0.22871371, 0.24328123, 0.23094155,
       0.29121837, 0.25675603, 0.33912529, 0.32011372, 0.40009387]), array([0.34475764, 0.37955969, 0.23008506, 0.24493004, 0.24595534,
       0.30411671, 0.25261594, 0.34319011, 0.31088395, 0.39932055]), array([0.34684029, 0.37177933, 0.21994665, 0.24117947, 0.2504674 ,
       0.31164489, 0.25682145, 0.32668756, 0.34321139, 0.40641018])]
real metric: [array([0.49195837, 0.70561543, 0.43648961, 0.40773286, 0.45672727,
       0.32648649, 0.48728466, 0.39420935, 0.17322835, 0.42105263]), array([0.49904762, 0.6872093 , 0.42454955, 0.35598086, 0.45593591,
       0.36170213, 0.47826087, 0.41341991, 0.17852523, 0.43688255]), array([0.51899907, 0.67869222, 0.43784994, 0.40854225, 0.47040253,
       0.37214363, 0.5       , 0.41743119, 0.18396846, 0.45182013]), array([0.48339844, 0.68856305, 0.43650794, 0.3877551 , 0.47139588,
       0.36248683, 0.4904277 , 0.38930481, 0.21573604, 0.43498274]), array([0.48393021, 0.66925208, 0.41486412, 0.38411819, 0.46471055,
       0.37800687, 0.49152542, 0.40723982, 0.21090047, 0.41364136])]

estim_algorithm = ac-model, mode = classification, metric = f1score, confidence_scores = entropy-conf, class_specific = False
test err: [0.4281455575232654, 0.42895700686825233, 0.412183463930287, 0.42045042236413177, 0.42762041728562794]
estimated metric: [array([0.90462745, 0.90398499, 0.80247788, 0.82578362, 0.81566927,
       0.86890115, 0.8346792 , 0.87580486, 0.84667007, 0.90364209]), array([0.898826  , 0.90335998, 0.80911999, 0.82365864, 0.81495216,
       0.86443007, 0.83588712, 0.89958074, 0.83472341, 0.89654587]), array([0.9080732 , 0.89909954, 0.80767636, 0.82569337, 0.80195533,
       0.86359966, 0.85001266, 0.88580253, 0.83041772, 0.88935371]), array([0.90442948, 0.90492272, 0.80491357, 0.82506354, 0.81829706,
       0.86142792, 0.84157832, 0.89087432, 0.82038471, 0.89317111]), array([0.90140922, 0.90494763, 0.79467667, 0.81459412, 0.81481406,
       0.8735659 , 0.8467958 , 0.90027428, 0.85248127, 0.89083431])]
real metric: [array([0.49195837, 0.70561543, 0.43648961, 0.40773286, 0.45672727,
       0.32648649, 0.48728466, 0.39420935, 0.17322835, 0.42105263]), array([0.49904762, 0.6872093 , 0.42454955, 0.35598086, 0.45593591,
       0.36170213, 0.47826087, 0.41341991, 0.17852523, 0.43688255]), array([0.51899907, 0.67869222, 0.43784994, 0.40854225, 0.47040253,
       0.37214363, 0.5       , 0.41743119, 0.18396846, 0.45182013]), array([0.48339844, 0.68856305, 0.43650794, 0.3877551 , 0.47139588,
       0.36248683, 0.4904277 , 0.38930481, 0.21573604, 0.43498274]), array([0.48393021, 0.66925208, 0.41486412, 0.38411819, 0.46471055,
       0.37800687, 0.49152542, 0.40723982, 0.21090047, 0.41364136])]

estim_algorithm = ac-model, mode = classification, metric = f1score, confidence_scores = doctor-conf, class_specific = False
test err: [0.5063285657524265, 0.5075077003996935, 0.49187352158956454, 0.4999558097513933, 0.5052953170798301]
estimated metric: [array([0.96028641, 0.95689718, 0.91279421, 0.91825713, 0.9151909 ,
       0.94184594, 0.92826153, 0.94504645, 0.92501832, 0.96047262]), array([0.95617778, 0.95688941, 0.91466913, 0.92023383, 0.91179976,
       0.93726336, 0.93000422, 0.95827684, 0.92238036, 0.95889623]), array([0.9605414 , 0.95477525, 0.91332245, 0.91975268, 0.90603735,
       0.94279414, 0.93800545, 0.95165535, 0.91986188, 0.95183869]), array([0.95918565, 0.95728573, 0.91060878, 0.92087776, 0.91727311,
       0.93955728, 0.93408447, 0.95439901, 0.91208084, 0.95476399]), array([0.95836702, 0.95775015, 0.90744176, 0.91474603, 0.91248386,
       0.94067887, 0.93533939, 0.96188638, 0.93135323, 0.95109558])]
real metric: [array([0.49195837, 0.70561543, 0.43648961, 0.40773286, 0.45672727,
       0.32648649, 0.48728466, 0.39420935, 0.17322835, 0.42105263]), array([0.49904762, 0.6872093 , 0.42454955, 0.35598086, 0.45593591,
       0.36170213, 0.47826087, 0.41341991, 0.17852523, 0.43688255]), array([0.51899907, 0.67869222, 0.43784994, 0.40854225, 0.47040253,
       0.37214363, 0.5       , 0.41743119, 0.18396846, 0.45182013]), array([0.48339844, 0.68856305, 0.43650794, 0.3877551 , 0.47139588,
       0.36248683, 0.4904277 , 0.38930481, 0.21573604, 0.43498274]), array([0.48393021, 0.66925208, 0.41486412, 0.38411819, 0.46471055,
       0.37800687, 0.49152542, 0.40723982, 0.21090047, 0.41364136])]

estim_algorithm = ts-model, mode = classification, metric = f1score, confidence_scores = max_class_probability-conf, class_specific = False
test err: [0.2795608252345083, 0.2789811503794976, 0.2617344204808881, 0.26965105321943555, 0.2787887608574407]
estimated metric: [array([0.7819072 , 0.7925157 , 0.61924145, 0.6567892 , 0.64615853,
       0.72075063, 0.65952041, 0.73404638, 0.70317394, 0.78228984]), array([0.77411493, 0.78893948, 0.62850979, 0.64795828, 0.6469412 ,
       0.72137616, 0.66019353, 0.76519317, 0.68517731, 0.76292155]), array([0.78639317, 0.78396681, 0.62815535, 0.65245819, 0.62820492,
       0.71020309, 0.67676666, 0.75147938, 0.67741154, 0.76215452]), array([0.78124072, 0.7918025 , 0.62830777, 0.65184282, 0.6494874 ,
       0.7062766 , 0.66671821, 0.7490887 , 0.66865816, 0.76364617]), array([0.77804985, 0.79018552, 0.6113376 , 0.64114178, 0.64917495,
       0.72578804, 0.67452354, 0.75845454, 0.70931925, 0.76810164])]
real metric: [array([0.49195837, 0.70561543, 0.43648961, 0.40773286, 0.45672727,
       0.32648649, 0.48728466, 0.39420935, 0.17322835, 0.42105263]), array([0.49904762, 0.6872093 , 0.42454955, 0.35598086, 0.45593591,
       0.36170213, 0.47826087, 0.41341991, 0.17852523, 0.43688255]), array([0.51899907, 0.67869222, 0.43784994, 0.40854225, 0.47040253,
       0.37214363, 0.5       , 0.41743119, 0.18396846, 0.45182013]), array([0.48339844, 0.68856305, 0.43650794, 0.3877551 , 0.47139588,
       0.36248683, 0.4904277 , 0.38930481, 0.21573604, 0.43498274]), array([0.48393021, 0.66925208, 0.41486412, 0.38411819, 0.46471055,
       0.37800687, 0.49152542, 0.40723982, 0.21090047, 0.41364136])]

estim_algorithm = ts-model, mode = classification, metric = f1score, confidence_scores = max_class_probability-conf, class_specific = True
test err: [0.1635716041773927, 0.16128793487744789, 0.1433838984144719, 0.1525404654725036, 0.15717852993679923]
estimated metric: [array([0.58848202, 0.63651995, 0.52458298, 0.56916461, 0.62244033,
       0.57370633, 0.6100971 , 0.617893  , 0.46073583, 0.59468796]), array([0.58414849, 0.63157713, 0.53281415, 0.55856087, 0.62322899,
       0.58245124, 0.61037738, 0.64779819, 0.44943801, 0.57273447]), array([0.59252122, 0.62772444, 0.53311207, 0.56432137, 0.60455075,
       0.56183429, 0.62632709, 0.63838672, 0.44256101, 0.5804139 ]), array([0.58763012, 0.63572871, 0.53433776, 0.5645298 , 0.62551103,
       0.56412207, 0.61697133, 0.63601142, 0.43806649, 0.57738577]), array([0.58779362, 0.62949845, 0.51816613, 0.55448135, 0.62607764,
       0.57964196, 0.62471983, 0.63701395, 0.46605759, 0.58701662])]
real metric: [array([0.49195837, 0.70561543, 0.43648961, 0.40773286, 0.45672727,
       0.32648649, 0.48728466, 0.39420935, 0.17322835, 0.42105263]), array([0.49904762, 0.6872093 , 0.42454955, 0.35598086, 0.45593591,
       0.36170213, 0.47826087, 0.41341991, 0.17852523, 0.43688255]), array([0.51899907, 0.67869222, 0.43784994, 0.40854225, 0.47040253,
       0.37214363, 0.5       , 0.41743119, 0.18396846, 0.45182013]), array([0.48339844, 0.68856305, 0.43650794, 0.3877551 , 0.47139588,
       0.36248683, 0.4904277 , 0.38930481, 0.21573604, 0.43498274]), array([0.48393021, 0.66925208, 0.41486412, 0.38411819, 0.46471055,
       0.37800687, 0.49152542, 0.40723982, 0.21090047, 0.41364136])]

estim_algorithm = ts-model, mode = classification, metric = f1score, confidence_scores = energy-conf, class_specific = False
test err: [0.3961505775364231, 0.3969608932256686, 0.3817879517540412, 0.39009890102497985, 0.39443379721743]
estimated metric: [array([0.82693538, 0.83342538, 0.81741385, 0.81911025, 0.8192752 ,
       0.82506579, 0.81875044, 0.82787173, 0.83314694, 0.84129585]), array([0.82707813, 0.83216168, 0.81748993, 0.81799   , 0.8190035 ,
       0.82752808, 0.81867016, 0.82930706, 0.83241353, 0.83948079]), array([0.82727964, 0.83177491, 0.81747895, 0.81886404, 0.81806217,
       0.8233507 , 0.81950646, 0.82935417, 0.83102679, 0.84103113]), array([0.82677421, 0.83297334, 0.81757855, 0.81912372, 0.81955826,
       0.82599059, 0.8193208 , 0.83026485, 0.82942362, 0.8405396 ]), array([0.8272836 , 0.83162817, 0.81702637, 0.81928049, 0.81991516,
       0.82586792, 0.8194965 , 0.82673   , 0.83353192, 0.84176695])]
real metric: [array([0.49195837, 0.70561543, 0.43648961, 0.40773286, 0.45672727,
       0.32648649, 0.48728466, 0.39420935, 0.17322835, 0.42105263]), array([0.49904762, 0.6872093 , 0.42454955, 0.35598086, 0.45593591,
       0.36170213, 0.47826087, 0.41341991, 0.17852523, 0.43688255]), array([0.51899907, 0.67869222, 0.43784994, 0.40854225, 0.47040253,
       0.37214363, 0.5       , 0.41743119, 0.18396846, 0.45182013]), array([0.48339844, 0.68856305, 0.43650794, 0.3877551 , 0.47139588,
       0.36248683, 0.4904277 , 0.38930481, 0.21573604, 0.43498274]), array([0.48393021, 0.66925208, 0.41486412, 0.38411819, 0.46471055,
       0.37800687, 0.49152542, 0.40723982, 0.21090047, 0.41364136])]

estim_algorithm = ts-model, mode = classification, metric = f1score, confidence_scores = energy-conf, class_specific = True
test err: [0.2647576589026083, 0.2652750228079116, 0.24971725685178256, 0.2579600358707351, 0.26320432632061325]
estimated metric: [array([0.6676255 , 0.77916229, 0.73101173, 0.66560259, 0.7995118 ,
       0.63899673, 0.78002566, 0.71593325, 0.53580097, 0.63469109]), array([0.66786722, 0.77759472, 0.73113621, 0.66351732, 0.79922074,
       0.64409552, 0.77993067, 0.71819865, 0.53292184, 0.62978125]), array([0.66830679, 0.77713491, 0.7311378 , 0.66512446, 0.79820294,
       0.63556698, 0.78090277, 0.71833729, 0.52864452, 0.63366354]), array([0.6673432 , 0.77862685, 0.73127393, 0.66554971, 0.79981297,
       0.64075408, 0.78068374, 0.71969844, 0.52408211, 0.63233385]), array([0.66829578, 0.77689018, 0.73046481, 0.66572665, 0.80020976,
       0.64070818, 0.78089546, 0.71431858, 0.5372586 , 0.63546436])]
real metric: [array([0.49195837, 0.70561543, 0.43648961, 0.40773286, 0.45672727,
       0.32648649, 0.48728466, 0.39420935, 0.17322835, 0.42105263]), array([0.49904762, 0.6872093 , 0.42454955, 0.35598086, 0.45593591,
       0.36170213, 0.47826087, 0.41341991, 0.17852523, 0.43688255]), array([0.51899907, 0.67869222, 0.43784994, 0.40854225, 0.47040253,
       0.37214363, 0.5       , 0.41743119, 0.18396846, 0.45182013]), array([0.48339844, 0.68856305, 0.43650794, 0.3877551 , 0.47139588,
       0.36248683, 0.4904277 , 0.38930481, 0.21573604, 0.43498274]), array([0.48393021, 0.66925208, 0.41486412, 0.38411819, 0.46471055,
       0.37800687, 0.49152542, 0.40723982, 0.21090047, 0.41364136])]

estim_algorithm = ts-model, mode = classification, metric = f1score, confidence_scores = entropy-conf, class_specific = False
test err: [0.26132011930057064, 0.2609095616470234, 0.24174451579665704, 0.25126752956045223, 0.2597669895562142]
estimated metric: [array([0.76505291, 0.77669548, 0.58789657, 0.62872056, 0.61420135,
       0.70212445, 0.63157467, 0.71456541, 0.70381583, 0.789339  ]), array([0.75813399, 0.77142779, 0.59822779, 0.61617447, 0.61699693,
       0.70455928, 0.63010399, 0.74738694, 0.69041571, 0.76718263]), array([0.77038474, 0.764299  , 0.59688383, 0.62014298, 0.59512752,
       0.68853596, 0.64753323, 0.73437946, 0.67376975, 0.76623812]), array([0.7636571 , 0.77298619, 0.59935178, 0.61990537, 0.61702576,
       0.68829491, 0.63908578, 0.73503784, 0.666419  , 0.7714701 ]), array([0.76212745, 0.7730119 , 0.5803288 , 0.60987277, 0.62119852,
       0.70983811, 0.64746807, 0.73482054, 0.7044017 , 0.77279114])]
real metric: [array([0.49195837, 0.70561543, 0.43648961, 0.40773286, 0.45672727,
       0.32648649, 0.48728466, 0.39420935, 0.17322835, 0.42105263]), array([0.49904762, 0.6872093 , 0.42454955, 0.35598086, 0.45593591,
       0.36170213, 0.47826087, 0.41341991, 0.17852523, 0.43688255]), array([0.51899907, 0.67869222, 0.43784994, 0.40854225, 0.47040253,
       0.37214363, 0.5       , 0.41743119, 0.18396846, 0.45182013]), array([0.48339844, 0.68856305, 0.43650794, 0.3877551 , 0.47139588,
       0.36248683, 0.4904277 , 0.38930481, 0.21573604, 0.43498274]), array([0.48393021, 0.66925208, 0.41486412, 0.38411819, 0.46471055,
       0.37800687, 0.49152542, 0.40723982, 0.21090047, 0.41364136])]

estim_algorithm = ts-model, mode = classification, metric = f1score, confidence_scores = entropy-conf, class_specific = True
test err: [0.1337399413011744, 0.1317816315077776, 0.11196611078039036, 0.12232428719607584, 0.1271274254688548]
estimated metric: [array([0.54983591, 0.59342429, 0.47415373, 0.53097686, 0.59056628,
       0.52457214, 0.57248644, 0.58525417, 0.41764359, 0.57488874]), array([0.54578797, 0.5852103 , 0.48398218, 0.51520123, 0.59330386,
       0.53881495, 0.57073441, 0.61832739, 0.40647963, 0.54749033]), array([0.55471471, 0.57899731, 0.48315273, 0.52134751, 0.57117682,
       0.50671276, 0.58809065, 0.60923771, 0.39160308, 0.55508743]), array([0.54774551, 0.5900689 , 0.48713745, 0.52310449, 0.59348977,
       0.51659033, 0.58009985, 0.6096707 , 0.38298863, 0.55591747]), array([0.5499419 , 0.58349686, 0.46725902, 0.51331127, 0.59825371,
       0.533231  , 0.58844925, 0.59924818, 0.41959877, 0.56516293])]
real metric: [array([0.49195837, 0.70561543, 0.43648961, 0.40773286, 0.45672727,
       0.32648649, 0.48728466, 0.39420935, 0.17322835, 0.42105263]), array([0.49904762, 0.6872093 , 0.42454955, 0.35598086, 0.45593591,
       0.36170213, 0.47826087, 0.41341991, 0.17852523, 0.43688255]), array([0.51899907, 0.67869222, 0.43784994, 0.40854225, 0.47040253,
       0.37214363, 0.5       , 0.41743119, 0.18396846, 0.45182013]), array([0.48339844, 0.68856305, 0.43650794, 0.3877551 , 0.47139588,
       0.36248683, 0.4904277 , 0.38930481, 0.21573604, 0.43498274]), array([0.48393021, 0.66925208, 0.41486412, 0.38411819, 0.46471055,
       0.37800687, 0.49152542, 0.40723982, 0.21090047, 0.41364136])]

estim_algorithm = ts-model, mode = classification, metric = f1score, confidence_scores = doctor-conf, class_specific = False
test err: [0.2198651594914328, 0.21960832069563468, 0.19820831591410545, 0.20973778762881476, 0.21819849226801047]
estimated metric: [array([0.73538503, 0.74741552, 0.50855919, 0.56469338, 0.54010733,
       0.66621968, 0.57239356, 0.68301088, 0.68454002, 0.79711204]), array([0.72788334, 0.7393618 , 0.52227316, 0.54563626, 0.54515667,
       0.66847903, 0.57008634, 0.71895876, 0.67683605, 0.77292571]), array([0.74321664, 0.72966215, 0.52026836, 0.55137712, 0.51445694,
       0.64466371, 0.5951788 , 0.70525248, 0.6509676 , 0.76688879]), array([0.73402688, 0.74237526, 0.52288568, 0.55275514, 0.54841218,
       0.6554636 , 0.58343599, 0.7096514 , 0.63157128, 0.77735899]), array([0.73263423, 0.74208629, 0.49565414, 0.54252868, 0.55367294,
       0.67943164, 0.59402611, 0.70153806, 0.68341525, 0.77518668])]
real metric: [array([0.49195837, 0.70561543, 0.43648961, 0.40773286, 0.45672727,
       0.32648649, 0.48728466, 0.39420935, 0.17322835, 0.42105263]), array([0.49904762, 0.6872093 , 0.42454955, 0.35598086, 0.45593591,
       0.36170213, 0.47826087, 0.41341991, 0.17852523, 0.43688255]), array([0.51899907, 0.67869222, 0.43784994, 0.40854225, 0.47040253,
       0.37214363, 0.5       , 0.41743119, 0.18396846, 0.45182013]), array([0.48339844, 0.68856305, 0.43650794, 0.3877551 , 0.47139588,
       0.36248683, 0.4904277 , 0.38930481, 0.21573604, 0.43498274]), array([0.48393021, 0.66925208, 0.41486412, 0.38411819, 0.46471055,
       0.37800687, 0.49152542, 0.40723982, 0.21090047, 0.41364136])]

estim_algorithm = ts-model, mode = classification, metric = f1score, confidence_scores = doctor-conf, class_specific = True
test err: [0.09046739858534315, 0.08326890015608131, 0.06601331436041821, 0.07535265488768661, 0.08252483697213292]
estimated metric: [array([0.50293199, 0.54383693, 0.36326274, 0.45487146, 0.51596059,
       0.45425368, 0.48741904, 0.5294502 , 0.34927962, 0.53418204]), array([0.49364956, 0.53062831, 0.38047367, 0.43146758, 0.52140091,
       0.47322031, 0.4848414 , 0.5690978 , 0.32893342, 0.4983801 ]), array([0.50911739, 0.5205815 , 0.37694282, 0.43970572, 0.48996352,
       0.42586927, 0.51144746, 0.55760519, 0.30499063, 0.50596001]), array([0.50055733, 0.53819232, 0.38310428, 0.4422093 , 0.52514933,
       0.44380269, 0.49938924, 0.55531176, 0.30768651, 0.51113355]), array([0.50070647, 0.53079651, 0.34947791, 0.43512568, 0.53057619,
       0.46320134, 0.51026101, 0.53920067, 0.35530057, 0.52110757])]
real metric: [array([0.49195837, 0.70561543, 0.43648961, 0.40773286, 0.45672727,
       0.32648649, 0.48728466, 0.39420935, 0.17322835, 0.42105263]), array([0.49904762, 0.6872093 , 0.42454955, 0.35598086, 0.45593591,
       0.36170213, 0.47826087, 0.41341991, 0.17852523, 0.43688255]), array([0.51899907, 0.67869222, 0.43784994, 0.40854225, 0.47040253,
       0.37214363, 0.5       , 0.41743119, 0.18396846, 0.45182013]), array([0.48339844, 0.68856305, 0.43650794, 0.3877551 , 0.47139588,
       0.36248683, 0.4904277 , 0.38930481, 0.21573604, 0.43498274]), array([0.48393021, 0.66925208, 0.41486412, 0.38411819, 0.46471055,
       0.37800687, 0.49152542, 0.40723982, 0.21090047, 0.41364136])]

estim_algorithm = doc-model, mode = classification, metric = f1score, confidence_scores = max_class_probability-conf, class_specific = False
test err: [0.337482949792661, 0.3373046761741262, 0.3223567499355666, 0.329377375366398, 0.33727102901248307]
estimated metric: [array([0.81992402, 0.81659665, 0.70991561, 0.73225177, 0.72568928,
       0.77994923, 0.74676186, 0.79035684, 0.74484808, 0.80932119]), array([0.81215525, 0.81552244, 0.7152041 , 0.73166752, 0.7212583 ,
       0.77368074, 0.75092669, 0.81410129, 0.72850462, 0.80153972]), array([0.82221171, 0.81414895, 0.71481197, 0.73509235, 0.70737551,
       0.77579325, 0.76741158, 0.8009479 , 0.73270531, 0.79291839]), array([0.81953331, 0.8202986 , 0.70875022, 0.73693769, 0.73207684,
       0.77402753, 0.75579163, 0.80234536, 0.7108791 , 0.79369199]), array([0.81467915, 0.817993  , 0.69844751, 0.7252239 , 0.72138204,
       0.78215032, 0.76060895, 0.82011842, 0.75558963, 0.79470646])]
real metric: [array([0.49195837, 0.70561543, 0.43648961, 0.40773286, 0.45672727,
       0.32648649, 0.48728466, 0.39420935, 0.17322835, 0.42105263]), array([0.49904762, 0.6872093 , 0.42454955, 0.35598086, 0.45593591,
       0.36170213, 0.47826087, 0.41341991, 0.17852523, 0.43688255]), array([0.51899907, 0.67869222, 0.43784994, 0.40854225, 0.47040253,
       0.37214363, 0.5       , 0.41743119, 0.18396846, 0.45182013]), array([0.48339844, 0.68856305, 0.43650794, 0.3877551 , 0.47139588,
       0.36248683, 0.4904277 , 0.38930481, 0.21573604, 0.43498274]), array([0.48393021, 0.66925208, 0.41486412, 0.38411819, 0.46471055,
       0.37800687, 0.49152542, 0.40723982, 0.21090047, 0.41364136])]

estim_algorithm = doc-model, mode = classification, metric = f1score, confidence_scores = max_class_probability-conf, class_specific = True
test err: [0.20962472996543804, 0.20773715578299323, 0.19383312835571628, 0.199735454726157, 0.20954523945662537]
estimated metric: [array([0.64894307, 0.75182181, 0.60811181, 0.59129274, 0.70496745,
       0.63758319, 0.6995173 , 0.6763823 , 0.45689627, 0.62151639]), array([0.63899391, 0.75062673, 0.61429009, 0.59010385, 0.70039093,
       0.63009779, 0.70399669, 0.70479274, 0.42546833, 0.61012442]), array([0.65200924, 0.74911741, 0.61380861, 0.59524087, 0.68604881,
       0.63244699, 0.72173479, 0.68894041, 0.43960673, 0.59922685]), array([0.64868355, 0.75594218, 0.60675411, 0.59704957, 0.71156391,
       0.63068419, 0.7092333 , 0.69050695, 0.40772131, 0.59977401]), array([0.64191082, 0.75340421, 0.59479517, 0.58257092, 0.70051875,
       0.64167697, 0.71442216, 0.71168622, 0.46975064, 0.60290562])]
real metric: [array([0.49195837, 0.70561543, 0.43648961, 0.40773286, 0.45672727,
       0.32648649, 0.48728466, 0.39420935, 0.17322835, 0.42105263]), array([0.49904762, 0.6872093 , 0.42454955, 0.35598086, 0.45593591,
       0.36170213, 0.47826087, 0.41341991, 0.17852523, 0.43688255]), array([0.51899907, 0.67869222, 0.43784994, 0.40854225, 0.47040253,
       0.37214363, 0.5       , 0.41743119, 0.18396846, 0.45182013]), array([0.48339844, 0.68856305, 0.43650794, 0.3877551 , 0.47139588,
       0.36248683, 0.4904277 , 0.38930481, 0.21573604, 0.43498274]), array([0.48393021, 0.66925208, 0.41486412, 0.38411819, 0.46471055,
       0.37800687, 0.49152542, 0.40723982, 0.21090047, 0.41364136])]

estim_algorithm = doc-model, mode = classification, metric = f1score, confidence_scores = energy-conf, class_specific = False
test err: [0.3327623861734824, 0.33324743910870974, 0.31651834663629863, 0.325984380930361, 0.3312216748903721]
estimated metric: [array([0.78382649, 0.80073163, 0.71939327, 0.73121581, 0.7294951 ,
       0.76157494, 0.73122845, 0.7704893 , 0.78098928, 0.8194646 ]), array([0.782651  , 0.797361  , 0.72162321, 0.7257774 , 0.72928811,
       0.76911632, 0.73073703, 0.78184169, 0.77620028, 0.80939227]), array([0.78585659, 0.79448899, 0.72160464, 0.72897992, 0.72276553,
       0.75444726, 0.73624514, 0.77967892, 0.76990832, 0.8110576 ]), array([0.78307287, 0.7998726 , 0.72231814, 0.73007327, 0.73048197,
       0.76135277, 0.73398651, 0.78164703, 0.76496672, 0.81263045]), array([0.78425782, 0.79588668, 0.71697356, 0.72811077, 0.73281502,
       0.76531313, 0.73631086, 0.77307972, 0.78140005, 0.81625824])]
real metric: [array([0.49195837, 0.70561543, 0.43648961, 0.40773286, 0.45672727,
       0.32648649, 0.48728466, 0.39420935, 0.17322835, 0.42105263]), array([0.49904762, 0.6872093 , 0.42454955, 0.35598086, 0.45593591,
       0.36170213, 0.47826087, 0.41341991, 0.17852523, 0.43688255]), array([0.51899907, 0.67869222, 0.43784994, 0.40854225, 0.47040253,
       0.37214363, 0.5       , 0.41743119, 0.18396846, 0.45182013]), array([0.48339844, 0.68856305, 0.43650794, 0.3877551 , 0.47139588,
       0.36248683, 0.4904277 , 0.38930481, 0.21573604, 0.43498274]), array([0.48393021, 0.66925208, 0.41486412, 0.38411819, 0.46471055,
       0.37800687, 0.49152542, 0.40723982, 0.21090047, 0.41364136])]

estim_algorithm = doc-model, mode = classification, metric = f1score, confidence_scores = energy-conf, class_specific = True
test err: [0.19991699579778452, 0.1971014529193301, 0.17897421624818974, 0.1889944548144912, 0.1933537882576212]
estimated metric: [array([0.61874478, 0.68072826, 0.6291902 , 0.60972699, 0.71117841,
       0.58388916, 0.69327711, 0.64573052, 0.4769877 , 0.60072751]), array([0.61737789, 0.6761139 , 0.63170464, 0.60285916, 0.7109361 ,
       0.59374122, 0.69275584, 0.65879781, 0.46950491, 0.58654617]), array([0.62137472, 0.6733218 , 0.63163249, 0.60698517, 0.70422325,
       0.57461257, 0.698631  , 0.65630292, 0.45965144, 0.59211537]), array([0.6178526 , 0.67937756, 0.63245106, 0.60802213, 0.71219509,
       0.58359866, 0.69625886, 0.65896471, 0.45189485, 0.59151657]), array([0.61930502, 0.67393197, 0.62640621, 0.60566393, 0.71462251,
       0.58885385, 0.69866747, 0.64817369, 0.47909352, 0.59700881])]
real metric: [array([0.49195837, 0.70561543, 0.43648961, 0.40773286, 0.45672727,
       0.32648649, 0.48728466, 0.39420935, 0.17322835, 0.42105263]), array([0.49904762, 0.6872093 , 0.42454955, 0.35598086, 0.45593591,
       0.36170213, 0.47826087, 0.41341991, 0.17852523, 0.43688255]), array([0.51899907, 0.67869222, 0.43784994, 0.40854225, 0.47040253,
       0.37214363, 0.5       , 0.41743119, 0.18396846, 0.45182013]), array([0.48339844, 0.68856305, 0.43650794, 0.3877551 , 0.47139588,
       0.36248683, 0.4904277 , 0.38930481, 0.21573604, 0.43498274]), array([0.48393021, 0.66925208, 0.41486412, 0.38411819, 0.46471055,
       0.37800687, 0.49152542, 0.40723982, 0.21090047, 0.41364136])]

estim_algorithm = doc-model, mode = classification, metric = f1score, confidence_scores = entropy-conf, class_specific = False
test err: [0.3231488323549695, 0.3239565132025565, 0.30679054041234066, 0.315117732819144, 0.32286426209883695]
estimated metric: [array([0.80846495, 0.80770469, 0.68659532, 0.71461948, 0.70244605,
       0.76606911, 0.72522952, 0.7742806 , 0.73956472, 0.8072989 ]), array([0.80161402, 0.80696501, 0.69458052, 0.71202985, 0.70158523,
       0.7607462 , 0.72667484, 0.80249083, 0.72549664, 0.79889593]), array([0.81254113, 0.80193249, 0.69286512, 0.71448288, 0.68596639,
       0.75975716, 0.74355588, 0.78615601, 0.72012818, 0.79036959]), array([0.80824766, 0.80882615, 0.68952431, 0.71371384, 0.70559963,
       0.75716992, 0.73348086, 0.79217309, 0.70810404, 0.79489635]), array([0.80465588, 0.80885196, 0.67720771, 0.7011554 , 0.70141943,
       0.77188659, 0.73971488, 0.8033121 , 0.74650212, 0.79212564])]
real metric: [array([0.49195837, 0.70561543, 0.43648961, 0.40773286, 0.45672727,
       0.32648649, 0.48728466, 0.39420935, 0.17322835, 0.42105263]), array([0.49904762, 0.6872093 , 0.42454955, 0.35598086, 0.45593591,
       0.36170213, 0.47826087, 0.41341991, 0.17852523, 0.43688255]), array([0.51899907, 0.67869222, 0.43784994, 0.40854225, 0.47040253,
       0.37214363, 0.5       , 0.41743119, 0.18396846, 0.45182013]), array([0.48339844, 0.68856305, 0.43650794, 0.3877551 , 0.47139588,
       0.36248683, 0.4904277 , 0.38930481, 0.21573604, 0.43498274]), array([0.48393021, 0.66925208, 0.41486412, 0.38411819, 0.46471055,
       0.37800687, 0.49152542, 0.40723982, 0.21090047, 0.41364136])]

estim_algorithm = doc-model, mode = classification, metric = f1score, confidence_scores = entropy-conf, class_specific = True
test err: [0.19315696131342971, 0.1927720336713996, 0.1758795278156268, 0.18367358954437443, 0.19271994812921592]
estimated metric: [array([0.63037132, 0.73502643, 0.58532715, 0.5808496 , 0.68025303,
       0.6181385 , 0.67768768, 0.66279496, 0.44251839, 0.61938757]), array([0.62178133, 0.73416969, 0.59469584, 0.57726627, 0.67936249,
       0.61190541, 0.67918679, 0.69498286, 0.41862523, 0.60725834]), array([0.6361383 , 0.72871772, 0.59278845, 0.58133446, 0.66322357,
       0.60922238, 0.6973837 , 0.67622304, 0.41714303, 0.59647005]), array([0.63069719, 0.73637299, 0.5888885 , 0.57976329, 0.68353207,
       0.60797319, 0.68651949, 0.68303229, 0.39897152, 0.60154389]), array([0.6253818 , 0.73633379, 0.57457571, 0.56428656, 0.67919097,
       0.62669129, 0.69320562, 0.69606301, 0.45014822, 0.5995116 ])]
real metric: [array([0.49195837, 0.70561543, 0.43648961, 0.40773286, 0.45672727,
       0.32648649, 0.48728466, 0.39420935, 0.17322835, 0.42105263]), array([0.49904762, 0.6872093 , 0.42454955, 0.35598086, 0.45593591,
       0.36170213, 0.47826087, 0.41341991, 0.17852523, 0.43688255]), array([0.51899907, 0.67869222, 0.43784994, 0.40854225, 0.47040253,
       0.37214363, 0.5       , 0.41743119, 0.18396846, 0.45182013]), array([0.48339844, 0.68856305, 0.43650794, 0.3877551 , 0.47139588,
       0.36248683, 0.4904277 , 0.38930481, 0.21573604, 0.43498274]), array([0.48393021, 0.66925208, 0.41486412, 0.38411819, 0.46471055,
       0.37800687, 0.49152542, 0.40723982, 0.21090047, 0.41364136])]

estim_algorithm = doc-model, mode = classification, metric = f1score, confidence_scores = doctor-conf, class_specific = False
test err: [0.3692506392351196, 0.37057521541361893, 0.3546510763371669, 0.3627167307263665, 0.3684946749095735]
estimated metric: [array([0.82965915, 0.82533804, 0.76919941, 0.77647501, 0.77218447,
       0.80621597, 0.78900692, 0.81058779, 0.78475435, 0.82987029]), array([0.8245619 , 0.82532819, 0.7715769 , 0.77863629, 0.76785815,
       0.80039437, 0.7911224 , 0.82708737, 0.78282798, 0.82787253]), array([0.82995743, 0.82277861, 0.76992228, 0.77859589, 0.76054398,
       0.80742269, 0.80137338, 0.81868638, 0.77816037, 0.81891918]), array([0.82837589, 0.82593699, 0.76633462, 0.77946011, 0.77496428,
       0.8033022 , 0.79633292, 0.82216903, 0.76821767, 0.82263213]), array([0.82720169, 0.82652435, 0.76237904, 0.7716792 , 0.76871107,
       0.80620348, 0.79795141, 0.8316613 , 0.79284406, 0.81798025])]
real metric: [array([0.49195837, 0.70561543, 0.43648961, 0.40773286, 0.45672727,
       0.32648649, 0.48728466, 0.39420935, 0.17322835, 0.42105263]), array([0.49904762, 0.6872093 , 0.42454955, 0.35598086, 0.45593591,
       0.36170213, 0.47826087, 0.41341991, 0.17852523, 0.43688255]), array([0.51899907, 0.67869222, 0.43784994, 0.40854225, 0.47040253,
       0.37214363, 0.5       , 0.41743119, 0.18396846, 0.45182013]), array([0.48339844, 0.68856305, 0.43650794, 0.3877551 , 0.47139588,
       0.36248683, 0.4904277 , 0.38930481, 0.21573604, 0.43498274]), array([0.48393021, 0.66925208, 0.41486412, 0.38411819, 0.46471055,
       0.37800687, 0.49152542, 0.40723982, 0.21090047, 0.41364136])]

estim_algorithm = doc-model, mode = classification, metric = f1score, confidence_scores = doctor-conf, class_specific = True
test err: [0.24601701882737909, 0.2468713661343946, 0.23081370556293695, 0.2389343321208514, 0.24526105642244814]
estimated metric: [array([0.66410752, 0.78232291, 0.67897162, 0.62493373, 0.75534851,
       0.64925832, 0.74644461, 0.70716051, 0.50589685, 0.64651062]), array([0.65762107, 0.7823464 , 0.68189224, 0.62659307, 0.75088225,
       0.64282234, 0.7486576 , 0.72577326, 0.5006723 , 0.64296706]), array([0.66463797, 0.77976607, 0.67993301, 0.62876613, 0.74344529,
       0.65057879, 0.75966292, 0.71619128, 0.49370002, 0.63130499]), array([0.66273253, 0.78306406, 0.67586126, 0.62877101, 0.75818741,
       0.64728263, 0.75423958, 0.72025269, 0.48357278, 0.63593792]), array([0.66095375, 0.78367795, 0.67123819, 0.61842767, 0.75173314,
       0.65108937, 0.75597306, 0.73116967, 0.51475623, 0.63178064])]
real metric: [array([0.49195837, 0.70561543, 0.43648961, 0.40773286, 0.45672727,
       0.32648649, 0.48728466, 0.39420935, 0.17322835, 0.42105263]), array([0.49904762, 0.6872093 , 0.42454955, 0.35598086, 0.45593591,
       0.36170213, 0.47826087, 0.41341991, 0.17852523, 0.43688255]), array([0.51899907, 0.67869222, 0.43784994, 0.40854225, 0.47040253,
       0.37214363, 0.5       , 0.41743119, 0.18396846, 0.45182013]), array([0.48339844, 0.68856305, 0.43650794, 0.3877551 , 0.47139588,
       0.36248683, 0.4904277 , 0.38930481, 0.21573604, 0.43498274]), array([0.48393021, 0.66925208, 0.41486412, 0.38411819, 0.46471055,
       0.37800687, 0.49152542, 0.40723982, 0.21090047, 0.41364136])]

estim_algorithm = atc-model, mode = classification, metric = f1score, confidence_scores = max_class_probability-conf, class_specific = False
test err: [0.2036222386860957, 0.20899351389489249, 0.1895299671685667, 0.1929951754313776, 0.21289444423361345]
estimated metric: [array([0.78349639, 0.78031635, 0.44280443, 0.55960266, 0.52045455,
       0.6782007 , 0.57682827, 0.69333334, 0.59649126, 0.70547946]), array([0.7609926 , 0.78722122, 0.46175638, 0.55555556, 0.54821236,
       0.67701864, 0.58288989, 0.7724551 , 0.52727277, 0.70807454]), array([0.79531185, 0.77238151, 0.46784453, 0.5597015 , 0.5093633 ,
       0.65594856, 0.61761158, 0.71475411, 0.53968258, 0.70254958]), array([0.78816877, 0.80215182, 0.45806907, 0.5637584 , 0.55041519,
       0.65671643, 0.58009013, 0.71241831, 0.47619051, 0.70253165]), array([0.76973956, 0.78781038, 0.41404012, 0.53406999, 0.52964427,
       0.70404985, 0.60134567, 0.77602524, 0.61538464, 0.71337581])]
real metric: [array([0.49195837, 0.70561543, 0.43648961, 0.40773286, 0.45672727,
       0.32648649, 0.48728466, 0.39420935, 0.17322835, 0.42105263]), array([0.49904762, 0.6872093 , 0.42454955, 0.35598086, 0.45593591,
       0.36170213, 0.47826087, 0.41341991, 0.17852523, 0.43688255]), array([0.51899907, 0.67869222, 0.43784994, 0.40854225, 0.47040253,
       0.37214363, 0.5       , 0.41743119, 0.18396846, 0.45182013]), array([0.48339844, 0.68856305, 0.43650794, 0.3877551 , 0.47139588,
       0.36248683, 0.4904277 , 0.38930481, 0.21573604, 0.43498274]), array([0.48393021, 0.66925208, 0.41486412, 0.38411819, 0.46471055,
       0.37800687, 0.49152542, 0.40723982, 0.21090047, 0.41364136])]

estim_algorithm = atc-model, mode = classification, metric = f1score, confidence_scores = max_class_probability-conf, class_specific = True
test err: [0.11080369031527422, 0.09339505160794655, 0.08375486375188483, 0.079655197149281, 0.09266585968983695]
estimated metric: [array([0.5303186 , 0.50431035, 0.27332243, 0.50000001, 0.44815257,
       0.5851852 , 0.45563977, 0.53731345, 0.24175833, 0.52343752]), array([0.50682057, 0.51622419, 0.31758327, 0.49500999, 0.46330276,
       0.5460751 , 0.47690277, 0.63787377, 0.21978031, 0.48727275]), array([0.52787724, 0.49497848, 0.31152649, 0.49805448, 0.42480212,
       0.53846155, 0.51618472, 0.58483756, 0.16000008, 0.44217689]), array([0.5204461 , 0.49436514, 0.31303007, 0.49029983, 0.46095719,
       0.47972975, 0.4778217 , 0.535316  , 0.22222228, 0.4814815 ]), array([0.51348652, 0.50521921, 0.27166277, 0.44531251, 0.44784424,
       0.57534248, 0.50382366, 0.62897528, 0.22950826, 0.47547172])]
real metric: [array([0.49195837, 0.70561543, 0.43648961, 0.40773286, 0.45672727,
       0.32648649, 0.48728466, 0.39420935, 0.17322835, 0.42105263]), array([0.49904762, 0.6872093 , 0.42454955, 0.35598086, 0.45593591,
       0.36170213, 0.47826087, 0.41341991, 0.17852523, 0.43688255]), array([0.51899907, 0.67869222, 0.43784994, 0.40854225, 0.47040253,
       0.37214363, 0.5       , 0.41743119, 0.18396846, 0.45182013]), array([0.48339844, 0.68856305, 0.43650794, 0.3877551 , 0.47139588,
       0.36248683, 0.4904277 , 0.38930481, 0.21573604, 0.43498274]), array([0.48393021, 0.66925208, 0.41486412, 0.38411819, 0.46471055,
       0.37800687, 0.49152542, 0.40723982, 0.21090047, 0.41364136])]

estim_algorithm = atc-model, mode = classification, metric = f1score, confidence_scores = energy-conf, class_specific = False
test err: [0.19746230538925597, 0.1832024151074439, 0.18048064655973423, 0.17031406150256995, 0.18500111412392334]
estimated metric: [array([0.65475071, 0.68643533, 0.2253995 , 0.34285716, 0.34140128,
       0.52509654, 0.31681244, 0.60000001, 0.64406783, 0.77669904]), array([0.63041386, 0.65866667, 0.26100881, 0.29796841, 0.3497537 ,
       0.56565658, 0.31778426, 0.62416109, 0.61538465, 0.76923078]), array([0.65514019, 0.63233377, 0.23883023, 0.3144105 , 0.29914531,
       0.50179213, 0.34393064, 0.57454547, 0.59541988, 0.75543479]), array([0.64494164, 0.66042781, 0.27035574, 0.33138403, 0.35752689,
       0.4848485 , 0.32963856, 0.59786478, 0.58227851, 0.7537994 ]), array([0.63235294, 0.6683199 , 0.22168675, 0.29550323, 0.33681074,
       0.54035089, 0.34527364, 0.56296298, 0.65000002, 0.80118695])]
real metric: [array([0.49195837, 0.70561543, 0.43648961, 0.40773286, 0.45672727,
       0.32648649, 0.48728466, 0.39420935, 0.17322835, 0.42105263]), array([0.49904762, 0.6872093 , 0.42454955, 0.35598086, 0.45593591,
       0.36170213, 0.47826087, 0.41341991, 0.17852523, 0.43688255]), array([0.51899907, 0.67869222, 0.43784994, 0.40854225, 0.47040253,
       0.37214363, 0.5       , 0.41743119, 0.18396846, 0.45182013]), array([0.48339844, 0.68856305, 0.43650794, 0.3877551 , 0.47139588,
       0.36248683, 0.4904277 , 0.38930481, 0.21573604, 0.43498274]), array([0.48393021, 0.66925208, 0.41486412, 0.38411819, 0.46471055,
       0.37800687, 0.49152542, 0.40723982, 0.21090047, 0.41364136])]

estim_algorithm = atc-model, mode = classification, metric = f1score, confidence_scores = energy-conf, class_specific = True
test err: [0.12176175530553265, 0.11228428088267658, 0.12050850806264361, 0.10244976879121684, 0.11463924561326869]
estimated metric: [array([0.44902386, 0.47360704, 0.17789293, 0.30739301, 0.33290654,
       0.33913046, 0.24962102, 0.40650409, 0.31578955, 0.47580647]), array([0.44820066, 0.45705522, 0.1869783 , 0.26666668, 0.34567902,
       0.38636366, 0.25416037, 0.45864664, 0.27659582, 0.42424245]), array([0.45018848, 0.46525238, 0.18880535, 0.29955949, 0.28448277,
       0.29387758, 0.27755511, 0.44444447, 0.2307693 , 0.44745765]), array([0.44791087, 0.50224216, 0.20361249, 0.30158732, 0.34864866,
       0.3082707 , 0.24861041, 0.42400002, 0.22222228, 0.45864664]), array([0.45723173, 0.467903  , 0.159601  , 0.23893807, 0.33183858,
       0.38132298, 0.27130978, 0.42276425, 0.31250005, 0.45801529])]
real metric: [array([0.49195837, 0.70561543, 0.43648961, 0.40773286, 0.45672727,
       0.32648649, 0.48728466, 0.39420935, 0.17322835, 0.42105263]), array([0.49904762, 0.6872093 , 0.42454955, 0.35598086, 0.45593591,
       0.36170213, 0.47826087, 0.41341991, 0.17852523, 0.43688255]), array([0.51899907, 0.67869222, 0.43784994, 0.40854225, 0.47040253,
       0.37214363, 0.5       , 0.41743119, 0.18396846, 0.45182013]), array([0.48339844, 0.68856305, 0.43650794, 0.3877551 , 0.47139588,
       0.36248683, 0.4904277 , 0.38930481, 0.21573604, 0.43498274]), array([0.48393021, 0.66925208, 0.41486412, 0.38411819, 0.46471055,
       0.37800687, 0.49152542, 0.40723982, 0.21090047, 0.41364136])]

estim_algorithm = atc-model, mode = classification, metric = f1score, confidence_scores = entropy-conf, class_specific = False
test err: [0.19679604934358932, 0.1911308651161731, 0.17641479300594867, 0.18139037690104354, 0.20692890606551745]
estimated metric: [array([0.76777251, 0.77745156, 0.41472577, 0.53781513, 0.50344828,
       0.66433568, 0.53901308, 0.69767443, 0.60869569, 0.71428572]), array([0.74404237, 0.77317073, 0.4452398 , 0.51866406, 0.51933702,
       0.67289721, 0.5465995 , 0.7423313 , 0.54054058, 0.70000001]), array([0.78205671, 0.75710901, 0.45142858, 0.52390058, 0.48669202,
       0.6472492 , 0.5950143 , 0.68456377, 0.56250003, 0.71348315]), array([0.77807018, 0.7876588 , 0.43825839, 0.51903115, 0.52948256,
       0.65269462, 0.55583334, 0.70819673, 0.48648652, 0.71875001]), array([0.76154807, 0.77954546, 0.38981819, 0.50375941, 0.52185431,
       0.69182391, 0.57984629, 0.76825398, 0.61538464, 0.72555206])]
real metric: [array([0.49195837, 0.70561543, 0.43648961, 0.40773286, 0.45672727,
       0.32648649, 0.48728466, 0.39420935, 0.17322835, 0.42105263]), array([0.49904762, 0.6872093 , 0.42454955, 0.35598086, 0.45593591,
       0.36170213, 0.47826087, 0.41341991, 0.17852523, 0.43688255]), array([0.51899907, 0.67869222, 0.43784994, 0.40854225, 0.47040253,
       0.37214363, 0.5       , 0.41743119, 0.18396846, 0.45182013]), array([0.48339844, 0.68856305, 0.43650794, 0.3877551 , 0.47139588,
       0.36248683, 0.4904277 , 0.38930481, 0.21573604, 0.43498274]), array([0.48393021, 0.66925208, 0.41486412, 0.38411819, 0.46471055,
       0.37800687, 0.49152542, 0.40723982, 0.21090047, 0.41364136])]

estim_algorithm = atc-model, mode = classification, metric = f1score, confidence_scores = entropy-conf, class_specific = True
test err: [0.11331698075272918, 0.09195943483403117, 0.08549514948697914, 0.08089675203926472, 0.09339915155422338]
estimated metric: [array([0.52804941, 0.50645624, 0.25763832, 0.48958334, 0.42563483,
       0.57462688, 0.43752819, 0.53731345, 0.24175833, 0.51764708]), array([0.50131648, 0.51512915, 0.30179829, 0.46747969, 0.44907408,
       0.55102042, 0.46201688, 0.61486488, 0.21978031, 0.49275364]), array([0.52334531, 0.49173257, 0.28072959, 0.49512672, 0.40800001,
       0.53333335, 0.49078139, 0.57971016, 0.16000008, 0.45270272]), array([0.5204461 , 0.49887641, 0.29992231, 0.47415331, 0.44529263,
       0.47457629, 0.46840477, 0.50757578, 0.25000006, 0.4814815 ]), array([0.51348652, 0.5       , 0.24980238, 0.4392157 , 0.4214993 ,
       0.56551726, 0.48473804, 0.60431656, 0.22950826, 0.47547172])]
real metric: [array([0.49195837, 0.70561543, 0.43648961, 0.40773286, 0.45672727,
       0.32648649, 0.48728466, 0.39420935, 0.17322835, 0.42105263]), array([0.49904762, 0.6872093 , 0.42454955, 0.35598086, 0.45593591,
       0.36170213, 0.47826087, 0.41341991, 0.17852523, 0.43688255]), array([0.51899907, 0.67869222, 0.43784994, 0.40854225, 0.47040253,
       0.37214363, 0.5       , 0.41743119, 0.18396846, 0.45182013]), array([0.48339844, 0.68856305, 0.43650794, 0.3877551 , 0.47139588,
       0.36248683, 0.4904277 , 0.38930481, 0.21573604, 0.43498274]), array([0.48393021, 0.66925208, 0.41486412, 0.38411819, 0.46471055,
       0.37800687, 0.49152542, 0.40723982, 0.21090047, 0.41364136])]

estim_algorithm = atc-model, mode = classification, metric = f1score, confidence_scores = doctor-conf, class_specific = False
test err: [0.20133587071464093, 0.205981910658312, 0.1876873646216617, 0.19186941081464795, 0.2123880655978308]
estimated metric: [array([0.77986348, 0.78031635, 0.43819393, 0.55721394, 0.52045455,
       0.67361112, 0.56918629, 0.69333334, 0.59649126, 0.70547946]), array([0.75991286, 0.78429003, 0.45957447, 0.55278312, 0.54347827,
       0.67701864, 0.57823409, 0.76876878, 0.52727277, 0.70000001]), array([0.79379715, 0.77166276, 0.46350107, 0.55430712, 0.5093633 ,
       0.65594856, 0.61538462, 0.71052633, 0.53968258, 0.70254958]), array([0.78816877, 0.79856115, 0.45589273, 0.56134455, 0.5469679 ,
       0.6607143 , 0.57659138, 0.70819673, 0.47619051, 0.70662461]), array([0.7656574 , 0.78644068, 0.40948276, 0.53136532, 0.52964427,
       0.70404985, 0.59603208, 0.77987422, 0.61538464, 0.71337581])]
real metric: [array([0.49195837, 0.70561543, 0.43648961, 0.40773286, 0.45672727,
       0.32648649, 0.48728466, 0.39420935, 0.17322835, 0.42105263]), array([0.49904762, 0.6872093 , 0.42454955, 0.35598086, 0.45593591,
       0.36170213, 0.47826087, 0.41341991, 0.17852523, 0.43688255]), array([0.51899907, 0.67869222, 0.43784994, 0.40854225, 0.47040253,
       0.37214363, 0.5       , 0.41743119, 0.18396846, 0.45182013]), array([0.48339844, 0.68856305, 0.43650794, 0.3877551 , 0.47139588,
       0.36248683, 0.4904277 , 0.38930481, 0.21573604, 0.43498274]), array([0.48393021, 0.66925208, 0.41486412, 0.38411819, 0.46471055,
       0.37800687, 0.49152542, 0.40723982, 0.21090047, 0.41364136])]

estim_algorithm = atc-model, mode = classification, metric = f1score, confidence_scores = doctor-conf, class_specific = True
test err: [0.10799290749726595, 0.08944286607402074, 0.08247677986566668, 0.0781213701637809, 0.09077303314473457]
estimated metric: [array([0.53408509, 0.53689389, 0.26765189, 0.50000001, 0.44444445,
       0.57992567, 0.45357143, 0.53183522, 0.24175833, 0.52343752]), array([0.50682057, 0.54413893, 0.31235432, 0.48594379, 0.46330276,
       0.5460751 , 0.47556143, 0.62876255, 0.21978031, 0.48727275]), array([0.53013279, 0.52045134, 0.29827316, 0.49218751, 0.41854305,
       0.53846155, 0.51297578, 0.58483756, 0.16000008, 0.44217689]), array([0.52201592, 0.52430045, 0.3078113 , 0.48495576, 0.4590164 ,
       0.47972975, 0.47514299, 0.52985076, 0.23622053, 0.4814815 ]), array([0.51645065, 0.52573782, 0.26080126, 0.44531251, 0.44134079,
       0.57534248, 0.49977447, 0.61428573, 0.22950826, 0.47547172])]
real metric: [array([0.49195837, 0.70561543, 0.43648961, 0.40773286, 0.45672727,
       0.32648649, 0.48728466, 0.39420935, 0.17322835, 0.42105263]), array([0.49904762, 0.6872093 , 0.42454955, 0.35598086, 0.45593591,
       0.36170213, 0.47826087, 0.41341991, 0.17852523, 0.43688255]), array([0.51899907, 0.67869222, 0.43784994, 0.40854225, 0.47040253,
       0.37214363, 0.5       , 0.41743119, 0.18396846, 0.45182013]), array([0.48339844, 0.68856305, 0.43650794, 0.3877551 , 0.47139588,
       0.36248683, 0.4904277 , 0.38930481, 0.21573604, 0.43498274]), array([0.48393021, 0.66925208, 0.41486412, 0.38411819, 0.46471055,
       0.37800687, 0.49152542, 0.40723982, 0.21090047, 0.41364136])]

estim_algorithm = ts-atc-model, mode = classification, metric = f1score, confidence_scores = max_class_probability-conf, class_specific = False
test err: [0.18422440128564957, 0.16261637822765262, 0.16146258702970998, 0.1577076252105089, 0.18136612564055402]
estimated metric: [array([0.73674912, 0.75179856, 0.33727345, 0.49220105, 0.44258374,
       0.6357143 , 0.46521932, 0.64359863, 0.64406783, 0.72297298]), array([0.71744029, 0.74092616, 0.392302  , 0.44536084, 0.4579977 ,
       0.63897765, 0.48091268, 0.73065016, 0.54054058, 0.70807454]), array([0.75787657, 0.72462006, 0.37114952, 0.46215141, 0.42063493,
       0.60666668, 0.51490281, 0.66211605, 0.57364344, 0.72777779]), array([0.74107546, 0.75836431, 0.38165681, 0.46594983, 0.47250001,
       0.61538463, 0.49304348, 0.68666668, 0.5066667 , 0.70662461]), array([0.73307791, 0.74752187, 0.32905661, 0.46332047, 0.45643154,
       0.64935066, 0.5018018 , 0.7152318 , 0.60645164, 0.74143303])]
real metric: [array([0.49195837, 0.70561543, 0.43648961, 0.40773286, 0.45672727,
       0.32648649, 0.48728466, 0.39420935, 0.17322835, 0.42105263]), array([0.49904762, 0.6872093 , 0.42454955, 0.35598086, 0.45593591,
       0.36170213, 0.47826087, 0.41341991, 0.17852523, 0.43688255]), array([0.51899907, 0.67869222, 0.43784994, 0.40854225, 0.47040253,
       0.37214363, 0.5       , 0.41743119, 0.18396846, 0.45182013]), array([0.48339844, 0.68856305, 0.43650794, 0.3877551 , 0.47139588,
       0.36248683, 0.4904277 , 0.38930481, 0.21573604, 0.43498274]), array([0.48393021, 0.66925208, 0.41486412, 0.38411819, 0.46471055,
       0.37800687, 0.49152542, 0.40723982, 0.21090047, 0.41364136])]

estim_algorithm = ts-atc-model, mode = classification, metric = f1score, confidence_scores = max_class_probability-conf, class_specific = True
test err: [0.10476623526739652, 0.08920225665609613, 0.0882181897418193, 0.06916346634623091, 0.08286462706922064]
estimated metric: [array([0.48114711, 0.49239682, 0.21034776, 0.39483396, 0.39457461,
       0.47200002, 0.39182916, 0.52075474, 0.27956997, 0.46963565]), array([0.46742057, 0.49062266, 0.23414635, 0.36796538, 0.42167256,
       0.47857145, 0.39051604, 0.57142859, 0.20000009, 0.39382242]), array([0.48046463, 0.48300796, 0.22585925, 0.35744682, 0.3777174 ,
       0.42857145, 0.42870201, 0.53731345, 0.21359231, 0.43686009]), array([0.46585903, 0.4954955 , 0.25379091, 0.35384617, 0.42118864,
       0.36956524, 0.41082073, 0.4787645 , 0.20800006, 0.40466928]), array([0.47070915, 0.49685095, 0.19265307, 0.36213993, 0.39885223,
       0.45353162, 0.43261075, 0.53030305, 0.27200006, 0.42801559])]
real metric: [array([0.49195837, 0.70561543, 0.43648961, 0.40773286, 0.45672727,
       0.32648649, 0.48728466, 0.39420935, 0.17322835, 0.42105263]), array([0.49904762, 0.6872093 , 0.42454955, 0.35598086, 0.45593591,
       0.36170213, 0.47826087, 0.41341991, 0.17852523, 0.43688255]), array([0.51899907, 0.67869222, 0.43784994, 0.40854225, 0.47040253,
       0.37214363, 0.5       , 0.41743119, 0.18396846, 0.45182013]), array([0.48339844, 0.68856305, 0.43650794, 0.3877551 , 0.47139588,
       0.36248683, 0.4904277 , 0.38930481, 0.21573604, 0.43498274]), array([0.48393021, 0.66925208, 0.41486412, 0.38411819, 0.46471055,
       0.37800687, 0.49152542, 0.40723982, 0.21090047, 0.41364136])]

estim_algorithm = ts-atc-model, mode = classification, metric = f1score, confidence_scores = energy-conf, class_specific = False
test err: [0.20758958592572768, 0.19554400307893274, 0.18163039702657596, 0.18322672197343204, 0.1828694687446699]
estimated metric: [array([0.58415842, 0.62392598, 0.22091063, 0.29411766, 0.33290654,
       0.54198475, 0.29275506, 0.54275095, 0.68852462, 0.79617835]), array([0.57056756, 0.6008345 , 0.24413905, 0.26666668, 0.32709114,
       0.55102042, 0.29960708, 0.58620691, 0.68292686, 0.79069768]), array([0.58574939, 0.57859079, 0.23452769, 0.30701756, 0.30397728,
       0.46323531, 0.31470589, 0.56934308, 0.63703706, 0.74863389]), array([0.56613485, 0.61218837, 0.26624406, 0.33138403, 0.37066668,
       0.54838711, 0.30679043, 0.59285716, 0.62576689, 0.79765396]), array([0.56716418, 0.60790668, 0.2316294 , 0.31712475, 0.33432837,
       0.51957297, 0.31253171, 0.51908399, 0.69090911, 0.80473373])]
real metric: [array([0.49195837, 0.70561543, 0.43648961, 0.40773286, 0.45672727,
       0.32648649, 0.48728466, 0.39420935, 0.17322835, 0.42105263]), array([0.49904762, 0.6872093 , 0.42454955, 0.35598086, 0.45593591,
       0.36170213, 0.47826087, 0.41341991, 0.17852523, 0.43688255]), array([0.51899907, 0.67869222, 0.43784994, 0.40854225, 0.47040253,
       0.37214363, 0.5       , 0.41743119, 0.18396846, 0.45182013]), array([0.48339844, 0.68856305, 0.43650794, 0.3877551 , 0.47139588,
       0.36248683, 0.4904277 , 0.38930481, 0.21573604, 0.43498274]), array([0.48393021, 0.66925208, 0.41486412, 0.38411819, 0.46471055,
       0.37800687, 0.49152542, 0.40723982, 0.21090047, 0.41364136])]

estim_algorithm = ts-atc-model, mode = classification, metric = f1score, confidence_scores = energy-conf, class_specific = True
test err: [0.16555990340983842, 0.13865946409416535, 0.15692684385186678, 0.1267823723974133, 0.14703941007652477]
estimated metric: [array([0.45572355, 0.45777778, 0.16840278, 0.23529413, 0.29133859,
       0.24770646, 0.15548456, 0.36666669, 0.41584164, 0.50592887]), array([0.45745258, 0.45587107, 0.17478992, 0.20476192, 0.28425097,
       0.33593753, 0.16825397, 0.40466928, 0.34693884, 0.46494467]), array([0.46013911, 0.44362018, 0.18577407, 0.22528737, 0.26453489,
       0.1982759 , 0.18670887, 0.39344265, 0.2803739 , 0.47840533]), array([0.4453125 , 0.48181819, 0.20361249, 0.27070709, 0.3306011 ,
       0.26254829, 0.17866527, 0.41767071, 0.29007639, 0.45283021]), array([0.45563052, 0.43781819, 0.16570009, 0.23111113, 0.28834357,
       0.3157895 , 0.17853232, 0.34188037, 0.3759399 , 0.44015446])]
real metric: [array([0.49195837, 0.70561543, 0.43648961, 0.40773286, 0.45672727,
       0.32648649, 0.48728466, 0.39420935, 0.17322835, 0.42105263]), array([0.49904762, 0.6872093 , 0.42454955, 0.35598086, 0.45593591,
       0.36170213, 0.47826087, 0.41341991, 0.17852523, 0.43688255]), array([0.51899907, 0.67869222, 0.43784994, 0.40854225, 0.47040253,
       0.37214363, 0.5       , 0.41743119, 0.18396846, 0.45182013]), array([0.48339844, 0.68856305, 0.43650794, 0.3877551 , 0.47139588,
       0.36248683, 0.4904277 , 0.38930481, 0.21573604, 0.43498274]), array([0.48393021, 0.66925208, 0.41486412, 0.38411819, 0.46471055,
       0.37800687, 0.49152542, 0.40723982, 0.21090047, 0.41364136])]

estim_algorithm = ts-atc-model, mode = classification, metric = f1score, confidence_scores = entropy-conf, class_specific = False
test err: [0.1921857241674735, 0.17135993264475835, 0.16545965861485437, 0.16758520027668006, 0.17955770511387517]
estimated metric: [array([0.71113114, 0.73741662, 0.29563813, 0.43806105, 0.37655861,
       0.5851852 , 0.3962963 , 0.63414635, 0.65546221, 0.76872965]), array([0.69209559, 0.71355499, 0.34071811, 0.39915076, 0.41232228,
       0.62580646, 0.39944522, 0.70662461, 0.57894741, 0.72392639]), array([0.72088889, 0.69527363, 0.31021045, 0.40495869, 0.36438357,
       0.57823131, 0.43442623, 0.65753426, 0.58461542, 0.73829202]), array([0.71672041, 0.73003802, 0.32849504, 0.39399626, 0.40052357,
       0.58044165, 0.42167578, 0.66440679, 0.55483874, 0.75000001]), array([0.69645204, 0.72748815, 0.27704281, 0.40160644, 0.38728325,
       0.59459461, 0.44215457, 0.67576793, 0.63291142, 0.74922601])]
real metric: [array([0.49195837, 0.70561543, 0.43648961, 0.40773286, 0.45672727,
       0.32648649, 0.48728466, 0.39420935, 0.17322835, 0.42105263]), array([0.49904762, 0.6872093 , 0.42454955, 0.35598086, 0.45593591,
       0.36170213, 0.47826087, 0.41341991, 0.17852523, 0.43688255]), array([0.51899907, 0.67869222, 0.43784994, 0.40854225, 0.47040253,
       0.37214363, 0.5       , 0.41743119, 0.18396846, 0.45182013]), array([0.48339844, 0.68856305, 0.43650794, 0.3877551 , 0.47139588,
       0.36248683, 0.4904277 , 0.38930481, 0.21573604, 0.43498274]), array([0.48393021, 0.66925208, 0.41486412, 0.38411819, 0.46471055,
       0.37800687, 0.49152542, 0.40723982, 0.21090047, 0.41364136])]

estim_algorithm = ts-atc-model, mode = classification, metric = f1score, confidence_scores = entropy-conf, class_specific = True
test err: [0.11148313049359262, 0.09392026679709156, 0.09273576827624277, 0.0894923461516984, 0.08747855513102334]
estimated metric: [array([0.46730976, 0.48691861, 0.19965871, 0.36158193, 0.36432162,
       0.38818568, 0.34099617, 0.49808431, 0.26086965, 0.51764708]), array([0.45326087, 0.47806354, 0.22258593, 0.32444446, 0.39712919,
       0.45090911, 0.34115956, 0.52517987, 0.21978031, 0.42424245]), array([0.45848956, 0.48081101, 0.21563787, 0.34334765, 0.33472804,
       0.36078434, 0.3752363 , 0.50381681, 0.19607851, 0.46308727]), array([0.45308162, 0.4954955 , 0.24257029, 0.33786409, 0.38145696,
       0.33948342, 0.35187827, 0.47286824, 0.16393449, 0.47583645]), array([0.45643154, 0.48732395, 0.17927632, 0.32773111, 0.37790699,
       0.40613029, 0.36960785, 0.46640318, 0.2439025 , 0.45801529])]
real metric: [array([0.49195837, 0.70561543, 0.43648961, 0.40773286, 0.45672727,
       0.32648649, 0.48728466, 0.39420935, 0.17322835, 0.42105263]), array([0.49904762, 0.6872093 , 0.42454955, 0.35598086, 0.45593591,
       0.36170213, 0.47826087, 0.41341991, 0.17852523, 0.43688255]), array([0.51899907, 0.67869222, 0.43784994, 0.40854225, 0.47040253,
       0.37214363, 0.5       , 0.41743119, 0.18396846, 0.45182013]), array([0.48339844, 0.68856305, 0.43650794, 0.3877551 , 0.47139588,
       0.36248683, 0.4904277 , 0.38930481, 0.21573604, 0.43498274]), array([0.48393021, 0.66925208, 0.41486412, 0.38411819, 0.46471055,
       0.37800687, 0.49152542, 0.40723982, 0.21090047, 0.41364136])]

estim_algorithm = ts-atc-model, mode = classification, metric = f1score, confidence_scores = doctor-conf, class_specific = False
test err: [0.19054366996059438, 0.16541568984187513, 0.1703346441423927, 0.16214670143890703, 0.17698673170739707]
estimated metric: [array([0.6928702 , 0.72113022, 0.26622844, 0.39779007, 0.36020152,
       0.57992567, 0.37064911, 0.60992909, 0.64406783, 0.77669904]), array([0.66947172, 0.69435432, 0.3136646 , 0.3537118 , 0.39520959,
       0.58471762, 0.3654391 , 0.66883118, 0.59130438, 0.73556232]), array([0.69655797, 0.69038702, 0.28072959, 0.35744682, 0.33240224,
       0.5635739 , 0.39869586, 0.6388889 , 0.55118114, 0.73829202]), array([0.69873891, 0.70876289, 0.30124224, 0.37571159, 0.37283623,
       0.51973686, 0.38640596, 0.62717771, 0.54545457, 0.74617738]), array([0.67556742, 0.7060241 , 0.25669292, 0.35196689, 0.36603222,
       0.55555557, 0.40937351, 0.63380283, 0.64150946, 0.74922601])]
real metric: [array([0.49195837, 0.70561543, 0.43648961, 0.40773286, 0.45672727,
       0.32648649, 0.48728466, 0.39420935, 0.17322835, 0.42105263]), array([0.49904762, 0.6872093 , 0.42454955, 0.35598086, 0.45593591,
       0.36170213, 0.47826087, 0.41341991, 0.17852523, 0.43688255]), array([0.51899907, 0.67869222, 0.43784994, 0.40854225, 0.47040253,
       0.37214363, 0.5       , 0.41743119, 0.18396846, 0.45182013]), array([0.48339844, 0.68856305, 0.43650794, 0.3877551 , 0.47139588,
       0.36248683, 0.4904277 , 0.38930481, 0.21573604, 0.43498274]), array([0.48393021, 0.66925208, 0.41486412, 0.38411819, 0.46471055,
       0.37800687, 0.49152542, 0.40723982, 0.21090047, 0.41364136])]

estim_algorithm = ts-atc-model, mode = classification, metric = f1score, confidence_scores = doctor-conf, class_specific = True
test err: [0.1174639758529001, 0.09652422454647502, 0.0983955949606857, 0.08950716504309214, 0.09604547742386024]
estimated metric: [array([0.45655694, 0.48471616, 0.19812127, 0.35227274, 0.36226416,
       0.38818568, 0.32576124, 0.49230771, 0.27956997, 0.52343752]), array([0.44735407, 0.47344462, 0.2138158 , 0.32071271, 0.39712919,
       0.42222224, 0.32348669, 0.51985561, 0.23913052, 0.42424245]), array([0.45517982, 0.47639797, 0.21416805, 0.33620691, 0.33240224,
       0.34126987, 0.35107914, 0.49808431, 0.19607851, 0.46308727]), array([0.4453125 , 0.49887641, 0.23263329, 0.33786409, 0.37715804,
       0.33948342, 0.33445459, 0.46093752, 0.19354845, 0.4814815 ]), array([0.45402598, 0.48412139, 0.17927632, 0.30638299, 0.37080293,
       0.40613029, 0.34609647, 0.46640318, 0.27200006, 0.45801529])]
real metric: [array([0.49195837, 0.70561543, 0.43648961, 0.40773286, 0.45672727,
       0.32648649, 0.48728466, 0.39420935, 0.17322835, 0.42105263]), array([0.49904762, 0.6872093 , 0.42454955, 0.35598086, 0.45593591,
       0.36170213, 0.47826087, 0.41341991, 0.17852523, 0.43688255]), array([0.51899907, 0.67869222, 0.43784994, 0.40854225, 0.47040253,
       0.37214363, 0.5       , 0.41743119, 0.18396846, 0.45182013]), array([0.48339844, 0.68856305, 0.43650794, 0.3877551 , 0.47139588,
       0.36248683, 0.4904277 , 0.38930481, 0.21573604, 0.43498274]), array([0.48393021, 0.66925208, 0.41486412, 0.38411819, 0.46471055,
       0.37800687, 0.49152542, 0.40723982, 0.21090047, 0.41364136])]

