estim_algorithm = moval-ensemble-cls-f1score, mode = classification, metric = f1score
test err: [0.09818987745233583, 0.06766557181643462, 0.07490537505347646, 0.08083601798582318, 0.07128445654392308]
estimated metric: [array([0.41756988, 0.53635757, 0.32769921, 0.3936472 , 0.47615684,
       0.42372884, 0.62109269, 0.50455929, 0.38834957, 0.43456377]), array([0.41169978, 0.57419213, 0.34060824, 0.38618348, 0.48349308,
       0.40954776, 0.62772114, 0.58086958, 0.22471919, 0.47700172]), array([0.43062533, 0.55276382, 0.3410238 , 0.41588786, 0.47135218,
       0.33600003, 0.62759925, 0.59428573, 0.2117648 , 0.49419056]), array([0.3973363 , 0.57266318, 0.33368311, 0.3887916 , 0.47374063,
       0.39062502, 0.64291433, 0.55696204, 0.23655922, 0.42474918]), array([0.42521994, 0.54617538, 0.372556  , 0.37639199, 0.48315754,
       0.41688657, 0.59245392, 0.54262146, 0.2372882 , 0.4485126 ])]
real metric: [array([0.52544838, 0.68825467, 0.48089592, 0.4       , 0.4882227 ,
       0.33035714, 0.48578595, 0.47280335, 0.18853503, 0.5248227 ]), array([0.5269631 , 0.68453378, 0.45051195, 0.38816362, 0.48506401,
       0.34708995, 0.49043774, 0.5       , 0.17922078, 0.48848849]), array([0.52759085, 0.7142055 , 0.44136017, 0.41529105, 0.51341552,
       0.3505618 , 0.50310816, 0.49730893, 0.1653944 , 0.55944056]), array([0.52844382, 0.69051675, 0.47534247, 0.37154812, 0.49754041,
       0.3580786 , 0.51870119, 0.49565217, 0.18375499, 0.53057199]), array([0.52091255, 0.70722001, 0.45741758, 0.40171674, 0.50138504,
       0.34415584, 0.50618865, 0.47975709, 0.23634053, 0.55339806])]

