estim_algorithm = ac-model, mode = classification, metric = sensitivity, confidence_scores = max_class_probability-conf, class_specific = False
test err: [0.2863545753088087, 0.2671415166000134, 0.27623329080929004, 0.2735773806573786, 0.29097496550571333]
estimated metric: [array([0.88608634, 0.91733661, 0.79908874, 0.78814564, 0.82678659,
       0.82624884, 0.84402085, 0.85449524, 0.81575291, 0.86020654]), array([0.88365828, 0.91966071, 0.79534743, 0.78620199, 0.8212786 ,
       0.81789993, 0.84449528, 0.84504429, 0.79447502, 0.85477363]), array([0.88726212, 0.91136565, 0.80308678, 0.79414712, 0.83561988,
       0.80942262, 0.85026275, 0.84691513, 0.81277857, 0.84103004]), array([0.88925605, 0.91997997, 0.80284186, 0.76521607, 0.83702785,
       0.80458674, 0.8416866 , 0.83587042, 0.81600958, 0.85882395]), array([0.88500106, 0.91471882, 0.80812204, 0.79053088, 0.8250678 ,
       0.79050783, 0.84062985, 0.85937508, 0.83220711, 0.85716645])]
real metric: [array([0.91114458, 0.83492497, 0.64404223, 0.55849582, 0.66943292,
       0.31476323, 0.66233766, 0.37609329, 0.22191011, 0.4115942 ]), array([0.89970501, 0.81756757, 0.67201166, 0.58536585, 0.68829114,
       0.34450402, 0.68319559, 0.39738562, 0.21207658, 0.4234104 ]), array([0.87554905, 0.81346424, 0.63848397, 0.58194444, 0.67556742,
       0.3772791 , 0.65826331, 0.40289855, 0.20789074, 0.39821694]), array([0.89048991, 0.82152589, 0.63812155, 0.58748222, 0.66184971,
       0.3535503 , 0.69464544, 0.43440233, 0.20621469, 0.34971098]), array([0.92067989, 0.80888889, 0.59615385, 0.55730659, 0.66619318,
       0.34936351, 0.65317139, 0.40401146, 0.19799139, 0.41117479])]

estim_algorithm = ac-model, mode = classification, metric = sensitivity, confidence_scores = energy-conf, class_specific = False
test err: [0.3306795845316687, 0.34703697941508976, 0.3371825886714782, 0.3395532985593774, 0.3337305076337335]
estimated metric: [array([0.23226862, 0.29775343, 0.19784885, 0.17667791, 0.20735615,
       0.2301217 , 0.23834893, 0.24633481, 0.22599597, 0.25340851]), array([0.23566777, 0.29689125, 0.2009295 , 0.17995287, 0.20368642,
       0.22239061, 0.23972678, 0.23792281, 0.23682322, 0.24864572]), array([0.23845615, 0.29581962, 0.19775132, 0.17788427, 0.21144787,
       0.22217112, 0.23961127, 0.24302315, 0.229132  , 0.24491761]), array([0.23665351, 0.30204047, 0.2017768 , 0.17104886, 0.20739406,
       0.21959741, 0.23383337, 0.23459475, 0.22843433, 0.25152575]), array([0.23187369, 0.29446921, 0.20040461, 0.17857556, 0.20638493,
       0.21055302, 0.24043569, 0.2439769 , 0.22808617, 0.25305962])]
real metric: [array([0.91114458, 0.83492497, 0.64404223, 0.55849582, 0.66943292,
       0.31476323, 0.66233766, 0.37609329, 0.22191011, 0.4115942 ]), array([0.89970501, 0.81756757, 0.67201166, 0.58536585, 0.68829114,
       0.34450402, 0.68319559, 0.39738562, 0.21207658, 0.4234104 ]), array([0.87554905, 0.81346424, 0.63848397, 0.58194444, 0.67556742,
       0.3772791 , 0.65826331, 0.40289855, 0.20789074, 0.39821694]), array([0.89048991, 0.82152589, 0.63812155, 0.58748222, 0.66184971,
       0.3535503 , 0.69464544, 0.43440233, 0.20621469, 0.34971098]), array([0.92067989, 0.80888889, 0.59615385, 0.55730659, 0.66619318,
       0.34936351, 0.65317139, 0.40401146, 0.19799139, 0.41117479])]

estim_algorithm = ac-model, mode = classification, metric = sensitivity, confidence_scores = entropy-conf, class_specific = False
test err: [0.2658862701708721, 0.24811553587664018, 0.2532476868713724, 0.2533681548125611, 0.26979068217387564]
estimated metric: [array([0.86316045, 0.89842127, 0.77262919, 0.75593029, 0.79502822,
       0.80312385, 0.81693023, 0.82818019, 0.79640608, 0.83782369]), array([0.86235183, 0.90294094, 0.77263276, 0.75360694, 0.79058235,
       0.79386243, 0.82150425, 0.81925979, 0.7846382 , 0.82858297]), array([0.86742802, 0.89522925, 0.77500811, 0.75920823, 0.80481953,
       0.78773698, 0.8274885 , 0.82223727, 0.78959402, 0.81704266]), array([0.86519722, 0.90263345, 0.77594524, 0.73517704, 0.80425825,
       0.78135457, 0.81905973, 0.81306897, 0.79011576, 0.83427895]), array([0.86354245, 0.89382014, 0.77994019, 0.75632333, 0.79289465,
       0.77002903, 0.81812888, 0.83013534, 0.81155107, 0.83220179])]
real metric: [array([0.91114458, 0.83492497, 0.64404223, 0.55849582, 0.66943292,
       0.31476323, 0.66233766, 0.37609329, 0.22191011, 0.4115942 ]), array([0.89970501, 0.81756757, 0.67201166, 0.58536585, 0.68829114,
       0.34450402, 0.68319559, 0.39738562, 0.21207658, 0.4234104 ]), array([0.87554905, 0.81346424, 0.63848397, 0.58194444, 0.67556742,
       0.3772791 , 0.65826331, 0.40289855, 0.20789074, 0.39821694]), array([0.89048991, 0.82152589, 0.63812155, 0.58748222, 0.66184971,
       0.3535503 , 0.69464544, 0.43440233, 0.20621469, 0.34971098]), array([0.92067989, 0.80888889, 0.59615385, 0.55730659, 0.66619318,
       0.34936351, 0.65317139, 0.40401146, 0.19799139, 0.41117479])]

estim_algorithm = ac-model, mode = classification, metric = sensitivity, confidence_scores = doctor-conf, class_specific = False
test err: [0.3586333983323081, 0.34313202466463544, 0.35401368225099794, 0.35153197878702774, 0.36127267285651554]
estimated metric: [array([0.9420956 , 0.9583312 , 0.89629766, 0.88818516, 0.90835313,
       0.91196604, 0.91962857, 0.92749459, 0.91015517, 0.92856588]), array([0.9412903 , 0.95933238, 0.89502154, 0.88532806, 0.90755602,
       0.90486696, 0.92125742, 0.91979831, 0.89634426, 0.92403845]), array([0.94372958, 0.9552966 , 0.89771725, 0.89184992, 0.91550243,
       0.90256301, 0.92304575, 0.91941875, 0.90041424, 0.92015704]), array([0.94398637, 0.96095644, 0.89822526, 0.87329946, 0.91385957,
       0.8962796 , 0.91931882, 0.91378427, 0.90439587, 0.92920714]), array([0.94275804, 0.95810285, 0.89997965, 0.89022006, 0.90796415,
       0.89018568, 0.91864699, 0.92613167, 0.91540967, 0.92826292])]
real metric: [array([0.91114458, 0.83492497, 0.64404223, 0.55849582, 0.66943292,
       0.31476323, 0.66233766, 0.37609329, 0.22191011, 0.4115942 ]), array([0.89970501, 0.81756757, 0.67201166, 0.58536585, 0.68829114,
       0.34450402, 0.68319559, 0.39738562, 0.21207658, 0.4234104 ]), array([0.87554905, 0.81346424, 0.63848397, 0.58194444, 0.67556742,
       0.3772791 , 0.65826331, 0.40289855, 0.20789074, 0.39821694]), array([0.89048991, 0.82152589, 0.63812155, 0.58748222, 0.66184971,
       0.3535503 , 0.69464544, 0.43440233, 0.20621469, 0.34971098]), array([0.92067989, 0.80888889, 0.59615385, 0.55730659, 0.66619318,
       0.34936351, 0.65317139, 0.40401146, 0.19799139, 0.41117479])]

estim_algorithm = ts-model, mode = classification, metric = sensitivity, confidence_scores = max_class_probability-conf, class_specific = False
test err: [0.16955588641995614, 0.16653813692478578, 0.15224472558749338, 0.1634286295998392, 0.1553638779110279]
estimated metric: [array([0.68471556, 0.75460809, 0.56729726, 0.53498772, 0.5931943 ,
       0.60698137, 0.62814306, 0.64437156, 0.59725917, 0.6538754 ]), array([0.68824666, 0.76461749, 0.56934982, 0.54138701, 0.58412703,
       0.59915403, 0.63102235, 0.63079722, 0.59756844, 0.64785185]), array([0.69523482, 0.7506555 , 0.56790227, 0.54206333, 0.59977027,
       0.5905683 , 0.63698358, 0.63995707, 0.59784721, 0.62969736]), array([0.69146894, 0.76243879, 0.57218724, 0.51986439, 0.60026327,
       0.5856024 , 0.62693589, 0.6257449 , 0.5959306 , 0.64993049]), array([0.68413849, 0.7485532 , 0.57559917, 0.53783625, 0.5900391 ,
       0.57296224, 0.62881045, 0.64377152, 0.61451888, 0.64751015])]
real metric: [array([0.91114458, 0.83492497, 0.64404223, 0.55849582, 0.66943292,
       0.31476323, 0.66233766, 0.37609329, 0.22191011, 0.4115942 ]), array([0.89970501, 0.81756757, 0.67201166, 0.58536585, 0.68829114,
       0.34450402, 0.68319559, 0.39738562, 0.21207658, 0.4234104 ]), array([0.87554905, 0.81346424, 0.63848397, 0.58194444, 0.67556742,
       0.3772791 , 0.65826331, 0.40289855, 0.20789074, 0.39821694]), array([0.89048991, 0.82152589, 0.63812155, 0.58748222, 0.66184971,
       0.3535503 , 0.69464544, 0.43440233, 0.20621469, 0.34971098]), array([0.92067989, 0.80888889, 0.59615385, 0.55730659, 0.66619318,
       0.34936351, 0.65317139, 0.40401146, 0.19799139, 0.41117479])]

estim_algorithm = ts-model, mode = classification, metric = sensitivity, confidence_scores = max_class_probability-conf, class_specific = True
test err: [0.10880096864155245, 0.09833060590402629, 0.10267898390469006, 0.10819880792587418, 0.10861023879171512]
estimated metric: [array([0.96315616, 0.96293572, 0.74636505, 0.74053935, 0.72550868,
       0.5495879 , 0.60585405, 0.53237478, 0.32631674, 0.42714305]), array([0.96225578, 0.96260271, 0.74413673, 0.73954461, 0.71776144,
       0.54216634, 0.60862132, 0.51960096, 0.33663425, 0.42434683]), array([0.96281601, 0.95625916, 0.74975595, 0.7462532 , 0.73391679,
       0.5346999 , 0.61424874, 0.52770508, 0.32999212, 0.41267151]), array([0.96654319, 0.96520042, 0.75027769, 0.71784997, 0.73539397,
       0.52985544, 0.60424266, 0.51473279, 0.3292905 , 0.42578891]), array([0.96101992, 0.96473121, 0.75585627, 0.74227016, 0.72279735,
       0.51860188, 0.60683671, 0.52999285, 0.33134727, 0.42491434])]
real metric: [array([0.91114458, 0.83492497, 0.64404223, 0.55849582, 0.66943292,
       0.31476323, 0.66233766, 0.37609329, 0.22191011, 0.4115942 ]), array([0.89970501, 0.81756757, 0.67201166, 0.58536585, 0.68829114,
       0.34450402, 0.68319559, 0.39738562, 0.21207658, 0.4234104 ]), array([0.87554905, 0.81346424, 0.63848397, 0.58194444, 0.67556742,
       0.3772791 , 0.65826331, 0.40289855, 0.20789074, 0.39821694]), array([0.89048991, 0.82152589, 0.63812155, 0.58748222, 0.66184971,
       0.3535503 , 0.69464544, 0.43440233, 0.20621469, 0.34971098]), array([0.92067989, 0.80888889, 0.59615385, 0.55730659, 0.66619318,
       0.34936351, 0.65317139, 0.40401146, 0.19799139, 0.41117479])]

estim_algorithm = ts-model, mode = classification, metric = sensitivity, confidence_scores = energy-conf, class_specific = False
test err: [0.21750123439917654, 0.1998640834398361, 0.20334855322949336, 0.2064166548955817, 0.21783934059572516]
estimated metric: [array([0.70959848, 0.728473  , 0.70853309, 0.70404159, 0.71113931,
       0.71912433, 0.72008355, 0.7219769 , 0.71655571, 0.72422927]), array([0.71032201, 0.72669093, 0.70931092, 0.70470846, 0.71031785,
       0.71639723, 0.72034295, 0.72017981, 0.72070754, 0.7226573 ]), array([0.71059179, 0.72794331, 0.70853929, 0.70377286, 0.71232195,
       0.71703232, 0.71958853, 0.72134121, 0.71842386, 0.72253181]), array([0.71041989, 0.72945237, 0.70964365, 0.70289707, 0.71062184,
       0.71662475, 0.71808136, 0.71898396, 0.71779937, 0.72334822]), array([0.70932395, 0.72756083, 0.70894768, 0.70455038, 0.71104897,
       0.7136213 , 0.72067158, 0.72176763, 0.71574188, 0.72472614])]
real metric: [array([0.91114458, 0.83492497, 0.64404223, 0.55849582, 0.66943292,
       0.31476323, 0.66233766, 0.37609329, 0.22191011, 0.4115942 ]), array([0.89970501, 0.81756757, 0.67201166, 0.58536585, 0.68829114,
       0.34450402, 0.68319559, 0.39738562, 0.21207658, 0.4234104 ]), array([0.87554905, 0.81346424, 0.63848397, 0.58194444, 0.67556742,
       0.3772791 , 0.65826331, 0.40289855, 0.20789074, 0.39821694]), array([0.89048991, 0.82152589, 0.63812155, 0.58748222, 0.66184971,
       0.3535503 , 0.69464544, 0.43440233, 0.20621469, 0.34971098]), array([0.92067989, 0.80888889, 0.59615385, 0.55730659, 0.66619318,
       0.34936351, 0.65317139, 0.40401146, 0.19799139, 0.41117479])]

estim_algorithm = ts-model, mode = classification, metric = sensitivity, confidence_scores = energy-conf, class_specific = True
test err: [0.15315324864972318, 0.14146178193094033, 0.1504340559996681, 0.14908216158458965, 0.15649228488733327]
estimated metric: [array([0.95735355, 0.96398244, 0.85113268, 0.80439525, 0.81623465,
       0.60170394, 0.7000255 , 0.59970786, 0.37646782, 0.46526783]), array([0.95795832, 0.963762  , 0.85173091, 0.80500508, 0.81553741,
       0.5985176 , 0.70029485, 0.59749093, 0.38486434, 0.46296983]), array([0.95802597, 0.96343607, 0.85115511, 0.80417498, 0.81723567,
       0.59925639, 0.69952179, 0.59885234, 0.37985237, 0.46238765]), array([0.95793242, 0.9638321 , 0.85204575, 0.8034384 , 0.81577541,
       0.5987041 , 0.69796201, 0.59597422, 0.37906443, 0.46408581]), array([0.95735097, 0.9632228 , 0.85147692, 0.80487255, 0.81617737,
       0.5951484 , 0.70063767, 0.59941033, 0.37557571, 0.46598506])]
real metric: [array([0.91114458, 0.83492497, 0.64404223, 0.55849582, 0.66943292,
       0.31476323, 0.66233766, 0.37609329, 0.22191011, 0.4115942 ]), array([0.89970501, 0.81756757, 0.67201166, 0.58536585, 0.68829114,
       0.34450402, 0.68319559, 0.39738562, 0.21207658, 0.4234104 ]), array([0.87554905, 0.81346424, 0.63848397, 0.58194444, 0.67556742,
       0.3772791 , 0.65826331, 0.40289855, 0.20789074, 0.39821694]), array([0.89048991, 0.82152589, 0.63812155, 0.58748222, 0.66184971,
       0.3535503 , 0.69464544, 0.43440233, 0.20621469, 0.34971098]), array([0.92067989, 0.80888889, 0.59615385, 0.55730659, 0.66619318,
       0.34936351, 0.65317139, 0.40401146, 0.19799139, 0.41117479])]

estim_algorithm = ts-model, mode = classification, metric = sensitivity, confidence_scores = entropy-conf, class_specific = False
test err: [0.1753098926842697, 0.17051137965056648, 0.157337546712814, 0.16794526717336958, 0.15988801209656342]
estimated metric: [array([0.67238238, 0.74588826, 0.55905236, 0.52000234, 0.5793958 ,
       0.60862496, 0.62604962, 0.63727589, 0.60278209, 0.65116941]), array([0.67805369, 0.75714343, 0.56384131, 0.52632019, 0.57221993,
       0.59627157, 0.63026398, 0.62025104, 0.60636066, 0.64131287]), array([0.68579849, 0.74266464, 0.5599434 , 0.52550195, 0.58646961,
       0.59053498, 0.63542294, 0.632288  , 0.59897113, 0.6303953 ]), array([0.6793924 , 0.75511815, 0.56666551, 0.50634498, 0.58436647,
       0.58481865, 0.62700388, 0.61806301, 0.59823874, 0.64698726]), array([0.67258226, 0.73912243, 0.5674382 , 0.52266958, 0.57708769,
       0.57107868, 0.62800284, 0.63245978, 0.6182366 , 0.64415543])]
real metric: [array([0.91114458, 0.83492497, 0.64404223, 0.55849582, 0.66943292,
       0.31476323, 0.66233766, 0.37609329, 0.22191011, 0.4115942 ]), array([0.89970501, 0.81756757, 0.67201166, 0.58536585, 0.68829114,
       0.34450402, 0.68319559, 0.39738562, 0.21207658, 0.4234104 ]), array([0.87554905, 0.81346424, 0.63848397, 0.58194444, 0.67556742,
       0.3772791 , 0.65826331, 0.40289855, 0.20789074, 0.39821694]), array([0.89048991, 0.82152589, 0.63812155, 0.58748222, 0.66184971,
       0.3535503 , 0.69464544, 0.43440233, 0.20621469, 0.34971098]), array([0.92067989, 0.80888889, 0.59615385, 0.55730659, 0.66619318,
       0.34936351, 0.65317139, 0.40401146, 0.19799139, 0.41117479])]

estim_algorithm = ts-model, mode = classification, metric = sensitivity, confidence_scores = entropy-conf, class_specific = True
test err: [0.10378286465759778, 0.09638076173138589, 0.09723900946363966, 0.09939353136495938, 0.10245128169822655]
estimated metric: [array([0.96054599, 0.96210341, 0.75307033, 0.74139877, 0.72135356,
       0.53783996, 0.60410116, 0.52355909, 0.29448978, 0.3955558 ]), array([0.95922124, 0.96293374, 0.75371176, 0.7394733 , 0.71550773,
       0.52600548, 0.60809376, 0.50525341, 0.31049752, 0.39040133]), array([0.96025467, 0.9573932 , 0.75524049, 0.74459676, 0.73030557,
       0.52079581, 0.61296285, 0.51768658, 0.2978669 , 0.38218977]), array([0.96359898, 0.96406422, 0.75678197, 0.72076564, 0.72951551,
       0.51568033, 0.60442539, 0.50272327, 0.29885335, 0.39507957]), array([0.95992083, 0.96314125, 0.76068007, 0.74176282, 0.71895703,
       0.50196379, 0.60616591, 0.51649152, 0.29809324, 0.39408924])]
real metric: [array([0.91114458, 0.83492497, 0.64404223, 0.55849582, 0.66943292,
       0.31476323, 0.66233766, 0.37609329, 0.22191011, 0.4115942 ]), array([0.89970501, 0.81756757, 0.67201166, 0.58536585, 0.68829114,
       0.34450402, 0.68319559, 0.39738562, 0.21207658, 0.4234104 ]), array([0.87554905, 0.81346424, 0.63848397, 0.58194444, 0.67556742,
       0.3772791 , 0.65826331, 0.40289855, 0.20789074, 0.39821694]), array([0.89048991, 0.82152589, 0.63812155, 0.58748222, 0.66184971,
       0.3535503 , 0.69464544, 0.43440233, 0.20621469, 0.34971098]), array([0.92067989, 0.80888889, 0.59615385, 0.55730659, 0.66619318,
       0.34936351, 0.65317139, 0.40401146, 0.19799139, 0.41117479])]

estim_algorithm = ts-model, mode = classification, metric = sensitivity, confidence_scores = doctor-conf, class_specific = False
test err: [0.18441980908086822, 0.17626807871410438, 0.1642754624340601, 0.17510861466630118, 0.16657334313848965]
estimated metric: [array([0.65286053, 0.73291114, 0.53781764, 0.49058533, 0.55899749,
       0.60912959, 0.62659889, 0.62729337, 0.60051042, 0.6510184 ]), array([0.65921616, 0.74418004, 0.54412524, 0.49574655, 0.55441223,
       0.58840138, 0.63200607, 0.60257797, 0.59790427, 0.63472326]), array([0.66820045, 0.72902519, 0.54167974, 0.49441201, 0.56967467,
       0.58429432, 0.63788783, 0.62167613, 0.59044835, 0.63022863]), array([0.66043723, 0.74252378, 0.55065508, 0.47307339, 0.56367019,
       0.57761634, 0.62852145, 0.60290726, 0.59450521, 0.64470203]), array([0.6538716 , 0.72403621, 0.54916125, 0.49251599, 0.55890143,
       0.55437178, 0.62850192, 0.61857573, 0.6173797 , 0.64254197])]
real metric: [array([0.91114458, 0.83492497, 0.64404223, 0.55849582, 0.66943292,
       0.31476323, 0.66233766, 0.37609329, 0.22191011, 0.4115942 ]), array([0.89970501, 0.81756757, 0.67201166, 0.58536585, 0.68829114,
       0.34450402, 0.68319559, 0.39738562, 0.21207658, 0.4234104 ]), array([0.87554905, 0.81346424, 0.63848397, 0.58194444, 0.67556742,
       0.3772791 , 0.65826331, 0.40289855, 0.20789074, 0.39821694]), array([0.89048991, 0.82152589, 0.63812155, 0.58748222, 0.66184971,
       0.3535503 , 0.69464544, 0.43440233, 0.20621469, 0.34971098]), array([0.92067989, 0.80888889, 0.59615385, 0.55730659, 0.66619318,
       0.34936351, 0.65317139, 0.40401146, 0.19799139, 0.41117479])]

estim_algorithm = ts-model, mode = classification, metric = sensitivity, confidence_scores = doctor-conf, class_specific = True
test err: [0.09808904741275451, 0.08977728638418393, 0.09128865430807324, 0.08339549427974471, 0.09449194279587496]
estimated metric: [array([0.9567994 , 0.95925084, 0.75516277, 0.73281817, 0.72084436,
       0.52131468, 0.59902707, 0.50042635, 0.24096382, 0.35078754]), array([0.9558874 , 0.96021319, 0.75756605, 0.72939595, 0.71748929,
       0.50121361, 0.60418484, 0.47012892, 0.26828248, 0.34791772]), array([0.9576428 , 0.95622102, 0.75746809, 0.73426936, 0.73163302,
       0.49655136, 0.61003607, 0.49300386, 0.24542921, 0.33269885]), array([0.95886641, 0.96183707, 0.76147309, 0.71043148, 0.72717172,
       0.48971473, 0.60007221, 0.47088447, 0.24973025, 0.35262007]), array([0.95723834, 0.95908796, 0.76224524, 0.73328429, 0.71926592,
       0.46519955, 0.60093187, 0.48765411, 0.24931337, 0.35119491])]
real metric: [array([0.91114458, 0.83492497, 0.64404223, 0.55849582, 0.66943292,
       0.31476323, 0.66233766, 0.37609329, 0.22191011, 0.4115942 ]), array([0.89970501, 0.81756757, 0.67201166, 0.58536585, 0.68829114,
       0.34450402, 0.68319559, 0.39738562, 0.21207658, 0.4234104 ]), array([0.87554905, 0.81346424, 0.63848397, 0.58194444, 0.67556742,
       0.3772791 , 0.65826331, 0.40289855, 0.20789074, 0.39821694]), array([0.89048991, 0.82152589, 0.63812155, 0.58748222, 0.66184971,
       0.3535503 , 0.69464544, 0.43440233, 0.20621469, 0.34971098]), array([0.92067989, 0.80888889, 0.59615385, 0.55730659, 0.66619318,
       0.34936351, 0.65317139, 0.40401146, 0.19799139, 0.41117479])]

estim_algorithm = doc-model, mode = classification, metric = sensitivity, confidence_scores = max_class_probability-conf, class_specific = False
test err: [0.17464904470812048, 0.1631983054481969, 0.15681356876912073, 0.158991997366603, 0.17254772266532925]
estimated metric: [array([0.7223705 , 0.75362077, 0.6353729 , 0.6244298 , 0.66307076,
       0.66253301, 0.68030501, 0.69077941, 0.65203708, 0.69649071]), array([0.71994244, 0.75594488, 0.63163159, 0.62248615, 0.65756276,
       0.6541841 , 0.68077944, 0.68132845, 0.63075919, 0.69105779]), array([0.72354628, 0.74764981, 0.63937095, 0.63043128, 0.67190405,
       0.64570679, 0.68654692, 0.68319929, 0.64906274, 0.6773142 ]), array([0.72554021, 0.75626414, 0.63912603, 0.60150023, 0.67331201,
       0.64087091, 0.67797077, 0.67215458, 0.65229375, 0.69510811]), array([0.72128522, 0.75100298, 0.6444062 , 0.62681504, 0.66135197,
       0.626792  , 0.67691402, 0.69565925, 0.66849128, 0.69345061])]
real metric: [array([0.91114458, 0.83492497, 0.64404223, 0.55849582, 0.66943292,
       0.31476323, 0.66233766, 0.37609329, 0.22191011, 0.4115942 ]), array([0.89970501, 0.81756757, 0.67201166, 0.58536585, 0.68829114,
       0.34450402, 0.68319559, 0.39738562, 0.21207658, 0.4234104 ]), array([0.87554905, 0.81346424, 0.63848397, 0.58194444, 0.67556742,
       0.3772791 , 0.65826331, 0.40289855, 0.20789074, 0.39821694]), array([0.89048991, 0.82152589, 0.63812155, 0.58748222, 0.66184971,
       0.3535503 , 0.69464544, 0.43440233, 0.20621469, 0.34971098]), array([0.92067989, 0.80888889, 0.59615385, 0.55730659, 0.66619318,
       0.34936351, 0.65317139, 0.40401146, 0.19799139, 0.41117479])]

estim_algorithm = doc-model, mode = classification, metric = sensitivity, confidence_scores = max_class_probability-conf, class_specific = True
test err: [0.12470991572499981, 0.1113967939012956, 0.11797827323124248, 0.12364613510870101, 0.1265548718040002]
estimated metric: [array([0.95877151, 0.95978298, 0.76571386, 0.74955225, 0.76558464,
       0.59425861, 0.65312529, 0.5688944 , 0.34728276, 0.47044714]), array([0.95713433, 0.96028643, 0.76197255, 0.7476086 , 0.76007665,
       0.5859097 , 0.65359972, 0.55944344, 0.3274948 , 0.46476344]), array([0.9583253 , 0.95491223, 0.7697119 , 0.75555373, 0.77441793,
       0.57743239, 0.6593672 , 0.56131428, 0.34718843, 0.45111711]), array([0.96048805, 0.96170366, 0.76946698, 0.72662268, 0.7758259 ,
       0.57259651, 0.65079105, 0.55036782, 0.35007034, 0.46881258]), array([0.95772131, 0.9606338 , 0.77474716, 0.75193749, 0.76386585,
       0.5585176 , 0.6497343 , 0.57377424, 0.36510839, 0.46756933])]
real metric: [array([0.91114458, 0.83492497, 0.64404223, 0.55849582, 0.66943292,
       0.31476323, 0.66233766, 0.37609329, 0.22191011, 0.4115942 ]), array([0.89970501, 0.81756757, 0.67201166, 0.58536585, 0.68829114,
       0.34450402, 0.68319559, 0.39738562, 0.21207658, 0.4234104 ]), array([0.87554905, 0.81346424, 0.63848397, 0.58194444, 0.67556742,
       0.3772791 , 0.65826331, 0.40289855, 0.20789074, 0.39821694]), array([0.89048991, 0.82152589, 0.63812155, 0.58748222, 0.66184971,
       0.3535503 , 0.69464544, 0.43440233, 0.20621469, 0.34971098]), array([0.92067989, 0.80888889, 0.59615385, 0.55730659, 0.66619318,
       0.34936351, 0.65317139, 0.40401146, 0.19799139, 0.41117479])]

estim_algorithm = doc-model, mode = classification, metric = sensitivity, confidence_scores = energy-conf, class_specific = False
test err: [0.18229903190820634, 0.17467261761007472, 0.16629937826494107, 0.17045332892230597, 0.17902814138498985]
estimated metric: [array([0.66740741, 0.72756897, 0.63258332, 0.6115492 , 0.64232777,
       0.66545999, 0.67361711, 0.67972349, 0.66112675, 0.68705087]), array([0.67090037, 0.72898414, 0.635466  , 0.61517393, 0.63873397,
       0.65760034, 0.67420511, 0.670831  , 0.67041873, 0.68296329]), array([0.67353706, 0.72545128, 0.63258826, 0.61313425, 0.64577398,
       0.65717151, 0.67478372, 0.67710056, 0.66319933, 0.6783834 ]), array([0.67180409, 0.730693  , 0.63648868, 0.60631007, 0.64230821,
       0.65464997, 0.66908426, 0.66900988, 0.66318983, 0.6864798 ]), array([0.66715952, 0.72438552, 0.63519538, 0.61363793, 0.64163592,
       0.64589131, 0.67515703, 0.67626932, 0.66266317, 0.68805927])]
real metric: [array([0.91114458, 0.83492497, 0.64404223, 0.55849582, 0.66943292,
       0.31476323, 0.66233766, 0.37609329, 0.22191011, 0.4115942 ]), array([0.89970501, 0.81756757, 0.67201166, 0.58536585, 0.68829114,
       0.34450402, 0.68319559, 0.39738562, 0.21207658, 0.4234104 ]), array([0.87554905, 0.81346424, 0.63848397, 0.58194444, 0.67556742,
       0.3772791 , 0.65826331, 0.40289855, 0.20789074, 0.39821694]), array([0.89048991, 0.82152589, 0.63812155, 0.58748222, 0.66184971,
       0.3535503 , 0.69464544, 0.43440233, 0.20621469, 0.34971098]), array([0.92067989, 0.80888889, 0.59615385, 0.55730659, 0.66619318,
       0.34936351, 0.65317139, 0.40401146, 0.19799139, 0.41117479])]

estim_algorithm = doc-model, mode = classification, metric = sensitivity, confidence_scores = energy-conf, class_specific = True
test err: [0.11485650611732759, 0.10696909890245868, 0.11091814563408983, 0.11666716497105441, 0.11654224651756975]
estimated metric: [array([0.94366575, 0.9485496 , 0.79523075, 0.76185085, 0.75715542,
       0.56563328, 0.65898016, 0.55175656, 0.33659377, 0.42717293]), array([0.94533044, 0.95188403, 0.79713708, 0.76545864, 0.75387713,
       0.55790219, 0.65964871, 0.54304078, 0.34742101, 0.42241013]), array([0.94680229, 0.94745975, 0.79545973, 0.76373289, 0.76047175,
       0.5576419 , 0.6601559 , 0.54860319, 0.3397298 , 0.41868202]), array([0.94533262, 0.95161344, 0.79884998, 0.75705435, 0.75734781,
       0.55510899, 0.65443048, 0.54017478, 0.33903213, 0.42529016]), array([0.94353234, 0.94612536, 0.79801992, 0.76418292, 0.75709412,
       0.5460646 , 0.66055804, 0.54927211, 0.33868396, 0.42682403])]
real metric: [array([0.91114458, 0.83492497, 0.64404223, 0.55849582, 0.66943292,
       0.31476323, 0.66233766, 0.37609329, 0.22191011, 0.4115942 ]), array([0.89970501, 0.81756757, 0.67201166, 0.58536585, 0.68829114,
       0.34450402, 0.68319559, 0.39738562, 0.21207658, 0.4234104 ]), array([0.87554905, 0.81346424, 0.63848397, 0.58194444, 0.67556742,
       0.3772791 , 0.65826331, 0.40289855, 0.20789074, 0.39821694]), array([0.89048991, 0.82152589, 0.63812155, 0.58748222, 0.66184971,
       0.3535503 , 0.69464544, 0.43440233, 0.20621469, 0.34971098]), array([0.92067989, 0.80888889, 0.59615385, 0.55730659, 0.66619318,
       0.34936351, 0.65317139, 0.40401146, 0.19799139, 0.41117479])]

estim_algorithm = doc-model, mode = classification, metric = sensitivity, confidence_scores = entropy-conf, class_specific = False
test err: [0.17288055658080953, 0.16279667125093875, 0.15426828803756898, 0.15621733842180296, 0.1685226007181111]
estimated metric: [array([0.7158047 , 0.75106553, 0.62527345, 0.60858603, 0.64767248,
       0.65576811, 0.66957448, 0.68082445, 0.64905034, 0.69046794]), array([0.71499608, 0.75558519, 0.62527702, 0.60625119, 0.6432266 ,
       0.64650669, 0.6741485 , 0.67190405, 0.63728246, 0.68122723]), array([0.72007227, 0.7478735 , 0.62765236, 0.61185248, 0.65746378,
       0.64038124, 0.68013276, 0.67488153, 0.64223829, 0.66968692]), array([0.71784147, 0.75527771, 0.62858949, 0.5878213 , 0.6569025 ,
       0.63399882, 0.67170399, 0.66571322, 0.64276002, 0.6869232 ]), array([0.71618671, 0.7464644 , 0.63258445, 0.60896758, 0.6455389 ,
       0.62267329, 0.67078073, 0.6827796 , 0.66419533, 0.68484605])]
real metric: [array([0.91114458, 0.83492497, 0.64404223, 0.55849582, 0.66943292,
       0.31476323, 0.66233766, 0.37609329, 0.22191011, 0.4115942 ]), array([0.89970501, 0.81756757, 0.67201166, 0.58536585, 0.68829114,
       0.34450402, 0.68319559, 0.39738562, 0.21207658, 0.4234104 ]), array([0.87554905, 0.81346424, 0.63848397, 0.58194444, 0.67556742,
       0.3772791 , 0.65826331, 0.40289855, 0.20789074, 0.39821694]), array([0.89048991, 0.82152589, 0.63812155, 0.58748222, 0.66184971,
       0.3535503 , 0.69464544, 0.43440233, 0.20621469, 0.34971098]), array([0.92067989, 0.80888889, 0.59615385, 0.55730659, 0.66619318,
       0.34936351, 0.65317139, 0.40401146, 0.19799139, 0.41117479])]

estim_algorithm = doc-model, mode = classification, metric = sensitivity, confidence_scores = entropy-conf, class_specific = True
test err: [0.1190423390528291, 0.1063732174010962, 0.11127428677228365, 0.11702186218912461, 0.11942839504703506]
estimated metric: [array([0.95264794, 0.95564349, 0.76016944, 0.74440723, 0.74937984,
       0.58434925, 0.64389604, 0.56400383, 0.33773923, 0.46604286]), array([0.95121806, 0.95634315, 0.76017301, 0.74208388, 0.74493396,
       0.57508783, 0.64847006, 0.55508343, 0.32785443, 0.45654675]), array([0.95319768, 0.95261259, 0.76254835, 0.74768517, 0.75917114,
       0.56896238, 0.65445431, 0.55817811, 0.33358175, 0.44429115]), array([0.95350719, 0.95688001, 0.76348548, 0.72365399, 0.75860987,
       0.56257997, 0.64602555, 0.54889791, 0.33637443, 0.46095745]), array([0.95285687, 0.95357083, 0.76748044, 0.74480027, 0.74724626,
       0.55125443, 0.64513534, 0.56599603, 0.3553085 , 0.45949781])]
real metric: [array([0.91114458, 0.83492497, 0.64404223, 0.55849582, 0.66943292,
       0.31476323, 0.66233766, 0.37609329, 0.22191011, 0.4115942 ]), array([0.89970501, 0.81756757, 0.67201166, 0.58536585, 0.68829114,
       0.34450402, 0.68319559, 0.39738562, 0.21207658, 0.4234104 ]), array([0.87554905, 0.81346424, 0.63848397, 0.58194444, 0.67556742,
       0.3772791 , 0.65826331, 0.40289855, 0.20789074, 0.39821694]), array([0.89048991, 0.82152589, 0.63812155, 0.58748222, 0.66184971,
       0.3535503 , 0.69464544, 0.43440233, 0.20621469, 0.34971098]), array([0.92067989, 0.80888889, 0.59615385, 0.55730659, 0.66619318,
       0.34936351, 0.65317139, 0.40401146, 0.19799139, 0.41117479])]

estim_algorithm = doc-model, mode = classification, metric = sensitivity, confidence_scores = doctor-conf, class_specific = False
test err: [0.19894435121585535, 0.17760956772846714, 0.18317299703161144, 0.18410315756223034, 0.19820676039151938]
estimated metric: [array([0.72735657, 0.74359216, 0.68155863, 0.67368877, 0.69362968,
       0.69722701, 0.70488953, 0.71275557, 0.69541614, 0.71382685]), array([0.72655127, 0.74481875, 0.6802825 , 0.67070003, 0.69281699,
       0.69012793, 0.70651839, 0.70505928, 0.68162944, 0.70929942]), array([0.72899055, 0.74055757, 0.68297822, 0.67711088, 0.7007634 ,
       0.68782398, 0.70835984, 0.70467972, 0.68567521, 0.70541801]), array([0.72924733, 0.74621741, 0.68348622, 0.65856043, 0.69912054,
       0.68154057, 0.70457979, 0.69904524, 0.68965685, 0.71446811]), array([0.728019  , 0.74336381, 0.68524061, 0.67548102, 0.69328963,
       0.67544666, 0.70409268, 0.71139264, 0.70078068, 0.71352389])]
real metric: [array([0.91114458, 0.83492497, 0.64404223, 0.55849582, 0.66943292,
       0.31476323, 0.66233766, 0.37609329, 0.22191011, 0.4115942 ]), array([0.89970501, 0.81756757, 0.67201166, 0.58536585, 0.68829114,
       0.34450402, 0.68319559, 0.39738562, 0.21207658, 0.4234104 ]), array([0.87554905, 0.81346424, 0.63848397, 0.58194444, 0.67556742,
       0.3772791 , 0.65826331, 0.40289855, 0.20789074, 0.39821694]), array([0.89048991, 0.82152589, 0.63812155, 0.58748222, 0.66184971,
       0.3535503 , 0.69464544, 0.43440233, 0.20621469, 0.34971098]), array([0.92067989, 0.80888889, 0.59615385, 0.55730659, 0.66619318,
       0.34936351, 0.65317139, 0.40401146, 0.19799139, 0.41117479])]

estim_algorithm = doc-model, mode = classification, metric = sensitivity, confidence_scores = doctor-conf, class_specific = True
test err: [0.14516665896785783, 0.13010617809075345, 0.14063534962390417, 0.1411693573575313, 0.14803191524466996]
estimated metric: [array([0.95526377, 0.95903815, 0.81469738, 0.77565129, 0.79914865,
       0.60544856, 0.67963231, 0.5979616 , 0.38427383, 0.48529008]), array([0.95429124, 0.96000912, 0.81342125, 0.77266689, 0.79835154,
       0.59832886, 0.68124316, 0.59026532, 0.37184827, 0.48024471]), array([0.95624284, 0.95601812, 0.81611697, 0.77918875, 0.80629795,
       0.59602492, 0.68311953, 0.58993265, 0.3767292 , 0.47624033]), array([0.95696312, 0.961648  , 0.81662497, 0.76063829, 0.80465509,
       0.5897415 , 0.67930456, 0.58429683, 0.37986913, 0.48526333]), array([0.95576038, 0.95881155, 0.81837936, 0.77755889, 0.79875967,
       0.58364759, 0.67884998, 0.59659867, 0.39230285, 0.48458515])]
real metric: [array([0.91114458, 0.83492497, 0.64404223, 0.55849582, 0.66943292,
       0.31476323, 0.66233766, 0.37609329, 0.22191011, 0.4115942 ]), array([0.89970501, 0.81756757, 0.67201166, 0.58536585, 0.68829114,
       0.34450402, 0.68319559, 0.39738562, 0.21207658, 0.4234104 ]), array([0.87554905, 0.81346424, 0.63848397, 0.58194444, 0.67556742,
       0.3772791 , 0.65826331, 0.40289855, 0.20789074, 0.39821694]), array([0.89048991, 0.82152589, 0.63812155, 0.58748222, 0.66184971,
       0.3535503 , 0.69464544, 0.43440233, 0.20621469, 0.34971098]), array([0.92067989, 0.80888889, 0.59615385, 0.55730659, 0.66619318,
       0.34936351, 0.65317139, 0.40401146, 0.19799139, 0.41117479])]

estim_algorithm = atc-model, mode = classification, metric = sensitivity, confidence_scores = max_class_probability-conf, class_specific = False
test err: [0.1613324211332186, 0.16838141094911416, 0.1433913804582479, 0.16106261901165156, 0.15709173520684336]
estimated metric: [array([0.70940722, 0.80053192, 0.48908298, 0.4700565 , 0.55860806,
       0.5387454 , 0.59410113, 0.60958905, 0.49246234, 0.63829788]), array([0.70052771, 0.79521277, 0.4806867 , 0.45800672, 0.53394124,
       0.5429448 , 0.61466667, 0.6283988 , 0.48603355, 0.64071857]), array([0.70645385, 0.77892031, 0.50418411, 0.48333334, 0.57909605,
       0.5357143 , 0.64088398, 0.60897437, 0.54385968, 0.58125001]), array([0.71249215, 0.78198434, 0.48717949, 0.42294323, 0.58032129,
       0.5117057 , 0.60622463, 0.59337351, 0.51933704, 0.62711866]), array([0.70852018, 0.76446281, 0.50112108, 0.46292135, 0.55219513,
       0.48888891, 0.5958816 , 0.63548388, 0.55757578, 0.6342183 ])]
real metric: [array([0.91114458, 0.83492497, 0.64404223, 0.55849582, 0.66943292,
       0.31476323, 0.66233766, 0.37609329, 0.22191011, 0.4115942 ]), array([0.89970501, 0.81756757, 0.67201166, 0.58536585, 0.68829114,
       0.34450402, 0.68319559, 0.39738562, 0.21207658, 0.4234104 ]), array([0.87554905, 0.81346424, 0.63848397, 0.58194444, 0.67556742,
       0.3772791 , 0.65826331, 0.40289855, 0.20789074, 0.39821694]), array([0.89048991, 0.82152589, 0.63812155, 0.58748222, 0.66184971,
       0.3535503 , 0.69464544, 0.43440233, 0.20621469, 0.34971098]), array([0.92067989, 0.80888889, 0.59615385, 0.55730659, 0.66619318,
       0.34936351, 0.65317139, 0.40401146, 0.19799139, 0.41117479])]

estim_algorithm = atc-model, mode = classification, metric = sensitivity, confidence_scores = max_class_probability-conf, class_specific = True
test err: [0.08390346048485602, 0.06710710838783115, 0.07818750850692227, 0.08148759993516688, 0.08235139220634997]
estimated metric: [array([0.95296392, 0.9481383 , 0.6790393 , 0.70847458, 0.70970696,
       0.54243544, 0.58005619, 0.47602742, 0.18090456, 0.41945291]), array([0.9505277 , 0.94680851, 0.67381975, 0.70212766, 0.70415401,
       0.54601228, 0.59733334, 0.45015107, 0.21229055, 0.40718565]), array([0.9500347 , 0.937018  , 0.69665272, 0.71333334, 0.7306968 ,
       0.53869049, 0.61878454, 0.4871795 , 0.21052636, 0.34687502]), array([0.95543001, 0.95691906, 0.70299146, 0.66628042, 0.73293173,
       0.52173915, 0.59404601, 0.47590363, 0.16022104, 0.39322036]), array([0.95131326, 0.95454546, 0.6984305 , 0.72359551, 0.70341464,
       0.48888891, 0.58301159, 0.50000002, 0.20606065, 0.38348084])]
real metric: [array([0.91114458, 0.83492497, 0.64404223, 0.55849582, 0.66943292,
       0.31476323, 0.66233766, 0.37609329, 0.22191011, 0.4115942 ]), array([0.89970501, 0.81756757, 0.67201166, 0.58536585, 0.68829114,
       0.34450402, 0.68319559, 0.39738562, 0.21207658, 0.4234104 ]), array([0.87554905, 0.81346424, 0.63848397, 0.58194444, 0.67556742,
       0.3772791 , 0.65826331, 0.40289855, 0.20789074, 0.39821694]), array([0.89048991, 0.82152589, 0.63812155, 0.58748222, 0.66184971,
       0.3535503 , 0.69464544, 0.43440233, 0.20621469, 0.34971098]), array([0.92067989, 0.80888889, 0.59615385, 0.55730659, 0.66619318,
       0.34936351, 0.65317139, 0.40401146, 0.19799139, 0.41117479])]

estim_algorithm = atc-model, mode = classification, metric = sensitivity, confidence_scores = energy-conf, class_specific = False
test err: [0.21970164007111875, 0.20785252654981848, 0.19703985200347557, 0.20149005186443683, 0.19893590639151745]
estimated metric: [array([0.57409794, 0.69281915, 0.41157206, 0.33559323, 0.45604396,
       0.56088563, 0.6025281 , 0.57876714, 0.53266334, 0.6413374 ]), array([0.58575198, 0.71675532, 0.40879829, 0.35722285, 0.45592706,
       0.51840492, 0.59333334, 0.51057403, 0.56983243, 0.62874253]), array([0.58848022, 0.68123394, 0.41108787, 0.36111112, 0.47457628,
       0.51488097, 0.6160221 , 0.58012822, 0.53216377, 0.61875001]), array([0.57689894, 0.71018277, 0.42948719, 0.3267671 , 0.48293173,
       0.49498329, 0.59945873, 0.53915664, 0.53591163, 0.620339  ]), array([0.56310058, 0.66391185, 0.42152467, 0.34382023, 0.47707318,
       0.4793651 , 0.5945946 , 0.5451613 , 0.56363639, 0.62536874])]
real metric: [array([0.91114458, 0.83492497, 0.64404223, 0.55849582, 0.66943292,
       0.31476323, 0.66233766, 0.37609329, 0.22191011, 0.4115942 ]), array([0.89970501, 0.81756757, 0.67201166, 0.58536585, 0.68829114,
       0.34450402, 0.68319559, 0.39738562, 0.21207658, 0.4234104 ]), array([0.87554905, 0.81346424, 0.63848397, 0.58194444, 0.67556742,
       0.3772791 , 0.65826331, 0.40289855, 0.20789074, 0.39821694]), array([0.89048991, 0.82152589, 0.63812155, 0.58748222, 0.66184971,
       0.3535503 , 0.69464544, 0.43440233, 0.20621469, 0.34971098]), array([0.92067989, 0.80888889, 0.59615385, 0.55730659, 0.66619318,
       0.34936351, 0.65317139, 0.40401146, 0.19799139, 0.41117479])]

estim_algorithm = atc-model, mode = classification, metric = sensitivity, confidence_scores = energy-conf, class_specific = True
test err: [0.07935682085195381, 0.0752555146405267, 0.07116160496221242, 0.07238501632830437, 0.06793328182589609]
estimated metric: [array([0.94201031, 0.94547872, 0.70742358, 0.66101695, 0.6492674 ,
       0.45018452, 0.55337079, 0.45205481, 0.19597994, 0.29179333]), array([0.9505277 , 0.94946809, 0.72532189, 0.65061591, 0.66160081,
       0.44171781, 0.53200001, 0.38972812, 0.26256987, 0.30538924]), array([0.95905621, 0.93316195, 0.7332636 , 0.64777778, 0.65630885,
       0.40773811, 0.5621547 , 0.43589745, 0.18713455, 0.25000002]), array([0.95856874, 0.95953003, 0.75854701, 0.63499421, 0.65060241,
       0.40133781, 0.54262518, 0.38554219, 0.22099452, 0.2745763 ]), array([0.95195388, 0.94628099, 0.74663677, 0.66292135, 0.67414634,
       0.35238097, 0.54311455, 0.41935486, 0.20000005, 0.29498527])]
real metric: [array([0.91114458, 0.83492497, 0.64404223, 0.55849582, 0.66943292,
       0.31476323, 0.66233766, 0.37609329, 0.22191011, 0.4115942 ]), array([0.89970501, 0.81756757, 0.67201166, 0.58536585, 0.68829114,
       0.34450402, 0.68319559, 0.39738562, 0.21207658, 0.4234104 ]), array([0.87554905, 0.81346424, 0.63848397, 0.58194444, 0.67556742,
       0.3772791 , 0.65826331, 0.40289855, 0.20789074, 0.39821694]), array([0.89048991, 0.82152589, 0.63812155, 0.58748222, 0.66184971,
       0.3535503 , 0.69464544, 0.43440233, 0.20621469, 0.34971098]), array([0.92067989, 0.80888889, 0.59615385, 0.55730659, 0.66619318,
       0.34936351, 0.65317139, 0.40401146, 0.19799139, 0.41117479])]

estim_algorithm = atc-model, mode = classification, metric = sensitivity, confidence_scores = entropy-conf, class_specific = False
test err: [0.16916482341553485, 0.17118071994778444, 0.14812343023327906, 0.16377912678728318, 0.16180741598265466]
estimated metric: [array([0.70489691, 0.80053192, 0.47707424, 0.43954803, 0.54945055,
       0.53136533, 0.58567416, 0.59246577, 0.52763821, 0.6413374 ]), array([0.6939314 , 0.79521277, 0.47532189, 0.44904816, 0.51671733,
       0.54601228, 0.60000001, 0.61329306, 0.49720673, 0.61676648]), array([0.70992367, 0.77377892, 0.48012553, 0.45444445, 0.5621469 ,
       0.50000001, 0.62845304, 0.60256412, 0.55555558, 0.57500001]), array([0.70370371, 0.7845953 , 0.47435898, 0.41251449, 0.56325302,
       0.49832778, 0.60351827, 0.58132531, 0.51933704, 0.63050849]), array([0.69506727, 0.76859504, 0.50336323, 0.44606742, 0.53756098,
       0.4825397 , 0.58944659, 0.62580646, 0.5757576 , 0.6342183 ])]
real metric: [array([0.91114458, 0.83492497, 0.64404223, 0.55849582, 0.66943292,
       0.31476323, 0.66233766, 0.37609329, 0.22191011, 0.4115942 ]), array([0.89970501, 0.81756757, 0.67201166, 0.58536585, 0.68829114,
       0.34450402, 0.68319559, 0.39738562, 0.21207658, 0.4234104 ]), array([0.87554905, 0.81346424, 0.63848397, 0.58194444, 0.67556742,
       0.3772791 , 0.65826331, 0.40289855, 0.20789074, 0.39821694]), array([0.89048991, 0.82152589, 0.63812155, 0.58748222, 0.66184971,
       0.3535503 , 0.69464544, 0.43440233, 0.20621469, 0.34971098]), array([0.92067989, 0.80888889, 0.59615385, 0.55730659, 0.66619318,
       0.34936351, 0.65317139, 0.40401146, 0.19799139, 0.41117479])]

estim_algorithm = atc-model, mode = classification, metric = sensitivity, confidence_scores = entropy-conf, class_specific = True
test err: [0.07640299864218439, 0.06810451183350937, 0.0778767784578666, 0.07448355241741242, 0.07967290802398258]
estimated metric: [array([0.94458763, 0.9375    , 0.68122271, 0.66779661, 0.71886447,
       0.51660518, 0.56039326, 0.47260276, 0.20100507, 0.42249242]), array([0.94656992, 0.94148936, 0.69206009, 0.64389698, 0.71327255,
       0.53680983, 0.55733334, 0.44712993, 0.23463691, 0.40718565]), array([0.95766829, 0.93958869, 0.70188285, 0.67777778, 0.74670433,
       0.49404763, 0.58563536, 0.4871795 , 0.21052636, 0.33437502]), array([0.94538606, 0.95039165, 0.71581197, 0.60950174, 0.74397591,
       0.48829433, 0.56156969, 0.47289158, 0.17679563, 0.39322036]), array([0.95067265, 0.93526171, 0.71860987, 0.66516854, 0.71804878,
       0.4793651 , 0.55984557, 0.50000002, 0.21212126, 0.3864307 ])]
real metric: [array([0.91114458, 0.83492497, 0.64404223, 0.55849582, 0.66943292,
       0.31476323, 0.66233766, 0.37609329, 0.22191011, 0.4115942 ]), array([0.89970501, 0.81756757, 0.67201166, 0.58536585, 0.68829114,
       0.34450402, 0.68319559, 0.39738562, 0.21207658, 0.4234104 ]), array([0.87554905, 0.81346424, 0.63848397, 0.58194444, 0.67556742,
       0.3772791 , 0.65826331, 0.40289855, 0.20789074, 0.39821694]), array([0.89048991, 0.82152589, 0.63812155, 0.58748222, 0.66184971,
       0.3535503 , 0.69464544, 0.43440233, 0.20621469, 0.34971098]), array([0.92067989, 0.80888889, 0.59615385, 0.55730659, 0.66619318,
       0.34936351, 0.65317139, 0.40401146, 0.19799139, 0.41117479])]

estim_algorithm = atc-model, mode = classification, metric = sensitivity, confidence_scores = doctor-conf, class_specific = False
test err: [0.16175479212986862, 0.16942222444036895, 0.144238105331729, 0.1620128111069879, 0.15819362671236772]
estimated metric: [array([0.70811856, 0.79920213, 0.48580787, 0.46666667, 0.55860806,
       0.5387454 , 0.59269663, 0.6061644 , 0.49246234, 0.63525837]), array([0.70118734, 0.79654256, 0.47854078, 0.45800672, 0.52887538,
       0.53987731, 0.61200001, 0.6283988 , 0.49162014, 0.64071857]), array([0.70645385, 0.77763496, 0.50209206, 0.47555556, 0.57721281,
       0.52976192, 0.63950277, 0.60897437, 0.54385968, 0.58125001]), array([0.71060892, 0.78067885, 0.48504274, 0.41946698, 0.57831326,
       0.50836122, 0.60757781, 0.59337351, 0.51933704, 0.63050849]), array([0.70531711, 0.76584022, 0.50000001, 0.45842697, 0.54829269,
       0.4857143 , 0.5933076 , 0.63870969, 0.55757578, 0.63126845])]
real metric: [array([0.91114458, 0.83492497, 0.64404223, 0.55849582, 0.66943292,
       0.31476323, 0.66233766, 0.37609329, 0.22191011, 0.4115942 ]), array([0.89970501, 0.81756757, 0.67201166, 0.58536585, 0.68829114,
       0.34450402, 0.68319559, 0.39738562, 0.21207658, 0.4234104 ]), array([0.87554905, 0.81346424, 0.63848397, 0.58194444, 0.67556742,
       0.3772791 , 0.65826331, 0.40289855, 0.20789074, 0.39821694]), array([0.89048991, 0.82152589, 0.63812155, 0.58748222, 0.66184971,
       0.3535503 , 0.69464544, 0.43440233, 0.20621469, 0.34971098]), array([0.92067989, 0.80888889, 0.59615385, 0.55730659, 0.66619318,
       0.34936351, 0.65317139, 0.40401146, 0.19799139, 0.41117479])]

estim_algorithm = atc-model, mode = classification, metric = sensitivity, confidence_scores = doctor-conf, class_specific = True
test err: [0.08360123200338418, 0.0675539804280294, 0.07847061124346802, 0.07947077984235895, 0.08191500755606924]
estimated metric: [array([0.94201031, 0.95079787, 0.69323144, 0.71638418, 0.70421246,
       0.52767529, 0.58005619, 0.47945207, 0.18090456, 0.41945291]), array([0.94261214, 0.9587766 , 0.68991417, 0.68645017, 0.70212766,
       0.53374235, 0.59466667, 0.45619337, 0.21787714, 0.40718565]), array([0.944483  , 0.95372751, 0.70920502, 0.70666667, 0.72975518,
       0.52083335, 0.61740332, 0.49038463, 0.21052636, 0.34687502]), array([0.94036409, 0.96605744, 0.72115385, 0.65121669, 0.72891567,
       0.50501674, 0.58863329, 0.48493977, 0.17127076, 0.39322036]), array([0.94298527, 0.95730028, 0.71524664, 0.71910113, 0.70048781,
       0.47619049, 0.58172459, 0.50322582, 0.20606065, 0.38348084])]
real metric: [array([0.91114458, 0.83492497, 0.64404223, 0.55849582, 0.66943292,
       0.31476323, 0.66233766, 0.37609329, 0.22191011, 0.4115942 ]), array([0.89970501, 0.81756757, 0.67201166, 0.58536585, 0.68829114,
       0.34450402, 0.68319559, 0.39738562, 0.21207658, 0.4234104 ]), array([0.87554905, 0.81346424, 0.63848397, 0.58194444, 0.67556742,
       0.3772791 , 0.65826331, 0.40289855, 0.20789074, 0.39821694]), array([0.89048991, 0.82152589, 0.63812155, 0.58748222, 0.66184971,
       0.3535503 , 0.69464544, 0.43440233, 0.20621469, 0.34971098]), array([0.92067989, 0.80888889, 0.59615385, 0.55730659, 0.66619318,
       0.34936351, 0.65317139, 0.40401146, 0.19799139, 0.41117479])]

estim_algorithm = ts-atc-model, mode = classification, metric = sensitivity, confidence_scores = max_class_probability-conf, class_specific = False
test err: [0.18751145695364316, 0.18447519288798117, 0.1645516605246955, 0.1764035395098037, 0.17383382006072468]
estimated metric: [array([0.6746134 , 0.77260639, 0.43777293, 0.39661018, 0.50549451,
       0.5387454 , 0.57443821, 0.58904111, 0.51758796, 0.63525837]), array([0.66754618, 0.7819149 , 0.45171674, 0.39865622, 0.48733536,
       0.51226995, 0.56800001, 0.57099699, 0.52513969, 0.6227545 ]), array([0.6870229 , 0.75321337, 0.4497908 , 0.40777778, 0.51694916,
       0.49404763, 0.59944752, 0.59294873, 0.54385968, 0.57187501]), array([0.67608286, 0.76892951, 0.45085471, 0.39165702, 0.53514057,
       0.48494985, 0.57916103, 0.57228917, 0.54143649, 0.61694917]), array([0.66559898, 0.7369146 , 0.46300449, 0.38988765, 0.50341464,
       0.45079367, 0.57014158, 0.5935484 , 0.56363639, 0.61946904])]
real metric: [array([0.91114458, 0.83492497, 0.64404223, 0.55849582, 0.66943292,
       0.31476323, 0.66233766, 0.37609329, 0.22191011, 0.4115942 ]), array([0.89970501, 0.81756757, 0.67201166, 0.58536585, 0.68829114,
       0.34450402, 0.68319559, 0.39738562, 0.21207658, 0.4234104 ]), array([0.87554905, 0.81346424, 0.63848397, 0.58194444, 0.67556742,
       0.3772791 , 0.65826331, 0.40289855, 0.20789074, 0.39821694]), array([0.89048991, 0.82152589, 0.63812155, 0.58748222, 0.66184971,
       0.3535503 , 0.69464544, 0.43440233, 0.20621469, 0.34971098]), array([0.92067989, 0.80888889, 0.59615385, 0.55730659, 0.66619318,
       0.34936351, 0.65317139, 0.40401146, 0.19799139, 0.41117479])]

estim_algorithm = ts-atc-model, mode = classification, metric = sensitivity, confidence_scores = max_class_probability-conf, class_specific = True
test err: [0.09368133237238507, 0.07984757402193798, 0.0876901268639905, 0.07502919403672514, 0.08653486963005544]
estimated metric: [array([0.96649485, 0.96276596, 0.69650655, 0.71525424, 0.71794872,
       0.50184504, 0.5519663 , 0.45205481, 0.20100507, 0.31003042]), array([0.97031662, 0.95744681, 0.68884121, 0.69092945, 0.71327255,
       0.50613498, 0.54933334, 0.4138973 , 0.23463691, 0.31736529]), array([0.96738376, 0.94987147, 0.70502092, 0.70777778, 0.74293786,
       0.4732143 , 0.57734807, 0.46474361, 0.18713455, 0.26875002]), array([0.97300691, 0.97127937, 0.72542735, 0.65469294, 0.74598394,
       0.45150504, 0.55886333, 0.43373496, 0.2099448 , 0.3084746 ]), array([0.96348495, 0.96556474, 0.71860987, 0.71797753, 0.71024391,
       0.42857145, 0.55083656, 0.46451615, 0.19393944, 0.31858409])]
real metric: [array([0.91114458, 0.83492497, 0.64404223, 0.55849582, 0.66943292,
       0.31476323, 0.66233766, 0.37609329, 0.22191011, 0.4115942 ]), array([0.89970501, 0.81756757, 0.67201166, 0.58536585, 0.68829114,
       0.34450402, 0.68319559, 0.39738562, 0.21207658, 0.4234104 ]), array([0.87554905, 0.81346424, 0.63848397, 0.58194444, 0.67556742,
       0.3772791 , 0.65826331, 0.40289855, 0.20789074, 0.39821694]), array([0.89048991, 0.82152589, 0.63812155, 0.58748222, 0.66184971,
       0.3535503 , 0.69464544, 0.43440233, 0.20621469, 0.34971098]), array([0.92067989, 0.80888889, 0.59615385, 0.55730659, 0.66619318,
       0.34936351, 0.65317139, 0.40401146, 0.19799139, 0.41117479])]

estim_algorithm = ts-atc-model, mode = classification, metric = sensitivity, confidence_scores = energy-conf, class_specific = False
test err: [0.23706473476773976, 0.20923351700896475, 0.2022456046239311, 0.21448196877225723, 0.2025722093456924]
estimated metric: [array([0.4890464 , 0.60638298, 0.46943232, 0.38757063, 0.50457876,
       0.67158673, 0.6769663 , 0.63356166, 0.57286434, 0.6413374 ]), array([0.50989446, 0.6462766 , 0.47532189, 0.39305712, 0.51874367,
       0.60429449, 0.66133334, 0.53172207, 0.57541902, 0.61676648]), array([0.51075642, 0.61568124, 0.48221758, 0.40444445, 0.53107345,
       0.60119049, 0.68232045, 0.57692309, 0.54385968, 0.62187501]), array([0.52793472, 0.64099217, 0.49893163, 0.37427579, 0.50702812,
       0.61872911, 0.65764547, 0.55722893, 0.57458566, 0.65084747]), array([0.49903908, 0.60192838, 0.47982063, 0.4011236 , 0.53268293,
       0.55873017, 0.64478765, 0.57096776, 0.56363639, 0.65191741])]
real metric: [array([0.91114458, 0.83492497, 0.64404223, 0.55849582, 0.66943292,
       0.31476323, 0.66233766, 0.37609329, 0.22191011, 0.4115942 ]), array([0.89970501, 0.81756757, 0.67201166, 0.58536585, 0.68829114,
       0.34450402, 0.68319559, 0.39738562, 0.21207658, 0.4234104 ]), array([0.87554905, 0.81346424, 0.63848397, 0.58194444, 0.67556742,
       0.3772791 , 0.65826331, 0.40289855, 0.20789074, 0.39821694]), array([0.89048991, 0.82152589, 0.63812155, 0.58748222, 0.66184971,
       0.3535503 , 0.69464544, 0.43440233, 0.20621469, 0.34971098]), array([0.92067989, 0.80888889, 0.59615385, 0.55730659, 0.66619318,
       0.34936351, 0.65317139, 0.40401146, 0.19799139, 0.41117479])]

estim_algorithm = ts-atc-model, mode = classification, metric = sensitivity, confidence_scores = energy-conf, class_specific = True
test err: [0.07459880925181603, 0.0836541532936644, 0.07639090798057065, 0.08104056747926189, 0.07470388256677574]
estimated metric: [array([0.9375    , 0.95478723, 0.70742358, 0.67457627, 0.62912088,
       0.42066423, 0.57303371, 0.4212329 , 0.19597994, 0.29787236]), array([0.9439314 , 0.95478723, 0.71030043, 0.68756999, 0.63323202,
       0.41104296, 0.53466667, 0.36253778, 0.27374306, 0.27544912]), array([0.95489244, 0.93830334, 0.74476988, 0.66888889, 0.6346516 ,
       0.38988097, 0.5441989 , 0.4294872 , 0.21637431, 0.23437502]), array([0.95103578, 0.96083551, 0.74252137, 0.67786791, 0.61345382,
       0.37458196, 0.5209743 , 0.3614458 , 0.2375691 , 0.28135596]), array([0.93657912, 0.95179063, 0.73206278, 0.69101124, 0.64      ,
       0.33650796, 0.53667954, 0.40000002, 0.17575763, 0.2743363 ])]
real metric: [array([0.91114458, 0.83492497, 0.64404223, 0.55849582, 0.66943292,
       0.31476323, 0.66233766, 0.37609329, 0.22191011, 0.4115942 ]), array([0.89970501, 0.81756757, 0.67201166, 0.58536585, 0.68829114,
       0.34450402, 0.68319559, 0.39738562, 0.21207658, 0.4234104 ]), array([0.87554905, 0.81346424, 0.63848397, 0.58194444, 0.67556742,
       0.3772791 , 0.65826331, 0.40289855, 0.20789074, 0.39821694]), array([0.89048991, 0.82152589, 0.63812155, 0.58748222, 0.66184971,
       0.3535503 , 0.69464544, 0.43440233, 0.20621469, 0.34971098]), array([0.92067989, 0.80888889, 0.59615385, 0.55730659, 0.66619318,
       0.34936351, 0.65317139, 0.40401146, 0.19799139, 0.41117479])]

estim_algorithm = ts-atc-model, mode = classification, metric = sensitivity, confidence_scores = entropy-conf, class_specific = False
test err: [0.20650649764022208, 0.2016986595822477, 0.18815826982989112, 0.19386341632808407, 0.1934829759780133]
estimated metric: [array([0.64755155, 0.74601064, 0.40829695, 0.35028249, 0.45054946,
       0.52767529, 0.5519663 , 0.56506851, 0.53266334, 0.63829788]), array([0.65633246, 0.7606383 , 0.42167383, 0.35722285, 0.44883486,
       0.50613498, 0.54133334, 0.51359518, 0.59776539, 0.61676648]), array([0.64885496, 0.73650386, 0.41527197, 0.36333334, 0.46516008,
       0.50000001, 0.56353592, 0.57692309, 0.54970763, 0.59062501]), array([0.64971752, 0.76370757, 0.42200855, 0.33371959, 0.48594378,
       0.46822744, 0.56156969, 0.55421688, 0.5690608 , 0.61355934]), array([0.63741192, 0.71212122, 0.42600898, 0.34382023, 0.45853659,
       0.43174605, 0.53667954, 0.56129034, 0.60000002, 0.61651919])]
real metric: [array([0.91114458, 0.83492497, 0.64404223, 0.55849582, 0.66943292,
       0.31476323, 0.66233766, 0.37609329, 0.22191011, 0.4115942 ]), array([0.89970501, 0.81756757, 0.67201166, 0.58536585, 0.68829114,
       0.34450402, 0.68319559, 0.39738562, 0.21207658, 0.4234104 ]), array([0.87554905, 0.81346424, 0.63848397, 0.58194444, 0.67556742,
       0.3772791 , 0.65826331, 0.40289855, 0.20789074, 0.39821694]), array([0.89048991, 0.82152589, 0.63812155, 0.58748222, 0.66184971,
       0.3535503 , 0.69464544, 0.43440233, 0.20621469, 0.34971098]), array([0.92067989, 0.80888889, 0.59615385, 0.55730659, 0.66619318,
       0.34936351, 0.65317139, 0.40401146, 0.19799139, 0.41117479])]

estim_algorithm = ts-atc-model, mode = classification, metric = sensitivity, confidence_scores = entropy-conf, class_specific = True
test err: [0.08183569235673901, 0.06884675482181629, 0.07676669154004578, 0.06596428734929034, 0.07355621078028292]
estimated metric: [array([0.96713918, 0.9481383 , 0.68122271, 0.66327684, 0.68864469,
       0.498155  , 0.54353933, 0.43835618, 0.20603019, 0.30395139]), array([0.96635884, 0.95079787, 0.69527897, 0.64277716, 0.69199595,
       0.44171781, 0.52666667, 0.38670697, 0.2458101 , 0.31736529]), array([0.96599584, 0.93830334, 0.6997908 , 0.67333334, 0.71092279,
       0.44940478, 0.55248619, 0.43910258, 0.18713455, 0.26875002]), array([0.96924043, 0.96214099, 0.7190171 , 0.60834299, 0.70080322,
       0.41471574, 0.55886333, 0.39457833, 0.22099452, 0.30169494]), array([0.96092249, 0.95730028, 0.72309417, 0.66179776, 0.67804878,
       0.3777778 , 0.52638353, 0.42580647, 0.17575763, 0.30678468])]
real metric: [array([0.91114458, 0.83492497, 0.64404223, 0.55849582, 0.66943292,
       0.31476323, 0.66233766, 0.37609329, 0.22191011, 0.4115942 ]), array([0.89970501, 0.81756757, 0.67201166, 0.58536585, 0.68829114,
       0.34450402, 0.68319559, 0.39738562, 0.21207658, 0.4234104 ]), array([0.87554905, 0.81346424, 0.63848397, 0.58194444, 0.67556742,
       0.3772791 , 0.65826331, 0.40289855, 0.20789074, 0.39821694]), array([0.89048991, 0.82152589, 0.63812155, 0.58748222, 0.66184971,
       0.3535503 , 0.69464544, 0.43440233, 0.20621469, 0.34971098]), array([0.92067989, 0.80888889, 0.59615385, 0.55730659, 0.66619318,
       0.34936351, 0.65317139, 0.40401146, 0.19799139, 0.41117479])]

estim_algorithm = ts-atc-model, mode = classification, metric = sensitivity, confidence_scores = doctor-conf, class_specific = False
test err: [0.21276326573394405, 0.20269715684502104, 0.19171968522727484, 0.19923218386693456, 0.19947056145483355]
estimated metric: [array([0.62306701, 0.72473405, 0.39410481, 0.34237289, 0.42857143,
       0.52398526, 0.56460675, 0.55821919, 0.53768847, 0.62917934]), array([0.6378628 , 0.74069149, 0.40987125, 0.34490482, 0.43566363,
       0.48773008, 0.54133334, 0.489426  , 0.5865922 , 0.60479043]), array([0.63219986, 0.72622108, 0.41108787, 0.35444445, 0.44821093,
       0.49107144, 0.56906078, 0.56730771, 0.55555558, 0.58750001]), array([0.62146893, 0.75326371, 0.4155983 , 0.31517961, 0.47289157,
       0.46153848, 0.56156969, 0.54216869, 0.55801107, 0.620339  ]), array([0.61819347, 0.70523416, 0.40695068, 0.33146068, 0.45170732,
       0.42857145, 0.54054055, 0.55483872, 0.60606063, 0.61946904])]
real metric: [array([0.91114458, 0.83492497, 0.64404223, 0.55849582, 0.66943292,
       0.31476323, 0.66233766, 0.37609329, 0.22191011, 0.4115942 ]), array([0.89970501, 0.81756757, 0.67201166, 0.58536585, 0.68829114,
       0.34450402, 0.68319559, 0.39738562, 0.21207658, 0.4234104 ]), array([0.87554905, 0.81346424, 0.63848397, 0.58194444, 0.67556742,
       0.3772791 , 0.65826331, 0.40289855, 0.20789074, 0.39821694]), array([0.89048991, 0.82152589, 0.63812155, 0.58748222, 0.66184971,
       0.3535503 , 0.69464544, 0.43440233, 0.20621469, 0.34971098]), array([0.92067989, 0.80888889, 0.59615385, 0.55730659, 0.66619318,
       0.34936351, 0.65317139, 0.40401146, 0.19799139, 0.41117479])]

estim_algorithm = ts-atc-model, mode = classification, metric = sensitivity, confidence_scores = doctor-conf, class_specific = True
test err: [0.08156548384896005, 0.07113086521461792, 0.07222120442350478, 0.06512858403849747, 0.0719763966556631]
estimated metric: [array([0.94072165, 0.95345745, 0.70524018, 0.67570622, 0.68315019,
       0.47970482, 0.55758428, 0.4452055 , 0.19597994, 0.30091188]), array([0.94129288, 0.95744681, 0.71137339, 0.6450168 , 0.67477204,
       0.44478529, 0.52266667, 0.38066467, 0.2458101 , 0.31736529]), array([0.93684941, 0.95372751, 0.70606695, 0.67888889, 0.69397364,
       0.43452383, 0.56077349, 0.44230771, 0.1812866 , 0.28125002]), array([0.93785311, 0.96866841, 0.71794872, 0.63267671, 0.68172691,
       0.41471574, 0.55345061, 0.38554219, 0.21546966, 0.29830511]), array([0.93850096, 0.95730028, 0.72309417, 0.68202248, 0.6692683 ,
       0.37460319, 0.53153154, 0.43225808, 0.17575763, 0.30973453])]
real metric: [array([0.91114458, 0.83492497, 0.64404223, 0.55849582, 0.66943292,
       0.31476323, 0.66233766, 0.37609329, 0.22191011, 0.4115942 ]), array([0.89970501, 0.81756757, 0.67201166, 0.58536585, 0.68829114,
       0.34450402, 0.68319559, 0.39738562, 0.21207658, 0.4234104 ]), array([0.87554905, 0.81346424, 0.63848397, 0.58194444, 0.67556742,
       0.3772791 , 0.65826331, 0.40289855, 0.20789074, 0.39821694]), array([0.89048991, 0.82152589, 0.63812155, 0.58748222, 0.66184971,
       0.3535503 , 0.69464544, 0.43440233, 0.20621469, 0.34971098]), array([0.92067989, 0.80888889, 0.59615385, 0.55730659, 0.66619318,
       0.34936351, 0.65317139, 0.40401146, 0.19799139, 0.41117479])]

