estim_algorithm = ac-model, mode = classification, metric = precision, confidence_scores = max_class_probability-conf, class_specific = False
test err: [0.27944712216077805, 0.2635747130096943, 0.26152246450335015, 0.2688489695502561, 0.2708877866379501]
estimated metric: [array([0.95928438, 0.92515906, 0.88059286, 0.88509816, 0.86945268,
       0.8532466 , 0.86247821, 0.79380846, 0.48130933, 0.75147511]), array([0.95573863, 0.92379067, 0.88023369, 0.8891472 , 0.87781457,
       0.83934128, 0.85412046, 0.81178257, 0.50369824, 0.75629509]), array([0.95710673, 0.92656824, 0.88072193, 0.89021751, 0.87961588,
       0.82950982, 0.86158267, 0.80013437, 0.55155217, 0.75432621]), array([0.95638494, 0.92713392, 0.88367661, 0.89095502, 0.87782667,
       0.84199586, 0.8624613 , 0.79199896, 0.49698837, 0.73752138]), array([0.95590901, 0.92503011, 0.87151941, 0.88754297, 0.86703207,
       0.8332283 , 0.85922757, 0.78914067, 0.50692556, 0.74540928])]
real metric: [array([0.3567681 , 0.58310627, 0.60832138, 0.50550964, 0.64353312,
       0.69611307, 0.83724832, 0.89736842, 0.98969072, 0.92929293]), array([0.37848384, 0.63339383, 0.57567185, 0.53149606, 0.61127168,
       0.7164751 , 0.84656085, 0.89302326, 0.95454545, 0.93312102]), array([0.36423478, 0.60568384, 0.59771755, 0.54342105, 0.65462428,
       0.72708333, 0.82154882, 0.90330789, 0.953125  , 0.95379538]), array([0.34498059, 0.61929825, 0.57997218, 0.53976532, 0.64421669,
       0.73180077, 0.7953411 , 0.86842105, 0.93269231, 0.92882562]), array([0.36437908, 0.61484716, 0.58074074, 0.53636364, 0.65895062,
       0.68615984, 0.80528053, 0.89119171, 0.96521739, 0.94117647])]

estim_algorithm = ac-model, mode = classification, metric = precision, confidence_scores = energy-conf, class_specific = False
test err: [0.5150243041290209, 0.5126438439680115, 0.521177437763412, 0.5114936984324843, 0.5156504383276963]
estimated metric: [array([0.6495014 , 0.47794831, 0.19993805, 0.18910382, 0.19899305,
       0.1789733 , 0.21626674, 0.14828981, 0.05058982, 0.17257122]), array([0.63882799, 0.48219045, 0.19374903, 0.19321524, 0.19903294,
       0.16383761, 0.2095337 , 0.16608931, 0.05386488, 0.16795165]), array([0.63929713, 0.47295405, 0.19969604, 0.19205898, 0.20824967,
       0.15648618, 0.21199532, 0.15039706, 0.06255842, 0.16919939]), array([0.64020627, 0.48754566, 0.20239415, 0.19416788, 0.20429331,
       0.17278961, 0.21091389, 0.13988302, 0.0526297 , 0.15600478]), array([0.64253278, 0.48820607, 0.19263301, 0.19682737, 0.19448822,
       0.15878308, 0.20958065, 0.14199224, 0.05647452, 0.16259224])]
real metric: [array([0.3567681 , 0.58310627, 0.60832138, 0.50550964, 0.64353312,
       0.69611307, 0.83724832, 0.89736842, 0.98969072, 0.92929293]), array([0.37848384, 0.63339383, 0.57567185, 0.53149606, 0.61127168,
       0.7164751 , 0.84656085, 0.89302326, 0.95454545, 0.93312102]), array([0.36423478, 0.60568384, 0.59771755, 0.54342105, 0.65462428,
       0.72708333, 0.82154882, 0.90330789, 0.953125  , 0.95379538]), array([0.34498059, 0.61929825, 0.57997218, 0.53976532, 0.64421669,
       0.73180077, 0.7953411 , 0.86842105, 0.93269231, 0.92882562]), array([0.36437908, 0.61484716, 0.58074074, 0.53636364, 0.65895062,
       0.68615984, 0.80528053, 0.89119171, 0.96521739, 0.94117647])]

estim_algorithm = ac-model, mode = classification, metric = precision, confidence_scores = entropy-conf, class_specific = False
test err: [0.27675078881302273, 0.2636388823375304, 0.25853197717116344, 0.26662391250513795, 0.26789841586131846]
estimated metric: [array([0.95197773, 0.91208302, 0.85881154, 0.86341098, 0.84648965,
       0.82740205, 0.83935485, 0.76166455, 0.43792967, 0.71817987]), array([0.9476724 , 0.91041921, 0.85803374, 0.86803653, 0.85523823,
       0.81152207, 0.82964059, 0.7820434 , 0.46091757, 0.72239002]), array([0.94888574, 0.91317309, 0.85766362, 0.86830986, 0.85699176,
       0.79983978, 0.83713051, 0.76745088, 0.5057317 , 0.71940663]), array([0.94863404, 0.91481056, 0.86297531, 0.87057146, 0.85647113,
       0.81590524, 0.83950556, 0.76010195, 0.45399576, 0.70310055]), array([0.94839056, 0.91289429, 0.84960866, 0.86770279, 0.84486674,
       0.8066095 , 0.83675745, 0.75860161, 0.46627906, 0.71382912])]
real metric: [array([0.3567681 , 0.58310627, 0.60832138, 0.50550964, 0.64353312,
       0.69611307, 0.83724832, 0.89736842, 0.98969072, 0.92929293]), array([0.37848384, 0.63339383, 0.57567185, 0.53149606, 0.61127168,
       0.7164751 , 0.84656085, 0.89302326, 0.95454545, 0.93312102]), array([0.36423478, 0.60568384, 0.59771755, 0.54342105, 0.65462428,
       0.72708333, 0.82154882, 0.90330789, 0.953125  , 0.95379538]), array([0.34498059, 0.61929825, 0.57997218, 0.53976532, 0.64421669,
       0.73180077, 0.7953411 , 0.86842105, 0.93269231, 0.92882562]), array([0.36437908, 0.61484716, 0.58074074, 0.53636364, 0.65895062,
       0.68615984, 0.80528053, 0.89119171, 0.96521739, 0.94117647])]

estim_algorithm = ac-model, mode = classification, metric = precision, confidence_scores = doctor-conf, class_specific = False
test err: [0.2803009176438637, 0.2649260143263213, 0.26312461947342136, 0.26918763918347727, 0.2720152798476004]
estimated metric: [array([0.97088034, 0.94592605, 0.91403734, 0.9180615 , 0.90492454,
       0.89345265, 0.89894725, 0.84533321, 0.57297897, 0.81066049]), array([0.9689047 , 0.94481788, 0.91446671, 0.92095013, 0.91224659,
       0.88324053, 0.89290861, 0.8606548 , 0.59822293, 0.81673381]), array([0.96983977, 0.94681712, 0.9143291 , 0.92162333, 0.91294937,
       0.87459752, 0.8982673 , 0.85011031, 0.63944198, 0.81353963]), array([0.96938198, 0.94743841, 0.91727442, 0.92329206, 0.91234949,
       0.88526777, 0.90029231, 0.84586468, 0.59038927, 0.80173019]), array([0.96925709, 0.94603495, 0.90896502, 0.92122444, 0.90506565,
       0.88007971, 0.89843442, 0.84429471, 0.60467941, 0.81079832])]
real metric: [array([0.3567681 , 0.58310627, 0.60832138, 0.50550964, 0.64353312,
       0.69611307, 0.83724832, 0.89736842, 0.98969072, 0.92929293]), array([0.37848384, 0.63339383, 0.57567185, 0.53149606, 0.61127168,
       0.7164751 , 0.84656085, 0.89302326, 0.95454545, 0.93312102]), array([0.36423478, 0.60568384, 0.59771755, 0.54342105, 0.65462428,
       0.72708333, 0.82154882, 0.90330789, 0.953125  , 0.95379538]), array([0.34498059, 0.61929825, 0.57997218, 0.53976532, 0.64421669,
       0.73180077, 0.7953411 , 0.86842105, 0.93269231, 0.92882562]), array([0.36437908, 0.61484716, 0.58074074, 0.53636364, 0.65895062,
       0.68615984, 0.80528053, 0.89119171, 0.96521739, 0.94117647])]

estim_algorithm = ts-model, mode = classification, metric = precision, confidence_scores = max_class_probability-conf, class_specific = False
test err: [0.2955008509257745, 0.28303080362321154, 0.29012166395815997, 0.2879987158473071, 0.2903152805175824]
estimated metric: [array([0.85923333, 0.76577981, 0.6087    , 0.60573428, 0.59148344,
       0.55436837, 0.59439136, 0.46905   , 0.17958695, 0.4351    ]), array([0.84724879, 0.7655113 , 0.60647063, 0.61556575, 0.60233002,
       0.53115579, 0.57965886, 0.5008922 , 0.19171271, 0.43469063]), array([0.85029127, 0.76728743, 0.60489296, 0.61385293, 0.60799415,
       0.51221912, 0.58710564, 0.47674614, 0.22167883, 0.43179155]), array([0.8489595 , 0.77395793, 0.61377966, 0.61919122, 0.60721543,
       0.53937495, 0.58847818, 0.46122196, 0.1861766 , 0.41071523]), array([0.85008437, 0.77241114, 0.5924675 , 0.61890377, 0.58864656,
       0.52139766, 0.58913077, 0.46533665, 0.19536512, 0.42248316])]
real metric: [array([0.3567681 , 0.58310627, 0.60832138, 0.50550964, 0.64353312,
       0.69611307, 0.83724832, 0.89736842, 0.98969072, 0.92929293]), array([0.37848384, 0.63339383, 0.57567185, 0.53149606, 0.61127168,
       0.7164751 , 0.84656085, 0.89302326, 0.95454545, 0.93312102]), array([0.36423478, 0.60568384, 0.59771755, 0.54342105, 0.65462428,
       0.72708333, 0.82154882, 0.90330789, 0.953125  , 0.95379538]), array([0.34498059, 0.61929825, 0.57997218, 0.53976532, 0.64421669,
       0.73180077, 0.7953411 , 0.86842105, 0.93269231, 0.92882562]), array([0.36437908, 0.61484716, 0.58074074, 0.53636364, 0.65895062,
       0.68615984, 0.80528053, 0.89119171, 0.96521739, 0.94117647])]

estim_algorithm = ts-model, mode = classification, metric = precision, confidence_scores = max_class_probability-conf, class_specific = True
test err: [0.23158353504469725, 0.2260361042552675, 0.23063171554835993, 0.22022747626142905, 0.2255681616024574]
estimated metric: [array([0.3184261 , 0.69591949, 0.55622923, 0.34497844, 0.63628566,
       0.60964589, 0.62186472, 0.51184805, 0.21114137, 0.45040411]), array([0.29785837, 0.70345454, 0.56321794, 0.3634507 , 0.66102001,
       0.59530125, 0.61505621, 0.54786354, 0.23662683, 0.46945059]), array([0.3048281 , 0.6957517 , 0.55634226, 0.35694884, 0.65725773,
       0.57084451, 0.62208109, 0.52131733, 0.26183394, 0.4564219 ]), array([0.29390777, 0.70932992, 0.56618287, 0.36416417, 0.65549764,
       0.59253779, 0.62607006, 0.51423867, 0.22464314, 0.43909235]), array([0.29227795, 0.71140364, 0.54487023, 0.36269564, 0.64181141,
       0.58652543, 0.62626443, 0.5162896 , 0.24127102, 0.45832918])]
real metric: [array([0.3567681 , 0.58310627, 0.60832138, 0.50550964, 0.64353312,
       0.69611307, 0.83724832, 0.89736842, 0.98969072, 0.92929293]), array([0.37848384, 0.63339383, 0.57567185, 0.53149606, 0.61127168,
       0.7164751 , 0.84656085, 0.89302326, 0.95454545, 0.93312102]), array([0.36423478, 0.60568384, 0.59771755, 0.54342105, 0.65462428,
       0.72708333, 0.82154882, 0.90330789, 0.953125  , 0.95379538]), array([0.34498059, 0.61929825, 0.57997218, 0.53976532, 0.64421669,
       0.73180077, 0.7953411 , 0.86842105, 0.93269231, 0.92882562]), array([0.36437908, 0.61484716, 0.58074074, 0.53636364, 0.65895062,
       0.68615984, 0.80528053, 0.89119171, 0.96521739, 0.94117647])]

estim_algorithm = ts-model, mode = classification, metric = precision, confidence_scores = energy-conf, class_specific = False
test err: [0.2844598501208424, 0.2801701313073576, 0.2798040394805045, 0.2783323947607098, 0.2728336063950548]
estimated metric: [array([0.87856456, 0.78834583, 0.67588078, 0.68479905, 0.6533207 ,
       0.62560999, 0.64029008, 0.52538036, 0.2190192 , 0.47848775]), array([0.86913563, 0.7881094 , 0.67787988, 0.6956837 , 0.6738098 ,
       0.6033504 , 0.62743244, 0.55705097, 0.23976337, 0.48872832]), array([0.87126437, 0.79094514, 0.67607892, 0.69452992, 0.67367681,
       0.58137985, 0.63828282, 0.53265038, 0.26868809, 0.48063256]), array([0.8697555 , 0.79447355, 0.68212587, 0.69739319, 0.67073941,
       0.60405942, 0.64140376, 0.5232785 , 0.23046939, 0.46080033]), array([0.87248407, 0.79505293, 0.6670773 , 0.69818538, 0.65735526,
       0.59859553, 0.64290272, 0.52697942, 0.24867624, 0.48160036])]
real metric: [array([0.3567681 , 0.58310627, 0.60832138, 0.50550964, 0.64353312,
       0.69611307, 0.83724832, 0.89736842, 0.98969072, 0.92929293]), array([0.37848384, 0.63339383, 0.57567185, 0.53149606, 0.61127168,
       0.7164751 , 0.84656085, 0.89302326, 0.95454545, 0.93312102]), array([0.36423478, 0.60568384, 0.59771755, 0.54342105, 0.65462428,
       0.72708333, 0.82154882, 0.90330789, 0.953125  , 0.95379538]), array([0.34498059, 0.61929825, 0.57997218, 0.53976532, 0.64421669,
       0.73180077, 0.7953411 , 0.86842105, 0.93269231, 0.92882562]), array([0.36437908, 0.61484716, 0.58074074, 0.53636364, 0.65895062,
       0.68615984, 0.80528053, 0.89119171, 0.96521739, 0.94117647])]

estim_algorithm = ts-model, mode = classification, metric = precision, confidence_scores = energy-conf, class_specific = True
test err: [0.2634518194173358, 0.2505904621110254, 0.249215538299466, 0.24829709055654425, 0.2473698584840962]
estimated metric: [array([0.87492092, 0.85235776, 0.73997063, 0.70234928, 0.74762939,
       0.72562824, 0.73578998, 0.63971584, 0.31188334, 0.58119768]), array([0.86744544, 0.85726679, 0.74932964, 0.72221   , 0.76977595,
       0.71608585, 0.73259328, 0.67507859, 0.34704381, 0.60273009]), array([0.86744811, 0.85702213, 0.74503121, 0.71799462, 0.76721527,
       0.69568921, 0.73883972, 0.65178099, 0.37873939, 0.59068557]), array([0.86414153, 0.85828469, 0.75072561, 0.72155197, 0.76555947,
       0.71393599, 0.74183062, 0.64498828, 0.33210076, 0.57328455]), array([0.86732857, 0.85836831, 0.73616613, 0.72018434, 0.75427687,
       0.70846473, 0.7416464 , 0.64645682, 0.35265152, 0.59176063])]
real metric: [array([0.3567681 , 0.58310627, 0.60832138, 0.50550964, 0.64353312,
       0.69611307, 0.83724832, 0.89736842, 0.98969072, 0.92929293]), array([0.37848384, 0.63339383, 0.57567185, 0.53149606, 0.61127168,
       0.7164751 , 0.84656085, 0.89302326, 0.95454545, 0.93312102]), array([0.36423478, 0.60568384, 0.59771755, 0.54342105, 0.65462428,
       0.72708333, 0.82154882, 0.90330789, 0.953125  , 0.95379538]), array([0.34498059, 0.61929825, 0.57997218, 0.53976532, 0.64421669,
       0.73180077, 0.7953411 , 0.86842105, 0.93269231, 0.92882562]), array([0.36437908, 0.61484716, 0.58074074, 0.53636364, 0.65895062,
       0.68615984, 0.80528053, 0.89119171, 0.96521739, 0.94117647])]

estim_algorithm = ts-model, mode = classification, metric = precision, confidence_scores = entropy-conf, class_specific = False
test err: [0.29987021075034703, 0.28420618544557297, 0.29311783618447207, 0.2893812686012783, 0.2923570556330467]
estimated metric: [array([0.85541332, 0.75912043, 0.59237661, 0.58766561, 0.57668302,
       0.53912518, 0.58220406, 0.45570902, 0.18054737, 0.43303594]), array([0.8423712 , 0.75947757, 0.5890525 , 0.59564899, 0.58502681,
       0.51589177, 0.5677673 , 0.48847189, 0.19090814, 0.43237428]), array([0.84681964, 0.76068365, 0.58835198, 0.59395788, 0.59308697,
       0.49792921, 0.57493974, 0.46267025, 0.22046935, 0.43069789]), array([0.84501819, 0.76804653, 0.59743513, 0.59976012, 0.5914213 ,
       0.52555336, 0.57600646, 0.44621681, 0.18562403, 0.40890653]), array([0.84612995, 0.76730759, 0.5758762 , 0.60247127, 0.57324411,
       0.50748456, 0.57694824, 0.45187872, 0.19743626, 0.42259758])]
real metric: [array([0.3567681 , 0.58310627, 0.60832138, 0.50550964, 0.64353312,
       0.69611307, 0.83724832, 0.89736842, 0.98969072, 0.92929293]), array([0.37848384, 0.63339383, 0.57567185, 0.53149606, 0.61127168,
       0.7164751 , 0.84656085, 0.89302326, 0.95454545, 0.93312102]), array([0.36423478, 0.60568384, 0.59771755, 0.54342105, 0.65462428,
       0.72708333, 0.82154882, 0.90330789, 0.953125  , 0.95379538]), array([0.34498059, 0.61929825, 0.57997218, 0.53976532, 0.64421669,
       0.73180077, 0.7953411 , 0.86842105, 0.93269231, 0.92882562]), array([0.36437908, 0.61484716, 0.58074074, 0.53636364, 0.65895062,
       0.68615984, 0.80528053, 0.89119171, 0.96521739, 0.94117647])]

estim_algorithm = ts-model, mode = classification, metric = precision, confidence_scores = entropy-conf, class_specific = True
test err: [0.2491116304731012, 0.23466864371872984, 0.24452367208193276, 0.23445982201704232, 0.2372763741236006]
estimated metric: [array([0.44626319, 0.69607202, 0.55086519, 0.28187673, 0.62685476,
       0.59995852, 0.61228774, 0.50171736, 0.20446944, 0.44039241]), array([0.44755674, 0.68765483, 0.55697103, 0.29478851, 0.65161422,
       0.58521619, 0.6051369 , 0.53751475, 0.22917716, 0.45907906]), array([0.44459964, 0.68336291, 0.5495788 , 0.28861444, 0.6474362 ,
       0.5602037 , 0.61184685, 0.51050153, 0.25355012, 0.44569889]), array([0.42860433, 0.70356384, 0.56008039, 0.29384675, 0.64581263,
       0.58221092, 0.61604235, 0.50358988, 0.21730852, 0.4286266 ]), array([0.43529098, 0.69915825, 0.53836228, 0.29778934, 0.6319688 ,
       0.57616686, 0.61625004, 0.5056545 , 0.23356559, 0.44778277])]
real metric: [array([0.3567681 , 0.58310627, 0.60832138, 0.50550964, 0.64353312,
       0.69611307, 0.83724832, 0.89736842, 0.98969072, 0.92929293]), array([0.37848384, 0.63339383, 0.57567185, 0.53149606, 0.61127168,
       0.7164751 , 0.84656085, 0.89302326, 0.95454545, 0.93312102]), array([0.36423478, 0.60568384, 0.59771755, 0.54342105, 0.65462428,
       0.72708333, 0.82154882, 0.90330789, 0.953125  , 0.95379538]), array([0.34498059, 0.61929825, 0.57997218, 0.53976532, 0.64421669,
       0.73180077, 0.7953411 , 0.86842105, 0.93269231, 0.92882562]), array([0.36437908, 0.61484716, 0.58074074, 0.53636364, 0.65895062,
       0.68615984, 0.80528053, 0.89119171, 0.96521739, 0.94117647])]

estim_algorithm = ts-model, mode = classification, metric = precision, confidence_scores = doctor-conf, class_specific = False
test err: [0.3172549104375636, 0.30122892186696937, 0.30975100633227487, 0.3036181033229634, 0.3120705282276243]
estimated metric: [array([0.90095252, 0.76497095, 0.55467592, 0.54207316, 0.54623392,
       0.50189012, 0.55911375, 0.4308331 , 0.17434093, 0.42454376]), array([0.89379879, 0.76574094, 0.54609672, 0.55004242, 0.54515939,
       0.47969846, 0.54552935, 0.46429752, 0.18196015, 0.42184682]), array([0.89369143, 0.76647813, 0.55113533, 0.54847616, 0.56251349,
       0.46825232, 0.55300576, 0.43789543, 0.21203612, 0.4241598 ]), array([0.89509059, 0.77214522, 0.56131548, 0.55027187, 0.55705315,
       0.49479369, 0.5490186 , 0.41742273, 0.17951657, 0.399432  ]), array([0.89558929, 0.77148253, 0.53385617, 0.55453073, 0.53962781,
       0.46786461, 0.54999529, 0.4242896 , 0.18841834, 0.40997288])]
real metric: [array([0.3567681 , 0.58310627, 0.60832138, 0.50550964, 0.64353312,
       0.69611307, 0.83724832, 0.89736842, 0.98969072, 0.92929293]), array([0.37848384, 0.63339383, 0.57567185, 0.53149606, 0.61127168,
       0.7164751 , 0.84656085, 0.89302326, 0.95454545, 0.93312102]), array([0.36423478, 0.60568384, 0.59771755, 0.54342105, 0.65462428,
       0.72708333, 0.82154882, 0.90330789, 0.953125  , 0.95379538]), array([0.34498059, 0.61929825, 0.57997218, 0.53976532, 0.64421669,
       0.73180077, 0.7953411 , 0.86842105, 0.93269231, 0.92882562]), array([0.36437908, 0.61484716, 0.58074074, 0.53636364, 0.65895062,
       0.68615984, 0.80528053, 0.89119171, 0.96521739, 0.94117647])]

estim_algorithm = ts-model, mode = classification, metric = precision, confidence_scores = doctor-conf, class_specific = True
test err: [0.3079725519180321, 0.2889970143303821, 0.30473672063930063, 0.2908818891392397, 0.29534175575280175]
estimated metric: [array([0.78138558, 0.71134732, 0.54091294, 0.19474303, 0.6024859 ,
       0.57502398, 0.58759343, 0.47600748, 0.18823739, 0.41520647]), array([0.78141786, 0.69066867, 0.54516319, 0.19876859, 0.62700722,
       0.55909269, 0.57936625, 0.51089783, 0.21086712, 0.43271218]), array([0.79272058, 0.68919957, 0.5388194 , 0.1968529 , 0.62332531,
       0.53441718, 0.5868552 , 0.48448255, 0.23435725, 0.42014784]), array([0.77989804, 0.69493883, 0.55116648, 0.22283921, 0.62135319,
       0.55637639, 0.59082958, 0.47725875, 0.19991781, 0.40303276]), array([0.78039419, 0.69643537, 0.52757121, 0.21802972, 0.60692911,
       0.55003377, 0.59083331, 0.47910435, 0.21508595, 0.42167928])]
real metric: [array([0.3567681 , 0.58310627, 0.60832138, 0.50550964, 0.64353312,
       0.69611307, 0.83724832, 0.89736842, 0.98969072, 0.92929293]), array([0.37848384, 0.63339383, 0.57567185, 0.53149606, 0.61127168,
       0.7164751 , 0.84656085, 0.89302326, 0.95454545, 0.93312102]), array([0.36423478, 0.60568384, 0.59771755, 0.54342105, 0.65462428,
       0.72708333, 0.82154882, 0.90330789, 0.953125  , 0.95379538]), array([0.34498059, 0.61929825, 0.57997218, 0.53976532, 0.64421669,
       0.73180077, 0.7953411 , 0.86842105, 0.93269231, 0.92882562]), array([0.36437908, 0.61484716, 0.58074074, 0.53636364, 0.65895062,
       0.68615984, 0.80528053, 0.89119171, 0.96521739, 0.94117647])]

estim_algorithm = doc-model, mode = classification, metric = precision, confidence_scores = max_class_probability-conf, class_specific = False
test err: [0.28681343873009607, 0.2830324815193316, 0.2808573255216107, 0.280659219918293, 0.2795142398678288]
estimated metric: [array([0.875232  , 0.78080091, 0.65999271, 0.66393172, 0.64204926,
       0.60544063, 0.63324757, 0.51286003, 0.2016061 , 0.45616056]), array([0.86593748, 0.78032126, 0.66056613, 0.67923026, 0.65751489,
       0.58351919, 0.62117328, 0.54306462, 0.2165225 , 0.46237402]), array([0.86874635, 0.78566801, 0.65839132, 0.6766073 , 0.66090166,
       0.56677567, 0.63198444, 0.52477137, 0.25129161, 0.46009722]), array([0.86716494, 0.78846234, 0.66728095, 0.67704431, 0.65856635,
       0.5898268 , 0.63237531, 0.50924122, 0.21231332, 0.43701787]), array([0.86788636, 0.78608117, 0.64554557, 0.67610058, 0.64192852,
       0.57654474, 0.63176085, 0.5112854 , 0.2204479 , 0.45014982])]
real metric: [array([0.3567681 , 0.58310627, 0.60832138, 0.50550964, 0.64353312,
       0.69611307, 0.83724832, 0.89736842, 0.98969072, 0.92929293]), array([0.37848384, 0.63339383, 0.57567185, 0.53149606, 0.61127168,
       0.7164751 , 0.84656085, 0.89302326, 0.95454545, 0.93312102]), array([0.36423478, 0.60568384, 0.59771755, 0.54342105, 0.65462428,
       0.72708333, 0.82154882, 0.90330789, 0.953125  , 0.95379538]), array([0.34498059, 0.61929825, 0.57997218, 0.53976532, 0.64421669,
       0.73180077, 0.7953411 , 0.86842105, 0.93269231, 0.92882562]), array([0.36437908, 0.61484716, 0.58074074, 0.53636364, 0.65895062,
       0.68615984, 0.80528053, 0.89119171, 0.96521739, 0.94117647])]

estim_algorithm = doc-model, mode = classification, metric = precision, confidence_scores = max_class_probability-conf, class_specific = True
test err: [0.2394431127726185, 0.22501917628199752, 0.23232421196669345, 0.22672434333821903, 0.2270543300637561]
estimated metric: [array([0.45170026, 0.71146064, 0.58031064, 0.33405003, 0.63301548,
       0.60628439, 0.61854261, 0.50832361, 0.20880186, 0.44660439]), array([0.42266805, 0.71822697, 0.58867075, 0.36314054, 0.65851485,
       0.59260975, 0.61241055, 0.54509765, 0.23461688, 0.46641402]), array([0.43238594, 0.71500301, 0.58148208, 0.35202554, 0.65508489,
       0.56849824, 0.61982837, 0.51892848, 0.25998834, 0.4539368 ]), array([0.4255292 , 0.72394323, 0.59154204, 0.35255661, 0.65271585,
       0.58956594, 0.62318725, 0.51116689, 0.22250886, 0.43587979]), array([0.43582011, 0.71992918, 0.57007429, 0.35110287, 0.63840662,
       0.58293662, 0.62279871, 0.51259778, 0.23857583, 0.45456796])]
real metric: [array([0.3567681 , 0.58310627, 0.60832138, 0.50550964, 0.64353312,
       0.69611307, 0.83724832, 0.89736842, 0.98969072, 0.92929293]), array([0.37848384, 0.63339383, 0.57567185, 0.53149606, 0.61127168,
       0.7164751 , 0.84656085, 0.89302326, 0.95454545, 0.93312102]), array([0.36423478, 0.60568384, 0.59771755, 0.54342105, 0.65462428,
       0.72708333, 0.82154882, 0.90330789, 0.953125  , 0.95379538]), array([0.34498059, 0.61929825, 0.57997218, 0.53976532, 0.64421669,
       0.73180077, 0.7953411 , 0.86842105, 0.93269231, 0.92882562]), array([0.36437908, 0.61484716, 0.58074074, 0.53636364, 0.65895062,
       0.68615984, 0.80528053, 0.89119171, 0.96521739, 0.94117647])]

estim_algorithm = doc-model, mode = classification, metric = precision, confidence_scores = energy-conf, class_specific = False
test err: [0.2910277424318436, 0.279495789552479, 0.28514896503655, 0.2823537873411862, 0.28364113110919]
estimated metric: [array([0.86213366, 0.77073926, 0.62635519, 0.63043108, 0.60554983,
       0.57546186, 0.60116118, 0.48281129, 0.1981293 , 0.45580952]), array([0.85135694, 0.77085814, 0.62571992, 0.64108555, 0.62268448,
       0.55161857, 0.5876984 , 0.51515372, 0.21422614, 0.46145872]), array([0.85368317, 0.77213811, 0.6249695 , 0.63942926, 0.62505625,
       0.53001627, 0.59714679, 0.48959106, 0.2423612 , 0.4569863 ]), array([0.85229307, 0.77820567, 0.63178544, 0.64409845, 0.62286876,
       0.55589025, 0.59980994, 0.47730337, 0.20779688, 0.43645676]), array([0.85460132, 0.77786323, 0.61481221, 0.64464776, 0.6065598 ,
       0.54513372, 0.60019718, 0.48035632, 0.22241072, 0.45250141])]
real metric: [array([0.3567681 , 0.58310627, 0.60832138, 0.50550964, 0.64353312,
       0.69611307, 0.83724832, 0.89736842, 0.98969072, 0.92929293]), array([0.37848384, 0.63339383, 0.57567185, 0.53149606, 0.61127168,
       0.7164751 , 0.84656085, 0.89302326, 0.95454545, 0.93312102]), array([0.36423478, 0.60568384, 0.59771755, 0.54342105, 0.65462428,
       0.72708333, 0.82154882, 0.90330789, 0.953125  , 0.95379538]), array([0.34498059, 0.61929825, 0.57997218, 0.53976532, 0.64421669,
       0.73180077, 0.7953411 , 0.86842105, 0.93269231, 0.92882562]), array([0.36437908, 0.61484716, 0.58074074, 0.53636364, 0.65895062,
       0.68615984, 0.80528053, 0.89119171, 0.96521739, 0.94117647])]

estim_algorithm = doc-model, mode = classification, metric = precision, confidence_scores = energy-conf, class_specific = True
test err: [0.25462401730382034, 0.24738992493088502, 0.2464569430020549, 0.24502497008657592, 0.2397636100620039]
estimated metric: [array([0.78784198, 0.85767162, 0.70913392, 0.65668439, 0.71970871,
       0.69626237, 0.70707267, 0.60614573, 0.28204896, 0.54604427]), array([0.77486339, 0.86352425, 0.71908542, 0.67828503, 0.74398669,
       0.68672991, 0.7042392 , 0.64359295, 0.31597923, 0.56871266]), array([0.77622459, 0.86090641, 0.71361691, 0.67182527, 0.74007212,
       0.66386001, 0.70964011, 0.61788178, 0.34497257, 0.55490033]), array([0.76998486, 0.8649065 , 0.72129414, 0.67834312, 0.7397417 ,
       0.68477404, 0.71437465, 0.61261149, 0.30206634, 0.53904193]), array([0.77187283, 0.8676975 , 0.70508782, 0.67709243, 0.72738003,
       0.67868943, 0.71389144, 0.61380077, 0.32134705, 0.55751053])]
real metric: [array([0.3567681 , 0.58310627, 0.60832138, 0.50550964, 0.64353312,
       0.69611307, 0.83724832, 0.89736842, 0.98969072, 0.92929293]), array([0.37848384, 0.63339383, 0.57567185, 0.53149606, 0.61127168,
       0.7164751 , 0.84656085, 0.89302326, 0.95454545, 0.93312102]), array([0.36423478, 0.60568384, 0.59771755, 0.54342105, 0.65462428,
       0.72708333, 0.82154882, 0.90330789, 0.953125  , 0.95379538]), array([0.34498059, 0.61929825, 0.57997218, 0.53976532, 0.64421669,
       0.73180077, 0.7953411 , 0.86842105, 0.93269231, 0.92882562]), array([0.36437908, 0.61484716, 0.58074074, 0.53636364, 0.65895062,
       0.68615984, 0.80528053, 0.89119171, 0.96521739, 0.94117647])]

estim_algorithm = doc-model, mode = classification, metric = precision, confidence_scores = entropy-conf, class_specific = False
test err: [0.2882025425533006, 0.2823857116638909, 0.2811917022535392, 0.28060479039114095, 0.28080801823098284]
estimated metric: [array([0.87301468, 0.77680354, 0.65119471, 0.65472541, 0.63362239,
       0.59646768, 0.6264424 , 0.5043567 , 0.19900557, 0.45335937]), array([0.8630749 , 0.77721715, 0.65162417, 0.66842181, 0.64699564,
       0.5740897 , 0.61353924, 0.53640694, 0.21469332, 0.45815576]), array([0.8663329 , 0.78075336, 0.64824389, 0.66541437, 0.65217078,
       0.55722874, 0.62347851, 0.51542078, 0.24716637, 0.4557898 ]), array([0.8651723 , 0.78495563, 0.65984659, 0.66759414, 0.65033474,
       0.5820347 , 0.62498837, 0.50099687, 0.20952674, 0.43315665]), array([0.86560532, 0.78314277, 0.63689042, 0.66787564, 0.63330253,
       0.56818013, 0.62426822, 0.50364741, 0.21877246, 0.44890916])]
real metric: [array([0.3567681 , 0.58310627, 0.60832138, 0.50550964, 0.64353312,
       0.69611307, 0.83724832, 0.89736842, 0.98969072, 0.92929293]), array([0.37848384, 0.63339383, 0.57567185, 0.53149606, 0.61127168,
       0.7164751 , 0.84656085, 0.89302326, 0.95454545, 0.93312102]), array([0.36423478, 0.60568384, 0.59771755, 0.54342105, 0.65462428,
       0.72708333, 0.82154882, 0.90330789, 0.953125  , 0.95379538]), array([0.34498059, 0.61929825, 0.57997218, 0.53976532, 0.64421669,
       0.73180077, 0.7953411 , 0.86842105, 0.93269231, 0.92882562]), array([0.36437908, 0.61484716, 0.58074074, 0.53636364, 0.65895062,
       0.68615984, 0.80528053, 0.89119171, 0.96521739, 0.94117647])]

estim_algorithm = doc-model, mode = classification, metric = precision, confidence_scores = entropy-conf, class_specific = True
test err: [0.24151851155965587, 0.22688406781918355, 0.23529694160309153, 0.2290334792744138, 0.2289117100357224]
estimated metric: [array([0.46730886, 0.71336509, 0.57765219, 0.33598421, 0.63257872,
       0.60582348, 0.61809662, 0.50782991, 0.2084915 , 0.44623545]), array([0.44112562, 0.71871542, 0.58607824, 0.36274162, 0.65810233,
       0.59214693, 0.61198   , 0.54464792, 0.23429138, 0.46577361]), array([0.45284562, 0.71588543, 0.57778916, 0.35056023, 0.65435747,
       0.56776386, 0.61912454, 0.51818305, 0.25941429, 0.45327373]), array([0.44720885, 0.72585558, 0.58981255, 0.35264505, 0.65244029,
       0.58925473, 0.62290336, 0.51084742, 0.22229982, 0.43541056]), array([0.44867411, 0.72327771, 0.56708356, 0.35327458, 0.63812969,
       0.5826375 , 0.62252363, 0.51230527, 0.23836321, 0.45437198])]
real metric: [array([0.3567681 , 0.58310627, 0.60832138, 0.50550964, 0.64353312,
       0.69611307, 0.83724832, 0.89736842, 0.98969072, 0.92929293]), array([0.37848384, 0.63339383, 0.57567185, 0.53149606, 0.61127168,
       0.7164751 , 0.84656085, 0.89302326, 0.95454545, 0.93312102]), array([0.36423478, 0.60568384, 0.59771755, 0.54342105, 0.65462428,
       0.72708333, 0.82154882, 0.90330789, 0.953125  , 0.95379538]), array([0.34498059, 0.61929825, 0.57997218, 0.53976532, 0.64421669,
       0.73180077, 0.7953411 , 0.86842105, 0.93269231, 0.92882562]), array([0.36437908, 0.61484716, 0.58074074, 0.53636364, 0.65895062,
       0.68615984, 0.80528053, 0.89119171, 0.96521739, 0.94117647])]

estim_algorithm = doc-model, mode = classification, metric = precision, confidence_scores = doctor-conf, class_specific = False
test err: [0.28659985290846707, 0.2827754090704674, 0.2806218094166096, 0.28029871949193114, 0.27698794502149104]
estimated metric: [array([0.88051012, 0.78306535, 0.66706954, 0.67203076, 0.6473849 ,
       0.61216877, 0.63732624, 0.51767068, 0.20868814, 0.46068328]), array([0.87049149, 0.78470559, 0.66913668, 0.68772907, 0.66517029,
       0.59130751, 0.62571524, 0.54940398, 0.22618837, 0.47027233]), array([0.874148  , 0.78845581, 0.66496697, 0.68421531, 0.66704491,
       0.57376641, 0.63648832, 0.52946784, 0.25919388, 0.46687539]), array([0.87255162, 0.79118398, 0.67550166, 0.68597256, 0.6650113 ,
       0.59788195, 0.63852782, 0.51605346, 0.21968446, 0.44393406]), array([0.8736297 , 0.79047372, 0.65538524, 0.68675555, 0.6501353 ,
       0.58802468, 0.63743756, 0.5179906 , 0.23192578, 0.46249678])]
real metric: [array([0.3567681 , 0.58310627, 0.60832138, 0.50550964, 0.64353312,
       0.69611307, 0.83724832, 0.89736842, 0.98969072, 0.92929293]), array([0.37848384, 0.63339383, 0.57567185, 0.53149606, 0.61127168,
       0.7164751 , 0.84656085, 0.89302326, 0.95454545, 0.93312102]), array([0.36423478, 0.60568384, 0.59771755, 0.54342105, 0.65462428,
       0.72708333, 0.82154882, 0.90330789, 0.953125  , 0.95379538]), array([0.34498059, 0.61929825, 0.57997218, 0.53976532, 0.64421669,
       0.73180077, 0.7953411 , 0.86842105, 0.93269231, 0.92882562]), array([0.36437908, 0.61484716, 0.58074074, 0.53636364, 0.65895062,
       0.68615984, 0.80528053, 0.89119171, 0.96521739, 0.94117647])]

estim_algorithm = doc-model, mode = classification, metric = precision, confidence_scores = doctor-conf, class_specific = True
test err: [0.23389370170901785, 0.22433250708326824, 0.22742656092665142, 0.2205629965620711, 0.22171075011897806]
estimated metric: [array([0.38276328, 0.70420522, 0.57859664, 0.32684735, 0.63101882,
       0.60418258, 0.61648498, 0.5060356 , 0.20744812, 0.44462064]), array([0.34931303, 0.71161719, 0.58726722, 0.35595937, 0.65627667,
       0.59010443, 0.61020675, 0.54269173, 0.23301897, 0.46390995]), array([0.36572086, 0.7086831 , 0.57822326, 0.34424354, 0.65265804,
       0.56598105, 0.61751253, 0.51641266, 0.25814415, 0.45166781]), array([0.35512177, 0.71693403, 0.58963206, 0.34432407, 0.65037405,
       0.58697379, 0.62087718, 0.50847599, 0.22085152, 0.43330785]), array([0.36258427, 0.71505896, 0.56780207, 0.34467578, 0.63631235,
       0.58065468, 0.62073944, 0.51024721, 0.23701736, 0.45253115])]
real metric: [array([0.3567681 , 0.58310627, 0.60832138, 0.50550964, 0.64353312,
       0.69611307, 0.83724832, 0.89736842, 0.98969072, 0.92929293]), array([0.37848384, 0.63339383, 0.57567185, 0.53149606, 0.61127168,
       0.7164751 , 0.84656085, 0.89302326, 0.95454545, 0.93312102]), array([0.36423478, 0.60568384, 0.59771755, 0.54342105, 0.65462428,
       0.72708333, 0.82154882, 0.90330789, 0.953125  , 0.95379538]), array([0.34498059, 0.61929825, 0.57997218, 0.53976532, 0.64421669,
       0.73180077, 0.7953411 , 0.86842105, 0.93269231, 0.92882562]), array([0.36437908, 0.61484716, 0.58074074, 0.53636364, 0.65895062,
       0.68615984, 0.80528053, 0.89119171, 0.96521739, 0.94117647])]

