estim_algorithm = moval-ensemble-cls-precision, mode = classification, metric = precision
test err: [0.2176943412603, 0.22764332907272902, 0.23627665883649626, 0.23855079841716612, 0.2311817693598413]
estimated metric: [array([0.43882681, 0.64058989, 0.64628037, 0.62275105, 0.68669554,
       0.59114355, 0.59830468, 0.57319324, 0.42892334, 0.48901512]), array([0.45393446, 0.63120937, 0.67678562, 0.61883076, 0.68436755,
       0.58748427, 0.5900846 , 0.57735059, 0.44506694, 0.46658601]), array([0.46760197, 0.62505278, 0.64629219, 0.61179845, 0.69081963,
       0.5642018 , 0.58792258, 0.58126454, 0.4345035 , 0.44831587]), array([0.44470579, 0.63547958, 0.66877696, 0.62523125, 0.69205089,
       0.57712481, 0.57412975, 0.56635063, 0.4235635 , 0.44214145]), array([0.43956363, 0.62658974, 0.66935031, 0.63323434, 0.68421579,
       0.57718431, 0.5890811 , 0.57200048, 0.41924345, 0.47307211])]
real metric: [array([0.39859245, 0.7327852 , 0.63066202, 0.52864865, 0.69090909,
       0.8004158 , 0.92592593, 0.94977169, 0.95102041, 0.98402556]), array([0.42838956, 0.74237645, 0.63146779, 0.53709856, 0.7027027 ,
       0.83864119, 0.94004283, 0.91873589, 0.98461538, 0.97887324]), array([0.42174432, 0.72443488, 0.62804171, 0.55237045, 0.71853857,
       0.86175115, 0.94491525, 0.95206972, 0.98818898, 0.98141264]), array([0.43375796, 0.7255102 , 0.62366738, 0.51974386, 0.71081081,
       0.8580786 , 0.93018018, 0.94651163, 0.97520661, 0.98850575]), array([0.4357469 , 0.72274143, 0.63957219, 0.54489164, 0.75176305,
       0.81758242, 0.93603412, 0.94050343, 0.98305085, 0.97959184])]

