estim_algorithm = ac-model, mode = classification, metric = f1score, confidence_scores = max_class_probability-conf, class_specific = False
test err: [0.28717881512926435, 0.28455369052766566, 0.2821638739236605, 0.2842285760197991, 0.29051632477684103]
estimated metric: [array([0.93933944, 0.96538515, 0.91255347, 0.89231714, 0.92468278,
       0.90654331, 0.91468155, 0.91274071, 0.92573948, 0.93058164]), array([0.94787278, 0.96478424, 0.91260914, 0.89472132, 0.9196238 ,
       0.91279592, 0.91890199, 0.91619898, 0.92441242, 0.92695948]), array([0.94314274, 0.9688769 , 0.92002382, 0.89598194, 0.92627228,
       0.89779608, 0.91362296, 0.91551216, 0.92457163, 0.93652679]), array([0.94389787, 0.96551956, 0.91736579, 0.89595967, 0.92624026,
       0.90121681, 0.91782089, 0.91406748, 0.92204521, 0.93725133]), array([0.94302338, 0.96382315, 0.91756361, 0.89150119, 0.92369805,
       0.90223534, 0.90884171, 0.90818305, 0.9338469 , 0.92806544])]
real metric: [array([0.63371231, 0.85376478, 0.67498359, 0.53934942, 0.63715711,
       0.63131732, 0.56      , 0.57929725, 0.58021134, 0.66298343]), array([0.66666667, 0.85089974, 0.65956029, 0.50733753, 0.65825977,
       0.64056382, 0.55019305, 0.58585859, 0.60057197, 0.67343173]), array([0.64566929, 0.86150092, 0.66800535, 0.57822785, 0.66543438,
       0.58668858, 0.6056338 , 0.54619289, 0.57947686, 0.68385864]), array([0.65273632, 0.86337396, 0.68030691, 0.56023222, 0.63310258,
       0.60595745, 0.57022175, 0.57280617, 0.59432049, 0.66604128]), array([0.64856397, 0.85286458, 0.66624123, 0.54892368, 0.61986085,
       0.59721083, 0.57688966, 0.57339901, 0.5815161 , 0.65014866])]

estim_algorithm = ac-model, mode = classification, metric = f1score, confidence_scores = energy-conf, class_specific = False
test err: [0.236637884241197, 0.24289103320636726, 0.2420785537868216, 0.24270803273232575, 0.2371409931611293]
estimated metric: [array([0.38471724, 0.51249924, 0.36565395, 0.30113734, 0.39133032,
       0.38485615, 0.35272806, 0.39281714, 0.44758504, 0.4530732 ]), array([0.3914662 , 0.5090541 , 0.35800621, 0.30538243, 0.3805904 ,
       0.38290787, 0.35830783, 0.3918594 , 0.44134258, 0.4455158 ]), array([0.38370369, 0.50674523, 0.38011078, 0.30693914, 0.39793611,
       0.37147182, 0.35411639, 0.40250019, 0.44155563, 0.45482405]), array([0.38235242, 0.50184931, 0.36544011, 0.30395941, 0.39702662,
       0.38270093, 0.34641976, 0.40211382, 0.43583576, 0.45432066]), array([0.38565644, 0.50396473, 0.36976069, 0.30494687, 0.3892336 ,
       0.38409975, 0.34111962, 0.38467418, 0.45062018, 0.43013257])]
real metric: [array([0.63371231, 0.85376478, 0.67498359, 0.53934942, 0.63715711,
       0.63131732, 0.56      , 0.57929725, 0.58021134, 0.66298343]), array([0.66666667, 0.85089974, 0.65956029, 0.50733753, 0.65825977,
       0.64056382, 0.55019305, 0.58585859, 0.60057197, 0.67343173]), array([0.64566929, 0.86150092, 0.66800535, 0.57822785, 0.66543438,
       0.58668858, 0.6056338 , 0.54619289, 0.57947686, 0.68385864]), array([0.65273632, 0.86337396, 0.68030691, 0.56023222, 0.63310258,
       0.60595745, 0.57022175, 0.57280617, 0.59432049, 0.66604128]), array([0.64856397, 0.85286458, 0.66624123, 0.54892368, 0.61986085,
       0.59721083, 0.57688966, 0.57339901, 0.5815161 , 0.65014866])]

estim_algorithm = ac-model, mode = classification, metric = f1score, confidence_scores = entropy-conf, class_specific = False
test err: [0.27471968528121765, 0.2713786945771123, 0.2699409818449801, 0.2720195712974045, 0.2783928871318193]
estimated metric: [array([0.92814185, 0.95907183, 0.89986308, 0.87244553, 0.90841138,
       0.89610319, 0.89698631, 0.89898104, 0.91924918, 0.92071999]), array([0.93622457, 0.95833186, 0.89783993, 0.87522534, 0.9036213 ,
       0.90186193, 0.90147499, 0.89763109, 0.91737537, 0.91754372]), array([0.93203598, 0.96212927, 0.90787111, 0.87498556, 0.91159534,
       0.88924279, 0.89738893, 0.9017276 , 0.91643219, 0.92668961]), array([0.93283567, 0.95874745, 0.90294197, 0.8742907 , 0.91233453,
       0.89407212, 0.90096001, 0.90262481, 0.91385706, 0.92663049]), array([0.93189921, 0.95729093, 0.90444003, 0.87212882, 0.90834203,
       0.89542635, 0.89241735, 0.89493466, 0.92598122, 0.91668684])]
real metric: [array([0.63371231, 0.85376478, 0.67498359, 0.53934942, 0.63715711,
       0.63131732, 0.56      , 0.57929725, 0.58021134, 0.66298343]), array([0.66666667, 0.85089974, 0.65956029, 0.50733753, 0.65825977,
       0.64056382, 0.55019305, 0.58585859, 0.60057197, 0.67343173]), array([0.64566929, 0.86150092, 0.66800535, 0.57822785, 0.66543438,
       0.58668858, 0.6056338 , 0.54619289, 0.57947686, 0.68385864]), array([0.65273632, 0.86337396, 0.68030691, 0.56023222, 0.63310258,
       0.60595745, 0.57022175, 0.57280617, 0.59432049, 0.66604128]), array([0.64856397, 0.85286458, 0.66624123, 0.54892368, 0.61986085,
       0.59721083, 0.57688966, 0.57339901, 0.5815161 , 0.65014866])]

estim_algorithm = ac-model, mode = classification, metric = f1score, confidence_scores = doctor-conf, class_specific = False
test err: [0.3162605365421144, 0.3126429358401042, 0.3107265445892321, 0.31263201180834826, 0.31949226520066815]
estimated metric: [array([0.96239549, 0.97837724, 0.94423204, 0.93178111, 0.95199167,
       0.9442308 , 0.94393717, 0.94419476, 0.95696652, 0.95727508]), array([0.96726442, 0.97673683, 0.94373792, 0.93382555, 0.94805081,
       0.94677521, 0.94674214, 0.94643884, 0.95500928, 0.95519154]), array([0.96507185, 0.9800475 , 0.94852838, 0.93393827, 0.95232339,
       0.93632803, 0.94437844, 0.94729273, 0.95736318, 0.96268225]), array([0.96491556, 0.97856065, 0.94678158, 0.9328049 , 0.95405596,
       0.94058232, 0.94703958, 0.94277462, 0.95345496, 0.96444911]), array([0.96421533, 0.97706138, 0.9479097 , 0.93067932, 0.9515363 ,
       0.9381656 , 0.94147202, 0.94086233, 0.96132765, 0.95731157])]
real metric: [array([0.63371231, 0.85376478, 0.67498359, 0.53934942, 0.63715711,
       0.63131732, 0.56      , 0.57929725, 0.58021134, 0.66298343]), array([0.66666667, 0.85089974, 0.65956029, 0.50733753, 0.65825977,
       0.64056382, 0.55019305, 0.58585859, 0.60057197, 0.67343173]), array([0.64566929, 0.86150092, 0.66800535, 0.57822785, 0.66543438,
       0.58668858, 0.6056338 , 0.54619289, 0.57947686, 0.68385864]), array([0.65273632, 0.86337396, 0.68030691, 0.56023222, 0.63310258,
       0.60595745, 0.57022175, 0.57280617, 0.59432049, 0.66604128]), array([0.64856397, 0.85286458, 0.66624123, 0.54892368, 0.61986085,
       0.59721083, 0.57688966, 0.57339901, 0.5815161 , 0.65014866])]

estim_algorithm = ts-model, mode = classification, metric = f1score, confidence_scores = max_class_probability-conf, class_specific = False
test err: [0.1675834599123062, 0.16470036153269652, 0.1638826121318076, 0.16481378008244754, 0.17023376532557677]
estimated metric: [array([0.831314  , 0.89961876, 0.78853893, 0.72848578, 0.79793595,
       0.77757214, 0.77714702, 0.78384999, 0.82079532, 0.82335322]), array([0.8436936 , 0.90037584, 0.78436391, 0.73279937, 0.78988566,
       0.78638957, 0.78350696, 0.78334393, 0.82010914, 0.8158788 ]), array([0.83516421, 0.90389466, 0.80306466, 0.73264585, 0.80573848,
       0.76905766, 0.77852577, 0.78810638, 0.81514605, 0.82817096]), array([0.83602596, 0.89716094, 0.79067402, 0.73352888, 0.8025844 ,
       0.77603647, 0.77826889, 0.7936809 , 0.81316142, 0.82611504]), array([0.8374567 , 0.89470569, 0.79370248, 0.72948442, 0.79683821,
       0.78151089, 0.76622515, 0.77828911, 0.83119828, 0.8085453 ])]
real metric: [array([0.63371231, 0.85376478, 0.67498359, 0.53934942, 0.63715711,
       0.63131732, 0.56      , 0.57929725, 0.58021134, 0.66298343]), array([0.66666667, 0.85089974, 0.65956029, 0.50733753, 0.65825977,
       0.64056382, 0.55019305, 0.58585859, 0.60057197, 0.67343173]), array([0.64566929, 0.86150092, 0.66800535, 0.57822785, 0.66543438,
       0.58668858, 0.6056338 , 0.54619289, 0.57947686, 0.68385864]), array([0.65273632, 0.86337396, 0.68030691, 0.56023222, 0.63310258,
       0.60595745, 0.57022175, 0.57280617, 0.59432049, 0.66604128]), array([0.64856397, 0.85286458, 0.66624123, 0.54892368, 0.61986085,
       0.59721083, 0.57688966, 0.57339901, 0.5815161 , 0.65014866])]

estim_algorithm = ts-model, mode = classification, metric = f1score, confidence_scores = max_class_probability-conf, class_specific = True
test err: [0.07668863203618373, 0.07776623640436414, 0.0776948980644683, 0.07733626085497802, 0.08071491208494738]
estimated metric: [array([0.64814382, 0.74640143, 0.70458777, 0.63713955, 0.74444791,
       0.67272753, 0.74292896, 0.68303955, 0.61655378, 0.61700102]), array([0.65860874, 0.7454042 , 0.69822926, 0.64177532, 0.7349546 ,
       0.67939183, 0.74937562, 0.68311646, 0.61484983, 0.60867075]), array([0.6488176 , 0.74595343, 0.72077183, 0.6416754 , 0.75343196,
       0.66301465, 0.74433425, 0.68825586, 0.61172288, 0.61915254]), array([0.64853116, 0.73792387, 0.70526846, 0.64224399, 0.74925898,
       0.67128198, 0.74242103, 0.6947661 , 0.60616233, 0.61678922]), array([0.65118295, 0.73736795, 0.7088863 , 0.63853805, 0.74306374,
       0.67679117, 0.73091143, 0.67669385, 0.62285881, 0.59481715])]
real metric: [array([0.63371231, 0.85376478, 0.67498359, 0.53934942, 0.63715711,
       0.63131732, 0.56      , 0.57929725, 0.58021134, 0.66298343]), array([0.66666667, 0.85089974, 0.65956029, 0.50733753, 0.65825977,
       0.64056382, 0.55019305, 0.58585859, 0.60057197, 0.67343173]), array([0.64566929, 0.86150092, 0.66800535, 0.57822785, 0.66543438,
       0.58668858, 0.6056338 , 0.54619289, 0.57947686, 0.68385864]), array([0.65273632, 0.86337396, 0.68030691, 0.56023222, 0.63310258,
       0.60595745, 0.57022175, 0.57280617, 0.59432049, 0.66604128]), array([0.64856397, 0.85286458, 0.66624123, 0.54892368, 0.61986085,
       0.59721083, 0.57688966, 0.57339901, 0.5815161 , 0.65014866])]

estim_algorithm = ts-model, mode = classification, metric = f1score, confidence_scores = energy-conf, class_specific = False
test err: [0.20865504614611652, 0.20401587147104872, 0.20317463302561456, 0.20537001119217285, 0.2115650820713569]
estimated metric: [array([0.83661435, 0.85650983, 0.83716538, 0.83120776, 0.84375886,
       0.84339586, 0.83712014, 0.8457667 , 0.85218493, 0.85560317]), array([0.83682687, 0.85558157, 0.83621001, 0.83163119, 0.84234321,
       0.8420849 , 0.83759393, 0.8458749 , 0.85079935, 0.85455597]), array([0.8361107 , 0.85462336, 0.83872518, 0.83206145, 0.84410103,
       0.84102131, 0.83711828, 0.84786383, 0.85115436, 0.85590028]), array([0.83592018, 0.85450781, 0.8371708 , 0.83144934, 0.84445006,
       0.84270603, 0.83612603, 0.84660732, 0.85016232, 0.85596704]), array([0.83626395, 0.85530406, 0.83772508, 0.8318933 , 0.84338585,
       0.84260773, 0.83584322, 0.84421461, 0.85215405, 0.85187752])]
real metric: [array([0.63371231, 0.85376478, 0.67498359, 0.53934942, 0.63715711,
       0.63131732, 0.56      , 0.57929725, 0.58021134, 0.66298343]), array([0.66666667, 0.85089974, 0.65956029, 0.50733753, 0.65825977,
       0.64056382, 0.55019305, 0.58585859, 0.60057197, 0.67343173]), array([0.64566929, 0.86150092, 0.66800535, 0.57822785, 0.66543438,
       0.58668858, 0.6056338 , 0.54619289, 0.57947686, 0.68385864]), array([0.65273632, 0.86337396, 0.68030691, 0.56023222, 0.63310258,
       0.60595745, 0.57022175, 0.57280617, 0.59432049, 0.66604128]), array([0.64856397, 0.85286458, 0.66624123, 0.54892368, 0.61986085,
       0.59721083, 0.57688966, 0.57339901, 0.5815161 , 0.65014866])]

estim_algorithm = ts-model, mode = classification, metric = f1score, confidence_scores = energy-conf, class_specific = True
test err: [0.10789134725396017, 0.10512307168705182, 0.10703599164232092, 0.10544538328614945, 0.10955160994792353]
estimated metric: [array([0.69166592, 0.78294016, 0.75610828, 0.68141045, 0.80313139,
       0.70936804, 0.80465617, 0.72965321, 0.6467861 , 0.64164581]), array([0.69215042, 0.78161388, 0.75471476, 0.68215959, 0.80144243,
       0.70736642, 0.80520063, 0.72983718, 0.64370038, 0.639047  ]), array([0.69076117, 0.78033844, 0.7582854 , 0.68288242, 0.80356904,
       0.70542624, 0.80465679, 0.73281266, 0.64449858, 0.64222449]), array([0.69041038, 0.78011352, 0.75607386, 0.68186919, 0.80395978,
       0.70826672, 0.80350467, 0.73105065, 0.64195022, 0.64224947]), array([0.69103939, 0.78119167, 0.75685622, 0.68255936, 0.8026947 ,
       0.7081865 , 0.80319689, 0.72726887, 0.64676894, 0.63227103])]
real metric: [array([0.63371231, 0.85376478, 0.67498359, 0.53934942, 0.63715711,
       0.63131732, 0.56      , 0.57929725, 0.58021134, 0.66298343]), array([0.66666667, 0.85089974, 0.65956029, 0.50733753, 0.65825977,
       0.64056382, 0.55019305, 0.58585859, 0.60057197, 0.67343173]), array([0.64566929, 0.86150092, 0.66800535, 0.57822785, 0.66543438,
       0.58668858, 0.6056338 , 0.54619289, 0.57947686, 0.68385864]), array([0.65273632, 0.86337396, 0.68030691, 0.56023222, 0.63310258,
       0.60595745, 0.57022175, 0.57280617, 0.59432049, 0.66604128]), array([0.64856397, 0.85286458, 0.66624123, 0.54892368, 0.61986085,
       0.59721083, 0.57688966, 0.57339901, 0.5815161 , 0.65014866])]

estim_algorithm = ts-model, mode = classification, metric = f1score, confidence_scores = entropy-conf, class_specific = False
test err: [0.16592753229724716, 0.16250048413943605, 0.16251411645292707, 0.16335731887447555, 0.16866297305964922]
estimated metric: [array([0.82664178, 0.89848106, 0.78362718, 0.71777562, 0.79276717,
       0.78348813, 0.76899166, 0.78284329, 0.83010248, 0.82733349]), array([0.8383098 , 0.89883203, 0.77933497, 0.72306146, 0.7851832 ,
       0.79058078, 0.77651886, 0.77791875, 0.82798412, 0.82062403]), array([0.83052781, 0.90146573, 0.79903949, 0.72230366, 0.8017593 ,
       0.77552695, 0.77292149, 0.78749053, 0.82417003, 0.83062476]), array([0.83011527, 0.89544026, 0.78482481, 0.72138358, 0.79903818,
       0.784873  , 0.77041065, 0.79399713, 0.82303206, 0.82955736]), array([0.8332315 , 0.89322405, 0.78888343, 0.72026321, 0.79204091,
       0.78846671, 0.7586862 , 0.77776917, 0.8380754 , 0.81160771])]
real metric: [array([0.63371231, 0.85376478, 0.67498359, 0.53934942, 0.63715711,
       0.63131732, 0.56      , 0.57929725, 0.58021134, 0.66298343]), array([0.66666667, 0.85089974, 0.65956029, 0.50733753, 0.65825977,
       0.64056382, 0.55019305, 0.58585859, 0.60057197, 0.67343173]), array([0.64566929, 0.86150092, 0.66800535, 0.57822785, 0.66543438,
       0.58668858, 0.6056338 , 0.54619289, 0.57947686, 0.68385864]), array([0.65273632, 0.86337396, 0.68030691, 0.56023222, 0.63310258,
       0.60595745, 0.57022175, 0.57280617, 0.59432049, 0.66604128]), array([0.64856397, 0.85286458, 0.66624123, 0.54892368, 0.61986085,
       0.59721083, 0.57688966, 0.57339901, 0.5815161 , 0.65014866])]

estim_algorithm = ts-model, mode = classification, metric = f1score, confidence_scores = entropy-conf, class_specific = True
test err: [0.07603635062259557, 0.08055812611019311, 0.08035496771551329, 0.08174348902234849, 0.08314315428004833]
estimated metric: [array([0.63267996, 0.73166683, 0.69799899, 0.62604161, 0.73904843,
       0.6769607 , 0.7409148 , 0.6845104 , 0.60016416, 0.58907329]), array([0.64418269, 0.73072592, 0.69170248, 0.63206207, 0.72956417,
       0.68139702, 0.74879717, 0.68070313, 0.59472962, 0.57880364]), array([0.63309518, 0.72994723, 0.71651864, 0.63165852, 0.74933544,
       0.66625014, 0.74503729, 0.69117288, 0.5943928 , 0.58914276]), array([0.63104238, 0.72134766, 0.69813612, 0.63017063, 0.74532927,
       0.6781373 , 0.74102397, 0.69869475, 0.58761803, 0.58789403]), array([0.63664291, 0.7214152 , 0.70288791, 0.62932032, 0.73758641,
       0.68133142, 0.72937992, 0.6784486 , 0.60451578, 0.56151657])]
real metric: [array([0.63371231, 0.85376478, 0.67498359, 0.53934942, 0.63715711,
       0.63131732, 0.56      , 0.57929725, 0.58021134, 0.66298343]), array([0.66666667, 0.85089974, 0.65956029, 0.50733753, 0.65825977,
       0.64056382, 0.55019305, 0.58585859, 0.60057197, 0.67343173]), array([0.64566929, 0.86150092, 0.66800535, 0.57822785, 0.66543438,
       0.58668858, 0.6056338 , 0.54619289, 0.57947686, 0.68385864]), array([0.65273632, 0.86337396, 0.68030691, 0.56023222, 0.63310258,
       0.60595745, 0.57022175, 0.57280617, 0.59432049, 0.66604128]), array([0.64856397, 0.85286458, 0.66624123, 0.54892368, 0.61986085,
       0.59721083, 0.57688966, 0.57339901, 0.5815161 , 0.65014866])]

estim_algorithm = ts-model, mode = classification, metric = f1score, confidence_scores = doctor-conf, class_specific = False
test err: [0.15728732820713648, 0.1542713066949393, 0.15527043253578868, 0.15652918552879663, 0.16061640069904212]
estimated metric: [array([0.81876031, 0.89857312, 0.76479306, 0.68770514, 0.78293911,
       0.7801174 , 0.75235342, 0.77265114, 0.83702972, 0.8307274 ]), array([0.83300603, 0.89837648, 0.76068861, 0.69618061, 0.77468385,
       0.78885721, 0.76443732, 0.76354979, 0.83182608, 0.82445024]), array([0.82558779, 0.90139997, 0.78427363, 0.69585447, 0.79377274,
       0.76945984, 0.75686022, 0.77986182, 0.83063908, 0.83568336]), array([0.82400552, 0.8950648 , 0.768586  , 0.69156032, 0.79330278,
       0.78277044, 0.75607265, 0.78530654, 0.83002135, 0.83770056]), array([0.82846344, 0.89306597, 0.7726056 , 0.69259313, 0.78307696,
       0.78325636, 0.74039172, 0.76504361, 0.84640534, 0.81688046])]
real metric: [array([0.63371231, 0.85376478, 0.67498359, 0.53934942, 0.63715711,
       0.63131732, 0.56      , 0.57929725, 0.58021134, 0.66298343]), array([0.66666667, 0.85089974, 0.65956029, 0.50733753, 0.65825977,
       0.64056382, 0.55019305, 0.58585859, 0.60057197, 0.67343173]), array([0.64566929, 0.86150092, 0.66800535, 0.57822785, 0.66543438,
       0.58668858, 0.6056338 , 0.54619289, 0.57947686, 0.68385864]), array([0.65273632, 0.86337396, 0.68030691, 0.56023222, 0.63310258,
       0.60595745, 0.57022175, 0.57280617, 0.59432049, 0.66604128]), array([0.64856397, 0.85286458, 0.66624123, 0.54892368, 0.61986085,
       0.59721083, 0.57688966, 0.57339901, 0.5815161 , 0.65014866])]

estim_algorithm = ts-model, mode = classification, metric = f1score, confidence_scores = doctor-conf, class_specific = True
test err: [0.07127973034543733, 0.0809357400622746, 0.07804502776837505, 0.08424005088280592, 0.08021339126652592]
estimated metric: [array([0.60771291, 0.71794196, 0.67638861, 0.60357956, 0.72157394,
       0.66103071, 0.7214333 , 0.66265478, 0.57922374, 0.53755214]), array([0.62625578, 0.71831307, 0.66985608, 0.61212211, 0.71142528,
       0.67010263, 0.73432764, 0.65266481, 0.56906884, 0.51730053]), array([0.608669  , 0.72077134, 0.70250754, 0.61091523, 0.73462511,
       0.64846532, 0.72707708, 0.67051116, 0.56985525, 0.53467843]), array([0.60860078, 0.70762974, 0.67941031, 0.60808668, 0.7329474 ,
       0.66497837, 0.72532768, 0.68218724, 0.56047205, 0.52947274]), array([0.61554331, 0.70906867, 0.68585853, 0.60942038, 0.72033546,
       0.667163  , 0.70835467, 0.6505207 , 0.58515229, 0.487595  ])]
real metric: [array([0.63371231, 0.85376478, 0.67498359, 0.53934942, 0.63715711,
       0.63131732, 0.56      , 0.57929725, 0.58021134, 0.66298343]), array([0.66666667, 0.85089974, 0.65956029, 0.50733753, 0.65825977,
       0.64056382, 0.55019305, 0.58585859, 0.60057197, 0.67343173]), array([0.64566929, 0.86150092, 0.66800535, 0.57822785, 0.66543438,
       0.58668858, 0.6056338 , 0.54619289, 0.57947686, 0.68385864]), array([0.65273632, 0.86337396, 0.68030691, 0.56023222, 0.63310258,
       0.60595745, 0.57022175, 0.57280617, 0.59432049, 0.66604128]), array([0.64856397, 0.85286458, 0.66624123, 0.54892368, 0.61986085,
       0.59721083, 0.57688966, 0.57339901, 0.5815161 , 0.65014866])]

estim_algorithm = doc-model, mode = classification, metric = f1score, confidence_scores = max_class_probability-conf, class_specific = False
test err: [0.19026381868582312, 0.18790911097528634, 0.18557654217893513, 0.18762771275263307, 0.19352574915858373]
estimated metric: [array([0.84560439, 0.87639025, 0.81380387, 0.78968464, 0.82822149,
       0.80664901, 0.81633554, 0.81402666, 0.82947617, 0.83522269]), array([0.85570545, 0.87568148, 0.81387011, 0.7925544 , 0.82221163,
       0.81409235, 0.82135374, 0.81814021, 0.82790045, 0.83092446]), array([0.8501082 , 0.88050734, 0.82268703, 0.79405868, 0.8301087 ,
       0.79622292, 0.81507631, 0.81732344, 0.8280895 , 0.84227187]), array([0.85100207, 0.87654878, 0.81952757, 0.79403211, 0.83007069,
       0.80030201, 0.82006863, 0.8156051 , 0.8250888 , 0.84313047]), array([0.84996689, 0.87454774, 0.81976276, 0.78871042, 0.82705208,
       0.80151611, 0.80938601, 0.80860177, 0.83909518, 0.83223712])]
real metric: [array([0.63371231, 0.85376478, 0.67498359, 0.53934942, 0.63715711,
       0.63131732, 0.56      , 0.57929725, 0.58021134, 0.66298343]), array([0.66666667, 0.85089974, 0.65956029, 0.50733753, 0.65825977,
       0.64056382, 0.55019305, 0.58585859, 0.60057197, 0.67343173]), array([0.64566929, 0.86150092, 0.66800535, 0.57822785, 0.66543438,
       0.58668858, 0.6056338 , 0.54619289, 0.57947686, 0.68385864]), array([0.65273632, 0.86337396, 0.68030691, 0.56023222, 0.63310258,
       0.60595745, 0.57022175, 0.57280617, 0.59432049, 0.66604128]), array([0.64856397, 0.85286458, 0.66624123, 0.54892368, 0.61986085,
       0.59721083, 0.57688966, 0.57339901, 0.5815161 , 0.65014866])]

estim_algorithm = doc-model, mode = classification, metric = f1score, confidence_scores = max_class_probability-conf, class_specific = True
test err: [0.08496572278558184, 0.08590609518519329, 0.08368970809138979, 0.08408343399597097, 0.08797946174726587]
estimated metric: [array([0.67859091, 0.81303169, 0.72729088, 0.66586522, 0.78015741,
       0.67183719, 0.76347043, 0.69252689, 0.66236013, 0.66013002]), array([0.69185071, 0.81224071, 0.72737027, 0.66929155, 0.77364305,
       0.68127501, 0.76894585, 0.69744957, 0.66059703, 0.65444116]), array([0.68466542, 0.81762789, 0.73750094, 0.67119944, 0.78220248,
       0.65912194, 0.76209613, 0.69645739, 0.66054895, 0.66929826]), array([0.68576152, 0.8132086 , 0.73391283, 0.67107332, 0.78216129,
       0.66415971, 0.76754384, 0.69477694, 0.65670798, 0.6702967 ]), array([0.68449996, 0.81097534, 0.73413758, 0.66461845, 0.77889004,
       0.66569619, 0.75588428, 0.68585398, 0.67515862, 0.65592025])]
real metric: [array([0.63371231, 0.85376478, 0.67498359, 0.53934942, 0.63715711,
       0.63131732, 0.56      , 0.57929725, 0.58021134, 0.66298343]), array([0.66666667, 0.85089974, 0.65956029, 0.50733753, 0.65825977,
       0.64056382, 0.55019305, 0.58585859, 0.60057197, 0.67343173]), array([0.64566929, 0.86150092, 0.66800535, 0.57822785, 0.66543438,
       0.58668858, 0.6056338 , 0.54619289, 0.57947686, 0.68385864]), array([0.65273632, 0.86337396, 0.68030691, 0.56023222, 0.63310258,
       0.60595745, 0.57022175, 0.57280617, 0.59432049, 0.66604128]), array([0.64856397, 0.85286458, 0.66624123, 0.54892368, 0.61986085,
       0.59721083, 0.57688966, 0.57339901, 0.5815161 , 0.65014866])]

estim_algorithm = doc-model, mode = classification, metric = f1score, confidence_scores = energy-conf, class_specific = False
test err: [0.1872236289403396, 0.18213827322377524, 0.18131281265484808, 0.1819194827998232, 0.18885680263754714]
estimated metric: [array([0.8161712 , 0.87942717, 0.80505969, 0.77192096, 0.81872442,
       0.81627733, 0.79898983, 0.81980402, 0.84831553, 0.85032268]), array([0.81972761, 0.8792357 , 0.80114158, 0.77426599, 0.81320284,
       0.81484499, 0.80210219, 0.81919382, 0.84564309, 0.84536808]), array([0.8156412 , 0.87786408, 0.81288949, 0.77493526, 0.82218618,
       0.80922805, 0.79970425, 0.8247003 , 0.84539409, 0.85127379]), array([0.81488581, 0.87453976, 0.80510714, 0.77336251, 0.8211342 ,
       0.81477514, 0.79566798, 0.82559007, 0.84210479, 0.85112654]), array([0.81668894, 0.87524602, 0.80713806, 0.77389907, 0.81771325,
       0.81564719, 0.79239556, 0.81539053, 0.85070925, 0.83935872])]
real metric: [array([0.63371231, 0.85376478, 0.67498359, 0.53934942, 0.63715711,
       0.63131732, 0.56      , 0.57929725, 0.58021134, 0.66298343]), array([0.66666667, 0.85089974, 0.65956029, 0.50733753, 0.65825977,
       0.64056382, 0.55019305, 0.58585859, 0.60057197, 0.67343173]), array([0.64566929, 0.86150092, 0.66800535, 0.57822785, 0.66543438,
       0.58668858, 0.6056338 , 0.54619289, 0.57947686, 0.68385864]), array([0.65273632, 0.86337396, 0.68030691, 0.56023222, 0.63310258,
       0.60595745, 0.57022175, 0.57280617, 0.59432049, 0.66604128]), array([0.64856397, 0.85286458, 0.66624123, 0.54892368, 0.61986085,
       0.59721083, 0.57688966, 0.57339901, 0.5815161 , 0.65014866])]

estim_algorithm = doc-model, mode = classification, metric = f1score, confidence_scores = energy-conf, class_specific = True
test err: [0.09674017951495296, 0.09437122691002243, 0.0968462988611801, 0.0948209656762159, 0.09963466535068861]
estimated metric: [array([0.66637975, 0.7408257 , 0.72990992, 0.65773011, 0.77260816,
       0.69697839, 0.78145249, 0.70871671, 0.62036802, 0.60663594]), array([0.6709836 , 0.73838528, 0.72548513, 0.66038153, 0.76656334,
       0.69567954, 0.78465355, 0.70809854, 0.61544   , 0.60050748]), array([0.66568893, 0.73667445, 0.73880849, 0.6613455 , 0.77649079,
       0.68828113, 0.78223944, 0.71480266, 0.61550653, 0.6080566 ]), array([0.66476816, 0.73310647, 0.72993104, 0.65945996, 0.77557966,
       0.69557181, 0.7781011 , 0.71472478, 0.61109638, 0.60764811]), array([0.66702003, 0.73459912, 0.73240349, 0.66010935, 0.77153069,
       0.69648614, 0.77480823, 0.70346547, 0.62276566, 0.58805122])]
real metric: [array([0.63371231, 0.85376478, 0.67498359, 0.53934942, 0.63715711,
       0.63131732, 0.56      , 0.57929725, 0.58021134, 0.66298343]), array([0.66666667, 0.85089974, 0.65956029, 0.50733753, 0.65825977,
       0.64056382, 0.55019305, 0.58585859, 0.60057197, 0.67343173]), array([0.64566929, 0.86150092, 0.66800535, 0.57822785, 0.66543438,
       0.58668858, 0.6056338 , 0.54619289, 0.57947686, 0.68385864]), array([0.65273632, 0.86337396, 0.68030691, 0.56023222, 0.63310258,
       0.60595745, 0.57022175, 0.57280617, 0.59432049, 0.66604128]), array([0.64856397, 0.85286458, 0.66624123, 0.54892368, 0.61986085,
       0.59721083, 0.57688966, 0.57339901, 0.5815161 , 0.65014866])]

estim_algorithm = doc-model, mode = classification, metric = f1score, confidence_scores = entropy-conf, class_specific = False
test err: [0.18682101891307618, 0.18360102904967507, 0.18237571381789955, 0.18444517383366268, 0.19048451990314463]
estimated metric: [array([0.84330022, 0.87923835, 0.81029861, 0.77816992, 0.82028912,
       0.80590038, 0.80693365, 0.80926704, 0.83293725, 0.83465219]), array([0.85270752, 0.87838048, 0.80793228, 0.78143332, 0.81469245,
       0.81263583, 0.81218344, 0.80768798, 0.8307519 , 0.83094825]), array([0.84783392, 0.88278196, 0.81965807, 0.78115189, 0.82400703,
       0.79786892, 0.80740468, 0.81247878, 0.82965166, 0.8416088 ]), array([0.84876462, 0.8788623 , 0.81389841, 0.78033624, 0.82486993,
       0.80352346, 0.81158131, 0.81352767, 0.82664697, 0.84153994]), array([0.84767473, 0.87717354, 0.81564932, 0.77779801, 0.82020812,
       0.80510836, 0.80158639, 0.80453296, 0.84078361, 0.82994873])]
real metric: [array([0.63371231, 0.85376478, 0.67498359, 0.53934942, 0.63715711,
       0.63131732, 0.56      , 0.57929725, 0.58021134, 0.66298343]), array([0.66666667, 0.85089974, 0.65956029, 0.50733753, 0.65825977,
       0.64056382, 0.55019305, 0.58585859, 0.60057197, 0.67343173]), array([0.64566929, 0.86150092, 0.66800535, 0.57822785, 0.66543438,
       0.58668858, 0.6056338 , 0.54619289, 0.57947686, 0.68385864]), array([0.65273632, 0.86337396, 0.68030691, 0.56023222, 0.63310258,
       0.60595745, 0.57022175, 0.57280617, 0.59432049, 0.66604128]), array([0.64856397, 0.85286458, 0.66624123, 0.54892368, 0.61986085,
       0.59721083, 0.57688966, 0.57339901, 0.5815161 , 0.65014866])]

estim_algorithm = doc-model, mode = classification, metric = f1score, confidence_scores = entropy-conf, class_specific = True
test err: [0.08253054074033982, 0.08225393938351291, 0.08163361638469283, 0.08141527079525998, 0.08539112450115352]
estimated metric: [array([0.67284701, 0.81003332, 0.72335263, 0.66041636, 0.77247901,
       0.67752533, 0.75879053, 0.69221337, 0.6511435 , 0.65414891]), array([0.68513705, 0.8090838 , 0.7206458 , 0.66428313, 0.76641835,
       0.68590994, 0.76452355, 0.69030385, 0.64881076, 0.64972903]), array([0.67902042, 0.81402728, 0.73412391, 0.6640493 , 0.77653546,
       0.66789368, 0.75930034, 0.69608211, 0.64669183, 0.66336415]), array([0.67995121, 0.80960939, 0.72761522, 0.66298287, 0.77743786,
       0.67463448, 0.76382006, 0.69742752, 0.64343345, 0.66327194]), array([0.67884715, 0.80773388, 0.72951198, 0.6600396 , 0.7723925 ,
       0.67670802, 0.75300196, 0.68649603, 0.66215537, 0.64791541])]
real metric: [array([0.63371231, 0.85376478, 0.67498359, 0.53934942, 0.63715711,
       0.63131732, 0.56      , 0.57929725, 0.58021134, 0.66298343]), array([0.66666667, 0.85089974, 0.65956029, 0.50733753, 0.65825977,
       0.64056382, 0.55019305, 0.58585859, 0.60057197, 0.67343173]), array([0.64566929, 0.86150092, 0.66800535, 0.57822785, 0.66543438,
       0.58668858, 0.6056338 , 0.54619289, 0.57947686, 0.68385864]), array([0.65273632, 0.86337396, 0.68030691, 0.56023222, 0.63310258,
       0.60595745, 0.57022175, 0.57280617, 0.59432049, 0.66604128]), array([0.64856397, 0.85286458, 0.66624123, 0.54892368, 0.61986085,
       0.59721083, 0.57688966, 0.57339901, 0.5815161 , 0.65014866])]

estim_algorithm = doc-model, mode = classification, metric = f1score, confidence_scores = doctor-conf, class_specific = False
test err: [0.19896120448920257, 0.19557266497922177, 0.19379434324812755, 0.19563878639826798, 0.2021774686943322]
estimated metric: [array([0.84766469, 0.86732316, 0.82525386, 0.80989745, 0.83479809,
       0.8251965 , 0.82483292, 0.82515187, 0.84094451, 0.84132553]), array([0.85364685, 0.86536695, 0.82467945, 0.81233591, 0.82992452,
       0.82850778, 0.82874287, 0.82792985, 0.83884552, 0.8390901 ]), array([0.85106245, 0.86942648, 0.8305835 , 0.81265953, 0.83536512,
       0.81573652, 0.8253793 , 0.82898655, 0.84143431, 0.84799824]), array([0.85075718, 0.86754862, 0.82865612, 0.81110532, 0.8373493 ,
       0.82067718, 0.82867329, 0.82372234, 0.83682067, 0.85017697]), array([0.85015644, 0.8658248 , 0.82974994, 0.80855456, 0.8344372 ,
       0.81786777, 0.82184211, 0.82102414, 0.84656572, 0.84137058])]
real metric: [array([0.63371231, 0.85376478, 0.67498359, 0.53934942, 0.63715711,
       0.63131732, 0.56      , 0.57929725, 0.58021134, 0.66298343]), array([0.66666667, 0.85089974, 0.65956029, 0.50733753, 0.65825977,
       0.64056382, 0.55019305, 0.58585859, 0.60057197, 0.67343173]), array([0.64566929, 0.86150092, 0.66800535, 0.57822785, 0.66543438,
       0.58668858, 0.6056338 , 0.54619289, 0.57947686, 0.68385864]), array([0.65273632, 0.86337396, 0.68030691, 0.56023222, 0.63310258,
       0.60595745, 0.57022175, 0.57280617, 0.59432049, 0.66604128]), array([0.64856397, 0.85286458, 0.66624123, 0.54892368, 0.61986085,
       0.59721083, 0.57688966, 0.57339901, 0.5815161 , 0.65014866])]

estim_algorithm = doc-model, mode = classification, metric = f1score, confidence_scores = doctor-conf, class_specific = True
test err: [0.09335375465297119, 0.09156575233287781, 0.09095925435466957, 0.09231868065081515, 0.09686813732060696]
estimated metric: [array([0.6848658 , 0.81584601, 0.73882262, 0.67629109, 0.78947659,
       0.68851527, 0.77630233, 0.70852292, 0.66270635, 0.66912755]), array([0.69265696, 0.81382783, 0.73807591, 0.67909575, 0.78425395,
       0.69361612, 0.78079769, 0.71143783, 0.66071143, 0.6664801 ]), array([0.68962383, 0.81818754, 0.74493523, 0.67972602, 0.79026644,
       0.67763594, 0.7768122 , 0.71309641, 0.66323193, 0.67757846]), array([0.68886564, 0.81608197, 0.74281877, 0.67759092, 0.79219446,
       0.68337992, 0.78038381, 0.70785005, 0.65821072, 0.68032569]), array([0.68852702, 0.81430774, 0.74379339, 0.6748907 , 0.78918296,
       0.68001761, 0.77314107, 0.70355876, 0.67102954, 0.66873746])]
real metric: [array([0.63371231, 0.85376478, 0.67498359, 0.53934942, 0.63715711,
       0.63131732, 0.56      , 0.57929725, 0.58021134, 0.66298343]), array([0.66666667, 0.85089974, 0.65956029, 0.50733753, 0.65825977,
       0.64056382, 0.55019305, 0.58585859, 0.60057197, 0.67343173]), array([0.64566929, 0.86150092, 0.66800535, 0.57822785, 0.66543438,
       0.58668858, 0.6056338 , 0.54619289, 0.57947686, 0.68385864]), array([0.65273632, 0.86337396, 0.68030691, 0.56023222, 0.63310258,
       0.60595745, 0.57022175, 0.57280617, 0.59432049, 0.66604128]), array([0.64856397, 0.85286458, 0.66624123, 0.54892368, 0.61986085,
       0.59721083, 0.57688966, 0.57339901, 0.5815161 , 0.65014866])]

estim_algorithm = atc-model, mode = classification, metric = f1score, confidence_scores = max_class_probability-conf, class_specific = False
test err: [0.15734309830708132, 0.15446282138950576, 0.1528143465119572, 0.15745912420376648, 0.15930019560980738]
estimated metric: [array([0.83666377, 0.917603  , 0.77094144, 0.70067673, 0.80160321,
       0.73880597, 0.76789588, 0.76481836, 0.80366973, 0.82352941]), array([0.86764706, 0.9119898 , 0.75949367, 0.69238791, 0.78576318,
       0.76600699, 0.78775511, 0.76744186, 0.78571429, 0.81377152]), array([0.84866724, 0.92771084, 0.78742515, 0.69396326, 0.80052151,
       0.7115629 , 0.77165355, 0.78008299, 0.7882353 , 0.83900929]), array([0.85911841, 0.91315453, 0.78212291, 0.70782693, 0.80592992,
       0.72440945, 0.77303371, 0.78500987, 0.79133859, 0.83174603]), array([0.84682213, 0.91273433, 0.78065873, 0.69158879, 0.79405807,
       0.74534162, 0.75627241, 0.75449102, 0.81836328, 0.80829016])]
real metric: [array([0.63371231, 0.85376478, 0.67498359, 0.53934942, 0.63715711,
       0.63131732, 0.56      , 0.57929725, 0.58021134, 0.66298343]), array([0.66666667, 0.85089974, 0.65956029, 0.50733753, 0.65825977,
       0.64056382, 0.55019305, 0.58585859, 0.60057197, 0.67343173]), array([0.64566929, 0.86150092, 0.66800535, 0.57822785, 0.66543438,
       0.58668858, 0.6056338 , 0.54619289, 0.57947686, 0.68385864]), array([0.65273632, 0.86337396, 0.68030691, 0.56023222, 0.63310258,
       0.60595745, 0.57022175, 0.57280617, 0.59432049, 0.66604128]), array([0.64856397, 0.85286458, 0.66624123, 0.54892368, 0.61986085,
       0.59721083, 0.57688966, 0.57339901, 0.5815161 , 0.65014866])]

estim_algorithm = atc-model, mode = classification, metric = f1score, confidence_scores = max_class_probability-conf, class_specific = True
test err: [0.06276655036617114, 0.058266596926463965, 0.050045841808595046, 0.06580149411032298, 0.05754071235967271]
estimated metric: [array([0.61315381, 0.73245614, 0.65531225, 0.61717452, 0.70656092,
       0.56373938, 0.68213458, 0.59565218, 0.60683762, 0.57677903]), array([0.65259908, 0.75018315, 0.64332248, 0.61129568, 0.70226774,
       0.60526316, 0.68874173, 0.58980045, 0.60369611, 0.55066922]), array([0.62100927, 0.75698324, 0.69670153, 0.60850112, 0.71777004,
       0.56373938, 0.67515924, 0.59665872, 0.55607478, 0.59022557]), array([0.63565892, 0.73268801, 0.67275495, 0.63341903, 0.72792534,
       0.56425407, 0.68750001, 0.62806237, 0.55529413, 0.58461539]), array([0.63601947, 0.71504966, 0.6676876 , 0.61818182, 0.70297749,
       0.60689656, 0.64453126, 0.59775282, 0.63594471, 0.53503186])]
real metric: [array([0.63371231, 0.85376478, 0.67498359, 0.53934942, 0.63715711,
       0.63131732, 0.56      , 0.57929725, 0.58021134, 0.66298343]), array([0.66666667, 0.85089974, 0.65956029, 0.50733753, 0.65825977,
       0.64056382, 0.55019305, 0.58585859, 0.60057197, 0.67343173]), array([0.64566929, 0.86150092, 0.66800535, 0.57822785, 0.66543438,
       0.58668858, 0.6056338 , 0.54619289, 0.57947686, 0.68385864]), array([0.65273632, 0.86337396, 0.68030691, 0.56023222, 0.63310258,
       0.60595745, 0.57022175, 0.57280617, 0.59432049, 0.66604128]), array([0.64856397, 0.85286458, 0.66624123, 0.54892368, 0.61986085,
       0.59721083, 0.57688966, 0.57339901, 0.5815161 , 0.65014866])]

estim_algorithm = atc-model, mode = classification, metric = f1score, confidence_scores = energy-conf, class_specific = False
test err: [0.14493889741664953, 0.1416251468800068, 0.14386075293268102, 0.14865165555098012, 0.1463456683007635]
estimated metric: [array([0.79042457, 0.89483748, 0.7046875 , 0.60324567, 0.78455285,
       0.8       , 0.70615035, 0.7834275 , 0.8641115 , 0.87072809]), array([0.80237877, 0.88787484, 0.70148091, 0.61359868, 0.77655173,
       0.79818594, 0.73617022, 0.77456648, 0.85521886, 0.86356822]), array([0.7882353 , 0.89987639, 0.74223603, 0.60538117, 0.79106439,
       0.78417266, 0.73939394, 0.78762887, 0.85767098, 0.86363637]), array([0.79286694, 0.88903394, 0.71764706, 0.60837697, 0.7879617 ,
       0.79404467, 0.74770643, 0.80620155, 0.86715867, 0.87461774]), array([0.79156684, 0.89632546, 0.72152829, 0.61530453, 0.770819  ,
       0.80189799, 0.69056604, 0.76190477, 0.86590039, 0.86326195])]
real metric: [array([0.63371231, 0.85376478, 0.67498359, 0.53934942, 0.63715711,
       0.63131732, 0.56      , 0.57929725, 0.58021134, 0.66298343]), array([0.66666667, 0.85089974, 0.65956029, 0.50733753, 0.65825977,
       0.64056382, 0.55019305, 0.58585859, 0.60057197, 0.67343173]), array([0.64566929, 0.86150092, 0.66800535, 0.57822785, 0.66543438,
       0.58668858, 0.6056338 , 0.54619289, 0.57947686, 0.68385864]), array([0.65273632, 0.86337396, 0.68030691, 0.56023222, 0.63310258,
       0.60595745, 0.57022175, 0.57280617, 0.59432049, 0.66604128]), array([0.64856397, 0.85286458, 0.66624123, 0.54892368, 0.61986085,
       0.59721083, 0.57688966, 0.57339901, 0.5815161 , 0.65014866])]

estim_algorithm = atc-model, mode = classification, metric = f1score, confidence_scores = energy-conf, class_specific = True
test err: [0.07766946850574726, 0.0796577896498255, 0.0860401850214845, 0.09669734226623089, 0.08437897209757884]
estimated metric: [array([0.56791444, 0.67228178, 0.65966047, 0.55972303, 0.70375723,
       0.65873016, 0.69124425, 0.63135594, 0.5826087 , 0.4489796 ]), array([0.59699893, 0.69472074, 0.65645162, 0.56275072, 0.6820208 ,
       0.64968153, 0.72258065, 0.60831511, 0.56540085, 0.42411644]), array([0.57931035, 0.67657993, 0.70088212, 0.56764537, 0.70056497,
       0.63157895, 0.72653062, 0.66968327, 0.55269322, 0.46938777]), array([0.57374392, 0.6566693 , 0.65432099, 0.57096774, 0.69513991,
       0.65931035, 0.72429907, 0.6724138 , 0.53110049, 0.45378152]), array([0.58234964, 0.66613799, 0.67579909, 0.57142857, 0.67703704,
       0.64792504, 0.67049809, 0.59775282, 0.61358315, 0.34928231])]
real metric: [array([0.63371231, 0.85376478, 0.67498359, 0.53934942, 0.63715711,
       0.63131732, 0.56      , 0.57929725, 0.58021134, 0.66298343]), array([0.66666667, 0.85089974, 0.65956029, 0.50733753, 0.65825977,
       0.64056382, 0.55019305, 0.58585859, 0.60057197, 0.67343173]), array([0.64566929, 0.86150092, 0.66800535, 0.57822785, 0.66543438,
       0.58668858, 0.6056338 , 0.54619289, 0.57947686, 0.68385864]), array([0.65273632, 0.86337396, 0.68030691, 0.56023222, 0.63310258,
       0.60595745, 0.57022175, 0.57280617, 0.59432049, 0.66604128]), array([0.64856397, 0.85286458, 0.66624123, 0.54892368, 0.61986085,
       0.59721083, 0.57688966, 0.57339901, 0.5815161 , 0.65014866])]

estim_algorithm = atc-model, mode = classification, metric = f1score, confidence_scores = entropy-conf, class_specific = False
test err: [0.1473854980502956, 0.1444598444769475, 0.1458300258415183, 0.14780562557664118, 0.15150223973592264]
estimated metric: [array([0.8326068 , 0.91353384, 0.75712144, 0.68284961, 0.78701826,
       0.72932331, 0.74336284, 0.75289576, 0.80804388, 0.81987578]), array([0.86322189, 0.91060026, 0.74642589, 0.67301587, 0.77146815,
       0.76168225, 0.77525774, 0.75049116, 0.78136201, 0.80441641]), array([0.84269663, 0.92316999, 0.77551021, 0.67306667, 0.79265092,
       0.71319797, 0.75449102, 0.76987448, 0.79532164, 0.83900929]), array([0.85017422, 0.90616967, 0.7604833 , 0.68805528, 0.79619565,
       0.71936759, 0.76470589, 0.77777778, 0.79371317, 0.82051282]), array([0.84576659, 0.90850097, 0.77205364, 0.67331671, 0.77419355,
       0.7437811 , 0.73588343, 0.752     , 0.82306163, 0.80208334])]
real metric: [array([0.63371231, 0.85376478, 0.67498359, 0.53934942, 0.63715711,
       0.63131732, 0.56      , 0.57929725, 0.58021134, 0.66298343]), array([0.66666667, 0.85089974, 0.65956029, 0.50733753, 0.65825977,
       0.64056382, 0.55019305, 0.58585859, 0.60057197, 0.67343173]), array([0.64566929, 0.86150092, 0.66800535, 0.57822785, 0.66543438,
       0.58668858, 0.6056338 , 0.54619289, 0.57947686, 0.68385864]), array([0.65273632, 0.86337396, 0.68030691, 0.56023222, 0.63310258,
       0.60595745, 0.57022175, 0.57280617, 0.59432049, 0.66604128]), array([0.64856397, 0.85286458, 0.66624123, 0.54892368, 0.61986085,
       0.59721083, 0.57688966, 0.57339901, 0.5815161 , 0.65014866])]

estim_algorithm = atc-model, mode = classification, metric = f1score, confidence_scores = entropy-conf, class_specific = True
test err: [0.05913856401493871, 0.05771578761102901, 0.045231636154221065, 0.06576120104849997, 0.05851402259916605]
estimated metric: [array([0.61171592, 0.7315289 , 0.65093572, 0.60402685, 0.7074928 ,
       0.57983194, 0.67906977, 0.59565218, 0.59784947, 0.57943926]), array([0.64702843, 0.75018315, 0.6411093 , 0.60356348, 0.69845928,
       0.60709593, 0.68292684, 0.59292036, 0.60369611, 0.54789273]), array([0.62029882, 0.75698324, 0.69460113, 0.60224719, 0.72133426,
       0.58181819, 0.66381157, 0.58992807, 0.55607478, 0.59813085]), array([0.63987635, 0.73174367, 0.66564652, 0.62493534, 0.72883788,
       0.56425407, 0.68433736, 0.62500001, 0.54846337, 0.58188825]), array([0.63380282, 0.7130834 , 0.66462011, 0.60147214, 0.70203489,
       0.61263737, 0.65242719, 0.60402685, 0.63594471, 0.5319149 ])]
real metric: [array([0.63371231, 0.85376478, 0.67498359, 0.53934942, 0.63715711,
       0.63131732, 0.56      , 0.57929725, 0.58021134, 0.66298343]), array([0.66666667, 0.85089974, 0.65956029, 0.50733753, 0.65825977,
       0.64056382, 0.55019305, 0.58585859, 0.60057197, 0.67343173]), array([0.64566929, 0.86150092, 0.66800535, 0.57822785, 0.66543438,
       0.58668858, 0.6056338 , 0.54619289, 0.57947686, 0.68385864]), array([0.65273632, 0.86337396, 0.68030691, 0.56023222, 0.63310258,
       0.60595745, 0.57022175, 0.57280617, 0.59432049, 0.66604128]), array([0.64856397, 0.85286458, 0.66624123, 0.54892368, 0.61986085,
       0.59721083, 0.57688966, 0.57339901, 0.5815161 , 0.65014866])]

estim_algorithm = atc-model, mode = classification, metric = f1score, confidence_scores = doctor-conf, class_specific = False
test err: [0.1564670845043322, 0.15305596149658413, 0.1520863113869352, 0.1564199369507943, 0.15777905313441729]
estimated metric: [array([0.83514572, 0.91625   , 0.76820208, 0.69932257, 0.80080214,
       0.73880597, 0.76252724, 0.76481836, 0.80804388, 0.82352941]), array([0.86617583, 0.91129547, 0.75764355, 0.69102297, 0.78242965,
       0.76600699, 0.78775511, 0.76023392, 0.78571429, 0.815625  ]), array([0.84668389, 0.92512077, 0.78742515, 0.69052632, 0.80130293,
       0.7115629 , 0.76923077, 0.78008299, 0.79060666, 0.83900929]), array([0.85813149, 0.91037132, 0.78041958, 0.70593963, 0.80512475,
       0.72273325, 0.77303371, 0.7826087 , 0.79133859, 0.83359747]), array([0.84470912, 0.91203105, 0.78065873, 0.68900937, 0.78915254,
       0.74534162, 0.75179857, 0.752     , 0.81836328, 0.81034483])]
real metric: [array([0.63371231, 0.85376478, 0.67498359, 0.53934942, 0.63715711,
       0.63131732, 0.56      , 0.57929725, 0.58021134, 0.66298343]), array([0.66666667, 0.85089974, 0.65956029, 0.50733753, 0.65825977,
       0.64056382, 0.55019305, 0.58585859, 0.60057197, 0.67343173]), array([0.64566929, 0.86150092, 0.66800535, 0.57822785, 0.66543438,
       0.58668858, 0.6056338 , 0.54619289, 0.57947686, 0.68385864]), array([0.65273632, 0.86337396, 0.68030691, 0.56023222, 0.63310258,
       0.60595745, 0.57022175, 0.57280617, 0.59432049, 0.66604128]), array([0.64856397, 0.85286458, 0.66624123, 0.54892368, 0.61986085,
       0.59721083, 0.57688966, 0.57339901, 0.5815161 , 0.65014866])]

estim_algorithm = atc-model, mode = classification, metric = f1score, confidence_scores = doctor-conf, class_specific = True
test err: [0.06092264226130963, 0.05798670176079289, 0.049784702721404464, 0.06604963874220049, 0.05768484651426835]
estimated metric: [array([0.61458872, 0.73338203, 0.65422078, 0.61640798, 0.70188133,
       0.57183099, 0.68822172, 0.5925926 , 0.59482759, 0.57142858]), array([0.65329218, 0.75018315, 0.64221679, 0.61129568, 0.69941349,
       0.60526316, 0.68874173, 0.58666668, 0.60369611, 0.54789273]), array([0.62242799, 0.75698324, 0.69670153, 0.61005587, 0.71777004,
       0.57183099, 0.67515924, 0.59330145, 0.55269322, 0.58490567]), array([0.63636364, 0.73268801, 0.67275495, 0.63552362, 0.72517986,
       0.56637169, 0.69377991, 0.62500001, 0.55529413, 0.58188825]), array([0.63675676, 0.71504966, 0.66666667, 0.61818182, 0.70203489,
       0.61263737, 0.65242719, 0.59775282, 0.62645012, 0.53503186])]
real metric: [array([0.63371231, 0.85376478, 0.67498359, 0.53934942, 0.63715711,
       0.63131732, 0.56      , 0.57929725, 0.58021134, 0.66298343]), array([0.66666667, 0.85089974, 0.65956029, 0.50733753, 0.65825977,
       0.64056382, 0.55019305, 0.58585859, 0.60057197, 0.67343173]), array([0.64566929, 0.86150092, 0.66800535, 0.57822785, 0.66543438,
       0.58668858, 0.6056338 , 0.54619289, 0.57947686, 0.68385864]), array([0.65273632, 0.86337396, 0.68030691, 0.56023222, 0.63310258,
       0.60595745, 0.57022175, 0.57280617, 0.59432049, 0.66604128]), array([0.64856397, 0.85286458, 0.66624123, 0.54892368, 0.61986085,
       0.59721083, 0.57688966, 0.57339901, 0.5815161 , 0.65014866])]

estim_algorithm = ts-atc-model, mode = classification, metric = f1score, confidence_scores = max_class_probability-conf, class_specific = False
test err: [0.1358927998594876, 0.13121230852500881, 0.1346725193680865, 0.14025809335772693, 0.13849478423584505]
estimated metric: [array([0.82285714, 0.91148776, 0.72363357, 0.64126293, 0.76785714,
       0.73566085, 0.73777778, 0.74074075, 0.81238616, 0.81804044]), array([0.84108012, 0.90850928, 0.72337165, 0.63843648, 0.75246132,
       0.7587822 , 0.74947369, 0.72800001, 0.78787879, 0.8174727 ]), array([0.83056769, 0.91990291, 0.754804  , 0.63894967, 0.77005348,
       0.70992367, 0.74193549, 0.75159236, 0.81609196, 0.83359254]), array([0.83495146, 0.9012266 , 0.737147  , 0.65349544, 0.78045423,
       0.71936759, 0.75057209, 0.78019802, 0.82375479, 0.82051282]), array([0.83832335, 0.90566038, 0.75536481, 0.63239075, 0.75104895,
       0.73433584, 0.69793622, 0.74193549, 0.84148728, 0.80208334])]
real metric: [array([0.63371231, 0.85376478, 0.67498359, 0.53934942, 0.63715711,
       0.63131732, 0.56      , 0.57929725, 0.58021134, 0.66298343]), array([0.66666667, 0.85089974, 0.65956029, 0.50733753, 0.65825977,
       0.64056382, 0.55019305, 0.58585859, 0.60057197, 0.67343173]), array([0.64566929, 0.86150092, 0.66800535, 0.57822785, 0.66543438,
       0.58668858, 0.6056338 , 0.54619289, 0.57947686, 0.68385864]), array([0.65273632, 0.86337396, 0.68030691, 0.56023222, 0.63310258,
       0.60595745, 0.57022175, 0.57280617, 0.59432049, 0.66604128]), array([0.64856397, 0.85286458, 0.66624123, 0.54892368, 0.61986085,
       0.59721083, 0.57688966, 0.57339901, 0.5815161 , 0.65014866])]

estim_algorithm = ts-atc-model, mode = classification, metric = f1score, confidence_scores = max_class_probability-conf, class_specific = True
test err: [0.06535428358631469, 0.06871518850642103, 0.0631374297939899, 0.07462558402286118, 0.06894240080910172]
estimated metric: [array([0.5815678 , 0.72029521, 0.63986875, 0.57777778, 0.6779661 ,
       0.58774374, 0.6728972 , 0.6107527 , 0.57952071, 0.49802373]), array([0.61187699, 0.73535953, 0.63105999, 0.575     , 0.66816817,
       0.62158648, 0.6945055 , 0.62337663, 0.58921163, 0.47484911]), array([0.58755274, 0.73219373, 0.68932039, 0.5717566 , 0.70695713,
       0.5758427 , 0.6863158 , 0.6388889 , 0.54929579, 0.52362206]), array([0.5844504 , 0.71255673, 0.64280156, 0.59513742, 0.6989721 ,
       0.58720931, 0.68433736, 0.64912281, 0.53809525, 0.54257427]), array([0.60122019, 0.71603054, 0.65533231, 0.58133334, 0.67014148,
       0.62585035, 0.64980545, 0.61946903, 0.62004663, 0.42465755])]
real metric: [array([0.63371231, 0.85376478, 0.67498359, 0.53934942, 0.63715711,
       0.63131732, 0.56      , 0.57929725, 0.58021134, 0.66298343]), array([0.66666667, 0.85089974, 0.65956029, 0.50733753, 0.65825977,
       0.64056382, 0.55019305, 0.58585859, 0.60057197, 0.67343173]), array([0.64566929, 0.86150092, 0.66800535, 0.57822785, 0.66543438,
       0.58668858, 0.6056338 , 0.54619289, 0.57947686, 0.68385864]), array([0.65273632, 0.86337396, 0.68030691, 0.56023222, 0.63310258,
       0.60595745, 0.57022175, 0.57280617, 0.59432049, 0.66604128]), array([0.64856397, 0.85286458, 0.66624123, 0.54892368, 0.61986085,
       0.59721083, 0.57688966, 0.57339901, 0.5815161 , 0.65014866])]

estim_algorithm = ts-atc-model, mode = classification, metric = f1score, confidence_scores = energy-conf, class_specific = False
test err: [0.15927023234006704, 0.16044162264965794, 0.15932528902976614, 0.1606413363096617, 0.16689065236810863]
estimated metric: [array([0.73260767, 0.87035831, 0.72166538, 0.62857143, 0.83050848,
       0.84903519, 0.7349666 , 0.82116789, 0.86608696, 0.89051095]), array([0.75688509, 0.86418109, 0.72337165, 0.64285714, 0.82204515,
       0.84907709, 0.78028748, 0.82872928, 0.85328837, 0.87703704]), array([0.74507966, 0.86624204, 0.75      , 0.64929425, 0.83100381,
       0.82909931, 0.77165355, 0.83333334, 0.86605505, 0.87218045]), array([0.73925502, 0.85848424, 0.71858927, 0.63552362, 0.82493369,
       0.84147795, 0.76470589, 0.82889734, 0.88566243, 0.89820359]), array([0.74714357, 0.86657682, 0.72899927, 0.65452706, 0.81800132,
       0.84703197, 0.75849732, 0.7953668 , 0.87238095, 0.896     ])]
real metric: [array([0.63371231, 0.85376478, 0.67498359, 0.53934942, 0.63715711,
       0.63131732, 0.56      , 0.57929725, 0.58021134, 0.66298343]), array([0.66666667, 0.85089974, 0.65956029, 0.50733753, 0.65825977,
       0.64056382, 0.55019305, 0.58585859, 0.60057197, 0.67343173]), array([0.64566929, 0.86150092, 0.66800535, 0.57822785, 0.66543438,
       0.58668858, 0.6056338 , 0.54619289, 0.57947686, 0.68385864]), array([0.65273632, 0.86337396, 0.68030691, 0.56023222, 0.63310258,
       0.60595745, 0.57022175, 0.57280617, 0.59432049, 0.66604128]), array([0.64856397, 0.85286458, 0.66624123, 0.54892368, 0.61986085,
       0.59721083, 0.57688966, 0.57339901, 0.5815161 , 0.65014866])]

estim_algorithm = ts-atc-model, mode = classification, metric = f1score, confidence_scores = energy-conf, class_specific = True
test err: [0.09828768218911736, 0.1057310284141751, 0.10553678762835372, 0.116581042563437, 0.10738298187305353]
estimated metric: [array([0.57553192, 0.6389325 , 0.67783094, 0.56962751, 0.73394496,
       0.70166454, 0.76789588, 0.64570231, 0.5887446 , 0.436214  ]), array([0.58943966, 0.64924783, 0.66826539, 0.58783784, 0.70887919,
       0.66666667, 0.79513185, 0.64102565, 0.54077254, 0.42083335]), array([0.57553192, 0.63496933, 0.704     , 0.59276018, 0.7284036 ,
       0.6796875 , 0.78125   , 0.67567568, 0.55944057, 0.45679013]), array([0.58064516, 0.62297735, 0.68277946, 0.58164355, 0.72883788,
       0.69530202, 0.77852349, 0.69491526, 0.50243904, 0.44397464]), array([0.58234964, 0.62469338, 0.68181818, 0.60073646, 0.7048586 ,
       0.68489584, 0.77168142, 0.63157896, 0.58033574, 0.36492893])]
real metric: [array([0.63371231, 0.85376478, 0.67498359, 0.53934942, 0.63715711,
       0.63131732, 0.56      , 0.57929725, 0.58021134, 0.66298343]), array([0.66666667, 0.85089974, 0.65956029, 0.50733753, 0.65825977,
       0.64056382, 0.55019305, 0.58585859, 0.60057197, 0.67343173]), array([0.64566929, 0.86150092, 0.66800535, 0.57822785, 0.66543438,
       0.58668858, 0.6056338 , 0.54619289, 0.57947686, 0.68385864]), array([0.65273632, 0.86337396, 0.68030691, 0.56023222, 0.63310258,
       0.60595745, 0.57022175, 0.57280617, 0.59432049, 0.66604128]), array([0.64856397, 0.85286458, 0.66624123, 0.54892368, 0.61986085,
       0.59721083, 0.57688966, 0.57339901, 0.5815161 , 0.65014866])]

estim_algorithm = ts-atc-model, mode = classification, metric = f1score, confidence_scores = entropy-conf, class_specific = False
test err: [0.13216591428516514, 0.12910958571538406, 0.13085015938324374, 0.13342814975844003, 0.13600209955400455]
estimated metric: [array([0.81870313, 0.91285267, 0.71771075, 0.60791969, 0.74016854,
       0.75887393, 0.68822172, 0.74074075, 0.8460177 , 0.84322679]), array([0.83489097, 0.90289389, 0.71251932, 0.6051168 , 0.73285714,
       0.76456877, 0.73076924, 0.72800001, 0.83361921, 0.83920368]), array([0.81922399, 0.91595615, 0.74709977, 0.59672871, 0.75507443,
       0.72613066, 0.72131148, 0.75949368, 0.84916201, 0.83900929]), array([0.83030572, 0.90193548, 0.72140763, 0.615625  , 0.74947071,
       0.72941177, 0.72429907, 0.77777778, 0.84586466, 0.83728278]), array([0.83186661, 0.90637191, 0.73546512, 0.60878661, 0.73870057,
       0.74845106, 0.68809074, 0.74193549, 0.86153846, 0.81443299])]
real metric: [array([0.63371231, 0.85376478, 0.67498359, 0.53934942, 0.63715711,
       0.63131732, 0.56      , 0.57929725, 0.58021134, 0.66298343]), array([0.66666667, 0.85089974, 0.65956029, 0.50733753, 0.65825977,
       0.64056382, 0.55019305, 0.58585859, 0.60057197, 0.67343173]), array([0.64566929, 0.86150092, 0.66800535, 0.57822785, 0.66543438,
       0.58668858, 0.6056338 , 0.54619289, 0.57947686, 0.68385864]), array([0.65273632, 0.86337396, 0.68030691, 0.56023222, 0.63310258,
       0.60595745, 0.57022175, 0.57280617, 0.59432049, 0.66604128]), array([0.64856397, 0.85286458, 0.66624123, 0.54892368, 0.61986085,
       0.59721083, 0.57688966, 0.57339901, 0.5815161 , 0.65014866])]

estim_algorithm = ts-atc-model, mode = classification, metric = f1score, confidence_scores = entropy-conf, class_specific = True
test err: [0.06863736072427984, 0.07312567801213947, 0.07147960219404793, 0.08570751967796295, 0.07192689325930783]
estimated metric: [array([0.5732552 , 0.68636364, 0.64209665, 0.55722544, 0.68378577,
       0.60330579, 0.65402844, 0.62553192, 0.57952071, 0.47082496]), array([0.60744681, 0.71536145, 0.63777596, 0.57012543, 0.6580938 ,
       0.62694301, 0.68292684, 0.6263499 , 0.56236787, 0.44672132]), array([0.58006363, 0.70545455, 0.67538839, 0.5585168 , 0.70604782,
       0.59556787, 0.68907564, 0.66666667, 0.56279071, 0.48790324]), array([0.57758621, 0.67754468, 0.63536776, 0.58088628, 0.68350669,
       0.61931819, 0.67475729, 0.6724138 , 0.53110049, 0.46666668]), array([0.58711485, 0.68491009, 0.6676876 , 0.55904659, 0.66217229,
       0.63328823, 0.62845851, 0.62251656, 0.60705883, 0.3764706 ])]
real metric: [array([0.63371231, 0.85376478, 0.67498359, 0.53934942, 0.63715711,
       0.63131732, 0.56      , 0.57929725, 0.58021134, 0.66298343]), array([0.66666667, 0.85089974, 0.65956029, 0.50733753, 0.65825977,
       0.64056382, 0.55019305, 0.58585859, 0.60057197, 0.67343173]), array([0.64566929, 0.86150092, 0.66800535, 0.57822785, 0.66543438,
       0.58668858, 0.6056338 , 0.54619289, 0.57947686, 0.68385864]), array([0.65273632, 0.86337396, 0.68030691, 0.56023222, 0.63310258,
       0.60595745, 0.57022175, 0.57280617, 0.59432049, 0.66604128]), array([0.64856397, 0.85286458, 0.66624123, 0.54892368, 0.61986085,
       0.59721083, 0.57688966, 0.57339901, 0.5815161 , 0.65014866])]

estim_algorithm = ts-atc-model, mode = classification, metric = f1score, confidence_scores = doctor-conf, class_specific = False
test err: [0.13348406583621278, 0.13129106266666013, 0.13230704208858596, 0.13474741088476078, 0.136195986579646]
estimated metric: [array([0.81609195, 0.91080402, 0.71671827, 0.61024499, 0.7428171 ,
       0.75735294, 0.69724771, 0.74563107, 0.84397163, 0.84673748]), array([0.83437222, 0.90289389, 0.71251932, 0.6082131 , 0.73916134,
       0.76456877, 0.73617022, 0.72800001, 0.83760684, 0.84274809]), array([0.81870313, 0.91529555, 0.74613003, 0.59830986, 0.75927175,
       0.72613066, 0.72653062, 0.75949368, 0.85130112, 0.8425926 ]), array([0.83082374, 0.9012266 , 0.72327965, 0.61706556, 0.75035261,
       0.73272491, 0.72429907, 0.77534792, 0.85233645, 0.83911672]), array([0.82969838, 0.90566038, 0.7382161 , 0.60951385, 0.73780919,
       0.74845106, 0.68560607, 0.74446681, 0.86372361, 0.81443299])]
real metric: [array([0.63371231, 0.85376478, 0.67498359, 0.53934942, 0.63715711,
       0.63131732, 0.56      , 0.57929725, 0.58021134, 0.66298343]), array([0.66666667, 0.85089974, 0.65956029, 0.50733753, 0.65825977,
       0.64056382, 0.55019305, 0.58585859, 0.60057197, 0.67343173]), array([0.64566929, 0.86150092, 0.66800535, 0.57822785, 0.66543438,
       0.58668858, 0.6056338 , 0.54619289, 0.57947686, 0.68385864]), array([0.65273632, 0.86337396, 0.68030691, 0.56023222, 0.63310258,
       0.60595745, 0.57022175, 0.57280617, 0.59432049, 0.66604128]), array([0.64856397, 0.85286458, 0.66624123, 0.54892368, 0.61986085,
       0.59721083, 0.57688966, 0.57339901, 0.5815161 , 0.65014866])]

estim_algorithm = ts-atc-model, mode = classification, metric = f1score, confidence_scores = doctor-conf, class_specific = True
test err: [0.07135635291836573, 0.07374740569280323, 0.06903428629306915, 0.08479088740247623, 0.07296383370936226]
estimated metric: [array([0.57931035, 0.68735806, 0.63426689, 0.56551724, 0.68281939,
       0.59361998, 0.65721041, 0.62553192, 0.57330417, 0.47082496]), array([0.6104034 , 0.71536145, 0.61971831, 0.57012543, 0.65910809,
       0.61799218, 0.68292684, 0.62337663, 0.56842106, 0.45621182]), array([0.58680739, 0.70451237, 0.66885785, 0.55600697, 0.70604782,
       0.58970793, 0.68907564, 0.66363637, 0.55944057, 0.496994  ]), array([0.57681941, 0.67548638, 0.63000786, 0.58164355, 0.68448404,
       0.61538462, 0.67475729, 0.66954644, 0.52757795, 0.48247424]), array([0.59184813, 0.68181818, 0.65637066, 0.56216216, 0.66016504,
       0.63881402, 0.62845851, 0.61946903, 0.60705883, 0.3764706 ])]
real metric: [array([0.63371231, 0.85376478, 0.67498359, 0.53934942, 0.63715711,
       0.63131732, 0.56      , 0.57929725, 0.58021134, 0.66298343]), array([0.66666667, 0.85089974, 0.65956029, 0.50733753, 0.65825977,
       0.64056382, 0.55019305, 0.58585859, 0.60057197, 0.67343173]), array([0.64566929, 0.86150092, 0.66800535, 0.57822785, 0.66543438,
       0.58668858, 0.6056338 , 0.54619289, 0.57947686, 0.68385864]), array([0.65273632, 0.86337396, 0.68030691, 0.56023222, 0.63310258,
       0.60595745, 0.57022175, 0.57280617, 0.59432049, 0.66604128]), array([0.64856397, 0.85286458, 0.66624123, 0.54892368, 0.61986085,
       0.59721083, 0.57688966, 0.57339901, 0.5815161 , 0.65014866])]

