estim_algorithm = ac-model, mode = classification, metric = auc, confidence_scores = max_class_probability-conf, class_specific = False
test err: [0.0885067767325798, 0.0911643363360572, 0.09098010502581123, 0.09144272050088927, 0.09299899514572546]
estimated metric: [array([0.98334045, 0.98792693, 0.98287601, 0.98279415, 0.98310213,
       0.98428921, 0.98326598, 0.98374518, 0.9833112 , 0.98425524]), array([0.98316113, 0.98754733, 0.98130994, 0.98139382, 0.98283025,
       0.98337823, 0.98282097, 0.98334638, 0.9831363 , 0.98334633]), array([0.9832678 , 0.98771511, 0.98304913, 0.98242666, 0.98275429,
       0.98393932, 0.9831592 , 0.98423692, 0.98408993, 0.98438529]), array([0.98432498, 0.98755407, 0.98212775, 0.98226684, 0.9841039 ,
       0.98384934, 0.98374871, 0.98347463, 0.98358913, 0.98495279]), array([0.9834261 , 0.98775082, 0.98202201, 0.98150484, 0.98363001,
       0.98391935, 0.98307756, 0.98453988, 0.98347319, 0.98432133])]
real metric: [array([0.92507157, 0.96886235, 0.87531571, 0.83698461, 0.86128604,
       0.80647317, 0.9147711 , 0.89252884, 0.93246659, 0.94007874]), array([0.92108842, 0.96796878, 0.87310158, 0.82261097, 0.88301123,
       0.78911211, 0.91873623, 0.88688755, 0.93912161, 0.91898885]), array([0.92503283, 0.97133154, 0.8691372 , 0.82382279, 0.85744281,
       0.80331993, 0.91845251, 0.88534038, 0.93416776, 0.94117484]), array([0.91406827, 0.97078804, 0.86456517, 0.83903504, 0.86535027,
       0.81073238, 0.9130703 , 0.88152672, 0.92972849, 0.93670024]), array([0.91903436, 0.96019159, 0.88443541, 0.81375784, 0.87123663,
       0.81006261, 0.91614475, 0.87705744, 0.9262765 , 0.92947798])]

estim_algorithm = ac-model, mode = classification, metric = auc, confidence_scores = energy-conf, class_specific = False
test err: [0.07366310335512874, 0.08152151213483701, 0.06504425528597077, 0.08218042353170624, 0.06865083478091275]
estimated metric: [array([0.78248071, 0.87746389, 0.763862  , 0.82762026, 0.79576782,
       0.75148752, 0.85645021, 0.9223993 , 0.77325948, 0.92615741]), array([0.71311391, 0.86922513, 0.843161  , 0.74394257, 0.80904215,
       0.73517778, 0.85228938, 0.84960166, 0.84644798, 0.84341064]), array([0.81261293, 0.85244311, 0.79910461, 0.74283157, 0.8538002 ,
       0.7809004 , 0.85963174, 0.84420112, 0.85837696, 0.87487742]), array([0.73781864, 0.8516191 , 0.77921355, 0.71476469, 0.86085977,
       0.8247343 , 0.85211602, 0.83977367, 0.79760246, 0.87326233]), array([0.83721846, 0.90073245, 0.77559304, 0.75615006, 0.84201001,
       0.78316931, 0.85676053, 0.9025197 , 0.82144311, 0.79649462])]
real metric: [array([0.92507157, 0.96886235, 0.87531571, 0.83698461, 0.86128604,
       0.80647317, 0.9147711 , 0.89252884, 0.93246659, 0.94007874]), array([0.92108842, 0.96796878, 0.87310158, 0.82261097, 0.88301123,
       0.78911211, 0.91873623, 0.88688755, 0.93912161, 0.91898885]), array([0.92503283, 0.97133154, 0.8691372 , 0.82382279, 0.85744281,
       0.80331993, 0.91845251, 0.88534038, 0.93416776, 0.94117484]), array([0.91406827, 0.97078804, 0.86456517, 0.83903504, 0.86535027,
       0.81073238, 0.9130703 , 0.88152672, 0.92972849, 0.93670024]), array([0.91903436, 0.96019159, 0.88443541, 0.81375784, 0.87123663,
       0.81006261, 0.91614475, 0.87705744, 0.9262765 , 0.92947798])]

estim_algorithm = ac-model, mode = classification, metric = auc, confidence_scores = entropy-conf, class_specific = False
test err: [0.08462681908047684, 0.0875196494062414, 0.08712799076032393, 0.08755962861936781, 0.08907544689652026]
estimated metric: [array([0.97993694, 0.98509731, 0.97896395, 0.97843485, 0.97842497,
       0.97993974, 0.97781471, 0.98075423, 0.97954601, 0.9811942 ]), array([0.97962327, 0.98438061, 0.97724252, 0.97733789, 0.97844736,
       0.97966309, 0.97762735, 0.97954889, 0.98006609, 0.98188675]), array([0.97954043, 0.98463335, 0.97785945, 0.97863134, 0.97869992,
       0.97991585, 0.97792572, 0.98118545, 0.98066621, 0.9814448 ]), array([0.97973898, 0.98452175, 0.97790364, 0.97836312, 0.9792237 ,
       0.98022859, 0.97867925, 0.97979819, 0.98028155, 0.98242243]), array([0.98025133, 0.98447022, 0.9776202 , 0.97760231, 0.97985051,
       0.9795118 , 0.97796522, 0.98102917, 0.97960315, 0.98052569])]
real metric: [array([0.92507157, 0.96886235, 0.87531571, 0.83698461, 0.86128604,
       0.80647317, 0.9147711 , 0.89252884, 0.93246659, 0.94007874]), array([0.92108842, 0.96796878, 0.87310158, 0.82261097, 0.88301123,
       0.78911211, 0.91873623, 0.88688755, 0.93912161, 0.91898885]), array([0.92503283, 0.97133154, 0.8691372 , 0.82382279, 0.85744281,
       0.80331993, 0.91845251, 0.88534038, 0.93416776, 0.94117484]), array([0.91406827, 0.97078804, 0.86456517, 0.83903504, 0.86535027,
       0.81073238, 0.9130703 , 0.88152672, 0.92972849, 0.93670024]), array([0.91903436, 0.96019159, 0.88443541, 0.81375784, 0.87123663,
       0.81006261, 0.91614475, 0.87705744, 0.9262765 , 0.92947798])]

estim_algorithm = ac-model, mode = classification, metric = auc, confidence_scores = doctor-conf, class_specific = False
test err: [0.09283451794953611, 0.09556845737510533, 0.09547908534475566, 0.09583655597246318, 0.09755051779086091]
estimated metric: [array([0.98810211, 0.99174003, 0.98715053, 0.98693604, 0.98787725,
       0.98775797, 0.98792003, 0.98911448, 0.98708684, 0.98849861]), array([0.98803511, 0.99138999, 0.98657113, 0.98580028, 0.98746023,
       0.98709716, 0.98760679, 0.98720426, 0.98704342, 0.98810353]), array([0.98844566, 0.99118042, 0.98737429, 0.98711811, 0.98727209,
       0.98684363, 0.98785803, 0.98975296, 0.98857401, 0.98959425]), array([0.98881139, 0.99157292, 0.98671301, 0.98685274, 0.98814413,
       0.98875906, 0.9882121 , 0.98854671, 0.98770607, 0.98861236]), array([0.98792341, 0.99158185, 0.98676246, 0.9867591 , 0.98787404,
       0.98833536, 0.9878441 , 0.98900981, 0.98788336, 0.98920681])]
real metric: [array([0.92507157, 0.96886235, 0.87531571, 0.83698461, 0.86128604,
       0.80647317, 0.9147711 , 0.89252884, 0.93246659, 0.94007874]), array([0.92108842, 0.96796878, 0.87310158, 0.82261097, 0.88301123,
       0.78911211, 0.91873623, 0.88688755, 0.93912161, 0.91898885]), array([0.92503283, 0.97133154, 0.8691372 , 0.82382279, 0.85744281,
       0.80331993, 0.91845251, 0.88534038, 0.93416776, 0.94117484]), array([0.91406827, 0.97078804, 0.86456517, 0.83903504, 0.86535027,
       0.81073238, 0.9130703 , 0.88152672, 0.92972849, 0.93670024]), array([0.91903436, 0.96019159, 0.88443541, 0.81375784, 0.87123663,
       0.81006261, 0.91614475, 0.87705744, 0.9262765 , 0.92947798])]

estim_algorithm = ts-model, mode = classification, metric = auc, confidence_scores = max_class_probability-conf, class_specific = False
test err: [0.05577301601491168, 0.05853542214981241, 0.05975756442577136, 0.060221935993587584, 0.05934501717439884]
estimated metric: [array([0.94813923, 0.9570091 , 0.94597739, 0.94595432, 0.94386352,
       0.94941222, 0.93741238, 0.95577478, 0.94916105, 0.95515839]), array([0.94582749, 0.956445  , 0.94492888, 0.94855615, 0.94455224,
       0.94570135, 0.93713954, 0.95253039, 0.95264961, 0.95460333]), array([0.95096203, 0.95681979, 0.94461506, 0.94851873, 0.94507827,
       0.95223273, 0.93804764, 0.95509466, 0.95105849, 0.95534736]), array([0.94826487, 0.95673578, 0.94520808, 0.94591641, 0.94620506,
       0.95389355, 0.93902262, 0.95539594, 0.95137211, 0.95766534]), array([0.94957883, 0.95606492, 0.94425155, 0.94589789, 0.94760461,
       0.94923839, 0.93864202, 0.95469073, 0.95333265, 0.95357036])]
real metric: [array([0.92507157, 0.96886235, 0.87531571, 0.83698461, 0.86128604,
       0.80647317, 0.9147711 , 0.89252884, 0.93246659, 0.94007874]), array([0.92108842, 0.96796878, 0.87310158, 0.82261097, 0.88301123,
       0.78911211, 0.91873623, 0.88688755, 0.93912161, 0.91898885]), array([0.92503283, 0.97133154, 0.8691372 , 0.82382279, 0.85744281,
       0.80331993, 0.91845251, 0.88534038, 0.93416776, 0.94117484]), array([0.91406827, 0.97078804, 0.86456517, 0.83903504, 0.86535027,
       0.81073238, 0.9130703 , 0.88152672, 0.92972849, 0.93670024]), array([0.91903436, 0.96019159, 0.88443541, 0.81375784, 0.87123663,
       0.81006261, 0.91614475, 0.87705744, 0.9262765 , 0.92947798])]

estim_algorithm = ts-model, mode = classification, metric = auc, confidence_scores = max_class_probability-conf, class_specific = True
test err: [0.06037097986257659, 0.06191079154491658, 0.06316763266114765, 0.06480606555518578, 0.06592134032479405]
estimated metric: [array([0.96527929, 0.9748268 , 0.94475436, 0.94985574, 0.96016469,
       0.92051296, 0.9565077 , 0.96971829, 0.95789023, 0.95803847]), array([0.9656065 , 0.97447921, 0.94882519, 0.9310309 , 0.96048349,
       0.91368779, 0.95644765, 0.96957366, 0.96100159, 0.95859926]), array([0.96466437, 0.97463487, 0.94776872, 0.9288512 , 0.96059268,
       0.93996359, 0.95676293, 0.9708025 , 0.95895885, 0.95789922]), array([0.96567971, 0.97534126, 0.94808056, 0.93098208, 0.96181372,
       0.94581396, 0.95775433, 0.9708526 , 0.95812193, 0.95918542]), array([0.9662051 , 0.97488791, 0.94775789, 0.93680962, 0.96194376,
       0.93613344, 0.95692775, 0.97099238, 0.96070443, 0.95452624])]
real metric: [array([0.92507157, 0.96886235, 0.87531571, 0.83698461, 0.86128604,
       0.80647317, 0.9147711 , 0.89252884, 0.93246659, 0.94007874]), array([0.92108842, 0.96796878, 0.87310158, 0.82261097, 0.88301123,
       0.78911211, 0.91873623, 0.88688755, 0.93912161, 0.91898885]), array([0.92503283, 0.97133154, 0.8691372 , 0.82382279, 0.85744281,
       0.80331993, 0.91845251, 0.88534038, 0.93416776, 0.94117484]), array([0.91406827, 0.97078804, 0.86456517, 0.83903504, 0.86535027,
       0.81073238, 0.9130703 , 0.88152672, 0.92972849, 0.93670024]), array([0.91903436, 0.96019159, 0.88443541, 0.81375784, 0.87123663,
       0.81006261, 0.91614475, 0.87705744, 0.9262765 , 0.92947798])]

estim_algorithm = ts-model, mode = classification, metric = auc, confidence_scores = energy-conf, class_specific = False
test err: [0.04469426995568031, 0.04321673533542184, 0.04104067961399403, 0.045396672594684086, 0.04036546986209126]
estimated metric: [array([0.90609502, 0.95754166, 0.89033058, 0.94261676, 0.9054747 ,
       0.89996279, 0.92814304, 0.96927809, 0.8987639 , 0.97457501]), array([0.85709918, 0.95666789, 0.93268163, 0.86934396, 0.92245113,
       0.88815423, 0.924474  , 0.94876634, 0.95056891, 0.95200715]), array([0.92618981, 0.94687163, 0.90611866, 0.88779395, 0.9431197 ,
       0.89996235, 0.91980023, 0.94070671, 0.9497298 , 0.97041673]), array([0.87287473, 0.94888312, 0.8975111 , 0.86856219, 0.94351159,
       0.93900185, 0.92184191, 0.95101514, 0.91057896, 0.96125508]), array([0.94148933, 0.95768946, 0.89243953, 0.88625255, 0.94064889,
       0.90817785, 0.92680818, 0.97230731, 0.93464758, 0.91309109])]
real metric: [array([0.92507157, 0.96886235, 0.87531571, 0.83698461, 0.86128604,
       0.80647317, 0.9147711 , 0.89252884, 0.93246659, 0.94007874]), array([0.92108842, 0.96796878, 0.87310158, 0.82261097, 0.88301123,
       0.78911211, 0.91873623, 0.88688755, 0.93912161, 0.91898885]), array([0.92503283, 0.97133154, 0.8691372 , 0.82382279, 0.85744281,
       0.80331993, 0.91845251, 0.88534038, 0.93416776, 0.94117484]), array([0.91406827, 0.97078804, 0.86456517, 0.83903504, 0.86535027,
       0.81073238, 0.9130703 , 0.88152672, 0.92972849, 0.93670024]), array([0.91903436, 0.96019159, 0.88443541, 0.81375784, 0.87123663,
       0.81006261, 0.91614475, 0.87705744, 0.9262765 , 0.92947798])]

estim_algorithm = ts-model, mode = classification, metric = auc, confidence_scores = energy-conf, class_specific = True
test err: [0.07255659465088418, 0.07244575717894547, 0.07427006036180686, 0.07207883294563805, 0.07187995947046132]
estimated metric: [array([0.99641159, 0.9961971 , 0.96152661, 0.95200128, 0.97942418,
       0.894237  , 0.97714246, 0.98096474, 0.947297  , 0.9942027 ]), array([0.99639972, 0.99621814, 0.97415399, 0.92343411, 0.9794144 ,
       0.88400489, 0.97708885, 0.97647244, 0.97834647, 0.95955188]), array([0.99647327, 0.99625207, 0.96573881, 0.92958429, 0.97968683,
       0.89392682, 0.97741483, 0.9786965 , 0.98012259, 0.97402721]), array([0.99642489, 0.99621194, 0.96358764, 0.92413911, 0.97996498,
       0.90306116, 0.9773063 , 0.97098404, 0.95744728, 0.97722589]), array([0.99639131, 0.99619145, 0.9607202 , 0.92817717, 0.97999542,
       0.89619245, 0.97721744, 0.9796662 , 0.96455272, 0.94737035])]
real metric: [array([0.92507157, 0.96886235, 0.87531571, 0.83698461, 0.86128604,
       0.80647317, 0.9147711 , 0.89252884, 0.93246659, 0.94007874]), array([0.92108842, 0.96796878, 0.87310158, 0.82261097, 0.88301123,
       0.78911211, 0.91873623, 0.88688755, 0.93912161, 0.91898885]), array([0.92503283, 0.97133154, 0.8691372 , 0.82382279, 0.85744281,
       0.80331993, 0.91845251, 0.88534038, 0.93416776, 0.94117484]), array([0.91406827, 0.97078804, 0.86456517, 0.83903504, 0.86535027,
       0.81073238, 0.9130703 , 0.88152672, 0.92972849, 0.93670024]), array([0.91903436, 0.96019159, 0.88443541, 0.81375784, 0.87123663,
       0.81006261, 0.91614475, 0.87705744, 0.9262765 , 0.92947798])]

estim_algorithm = ts-model, mode = classification, metric = auc, confidence_scores = entropy-conf, class_specific = False
test err: [0.056733569731251154, 0.05927814289185945, 0.060216704011781794, 0.0608773937965751, 0.06028648192975215]
estimated metric: [array([0.9498095 , 0.95763978, 0.94752777, 0.9467386 , 0.94500688,
       0.95056013, 0.93896175, 0.95613099, 0.95074963, 0.95560424]), array([0.94796887, 0.95729887, 0.94465809, 0.94917269, 0.9450459 ,
       0.94646419, 0.938274  , 0.95341375, 0.95398116, 0.95579141]), array([0.94892059, 0.9574997 , 0.94565963, 0.94992983, 0.94619051,
       0.9524385 , 0.93944944, 0.95483202, 0.95211   , 0.95669574]), array([0.95026958, 0.95719859, 0.94662121, 0.94662139, 0.94729464,
       0.95398135, 0.94036973, 0.95456597, 0.9519305 , 0.958307  ]), array([0.95063468, 0.95730295, 0.94545304, 0.94732964, 0.94850307,
       0.95123216, 0.93954894, 0.95562633, 0.95410251, 0.95502933])]
real metric: [array([0.92507157, 0.96886235, 0.87531571, 0.83698461, 0.86128604,
       0.80647317, 0.9147711 , 0.89252884, 0.93246659, 0.94007874]), array([0.92108842, 0.96796878, 0.87310158, 0.82261097, 0.88301123,
       0.78911211, 0.91873623, 0.88688755, 0.93912161, 0.91898885]), array([0.92503283, 0.97133154, 0.8691372 , 0.82382279, 0.85744281,
       0.80331993, 0.91845251, 0.88534038, 0.93416776, 0.94117484]), array([0.91406827, 0.97078804, 0.86456517, 0.83903504, 0.86535027,
       0.81073238, 0.9130703 , 0.88152672, 0.92972849, 0.93670024]), array([0.91903436, 0.96019159, 0.88443541, 0.81375784, 0.87123663,
       0.81006261, 0.91614475, 0.87705744, 0.9262765 , 0.92947798])]

estim_algorithm = ts-model, mode = classification, metric = auc, confidence_scores = entropy-conf, class_specific = True
test err: [0.06467289754013882, 0.06609657531461488, 0.06717209029021227, 0.06938479226715034, 0.06972785268777146]
estimated metric: [array([0.96809547, 0.97644864, 0.94923146, 0.95339497, 0.96347364,
       0.92014584, 0.96871913, 0.97015684, 0.96924721, 0.9616545 ]), array([0.9684643 , 0.97585919, 0.95287365, 0.93511014, 0.96386244,
       0.9156936 , 0.96859222, 0.97023708, 0.96943198, 0.96146848]), array([0.96764268, 0.97603014, 0.95212595, 0.93042234, 0.96371212,
       0.94191205, 0.96893912, 0.97035482, 0.96896389, 0.9608404 ]), array([0.96845293, 0.97626283, 0.95217328, 0.93729484, 0.9651302 ,
       0.94818229, 0.97004944, 0.9695516 , 0.97011485, 0.96220058]), array([0.96859865, 0.97585619, 0.95135114, 0.93942758, 0.96523394,
       0.93738368, 0.968919  , 0.97023042, 0.96937662, 0.95857643])]
real metric: [array([0.92507157, 0.96886235, 0.87531571, 0.83698461, 0.86128604,
       0.80647317, 0.9147711 , 0.89252884, 0.93246659, 0.94007874]), array([0.92108842, 0.96796878, 0.87310158, 0.82261097, 0.88301123,
       0.78911211, 0.91873623, 0.88688755, 0.93912161, 0.91898885]), array([0.92503283, 0.97133154, 0.8691372 , 0.82382279, 0.85744281,
       0.80331993, 0.91845251, 0.88534038, 0.93416776, 0.94117484]), array([0.91406827, 0.97078804, 0.86456517, 0.83903504, 0.86535027,
       0.81073238, 0.9130703 , 0.88152672, 0.92972849, 0.93670024]), array([0.91903436, 0.96019159, 0.88443541, 0.81375784, 0.87123663,
       0.81006261, 0.91614475, 0.87705744, 0.9262765 , 0.92947798])]

estim_algorithm = ts-model, mode = classification, metric = auc, confidence_scores = doctor-conf, class_specific = False
test err: [0.05896786964369168, 0.06103519729483102, 0.06251263211611845, 0.0631927670566193, 0.062449909262203264]
estimated metric: [array([0.95172426, 0.95969104, 0.9507376 , 0.94979751, 0.95027255,
       0.95124425, 0.94741512, 0.95771718, 0.95090376, 0.95567153]), array([0.94821634, 0.95950198, 0.94866932, 0.94827574, 0.94842868,
       0.94915412, 0.9470387 , 0.95446544, 0.95397493, 0.95632045]), array([0.95279355, 0.95955958, 0.95058811, 0.9508698 , 0.95122727,
       0.9519937 , 0.94778853, 0.95567822, 0.95297789, 0.95732836]), array([0.95198828, 0.95967048, 0.95013284, 0.94965692, 0.95154146,
       0.95674314, 0.94828393, 0.95556481, 0.95303594, 0.95863967]), array([0.95227616, 0.95920957, 0.94959827, 0.94895294, 0.9518774 ,
       0.95163354, 0.947491  , 0.95756836, 0.95611346, 0.95548948])]
real metric: [array([0.92507157, 0.96886235, 0.87531571, 0.83698461, 0.86128604,
       0.80647317, 0.9147711 , 0.89252884, 0.93246659, 0.94007874]), array([0.92108842, 0.96796878, 0.87310158, 0.82261097, 0.88301123,
       0.78911211, 0.91873623, 0.88688755, 0.93912161, 0.91898885]), array([0.92503283, 0.97133154, 0.8691372 , 0.82382279, 0.85744281,
       0.80331993, 0.91845251, 0.88534038, 0.93416776, 0.94117484]), array([0.91406827, 0.97078804, 0.86456517, 0.83903504, 0.86535027,
       0.81073238, 0.9130703 , 0.88152672, 0.92972849, 0.93670024]), array([0.91903436, 0.96019159, 0.88443541, 0.81375784, 0.87123663,
       0.81006261, 0.91614475, 0.87705744, 0.9262765 , 0.92947798])]

estim_algorithm = ts-model, mode = classification, metric = auc, confidence_scores = doctor-conf, class_specific = True
test err: [0.0632558201626863, 0.06452635601660536, 0.06518297498457132, 0.06613369588004384, 0.06788136750944679]
estimated metric: [array([0.96644123, 0.97850734, 0.95036469, 0.9519255 , 0.96294392,
       0.92747828, 0.95970967, 0.97312223, 0.95697366, 0.95893039]), array([0.96530546, 0.97766314, 0.95336918, 0.93011738, 0.96269955,
       0.92529834, 0.95939074, 0.97236606, 0.96084699, 0.95883404]), array([0.96563099, 0.97838972, 0.95087361, 0.93140429, 0.96354143,
       0.93473417, 0.96013564, 0.97385033, 0.96158493, 0.96090723]), array([0.96543911, 0.97872254, 0.95140336, 0.9279985 , 0.96438048,
       0.94507986, 0.96103853, 0.97340082, 0.95963437, 0.95980431]), array([0.96678059, 0.97829913, 0.95054297, 0.93680045, 0.96519206,
       0.93888934, 0.96009732, 0.97336643, 0.96196086, 0.95455965])]
real metric: [array([0.92507157, 0.96886235, 0.87531571, 0.83698461, 0.86128604,
       0.80647317, 0.9147711 , 0.89252884, 0.93246659, 0.94007874]), array([0.92108842, 0.96796878, 0.87310158, 0.82261097, 0.88301123,
       0.78911211, 0.91873623, 0.88688755, 0.93912161, 0.91898885]), array([0.92503283, 0.97133154, 0.8691372 , 0.82382279, 0.85744281,
       0.80331993, 0.91845251, 0.88534038, 0.93416776, 0.94117484]), array([0.91406827, 0.97078804, 0.86456517, 0.83903504, 0.86535027,
       0.81073238, 0.9130703 , 0.88152672, 0.92972849, 0.93670024]), array([0.91903436, 0.96019159, 0.88443541, 0.81375784, 0.87123663,
       0.81006261, 0.91614475, 0.87705744, 0.9262765 , 0.92947798])]

estim_algorithm = doc-model, mode = classification, metric = auc, confidence_scores = max_class_probability-conf, class_specific = False
test err: [0.04260966952463948, 0.042165148878244005, 0.04520345488916576, 0.03961887629682718, 0.03986061137974313]
estimated metric: [array([0.88117629, 0.88656983, 0.88034249, 0.88047529, 0.88040266,
       0.88195364, 0.87838285, 0.88153671, 0.88106831, 0.88206309]), array([0.88109715, 0.88598298, 0.87883883, 0.87906033, 0.88022295,
       0.88101153, 0.8778705 , 0.88095408, 0.88091141, 0.88119814]), array([0.88117788, 0.88616337, 0.88054648, 0.88015976, 0.87989494,
       0.881529  , 0.87822122, 0.88201462, 0.88194486, 0.88235079]), array([0.88212067, 0.88611815, 0.87957827, 0.87995125, 0.88120936,
       0.88156978, 0.87888804, 0.88118424, 0.8812711 , 0.88273689]), array([0.8812745 , 0.88633256, 0.87958226, 0.87924076, 0.88103247,
       0.88165172, 0.87826831, 0.88233475, 0.88134709, 0.88229494])]
real metric: [array([0.92507157, 0.96886235, 0.87531571, 0.83698461, 0.86128604,
       0.80647317, 0.9147711 , 0.89252884, 0.93246659, 0.94007874]), array([0.92108842, 0.96796878, 0.87310158, 0.82261097, 0.88301123,
       0.78911211, 0.91873623, 0.88688755, 0.93912161, 0.91898885]), array([0.92503283, 0.97133154, 0.8691372 , 0.82382279, 0.85744281,
       0.80331993, 0.91845251, 0.88534038, 0.93416776, 0.94117484]), array([0.91406827, 0.97078804, 0.86456517, 0.83903504, 0.86535027,
       0.81073238, 0.9130703 , 0.88152672, 0.92972849, 0.93670024]), array([0.91903436, 0.96019159, 0.88443541, 0.81375784, 0.87123663,
       0.81006261, 0.91614475, 0.87705744, 0.9262765 , 0.92947798])]

estim_algorithm = doc-model, mode = classification, metric = auc, confidence_scores = max_class_probability-conf, class_specific = True
test err: [0.07049955999724791, 0.07316764323746636, 0.0730093191908866, 0.07348590733794386, 0.07500709888217064]
estimated metric: [array([0.97710851, 0.98457299, 0.96132713, 0.94942727, 0.96945779,
       0.95371175, 0.97069712, 0.97131122, 0.96264504, 0.9585755 ]), array([0.97694006, 0.98417872, 0.95977821, 0.94803057, 0.9691986 ,
       0.95283677, 0.97026476, 0.97090901, 0.96246962, 0.95769744]), array([0.97707102, 0.98437616, 0.96152199, 0.9491381 , 0.96911524,
       0.95340881, 0.97060778, 0.97185477, 0.96346547, 0.95875646]), array([0.97812976, 0.98422261, 0.96061948, 0.94899563, 0.97048354,
       0.95337562, 0.97123982, 0.9710942 , 0.96295668, 0.95930666]), array([0.97720598, 0.98439879, 0.9604797 , 0.94817109, 0.97000559,
       0.95339848, 0.9705239 , 0.97210778, 0.96282805, 0.95862676])]
real metric: [array([0.92507157, 0.96886235, 0.87531571, 0.83698461, 0.86128604,
       0.80647317, 0.9147711 , 0.89252884, 0.93246659, 0.94007874]), array([0.92108842, 0.96796878, 0.87310158, 0.82261097, 0.88301123,
       0.78911211, 0.91873623, 0.88688755, 0.93912161, 0.91898885]), array([0.92503283, 0.97133154, 0.8691372 , 0.82382279, 0.85744281,
       0.80331993, 0.91845251, 0.88534038, 0.93416776, 0.94117484]), array([0.91406827, 0.97078804, 0.86456517, 0.83903504, 0.86535027,
       0.81073238, 0.9130703 , 0.88152672, 0.92972849, 0.93670024]), array([0.91903436, 0.96019159, 0.88443541, 0.81375784, 0.87123663,
       0.81006261, 0.91614475, 0.87705744, 0.9262765 , 0.92947798])]

estim_algorithm = doc-model, mode = classification, metric = auc, confidence_scores = energy-conf, class_specific = False
test err: [0.056694028102928465, 0.058931660271295316, 0.06116006728690704, 0.06155940967918091, 0.06203344134553533]
estimated metric: [array([0.94878679, 0.95740771, 0.94390593, 0.94589156, 0.94374766,
       0.95700032, 0.93102964, 0.96071003, 0.95214361, 0.95724647]), array([0.94159631, 0.95610291, 0.94596314, 0.94264699, 0.94455805,
       0.9579996 , 0.92870797, 0.95624739, 0.95404809, 0.95834174]), array([0.94924297, 0.95591764, 0.94359549, 0.95405055, 0.94501074,
       0.95453683, 0.92937031, 0.96073108, 0.9585617 , 0.95897818]), array([0.95265437, 0.95594785, 0.94450612, 0.94510978, 0.94553049,
       0.9588088 , 0.93115345, 0.95986203, 0.95923686, 0.95866888]), array([0.95397348, 0.9556785 , 0.94424163, 0.94962053, 0.94864584,
       0.9582384 , 0.93127496, 0.95933439, 0.95838424, 0.95959137])]
real metric: [array([0.92507157, 0.96886235, 0.87531571, 0.83698461, 0.86128604,
       0.80647317, 0.9147711 , 0.89252884, 0.93246659, 0.94007874]), array([0.92108842, 0.96796878, 0.87310158, 0.82261097, 0.88301123,
       0.78911211, 0.91873623, 0.88688755, 0.93912161, 0.91898885]), array([0.92503283, 0.97133154, 0.8691372 , 0.82382279, 0.85744281,
       0.80331993, 0.91845251, 0.88534038, 0.93416776, 0.94117484]), array([0.91406827, 0.97078804, 0.86456517, 0.83903504, 0.86535027,
       0.81073238, 0.9130703 , 0.88152672, 0.92972849, 0.93670024]), array([0.91903436, 0.96019159, 0.88443541, 0.81375784, 0.87123663,
       0.81006261, 0.91614475, 0.87705744, 0.9262765 , 0.92947798])]

estim_algorithm = doc-model, mode = classification, metric = auc, confidence_scores = energy-conf, class_specific = True
test err: [0.047021991013135325, 0.03870943866753224, 0.04267500933995192, 0.05223987532189208, 0.04263740972213287]
estimated metric: [array([0.96060698, 0.97518883, 0.95199908, 0.91120956, 0.95888579,
       0.80906041, 0.94908464, 0.9698536 , 0.8876693 , 0.96090585]), array([0.95813163, 0.97483187, 0.95260755, 0.8238092 , 0.95826145,
       0.79198997, 0.94807177, 0.96977079, 0.96324393, 0.96700357]), array([0.96481044, 0.97547534, 0.94988849, 0.822912  , 0.96031352,
       0.84120863, 0.94932225, 0.9706622 , 0.95775703, 0.96180122]), array([0.96024314, 0.97571018, 0.95195016, 0.79392548, 0.96122681,
       0.8868614 , 0.95007237, 0.97057808, 0.91399893, 0.96171887]), array([0.95855465, 0.97520018, 0.95278814, 0.83682985, 0.96086918,
       0.84240642, 0.94878751, 0.9699544 , 0.9375462 , 0.95111269])]
real metric: [array([0.92507157, 0.96886235, 0.87531571, 0.83698461, 0.86128604,
       0.80647317, 0.9147711 , 0.89252884, 0.93246659, 0.94007874]), array([0.92108842, 0.96796878, 0.87310158, 0.82261097, 0.88301123,
       0.78911211, 0.91873623, 0.88688755, 0.93912161, 0.91898885]), array([0.92503283, 0.97133154, 0.8691372 , 0.82382279, 0.85744281,
       0.80331993, 0.91845251, 0.88534038, 0.93416776, 0.94117484]), array([0.91406827, 0.97078804, 0.86456517, 0.83903504, 0.86535027,
       0.81073238, 0.9130703 , 0.88152672, 0.92972849, 0.93670024]), array([0.91903436, 0.96019159, 0.88443541, 0.81375784, 0.87123663,
       0.81006261, 0.91614475, 0.87705744, 0.9262765 , 0.92947798])]

estim_algorithm = doc-model, mode = classification, metric = auc, confidence_scores = entropy-conf, class_specific = False
test err: [0.04134381422577341, 0.04033289386077578, 0.044460976807636096, 0.039422948226094226, 0.03911482193862116]
estimated metric: [array([0.88605748, 0.89156188, 0.88477172, 0.88402793, 0.88315042,
       0.88607536, 0.88070201, 0.88689772, 0.88569959, 0.88738829]), array([0.88546396, 0.8910159 , 0.88260108, 0.88334739, 0.88334454,
       0.88578116, 0.88031314, 0.88563417, 0.88625731, 0.88801631]), array([0.88537722, 0.89128135, 0.88378918, 0.88444287, 0.88398515,
       0.88602709, 0.88088397, 0.88747199, 0.8869294 , 0.88773094]), array([0.88608302, 0.89112567, 0.88382333, 0.88411014, 0.88482524,
       0.88643571, 0.8816883 , 0.88600233, 0.88649412, 0.8887219 ]), array([0.88602853, 0.89117277, 0.88355009, 0.88367398, 0.88540082,
       0.88572152, 0.88072267, 0.88712445, 0.88585863, 0.88688593])]
real metric: [array([0.92507157, 0.96886235, 0.87531571, 0.83698461, 0.86128604,
       0.80647317, 0.9147711 , 0.89252884, 0.93246659, 0.94007874]), array([0.92108842, 0.96796878, 0.87310158, 0.82261097, 0.88301123,
       0.78911211, 0.91873623, 0.88688755, 0.93912161, 0.91898885]), array([0.92503283, 0.97133154, 0.8691372 , 0.82382279, 0.85744281,
       0.80331993, 0.91845251, 0.88534038, 0.93416776, 0.94117484]), array([0.91406827, 0.97078804, 0.86456517, 0.83903504, 0.86535027,
       0.81073238, 0.9130703 , 0.88152672, 0.92972849, 0.93670024]), array([0.91903436, 0.96019159, 0.88443541, 0.81375784, 0.87123663,
       0.81006261, 0.91614475, 0.87705744, 0.9262765 , 0.92947798])]

estim_algorithm = doc-model, mode = classification, metric = auc, confidence_scores = entropy-conf, class_specific = True
test err: [0.06851520722550118, 0.07140851280454412, 0.07104427936243807, 0.07148629780692688, 0.07297497936005826]
estimated metric: [array([0.97471414, 0.98306194, 0.95967092, 0.94767347, 0.96663525,
       0.95124232, 0.96728258, 0.96993026, 0.96165654, 0.95712336]), array([0.97441178, 0.9823677 , 0.95796198, 0.94654643, 0.96667977,
       0.95098598, 0.96706276, 0.96871949, 0.96215347, 0.9578231 ]), array([0.97433905, 0.98264704, 0.95861262, 0.94790505, 0.96691244,
       0.95124091, 0.96743309, 0.97039381, 0.9627928 , 0.95738858]), array([0.97455586, 0.98254042, 0.95866288, 0.94763451, 0.96748832,
       0.95157738, 0.96819855, 0.96901322, 0.96238906, 0.95836771]), array([0.97503012, 0.98247263, 0.95834458, 0.94682081, 0.96807139,
       0.9508539 , 0.96744937, 0.97021693, 0.96171814, 0.95644705])]
real metric: [array([0.92507157, 0.96886235, 0.87531571, 0.83698461, 0.86128604,
       0.80647317, 0.9147711 , 0.89252884, 0.93246659, 0.94007874]), array([0.92108842, 0.96796878, 0.87310158, 0.82261097, 0.88301123,
       0.78911211, 0.91873623, 0.88688755, 0.93912161, 0.91898885]), array([0.92503283, 0.97133154, 0.8691372 , 0.82382279, 0.85744281,
       0.80331993, 0.91845251, 0.88534038, 0.93416776, 0.94117484]), array([0.91406827, 0.97078804, 0.86456517, 0.83903504, 0.86535027,
       0.81073238, 0.9130703 , 0.88152672, 0.92972849, 0.93670024]), array([0.91903436, 0.96019159, 0.88443541, 0.81375784, 0.87123663,
       0.81006261, 0.91614475, 0.87705744, 0.9262765 , 0.92947798])]

estim_algorithm = doc-model, mode = classification, metric = auc, confidence_scores = doctor-conf, class_specific = False
test err: [0.046956746337913614, 0.04883031266054407, 0.04817817516919661, 0.04239006658099307, 0.04516905256579323]
estimated metric: [array([0.86747123, 0.87226665, 0.86639071, 0.86616089, 0.86691851,
       0.86885341, 0.86564067, 0.86850515, 0.86649856, 0.86994347]), array([0.86755205, 0.87162902, 0.86555414, 0.86506538, 0.86659353,
       0.86653358, 0.86516117, 0.86811187, 0.86647775, 0.86939746]), array([0.86785872, 0.87157423, 0.8663419 , 0.86642937, 0.86623611,
       0.86625727, 0.86524651, 0.86912099, 0.86798871, 0.86906147]), array([0.86827758, 0.87205138, 0.86576575, 0.86622086, 0.8672604 ,
       0.86985101, 0.86606417, 0.86961652, 0.86715879, 0.86822813]), array([0.86733412, 0.87188645, 0.86579817, 0.86588942, 0.86708573,
       0.86769955, 0.86553899, 0.86837694, 0.86723427, 0.86867798])]
real metric: [array([0.92507157, 0.96886235, 0.87531571, 0.83698461, 0.86128604,
       0.80647317, 0.9147711 , 0.89252884, 0.93246659, 0.94007874]), array([0.92108842, 0.96796878, 0.87310158, 0.82261097, 0.88301123,
       0.78911211, 0.91873623, 0.88688755, 0.93912161, 0.91898885]), array([0.92503283, 0.97133154, 0.8691372 , 0.82382279, 0.85744281,
       0.80331993, 0.91845251, 0.88534038, 0.93416776, 0.94117484]), array([0.91406827, 0.97078804, 0.86456517, 0.83903504, 0.86535027,
       0.81073238, 0.9130703 , 0.88152672, 0.92972849, 0.93670024]), array([0.91903436, 0.96019159, 0.88443541, 0.81375784, 0.87123663,
       0.81006261, 0.91614475, 0.87705744, 0.9262765 , 0.92947798])]

estim_algorithm = doc-model, mode = classification, metric = auc, confidence_scores = doctor-conf, class_specific = True
test err: [0.07294455048680028, 0.07565853282076886, 0.07561011040004877, 0.07596720678919658, 0.07767153857773952]
estimated metric: [array([0.98134965, 0.98765987, 0.96470846, 0.95173462, 0.97282378,
       0.95441409, 0.97260441, 0.97416981, 0.9642035 , 0.95961605]), array([0.98126039, 0.9872883 , 0.96406301, 0.95057728, 0.97242431,
       0.95376328, 0.97228134, 0.97221552, 0.96413247, 0.95920676]), array([0.98172754, 0.98714783, 0.96488345, 0.9520052 , 0.97222471,
       0.95356134, 0.9724851 , 0.9748187 , 0.96572638, 0.96074346]), array([0.98206615, 0.98749035, 0.96423154, 0.95170966, 0.97310844,
       0.95549919, 0.97293738, 0.9736256 , 0.96480422, 0.95976446]), array([0.9812045 , 0.98752152, 0.96426422, 0.95156016, 0.97288011,
       0.95502277, 0.97252016, 0.97406821, 0.96499372, 0.96035514])]
real metric: [array([0.92507157, 0.96886235, 0.87531571, 0.83698461, 0.86128604,
       0.80647317, 0.9147711 , 0.89252884, 0.93246659, 0.94007874]), array([0.92108842, 0.96796878, 0.87310158, 0.82261097, 0.88301123,
       0.78911211, 0.91873623, 0.88688755, 0.93912161, 0.91898885]), array([0.92503283, 0.97133154, 0.8691372 , 0.82382279, 0.85744281,
       0.80331993, 0.91845251, 0.88534038, 0.93416776, 0.94117484]), array([0.91406827, 0.97078804, 0.86456517, 0.83903504, 0.86535027,
       0.81073238, 0.9130703 , 0.88152672, 0.92972849, 0.93670024]), array([0.91903436, 0.96019159, 0.88443541, 0.81375784, 0.87123663,
       0.81006261, 0.91614475, 0.87705744, 0.9262765 , 0.92947798])]

