estim_algorithm = ac-model, mode = classification, metric = sensitivity, confidence_scores = max_class_probability-conf, class_specific = False
test err: [0.328734398220025, 0.33300855607323426, 0.3371172261722186, 0.33441792078648447, 0.3436802765936483]
estimated metric: [array([0.82932883, 0.82456448, 0.72914853, 0.69795716, 0.75751745,
       0.64666213, 0.76024315, 0.68522667, 0.74380492, 0.68873804]), array([0.82973643, 0.81814647, 0.71686007, 0.68534083, 0.75394943,
       0.66641771, 0.76190464, 0.76314442, 0.76410298, 0.64108626]), array([0.82577051, 0.80501524, 0.72402862, 0.6978842 , 0.75277905,
       0.67351782, 0.74215864, 0.72530651, 0.73315597, 0.73882755]), array([0.82588449, 0.82053399, 0.72701141, 0.6931062 , 0.77285168,
       0.6729101 , 0.75200895, 0.66448337, 0.75678271, 0.69313037]), array([0.82808426, 0.81713338, 0.72672078, 0.68147677, 0.76243573,
       0.67239145, 0.75946519, 0.71716268, 0.73092615, 0.68768325])]
real metric: [array([0.96837349, 0.52148997, 0.65490798, 0.50716332, 0.61580381,
       0.17292225, 0.58519553, 0.09224012, 0.17841727, 0.05742297]), array([0.95290859, 0.49724518, 0.63065693, 0.51169591, 0.58773181,
       0.20731707, 0.59455587, 0.08183079, 0.20422535, 0.04878049]), array([0.9653092 , 0.47832168, 0.65229485, 0.47976879, 0.59814529,
       0.20263158, 0.6043956 , 0.09615385, 0.20996979, 0.0393586 ]), array([0.96587537, 0.51046025, 0.65874126, 0.50784593, 0.5726257 ,
       0.19915849, 0.54962963, 0.09752547, 0.20793434, 0.04470939]), array([0.96581197, 0.49255751, 0.60843373, 0.49722222, 0.57264957,
       0.17664234, 0.59358289, 0.08356941, 0.19178082, 0.03988183])]

estim_algorithm = ac-model, mode = classification, metric = sensitivity, confidence_scores = energy-conf, class_specific = False
test err: [0.3284105978597033, 0.3282788418901553, 0.33487667538364263, 0.32503568292105867, 0.3217110208124677]
estimated metric: [array([0.14045039, 0.14198308, 0.12271297, 0.09557066, 0.12929312,
       0.10165898, 0.13350846, 0.11288276, 0.1545441 , 0.13633444]), array([0.14513761, 0.13401491, 0.11770852, 0.09333155, 0.13208827,
       0.10675672, 0.12874166, 0.14227968, 0.15627034, 0.0988329 ]), array([0.13901587, 0.12537838, 0.12524848, 0.09481615, 0.13025817,
       0.10572001, 0.12322311, 0.14612891, 0.16310475, 0.15407843]), array([0.14236793, 0.1371138 , 0.12335347, 0.09775122, 0.13752734,
       0.1085285 , 0.12144536, 0.11342135, 0.16078229, 0.13576929]), array([0.14211602, 0.13568599, 0.12410852, 0.09157818, 0.13066805,
       0.1031332 , 0.12800084, 0.12497956, 0.15916297, 0.1313546 ])]
real metric: [array([0.96837349, 0.52148997, 0.65490798, 0.50716332, 0.61580381,
       0.17292225, 0.58519553, 0.09224012, 0.17841727, 0.05742297]), array([0.95290859, 0.49724518, 0.63065693, 0.51169591, 0.58773181,
       0.20731707, 0.59455587, 0.08183079, 0.20422535, 0.04878049]), array([0.9653092 , 0.47832168, 0.65229485, 0.47976879, 0.59814529,
       0.20263158, 0.6043956 , 0.09615385, 0.20996979, 0.0393586 ]), array([0.96587537, 0.51046025, 0.65874126, 0.50784593, 0.5726257 ,
       0.19915849, 0.54962963, 0.09752547, 0.20793434, 0.04470939]), array([0.96581197, 0.49255751, 0.60843373, 0.49722222, 0.57264957,
       0.17664234, 0.59358289, 0.08356941, 0.19178082, 0.03988183])]

estim_algorithm = ac-model, mode = classification, metric = sensitivity, confidence_scores = entropy-conf, class_specific = False
test err: [0.2979152988750965, 0.2997567847291848, 0.30610700666983187, 0.3048684609198308, 0.3108561535062936]
estimated metric: [array([0.78231093, 0.78030759, 0.68523608, 0.64111652, 0.70863544,
       0.60619175, 0.71557183, 0.63443102, 0.73786446, 0.66929895]), array([0.7858247 , 0.77065457, 0.67214681, 0.6309455 , 0.70928022,
       0.62772641, 0.71391197, 0.71987633, 0.75012019, 0.59986137]), array([0.77813158, 0.75488677, 0.68284505, 0.64235072, 0.70606807,
       0.63192615, 0.69351577, 0.681756  , 0.72495066, 0.71663328]), array([0.7808033 , 0.77279005, 0.68616319, 0.63990958, 0.72779664,
       0.63159555, 0.70153744, 0.63259224, 0.73871601, 0.68114229]), array([0.78157841, 0.77108401, 0.68328259, 0.627074  , 0.71638252,
       0.62332861, 0.71282712, 0.66041018, 0.72055329, 0.66570599])]
real metric: [array([0.96837349, 0.52148997, 0.65490798, 0.50716332, 0.61580381,
       0.17292225, 0.58519553, 0.09224012, 0.17841727, 0.05742297]), array([0.95290859, 0.49724518, 0.63065693, 0.51169591, 0.58773181,
       0.20731707, 0.59455587, 0.08183079, 0.20422535, 0.04878049]), array([0.9653092 , 0.47832168, 0.65229485, 0.47976879, 0.59814529,
       0.20263158, 0.6043956 , 0.09615385, 0.20996979, 0.0393586 ]), array([0.96587537, 0.51046025, 0.65874126, 0.50784593, 0.5726257 ,
       0.19915849, 0.54962963, 0.09752547, 0.20793434, 0.04470939]), array([0.96581197, 0.49255751, 0.60843373, 0.49722222, 0.57264957,
       0.17664234, 0.59358289, 0.08356941, 0.19178082, 0.03988183])]

estim_algorithm = ac-model, mode = classification, metric = sensitivity, confidence_scores = doctor-conf, class_specific = False
test err: [0.39034733173842684, 0.39145557562546696, 0.39589710557553043, 0.3979694540633083, 0.4051759536021349]
estimated metric: [array([0.87636507, 0.87364022, 0.79833241, 0.77169527, 0.8204952 ,
       0.72037081, 0.82072775, 0.76097113, 0.84472319, 0.78607213]), array([0.87822324, 0.86581768, 0.79069682, 0.75732081, 0.81670879,
       0.74586738, 0.81899662, 0.82934012, 0.85463275, 0.72452887]), array([0.87603413, 0.85681421, 0.79431542, 0.76754877, 0.81671537,
       0.75348831, 0.80502144, 0.79650181, 0.81692151, 0.82340918]), array([0.87589291, 0.86996782, 0.80093409, 0.7664959 , 0.8324044 ,
       0.75012122, 0.81318433, 0.76332933, 0.84770482, 0.79420062]), array([0.87566886, 0.86782148, 0.79902039, 0.75464219, 0.82661907,
       0.74842236, 0.82078854, 0.77290241, 0.82670103, 0.80101927])]
real metric: [array([0.96837349, 0.52148997, 0.65490798, 0.50716332, 0.61580381,
       0.17292225, 0.58519553, 0.09224012, 0.17841727, 0.05742297]), array([0.95290859, 0.49724518, 0.63065693, 0.51169591, 0.58773181,
       0.20731707, 0.59455587, 0.08183079, 0.20422535, 0.04878049]), array([0.9653092 , 0.47832168, 0.65229485, 0.47976879, 0.59814529,
       0.20263158, 0.6043956 , 0.09615385, 0.20996979, 0.0393586 ]), array([0.96587537, 0.51046025, 0.65874126, 0.50784593, 0.5726257 ,
       0.19915849, 0.54962963, 0.09752547, 0.20793434, 0.04470939]), array([0.96581197, 0.49255751, 0.60843373, 0.49722222, 0.57264957,
       0.17664234, 0.59358289, 0.08356941, 0.19178082, 0.03988183])]

estim_algorithm = ts-model, mode = classification, metric = sensitivity, confidence_scores = max_class_probability-conf, class_specific = False
test err: [0.2213132386856859, 0.21816006116417358, 0.22891676360838834, 0.21158644355246806, 0.21745538301520898]
estimated metric: [array([0.58043073, 0.57954409, 0.48658227, 0.43184131, 0.50512584,
       0.41202895, 0.51757312, 0.43411783, 0.52794431, 0.47209891]), array([0.58736487, 0.56758232, 0.47175356, 0.42569563, 0.50680658,
       0.4245428 , 0.51158618, 0.50885696, 0.54338316, 0.40229196]), array([0.5750093 , 0.54643262, 0.48700862, 0.43392495, 0.50350372,
       0.42676924, 0.4927249 , 0.48351899, 0.53528021, 0.51585983]), array([0.58058687, 0.5687364 , 0.48366672, 0.43267386, 0.52492015,
       0.43097461, 0.49543583, 0.42519158, 0.53774595, 0.47556937]), array([0.5814281 , 0.56787003, 0.48560622, 0.42008217, 0.50958605,
       0.42240811, 0.51101944, 0.46139294, 0.52081393, 0.45652232])]
real metric: [array([0.96837349, 0.52148997, 0.65490798, 0.50716332, 0.61580381,
       0.17292225, 0.58519553, 0.09224012, 0.17841727, 0.05742297]), array([0.95290859, 0.49724518, 0.63065693, 0.51169591, 0.58773181,
       0.20731707, 0.59455587, 0.08183079, 0.20422535, 0.04878049]), array([0.9653092 , 0.47832168, 0.65229485, 0.47976879, 0.59814529,
       0.20263158, 0.6043956 , 0.09615385, 0.20996979, 0.0393586 ]), array([0.96587537, 0.51046025, 0.65874126, 0.50784593, 0.5726257 ,
       0.19915849, 0.54962963, 0.09752547, 0.20793434, 0.04470939]), array([0.96581197, 0.49255751, 0.60843373, 0.49722222, 0.57264957,
       0.17664234, 0.59358289, 0.08356941, 0.19178082, 0.03988183])]

estim_algorithm = ts-model, mode = classification, metric = sensitivity, confidence_scores = max_class_probability-conf, class_specific = True
test err: [0.16115737099575517, 0.1584453573371724, 0.17397855895461997, 0.15682881779132646, 0.17007375377178874]
estimated metric: [array([0.93501542, 0.94200247, 0.65681322, 0.73816409, 0.58185737,
       0.3609415 , 0.48216941, 0.3359626 , 0.30600563, 0.28591745]), array([0.93342043, 0.93917281, 0.64249371, 0.72488226, 0.58248606,
       0.37135262, 0.47529829, 0.39206736, 0.31122231, 0.24102273]), array([0.93527281, 0.93669353, 0.65322872, 0.73713074, 0.57908231,
       0.37257372, 0.45803298, 0.38064275, 0.3170286 , 0.30552468]), array([0.93342534, 0.94345451, 0.65457442, 0.7324649 , 0.60215668,
       0.37720365, 0.45952211, 0.3304682 , 0.31385201, 0.28222342]), array([0.93474072, 0.94208745, 0.65423153, 0.72150172, 0.58715518,
       0.36864262, 0.47513812, 0.35603979, 0.3079083 , 0.27639238])]
real metric: [array([0.96837349, 0.52148997, 0.65490798, 0.50716332, 0.61580381,
       0.17292225, 0.58519553, 0.09224012, 0.17841727, 0.05742297]), array([0.95290859, 0.49724518, 0.63065693, 0.51169591, 0.58773181,
       0.20731707, 0.59455587, 0.08183079, 0.20422535, 0.04878049]), array([0.9653092 , 0.47832168, 0.65229485, 0.47976879, 0.59814529,
       0.20263158, 0.6043956 , 0.09615385, 0.20996979, 0.0393586 ]), array([0.96587537, 0.51046025, 0.65874126, 0.50784593, 0.5726257 ,
       0.19915849, 0.54962963, 0.09752547, 0.20793434, 0.04470939]), array([0.96581197, 0.49255751, 0.60843373, 0.49722222, 0.57264957,
       0.17664234, 0.59358289, 0.08356941, 0.19178082, 0.03988183])]

estim_algorithm = ts-model, mode = classification, metric = sensitivity, confidence_scores = energy-conf, class_specific = False
test err: [0.3167806247230147, 0.3169352775644428, 0.3200479549445003, 0.32039924381276985, 0.32969633384402447]
estimated metric: [array([0.69560033, 0.69633833, 0.69677976, 0.69226287, 0.69870195,
       0.69543071, 0.69859737, 0.69853676, 0.70251837, 0.70143018]), array([0.69655317, 0.69475866, 0.69622668, 0.69178153, 0.69948804,
       0.6963442 , 0.69763946, 0.70379846, 0.70248675, 0.69451298]), array([0.69551915, 0.6935035 , 0.69749225, 0.69178387, 0.69908733,
       0.69582918, 0.69698029, 0.70721191, 0.70502757, 0.70481362]), array([0.69613677, 0.69557437, 0.69718312, 0.69279556, 0.70000033,
       0.69642484, 0.69633534, 0.69880971, 0.70441636, 0.70134465]), array([0.69608321, 0.6951923 , 0.69727329, 0.69159737, 0.69875308,
       0.69548479, 0.69718596, 0.70170483, 0.70475997, 0.70160331])]
real metric: [array([0.96837349, 0.52148997, 0.65490798, 0.50716332, 0.61580381,
       0.17292225, 0.58519553, 0.09224012, 0.17841727, 0.05742297]), array([0.95290859, 0.49724518, 0.63065693, 0.51169591, 0.58773181,
       0.20731707, 0.59455587, 0.08183079, 0.20422535, 0.04878049]), array([0.9653092 , 0.47832168, 0.65229485, 0.47976879, 0.59814529,
       0.20263158, 0.6043956 , 0.09615385, 0.20996979, 0.0393586 ]), array([0.96587537, 0.51046025, 0.65874126, 0.50784593, 0.5726257 ,
       0.19915849, 0.54962963, 0.09752547, 0.20793434, 0.04470939]), array([0.96581197, 0.49255751, 0.60843373, 0.49722222, 0.57264957,
       0.17664234, 0.59358289, 0.08356941, 0.19178082, 0.03988183])]

estim_algorithm = ts-model, mode = classification, metric = sensitivity, confidence_scores = energy-conf, class_specific = True
test err: [0.26114083160063817, 0.26096536466433057, 0.2651539265794721, 0.26487927234860204, 0.2742716535665985]
estimated metric: [array([0.94282386, 0.93976098, 0.822419  , 0.83673336, 0.76941337,
       0.58546946, 0.66031182, 0.54078608, 0.41286984, 0.403658  ]), array([0.94349082, 0.93864507, 0.8219742 , 0.83632056, 0.77012648,
       0.5865491 , 0.65928941, 0.5476113 , 0.4128297 , 0.39092946]), array([0.9427569 , 0.93772558, 0.82301592, 0.83632318, 0.76976383,
       0.58594229, 0.65858811, 0.55184449, 0.41736894, 0.40945464]), array([0.94320315, 0.93920785, 0.82277457, 0.83717866, 0.77058468,
       0.58666462, 0.65790394, 0.54113456, 0.41616482, 0.40313726]), array([0.94317352, 0.93894399, 0.82283594, 0.8361817 , 0.7694567 ,
       0.58552839, 0.65881711, 0.54475738, 0.41657096, 0.40330624])]
real metric: [array([0.96837349, 0.52148997, 0.65490798, 0.50716332, 0.61580381,
       0.17292225, 0.58519553, 0.09224012, 0.17841727, 0.05742297]), array([0.95290859, 0.49724518, 0.63065693, 0.51169591, 0.58773181,
       0.20731707, 0.59455587, 0.08183079, 0.20422535, 0.04878049]), array([0.9653092 , 0.47832168, 0.65229485, 0.47976879, 0.59814529,
       0.20263158, 0.6043956 , 0.09615385, 0.20996979, 0.0393586 ]), array([0.96587537, 0.51046025, 0.65874126, 0.50784593, 0.5726257 ,
       0.19915849, 0.54962963, 0.09752547, 0.20793434, 0.04470939]), array([0.96581197, 0.49255751, 0.60843373, 0.49722222, 0.57264957,
       0.17664234, 0.59358289, 0.08356941, 0.19178082, 0.03988183])]

estim_algorithm = ts-model, mode = classification, metric = sensitivity, confidence_scores = entropy-conf, class_specific = False
test err: [0.2300083232103507, 0.2243032450123909, 0.2382575978875096, 0.21997578580780114, 0.2249662413602767]
estimated metric: [array([0.5393791 , 0.5373988 , 0.4546279 , 0.3872258 , 0.47152998,
       0.38463231, 0.4861375 , 0.40546206, 0.53592854, 0.46661024]), array([0.54849756, 0.52176576, 0.43906614, 0.38088871, 0.47563457,
       0.39847718, 0.47768019, 0.48558437, 0.54520583, 0.37561625]), array([0.53320557, 0.49765874, 0.45709775, 0.38876899, 0.47107437,
       0.40011387, 0.45874341, 0.46447997, 0.54178336, 0.5139519 ]), array([0.54147123, 0.52395533, 0.4543256 , 0.39171404, 0.49436718,
       0.4050812 , 0.45952497, 0.40518151, 0.54083702, 0.47117586]), array([0.54078763, 0.52295828, 0.45511794, 0.37611296, 0.47722735,
       0.39186454, 0.4776619 , 0.42988004, 0.52995381, 0.44864504])]
real metric: [array([0.96837349, 0.52148997, 0.65490798, 0.50716332, 0.61580381,
       0.17292225, 0.58519553, 0.09224012, 0.17841727, 0.05742297]), array([0.95290859, 0.49724518, 0.63065693, 0.51169591, 0.58773181,
       0.20731707, 0.59455587, 0.08183079, 0.20422535, 0.04878049]), array([0.9653092 , 0.47832168, 0.65229485, 0.47976879, 0.59814529,
       0.20263158, 0.6043956 , 0.09615385, 0.20996979, 0.0393586 ]), array([0.96587537, 0.51046025, 0.65874126, 0.50784593, 0.5726257 ,
       0.19915849, 0.54962963, 0.09752547, 0.20793434, 0.04470939]), array([0.96581197, 0.49255751, 0.60843373, 0.49722222, 0.57264957,
       0.17664234, 0.59358289, 0.08356941, 0.19178082, 0.03988183])]

estim_algorithm = ts-model, mode = classification, metric = sensitivity, confidence_scores = entropy-conf, class_specific = True
test err: [0.1447264032899024, 0.13940913606429578, 0.16018219376475468, 0.1377729128924588, 0.14876968428915127]
estimated metric: [array([0.92979007, 0.94093026, 0.64351285, 0.72887973, 0.5598349 ,
       0.32403945, 0.45710665, 0.29630456, 0.24030402, 0.21242557]), array([0.92904481, 0.93783394, 0.6292301 , 0.71773317, 0.56318344,
       0.33573629, 0.44793301, 0.36116578, 0.24218733, 0.15406779]), array([0.9295008 , 0.93451152, 0.64204577, 0.72832058, 0.55845318,
       0.3362322 , 0.42997316, 0.35540249, 0.25645601, 0.23693138]), array([0.92829852, 0.94100332, 0.64430765, 0.72504728, 0.58275113,
       0.34199282, 0.42982077, 0.29629286, 0.25055255, 0.20852942]), array([0.9293363 , 0.93764515, 0.64180182, 0.71414527, 0.5667887 ,
       0.32903453, 0.44808679, 0.31774548, 0.24881527, 0.20076455])]
real metric: [array([0.96837349, 0.52148997, 0.65490798, 0.50716332, 0.61580381,
       0.17292225, 0.58519553, 0.09224012, 0.17841727, 0.05742297]), array([0.95290859, 0.49724518, 0.63065693, 0.51169591, 0.58773181,
       0.20731707, 0.59455587, 0.08183079, 0.20422535, 0.04878049]), array([0.9653092 , 0.47832168, 0.65229485, 0.47976879, 0.59814529,
       0.20263158, 0.6043956 , 0.09615385, 0.20996979, 0.0393586 ]), array([0.96587537, 0.51046025, 0.65874126, 0.50784593, 0.5726257 ,
       0.19915849, 0.54962963, 0.09752547, 0.20793434, 0.04470939]), array([0.96581197, 0.49255751, 0.60843373, 0.49722222, 0.57264957,
       0.17664234, 0.59358289, 0.08356941, 0.19178082, 0.03988183])]

estim_algorithm = ts-model, mode = classification, metric = sensitivity, confidence_scores = doctor-conf, class_specific = False
test err: [0.241460786432914, 0.239735498732316, 0.25922214025870616, 0.2333081667564886, 0.2369172611146709]
estimated metric: [array([0.47797051, 0.47318335, 0.35962062, 0.26805512, 0.3867595 ,
       0.26578198, 0.40600265, 0.29710916, 0.49872343, 0.37265352]), array([0.48826316, 0.45459848, 0.33764397, 0.2585611 , 0.39523908,
       0.28741426, 0.39984089, 0.42535723, 0.51173186, 0.27435774]), array([0.46838119, 0.42384183, 0.36351443, 0.27110828, 0.38594198,
       0.29033666, 0.36932585, 0.38168207, 0.50476342, 0.46743121]), array([0.47914497, 0.45822694, 0.36220869, 0.27642946, 0.42068364,
       0.29602004, 0.37506898, 0.29156433, 0.50015257, 0.40125695]), array([0.47902801, 0.45202954, 0.35940465, 0.25089382, 0.39819084,
       0.27586287, 0.39440602, 0.34027048, 0.48851907, 0.36008957])]
real metric: [array([0.96837349, 0.52148997, 0.65490798, 0.50716332, 0.61580381,
       0.17292225, 0.58519553, 0.09224012, 0.17841727, 0.05742297]), array([0.95290859, 0.49724518, 0.63065693, 0.51169591, 0.58773181,
       0.20731707, 0.59455587, 0.08183079, 0.20422535, 0.04878049]), array([0.9653092 , 0.47832168, 0.65229485, 0.47976879, 0.59814529,
       0.20263158, 0.6043956 , 0.09615385, 0.20996979, 0.0393586 ]), array([0.96587537, 0.51046025, 0.65874126, 0.50784593, 0.5726257 ,
       0.19915849, 0.54962963, 0.09752547, 0.20793434, 0.04470939]), array([0.96581197, 0.49255751, 0.60843373, 0.49722222, 0.57264957,
       0.17664234, 0.59358289, 0.08356941, 0.19178082, 0.03988183])]

estim_algorithm = ts-model, mode = classification, metric = sensitivity, confidence_scores = doctor-conf, class_specific = True
test err: [0.12226161969635223, 0.1306918452483818, 0.14110211597870576, 0.11410518847096948, 0.11927703863394186]
estimated metric: [array([0.91945792, 0.93620531, 0.59855271, 0.70449078, 0.49140696,
       0.19352758, 0.37414861, 0.1548862 , 0.12395615, 0.08956923]), array([0.9200679 , 0.93156572, 0.5812148 , 0.68894401, 0.49745505,
       0.20883163, 0.36753684, 0.27095659, 0.12860255, 0.01927246]), array([0.919894  , 0.92855417, 0.59724804, 0.70140107, 0.48911282,
       0.20930469, 0.33721411, 0.24203819, 0.15729072, 0.09660249]), array([0.91892318, 0.93515654, 0.60372717, 0.70100964, 0.52360064,
       0.21599599, 0.34212709, 0.15124945, 0.14997124, 0.08088281]), array([0.91919285, 0.9324938 , 0.59755782, 0.68672676, 0.5024244 ,
       0.19579444, 0.36156088, 0.20711011, 0.14833211, 0.05732767])]
real metric: [array([0.96837349, 0.52148997, 0.65490798, 0.50716332, 0.61580381,
       0.17292225, 0.58519553, 0.09224012, 0.17841727, 0.05742297]), array([0.95290859, 0.49724518, 0.63065693, 0.51169591, 0.58773181,
       0.20731707, 0.59455587, 0.08183079, 0.20422535, 0.04878049]), array([0.9653092 , 0.47832168, 0.65229485, 0.47976879, 0.59814529,
       0.20263158, 0.6043956 , 0.09615385, 0.20996979, 0.0393586 ]), array([0.96587537, 0.51046025, 0.65874126, 0.50784593, 0.5726257 ,
       0.19915849, 0.54962963, 0.09752547, 0.20793434, 0.04470939]), array([0.96581197, 0.49255751, 0.60843373, 0.49722222, 0.57264957,
       0.17664234, 0.59358289, 0.08356941, 0.19178082, 0.03988183])]

estim_algorithm = doc-model, mode = classification, metric = sensitivity, confidence_scores = max_class_probability-conf, class_specific = False
test err: [0.22429993734894857, 0.2239024941249656, 0.23397424622523574, 0.22889845523125874, 0.2281574335368161]
estimated metric: [array([0.67621975, 0.67145541, 0.57603946, 0.54484808, 0.60440838,
       0.49355307, 0.60713407, 0.53211762, 0.59069585, 0.535629  ]), array([0.67662736, 0.6650374 , 0.563751  , 0.53223176, 0.60084035,
       0.51330864, 0.60879557, 0.61003537, 0.61099391, 0.48797724]), array([0.67266144, 0.65190617, 0.57091955, 0.54477513, 0.59966997,
       0.52040875, 0.58904956, 0.57219746, 0.58004691, 0.58571853]), array([0.67277541, 0.66742491, 0.57390234, 0.53999713, 0.61974261,
       0.51980103, 0.59889988, 0.51137432, 0.60367365, 0.54002134]), array([0.67497519, 0.66402431, 0.57361171, 0.5283677 , 0.60932666,
       0.51928238, 0.60635612, 0.56405363, 0.57781708, 0.53457423])]
real metric: [array([0.96837349, 0.52148997, 0.65490798, 0.50716332, 0.61580381,
       0.17292225, 0.58519553, 0.09224012, 0.17841727, 0.05742297]), array([0.95290859, 0.49724518, 0.63065693, 0.51169591, 0.58773181,
       0.20731707, 0.59455587, 0.08183079, 0.20422535, 0.04878049]), array([0.9653092 , 0.47832168, 0.65229485, 0.47976879, 0.59814529,
       0.20263158, 0.6043956 , 0.09615385, 0.20996979, 0.0393586 ]), array([0.96587537, 0.51046025, 0.65874126, 0.50784593, 0.5726257 ,
       0.19915849, 0.54962963, 0.09752547, 0.20793434, 0.04470939]), array([0.96581197, 0.49255751, 0.60843373, 0.49722222, 0.57264957,
       0.17664234, 0.59358289, 0.08356941, 0.19178082, 0.03988183])]

estim_algorithm = doc-model, mode = classification, metric = sensitivity, confidence_scores = max_class_probability-conf, class_specific = True
test err: [0.178141150578675, 0.1849112974551282, 0.19510409707524046, 0.17867221643408224, 0.19542929314959862]
estimated metric: [array([0.9196917 , 0.92982073, 0.69120908, 0.72979865, 0.66071627,
       0.39839516, 0.54437906, 0.38531751, 0.37903126, 0.31799228]), array([0.91858485, 0.92584767, 0.67892062, 0.71710656, 0.65714824,
       0.41815074, 0.54604056, 0.46364724, 0.39977081, 0.27516559]), array([0.91801472, 0.9209992 , 0.68608917, 0.72949255, 0.65597786,
       0.42525085, 0.52629455, 0.42553293, 0.37046393, 0.36848337]), array([0.91746552, 0.93041568, 0.68907196, 0.72490407, 0.67605049,
       0.42478628, 0.53614487, 0.36457421, 0.39186755, 0.32215814]), array([0.91837346, 0.92689286, 0.68878133, 0.71352362, 0.66563455,
       0.42416922, 0.54360111, 0.41767009, 0.36622739, 0.31671104])]
real metric: [array([0.96837349, 0.52148997, 0.65490798, 0.50716332, 0.61580381,
       0.17292225, 0.58519553, 0.09224012, 0.17841727, 0.05742297]), array([0.95290859, 0.49724518, 0.63065693, 0.51169591, 0.58773181,
       0.20731707, 0.59455587, 0.08183079, 0.20422535, 0.04878049]), array([0.9653092 , 0.47832168, 0.65229485, 0.47976879, 0.59814529,
       0.20263158, 0.6043956 , 0.09615385, 0.20996979, 0.0393586 ]), array([0.96587537, 0.51046025, 0.65874126, 0.50784593, 0.5726257 ,
       0.19915849, 0.54962963, 0.09752547, 0.20793434, 0.04470939]), array([0.96581197, 0.49255751, 0.60843373, 0.49722222, 0.57264957,
       0.17664234, 0.59358289, 0.08356941, 0.19178082, 0.03988183])]

estim_algorithm = doc-model, mode = classification, metric = sensitivity, confidence_scores = energy-conf, class_specific = False
test err: [0.24145954987354293, 0.23255299296041057, 0.24883831311609597, 0.23902312316671842, 0.24018219683401315]
estimated metric: [array([0.59193126, 0.59346394, 0.57419383, 0.54705152, 0.58077398,
       0.55313982, 0.58498932, 0.56436356, 0.60602493, 0.58781519]), array([0.59661848, 0.58549577, 0.56918939, 0.54481242, 0.58356913,
       0.55823756, 0.58022252, 0.59376047, 0.60775118, 0.55031363]), array([0.59049673, 0.57685924, 0.57672934, 0.54629701, 0.58173903,
       0.55720086, 0.57470397, 0.59760971, 0.61458558, 0.60555915]), array([0.59384768, 0.58859466, 0.57483433, 0.54923208, 0.5890082 ,
       0.56000934, 0.57292622, 0.56490215, 0.61226313, 0.58725002]), array([0.59359688, 0.58716684, 0.57555263, 0.54305904, 0.58214891,
       0.55461404, 0.5794817 , 0.57646035, 0.6106438 , 0.5828353 ])]
real metric: [array([0.96837349, 0.52148997, 0.65490798, 0.50716332, 0.61580381,
       0.17292225, 0.58519553, 0.09224012, 0.17841727, 0.05742297]), array([0.95290859, 0.49724518, 0.63065693, 0.51169591, 0.58773181,
       0.20731707, 0.59455587, 0.08183079, 0.20422535, 0.04878049]), array([0.9653092 , 0.47832168, 0.65229485, 0.47976879, 0.59814529,
       0.20263158, 0.6043956 , 0.09615385, 0.20996979, 0.0393586 ]), array([0.96587537, 0.51046025, 0.65874126, 0.50784593, 0.5726257 ,
       0.19915849, 0.54962963, 0.09752547, 0.20793434, 0.04470939]), array([0.96581197, 0.49255751, 0.60843373, 0.49722222, 0.57264957,
       0.17664234, 0.59358289, 0.08356941, 0.19178082, 0.03988183])]

estim_algorithm = doc-model, mode = classification, metric = sensitivity, confidence_scores = energy-conf, class_specific = True
test err: [0.18028585894408658, 0.1819807688622114, 0.19289007398820096, 0.1815669983171554, 0.19579602626732573]
estimated metric: [array([0.88669145, 0.88157235, 0.72237537, 0.75071681, 0.64854534,
       0.47325844, 0.57061278, 0.42725954, 0.31755058, 0.28568304]), array([0.88937951, 0.87718101, 0.71761467, 0.7485057 , 0.65127991,
       0.47835618, 0.56584598, 0.45665646, 0.31927683, 0.2481815 ]), array([0.88448039, 0.86894754, 0.7248311 , 0.75006211, 0.64944399,
       0.47731948, 0.56032742, 0.46050569, 0.32611123, 0.30342702]), array([0.88747212, 0.87778095, 0.72295268, 0.75299718, 0.65678393,
       0.48012797, 0.55854968, 0.42779814, 0.32378878, 0.28511789]), array([0.88734942, 0.87656969, 0.72356886, 0.74676725, 0.64988997,
       0.47473266, 0.56510516, 0.43935634, 0.32216945, 0.28070319])]
real metric: [array([0.96837349, 0.52148997, 0.65490798, 0.50716332, 0.61580381,
       0.17292225, 0.58519553, 0.09224012, 0.17841727, 0.05742297]), array([0.95290859, 0.49724518, 0.63065693, 0.51169591, 0.58773181,
       0.20731707, 0.59455587, 0.08183079, 0.20422535, 0.04878049]), array([0.9653092 , 0.47832168, 0.65229485, 0.47976879, 0.59814529,
       0.20263158, 0.6043956 , 0.09615385, 0.20996979, 0.0393586 ]), array([0.96587537, 0.51046025, 0.65874126, 0.50784593, 0.5726257 ,
       0.19915849, 0.54962963, 0.09752547, 0.20793434, 0.04470939]), array([0.96581197, 0.49255751, 0.60843373, 0.49722222, 0.57264957,
       0.17664234, 0.59358289, 0.08356941, 0.19178082, 0.03988183])]

estim_algorithm = doc-model, mode = classification, metric = sensitivity, confidence_scores = entropy-conf, class_specific = False
test err: [0.22041736750011384, 0.21942799736431584, 0.23321565174088152, 0.21822598992127817, 0.21869490648458084]
estimated metric: [array([0.64545042, 0.64344618, 0.54837466, 0.50425511, 0.57177403,
       0.46933034, 0.57871042, 0.49756962, 0.60100305, 0.53243756]), array([0.64896328, 0.63379315, 0.53528539, 0.49408408, 0.57241881,
       0.490865  , 0.57705055, 0.58301493, 0.61325878, 0.46299999]), array([0.64127016, 0.61802536, 0.54598812, 0.5054893 , 0.56920665,
       0.49506474, 0.55665435, 0.5448946 , 0.58808925, 0.5797719 ]), array([0.64394983, 0.63592863, 0.54930177, 0.50304816, 0.59093523,
       0.49473414, 0.56467602, 0.49573084, 0.6018546 , 0.54428091]), array([0.644717  , 0.63422259, 0.54642117, 0.49021258, 0.5795211 ,
       0.48646719, 0.5759657 , 0.52354879, 0.58369188, 0.52884462])]
real metric: [array([0.96837349, 0.52148997, 0.65490798, 0.50716332, 0.61580381,
       0.17292225, 0.58519553, 0.09224012, 0.17841727, 0.05742297]), array([0.95290859, 0.49724518, 0.63065693, 0.51169591, 0.58773181,
       0.20731707, 0.59455587, 0.08183079, 0.20422535, 0.04878049]), array([0.9653092 , 0.47832168, 0.65229485, 0.47976879, 0.59814529,
       0.20263158, 0.6043956 , 0.09615385, 0.20996979, 0.0393586 ]), array([0.96587537, 0.51046025, 0.65874126, 0.50784593, 0.5726257 ,
       0.19915849, 0.54962963, 0.09752547, 0.20793434, 0.04470939]), array([0.96581197, 0.49255751, 0.60843373, 0.49722222, 0.57264957,
       0.17664234, 0.59358289, 0.08356941, 0.19178082, 0.03988183])]

estim_algorithm = doc-model, mode = classification, metric = sensitivity, confidence_scores = entropy-conf, class_specific = True
test err: [0.16630708820349607, 0.17208249859235578, 0.18411402907543445, 0.16957368644257081, 0.18204535625606683]
estimated metric: [array([0.89469883, 0.90722288, 0.66367751, 0.70651491, 0.62930271,
       0.38233016, 0.52317234, 0.35734551, 0.37228912, 0.30905791]), array([0.89528602, 0.90060525, 0.65058824, 0.69619458, 0.62994749,
       0.40386482, 0.52151247, 0.44267214, 0.38532087, 0.25044915]), array([0.8922681 , 0.89294316, 0.66128648, 0.70741442, 0.62673534,
       0.40810655, 0.50111627, 0.40455181, 0.36403425, 0.35639227]), array([0.8932204 , 0.90546128, 0.66460462, 0.70524475, 0.64846391,
       0.40797087, 0.50913794, 0.35538805, 0.37253277, 0.32192478]), array([0.89345852, 0.90148694, 0.66172401, 0.69284199, 0.63704979,
       0.39946702, 0.52042762, 0.38362006, 0.35602747, 0.305465  ])]
real metric: [array([0.96837349, 0.52148997, 0.65490798, 0.50716332, 0.61580381,
       0.17292225, 0.58519553, 0.09224012, 0.17841727, 0.05742297]), array([0.95290859, 0.49724518, 0.63065693, 0.51169591, 0.58773181,
       0.20731707, 0.59455587, 0.08183079, 0.20422535, 0.04878049]), array([0.9653092 , 0.47832168, 0.65229485, 0.47976879, 0.59814529,
       0.20263158, 0.6043956 , 0.09615385, 0.20996979, 0.0393586 ]), array([0.96587537, 0.51046025, 0.65874126, 0.50784593, 0.5726257 ,
       0.19915849, 0.54962963, 0.09752547, 0.20793434, 0.04470939]), array([0.96581197, 0.49255751, 0.60843373, 0.49722222, 0.57264957,
       0.17664234, 0.59358289, 0.08356941, 0.19178082, 0.03988183])]

estim_algorithm = doc-model, mode = classification, metric = sensitivity, confidence_scores = doctor-conf, class_specific = False
test err: [0.24659345261194648, 0.24502116145281866, 0.25274097150854874, 0.2547028070617397, 0.25234090159970013]
estimated metric: [array([0.68506338, 0.68180032, 0.60725699, 0.58033414, 0.62911056,
       0.52901004, 0.62943029, 0.56903009, 0.65278213, 0.59413111]), array([0.6866361 , 0.67548631, 0.59964238, 0.56635019, 0.62597176,
       0.55392631, 0.62753991, 0.63739908, 0.66293553, 0.53669796]), array([0.68471063, 0.66590276, 0.60330055, 0.57665488, 0.62546302,
       0.56302281, 0.61335624, 0.60456076, 0.62613335, 0.63146817]), array([0.68449615, 0.67864239, 0.6097322 , 0.5758173 , 0.6413899 ,
       0.55967133, 0.62159642, 0.57138829, 0.65576376, 0.60225961]), array([0.68405491, 0.67621627, 0.60733969, 0.56374492, 0.63491789,
       0.55766471, 0.62993587, 0.5821266 , 0.63475997, 0.60907827])]
real metric: [array([0.96837349, 0.52148997, 0.65490798, 0.50716332, 0.61580381,
       0.17292225, 0.58519553, 0.09224012, 0.17841727, 0.05742297]), array([0.95290859, 0.49724518, 0.63065693, 0.51169591, 0.58773181,
       0.20731707, 0.59455587, 0.08183079, 0.20422535, 0.04878049]), array([0.9653092 , 0.47832168, 0.65229485, 0.47976879, 0.59814529,
       0.20263158, 0.6043956 , 0.09615385, 0.20996979, 0.0393586 ]), array([0.96587537, 0.51046025, 0.65874126, 0.50784593, 0.5726257 ,
       0.19915849, 0.54962963, 0.09752547, 0.20793434, 0.04470939]), array([0.96581197, 0.49255751, 0.60843373, 0.49722222, 0.57264957,
       0.17664234, 0.59358289, 0.08356941, 0.19178082, 0.03988183])]

estim_algorithm = doc-model, mode = classification, metric = sensitivity, confidence_scores = doctor-conf, class_specific = True
test err: [0.2000610950589854, 0.20541812355416295, 0.21426799267062377, 0.2052150242590644, 0.21710056219983329]
estimated metric: [array([0.90408976, 0.91651556, 0.71939629, 0.74131005, 0.6880616 ,
       0.4292704 , 0.57205745, 0.42666188, 0.4251829 , 0.37715814]), array([0.90520037, 0.90954083, 0.71179367, 0.72688143, 0.68459431,
       0.45225032, 0.57015872, 0.49484613, 0.4371116 , 0.33454112]), array([0.90420546, 0.90361403, 0.71540808, 0.73717556, 0.6843279 ,
       0.46338842, 0.55586883, 0.46312318, 0.40725484, 0.41540182]), array([0.90367062, 0.9149325 , 0.72208178, 0.7361203 , 0.70012471,
       0.46028041, 0.56427165, 0.42721206, 0.42729707, 0.38625547]), array([0.90328023, 0.91208405, 0.71996757, 0.7242363 , 0.69403196,
       0.45839163, 0.57250846, 0.44033937, 0.40898067, 0.39210534])]
real metric: [array([0.96837349, 0.52148997, 0.65490798, 0.50716332, 0.61580381,
       0.17292225, 0.58519553, 0.09224012, 0.17841727, 0.05742297]), array([0.95290859, 0.49724518, 0.63065693, 0.51169591, 0.58773181,
       0.20731707, 0.59455587, 0.08183079, 0.20422535, 0.04878049]), array([0.9653092 , 0.47832168, 0.65229485, 0.47976879, 0.59814529,
       0.20263158, 0.6043956 , 0.09615385, 0.20996979, 0.0393586 ]), array([0.96587537, 0.51046025, 0.65874126, 0.50784593, 0.5726257 ,
       0.19915849, 0.54962963, 0.09752547, 0.20793434, 0.04470939]), array([0.96581197, 0.49255751, 0.60843373, 0.49722222, 0.57264957,
       0.17664234, 0.59358289, 0.08356941, 0.19178082, 0.03988183])]

estim_algorithm = atc-model, mode = classification, metric = sensitivity, confidence_scores = max_class_probability-conf, class_specific = False
test err: [0.18478822280700946, 0.19550647411839525, 0.20399548261813857, 0.17412663319186455, 0.18285370014388108]
estimated metric: [array([0.59814591, 0.59325844, 0.36894076, 0.29611167, 0.43757294,
       0.23809528, 0.4587156 , 0.25396837, 0.37500004, 0.23809542]), array([0.59606299, 0.59606988, 0.3520362 , 0.29336189, 0.43446603,
       0.25888329, 0.4569733 , 0.43333343, 0.38505751, 0.17647083]), array([0.58923513, 0.53773586, 0.36694916, 0.30862833, 0.42293466,
       0.24644553, 0.41289438, 0.34722231, 0.36904766, 0.36666688]), array([0.58330036, 0.56837608, 0.37627987, 0.30462864, 0.47506235,
       0.248731  , 0.43610225, 0.21739142, 0.38418083, 0.30303051]), array([0.59368758, 0.57718122, 0.36203867, 0.2763562 , 0.45786164,
       0.22660102, 0.43758968, 0.35000011, 0.32679743, 0.22222251])]
real metric: [array([0.96837349, 0.52148997, 0.65490798, 0.50716332, 0.61580381,
       0.17292225, 0.58519553, 0.09224012, 0.17841727, 0.05742297]), array([0.95290859, 0.49724518, 0.63065693, 0.51169591, 0.58773181,
       0.20731707, 0.59455587, 0.08183079, 0.20422535, 0.04878049]), array([0.9653092 , 0.47832168, 0.65229485, 0.47976879, 0.59814529,
       0.20263158, 0.6043956 , 0.09615385, 0.20996979, 0.0393586 ]), array([0.96587537, 0.51046025, 0.65874126, 0.50784593, 0.5726257 ,
       0.19915849, 0.54962963, 0.09752547, 0.20793434, 0.04470939]), array([0.96581197, 0.49255751, 0.60843373, 0.49722222, 0.57264957,
       0.17664234, 0.59358289, 0.08356941, 0.19178082, 0.03988183])]

estim_algorithm = atc-model, mode = classification, metric = sensitivity, confidence_scores = max_class_probability-conf, class_specific = True
test err: [0.11852572148454865, 0.12316448591180454, 0.13614375882724017, 0.11453764167682919, 0.11804073939712116]
estimated metric: [array([0.89641274, 0.91685393, 0.58348295, 0.65802593, 0.49358227,
       0.16931221, 0.34250766, 0.09523824, 0.09210532, 0.09523831]), array([8.97244095e-01, 9.17030569e-01, 5.51131226e-01, 6.27408998e-01,
       4.95145637e-01, 2.03045726e-01, 3.51632057e-01, 2.16666797e-01,
       1.66666715e-01, 2.94117561e-07]), array([0.90570619, 0.9009434 , 0.57881356, 0.65486726, 0.48212084,
       0.16587682, 0.31687244, 0.1527779 , 0.13690481, 0.1000003 ]), array([0.90067273, 0.92094017, 0.58703072, 0.6555436 , 0.53990026,
       0.19289344, 0.3146965 , 0.08695665, 0.11864412, 0.12121239]), array([0.90011986, 0.9261745 , 0.58172232, 0.63152508, 0.51698114,
       0.14778329, 0.33572454, 0.13333348, 0.09803927, 0.07407442])]
real metric: [array([0.96837349, 0.52148997, 0.65490798, 0.50716332, 0.61580381,
       0.17292225, 0.58519553, 0.09224012, 0.17841727, 0.05742297]), array([0.95290859, 0.49724518, 0.63065693, 0.51169591, 0.58773181,
       0.20731707, 0.59455587, 0.08183079, 0.20422535, 0.04878049]), array([0.9653092 , 0.47832168, 0.65229485, 0.47976879, 0.59814529,
       0.20263158, 0.6043956 , 0.09615385, 0.20996979, 0.0393586 ]), array([0.96587537, 0.51046025, 0.65874126, 0.50784593, 0.5726257 ,
       0.19915849, 0.54962963, 0.09752547, 0.20793434, 0.04470939]), array([0.96581197, 0.49255751, 0.60843373, 0.49722222, 0.57264957,
       0.17664234, 0.59358289, 0.08356941, 0.19178082, 0.03988183])]

estim_algorithm = atc-model, mode = classification, metric = sensitivity, confidence_scores = energy-conf, class_specific = False
test err: [0.2952038836613552, 0.29995623725540604, 0.32737537945889666, 0.3107974094648722, 0.2932902519986845]
estimated metric: [array([0.31197098, 0.28539327, 0.19210055, 0.08474577, 0.22637107,
       0.10582015, 0.24923549, 0.14285728, 0.32894741, 0.23809542]), array([0.31850394, 0.27510919, 0.17466064, 0.08886511, 0.21116506,
       0.11675131, 0.23145402, 0.28333345, 0.36781613, 0.11764732]), array([0.29057062, 0.21933964, 0.19322035, 0.08738939, 0.22318127,
       0.09004744, 0.19478739, 0.2500001 , 0.3869048 , 0.30000023]), array([0.30866641, 0.25854702, 0.18600683, 0.08719054, 0.25062345,
       0.11167517, 0.19968052, 0.05797115, 0.39548026, 0.36363656]), array([0.31162605, 0.27069353, 0.19507909, 0.06448312, 0.21383649,
       0.11822664, 0.23242469, 0.18333347, 0.37908501, 0.18518549])]
real metric: [array([0.96837349, 0.52148997, 0.65490798, 0.50716332, 0.61580381,
       0.17292225, 0.58519553, 0.09224012, 0.17841727, 0.05742297]), array([0.95290859, 0.49724518, 0.63065693, 0.51169591, 0.58773181,
       0.20731707, 0.59455587, 0.08183079, 0.20422535, 0.04878049]), array([0.9653092 , 0.47832168, 0.65229485, 0.47976879, 0.59814529,
       0.20263158, 0.6043956 , 0.09615385, 0.20996979, 0.0393586 ]), array([0.96587537, 0.51046025, 0.65874126, 0.50784593, 0.5726257 ,
       0.19915849, 0.54962963, 0.09752547, 0.20793434, 0.04470939]), array([0.96581197, 0.49255751, 0.60843373, 0.49722222, 0.57264957,
       0.17664234, 0.59358289, 0.08356941, 0.19178082, 0.03988183])]

estim_algorithm = atc-model, mode = classification, metric = sensitivity, confidence_scores = energy-conf, class_specific = True
test err: [0.2010173564834965, 0.20261818372063548, 0.20699536706649035, 0.19926328481020636, 0.19591116389074503]
estimated metric: [array([0.70818219, 0.83370787, 0.37791742, 0.40677967, 0.26371063,
       0.0529101 , 0.24311928, 0.03174619, 0.02631585, 0.02380976]), array([7.11417324e-01, 7.94759830e-01, 3.59276024e-01, 3.83297651e-01,
       2.62135931e-01, 4.56853276e-02, 2.19584581e-01, 1.00000150e-01,
       4.59770663e-02, 2.94117561e-07]), array([0.69486038, 0.80424529, 0.39152543, 0.40265487, 0.25030827,
       0.03791474, 0.18244171, 0.1527779 , 0.07142863, 0.03333366]), array([7.13098537e-01, 8.33333337e-01, 3.78839596e-01, 4.21959102e-01,
       2.99251879e-01, 7.61421789e-02, 1.85303527e-01, 1.44928965e-02,
       4.51977941e-02, 3.03030211e-07]), array([0.70155813, 0.81655481, 0.39455185, 0.37359264, 0.25911951,
       0.03940891, 0.21664277, 0.03333349, 0.03921575, 0.03703739])]
real metric: [array([0.96837349, 0.52148997, 0.65490798, 0.50716332, 0.61580381,
       0.17292225, 0.58519553, 0.09224012, 0.17841727, 0.05742297]), array([0.95290859, 0.49724518, 0.63065693, 0.51169591, 0.58773181,
       0.20731707, 0.59455587, 0.08183079, 0.20422535, 0.04878049]), array([0.9653092 , 0.47832168, 0.65229485, 0.47976879, 0.59814529,
       0.20263158, 0.6043956 , 0.09615385, 0.20996979, 0.0393586 ]), array([0.96587537, 0.51046025, 0.65874126, 0.50784593, 0.5726257 ,
       0.19915849, 0.54962963, 0.09752547, 0.20793434, 0.04470939]), array([0.96581197, 0.49255751, 0.60843373, 0.49722222, 0.57264957,
       0.17664234, 0.59358289, 0.08356941, 0.19178082, 0.03988183])]

estim_algorithm = atc-model, mode = classification, metric = sensitivity, confidence_scores = entropy-conf, class_specific = False
test err: [0.19188850373755367, 0.2044269721807245, 0.21606663799241005, 0.1821656025915959, 0.18978208467487595]
estimated metric: [array([0.56509472, 0.54831462, 0.33572712, 0.25623131, 0.39556593,
       0.21693126, 0.41284405, 0.23809536, 0.38157899, 0.19047638]), array([0.56062992, 0.54366813, 0.31402716, 0.24518202, 0.40655341,
       0.22842644, 0.42284867, 0.41666676, 0.41954026, 0.14705907]), array([0.54917038, 0.49764152, 0.3381356 , 0.26659293, 0.38224415,
       0.21327018, 0.37448561, 0.33333343, 0.3869048 , 0.36666688]), array([0.5461021 , 0.52991454, 0.33703072, 0.25834231, 0.44014963,
       0.21319801, 0.3945687 , 0.20289867, 0.38418083, 0.27272749]), array([0.56412305, 0.53467563, 0.33391916, 0.22824975, 0.42767296,
       0.19704437, 0.40172167, 0.35000011, 0.33333338, 0.18518549])]
real metric: [array([0.96837349, 0.52148997, 0.65490798, 0.50716332, 0.61580381,
       0.17292225, 0.58519553, 0.09224012, 0.17841727, 0.05742297]), array([0.95290859, 0.49724518, 0.63065693, 0.51169591, 0.58773181,
       0.20731707, 0.59455587, 0.08183079, 0.20422535, 0.04878049]), array([0.9653092 , 0.47832168, 0.65229485, 0.47976879, 0.59814529,
       0.20263158, 0.6043956 , 0.09615385, 0.20996979, 0.0393586 ]), array([0.96587537, 0.51046025, 0.65874126, 0.50784593, 0.5726257 ,
       0.19915849, 0.54962963, 0.09752547, 0.20793434, 0.04470939]), array([0.96581197, 0.49255751, 0.60843373, 0.49722222, 0.57264957,
       0.17664234, 0.59358289, 0.08356941, 0.19178082, 0.03988183])]

estim_algorithm = atc-model, mode = classification, metric = sensitivity, confidence_scores = entropy-conf, class_specific = True
test err: [0.12806822076978064, 0.13290462151019025, 0.1490421459267892, 0.12329004699742079, 0.12308635567036694]
estimated metric: [array([0.82184603, 0.86292135, 0.49730701, 0.55633101, 0.44807469,
       0.14814819, 0.32874619, 0.07936523, 0.09210532, 0.09523831]), array([8.20866142e-01, 8.53711794e-01, 4.65158376e-01, 5.38543902e-01,
       4.35679618e-01, 1.67512733e-01, 3.42729980e-01, 2.00000133e-01,
       1.66666715e-01, 2.94117561e-07]), array([0.81100769, 0.84433963, 0.48220339, 0.55199116, 0.42786684,
       0.14218014, 0.29766805, 0.1527779 , 0.13690481, 0.1000003 ]), array([0.81796597, 0.8440171 , 0.50511946, 0.54682455, 0.47630923,
       0.17766502, 0.30191694, 0.08695665, 0.10169497, 0.12121239]), array([0.81462245, 0.852349  , 0.48857645, 0.51279427, 0.46792453,
       0.12807886, 0.32998566, 0.11666681, 0.09150333, 0.07407442])]
real metric: [array([0.96837349, 0.52148997, 0.65490798, 0.50716332, 0.61580381,
       0.17292225, 0.58519553, 0.09224012, 0.17841727, 0.05742297]), array([0.95290859, 0.49724518, 0.63065693, 0.51169591, 0.58773181,
       0.20731707, 0.59455587, 0.08183079, 0.20422535, 0.04878049]), array([0.9653092 , 0.47832168, 0.65229485, 0.47976879, 0.59814529,
       0.20263158, 0.6043956 , 0.09615385, 0.20996979, 0.0393586 ]), array([0.96587537, 0.51046025, 0.65874126, 0.50784593, 0.5726257 ,
       0.19915849, 0.54962963, 0.09752547, 0.20793434, 0.04470939]), array([0.96581197, 0.49255751, 0.60843373, 0.49722222, 0.57264957,
       0.17664234, 0.59358289, 0.08356941, 0.19178082, 0.03988183])]

estim_algorithm = atc-model, mode = classification, metric = sensitivity, confidence_scores = doctor-conf, class_specific = False
test err: [0.18645498081566686, 0.19751603518696478, 0.20568945709476244, 0.17663113441590167, 0.1866079327294922]
estimated metric: [array([0.59411528, 0.58876405, 0.36804309, 0.28913261, 0.43290549,
       0.23809528, 0.45412845, 0.25396837, 0.37500004, 0.23809542]), array([0.59330709, 0.58951966, 0.3484163 , 0.28158459, 0.42961166,
       0.25380714, 0.45400594, 0.43333343, 0.39080463, 0.17647083]), array([0.5839741 , 0.54009435, 0.36440679, 0.30641594, 0.42170161,
       0.23696686, 0.40603567, 0.34722231, 0.37500004, 0.36666688]), array([0.57815592, 0.55982907, 0.37372014, 0.29924651, 0.47007482,
       0.25380714, 0.43130991, 0.21739142, 0.38983054, 0.30303051]), array([0.59168997, 0.57270694, 0.357645  , 0.26816787, 0.4528302 ,
       0.22660102, 0.4318508 , 0.36666677, 0.32679743, 0.22222251])]
real metric: [array([0.96837349, 0.52148997, 0.65490798, 0.50716332, 0.61580381,
       0.17292225, 0.58519553, 0.09224012, 0.17841727, 0.05742297]), array([0.95290859, 0.49724518, 0.63065693, 0.51169591, 0.58773181,
       0.20731707, 0.59455587, 0.08183079, 0.20422535, 0.04878049]), array([0.9653092 , 0.47832168, 0.65229485, 0.47976879, 0.59814529,
       0.20263158, 0.6043956 , 0.09615385, 0.20996979, 0.0393586 ]), array([0.96587537, 0.51046025, 0.65874126, 0.50784593, 0.5726257 ,
       0.19915849, 0.54962963, 0.09752547, 0.20793434, 0.04470939]), array([0.96581197, 0.49255751, 0.60843373, 0.49722222, 0.57264957,
       0.17664234, 0.59358289, 0.08356941, 0.19178082, 0.03988183])]

estim_algorithm = atc-model, mode = classification, metric = sensitivity, confidence_scores = doctor-conf, class_specific = True
test err: [0.11727130423831618, 0.12176113832504905, 0.13568966248900444, 0.11172886788214272, 0.11469236900673827]
estimated metric: [array([0.85328497, 0.88764045, 0.54937164, 0.58524427, 0.49124855,
       0.16402121, 0.3379205 , 0.09523824, 0.09210532, 0.09523831]), array([8.53937008e-01, 8.75545854e-01, 5.18552041e-01, 5.64239833e-01,
       4.92718453e-01, 1.97969584e-01, 3.50148378e-01, 2.16666797e-01,
       1.60919588e-01, 2.94117561e-07]), array([0.85714286, 0.86792453, 0.54915255, 0.58628319, 0.47472257,
       0.16587682, 0.31138547, 0.1527779 , 0.13095243, 0.1000003 ]), array([0.8531856 , 0.87606838, 0.5503413 , 0.56512379, 0.53615961,
       0.19289344, 0.30670928, 0.08695665, 0.10734468, 0.12121239]), array([0.84938074, 0.88366891, 0.54657294, 0.54452406, 0.51320755,
       0.14285719, 0.33428982, 0.13333348, 0.09803927, 0.07407442])]
real metric: [array([0.96837349, 0.52148997, 0.65490798, 0.50716332, 0.61580381,
       0.17292225, 0.58519553, 0.09224012, 0.17841727, 0.05742297]), array([0.95290859, 0.49724518, 0.63065693, 0.51169591, 0.58773181,
       0.20731707, 0.59455587, 0.08183079, 0.20422535, 0.04878049]), array([0.9653092 , 0.47832168, 0.65229485, 0.47976879, 0.59814529,
       0.20263158, 0.6043956 , 0.09615385, 0.20996979, 0.0393586 ]), array([0.96587537, 0.51046025, 0.65874126, 0.50784593, 0.5726257 ,
       0.19915849, 0.54962963, 0.09752547, 0.20793434, 0.04470939]), array([0.96581197, 0.49255751, 0.60843373, 0.49722222, 0.57264957,
       0.17664234, 0.59358289, 0.08356941, 0.19178082, 0.03988183])]

estim_algorithm = ts-atc-model, mode = classification, metric = sensitivity, confidence_scores = max_class_probability-conf, class_specific = False
test err: [0.21371831279291348, 0.22108861297858926, 0.2486830473937424, 0.213909282230604, 0.21641515069652936]
estimated metric: [array([0.48327288, 0.48089889, 0.28904848, 0.19441676, 0.33372229,
       0.17460322, 0.34556576, 0.17460331, 0.34868425, 0.2142859 ]), array([0.49606299, 0.47816595, 0.26244345, 0.18843684, 0.35072816,
       0.17258887, 0.3560831 , 0.38333344, 0.39655176, 0.08823556]), array([0.47551599, 0.42688681, 0.28898306, 0.210177  , 0.32552405,
       0.15639814, 0.31824418, 0.30555565, 0.38095242, 0.36666688]), array([0.47487139, 0.45726497, 0.27133106, 0.18945103, 0.38403991,
       0.18274116, 0.31948883, 0.17391316, 0.41807913, 0.21212145]), array([0.48941271, 0.45861299, 0.27943762, 0.16786081, 0.34213837,
       0.1527094 , 0.35150647, 0.30000012, 0.36601311, 0.14814846])]
real metric: [array([0.96837349, 0.52148997, 0.65490798, 0.50716332, 0.61580381,
       0.17292225, 0.58519553, 0.09224012, 0.17841727, 0.05742297]), array([0.95290859, 0.49724518, 0.63065693, 0.51169591, 0.58773181,
       0.20731707, 0.59455587, 0.08183079, 0.20422535, 0.04878049]), array([0.9653092 , 0.47832168, 0.65229485, 0.47976879, 0.59814529,
       0.20263158, 0.6043956 , 0.09615385, 0.20996979, 0.0393586 ]), array([0.96587537, 0.51046025, 0.65874126, 0.50784593, 0.5726257 ,
       0.19915849, 0.54962963, 0.09752547, 0.20793434, 0.04470939]), array([0.96581197, 0.49255751, 0.60843373, 0.49722222, 0.57264957,
       0.17664234, 0.59358289, 0.08356941, 0.19178082, 0.03988183])]

estim_algorithm = ts-atc-model, mode = classification, metric = sensitivity, confidence_scores = max_class_probability-conf, class_specific = True
test err: [0.14381185109957934, 0.15231436085122754, 0.1610384449234004, 0.1499302269069163, 0.13654426211743842]
estimated metric: [array([0.9330915 , 0.93707865, 0.54757631, 0.67098704, 0.42473746,
       0.09523814, 0.29051989, 0.07936523, 0.05263164, 0.07142879]), array([9.28740158e-01, 9.32314412e-01, 5.22171950e-01, 6.42398291e-01,
       4.33252434e-01, 9.13706045e-02, 2.98219595e-01, 1.50000142e-01,
       6.32184446e-02, 2.94117561e-07]), array([0.9344395 , 0.9245283 , 0.54576272, 0.66482301, 0.41430334,
       0.09952611, 0.24828533, 0.1527779 , 0.09523815, 0.06666698]), array([9.35496637e-01, 9.35897437e-01, 5.46928332e-01, 6.67384288e-01,
       4.67581054e-01, 1.11675172e-01, 2.49201290e-01, 1.44928965e-02,
       5.64972284e-02, 3.03030211e-07]), array([0.93407911, 0.93736018, 0.54130053, 0.6468782 , 0.45534592,
       0.08867   , 0.28550934, 0.10000015, 0.05228764, 0.03703739])]
real metric: [array([0.96837349, 0.52148997, 0.65490798, 0.50716332, 0.61580381,
       0.17292225, 0.58519553, 0.09224012, 0.17841727, 0.05742297]), array([0.95290859, 0.49724518, 0.63065693, 0.51169591, 0.58773181,
       0.20731707, 0.59455587, 0.08183079, 0.20422535, 0.04878049]), array([0.9653092 , 0.47832168, 0.65229485, 0.47976879, 0.59814529,
       0.20263158, 0.6043956 , 0.09615385, 0.20996979, 0.0393586 ]), array([0.96587537, 0.51046025, 0.65874126, 0.50784593, 0.5726257 ,
       0.19915849, 0.54962963, 0.09752547, 0.20793434, 0.04470939]), array([0.96581197, 0.49255751, 0.60843373, 0.49722222, 0.57264957,
       0.17664234, 0.59358289, 0.08356941, 0.19178082, 0.03988183])]

estim_algorithm = ts-atc-model, mode = classification, metric = sensitivity, confidence_scores = energy-conf, class_specific = False
test err: [0.33262122651716364, 0.3230167592648042, 0.3631311254404553, 0.3305648005776559, 0.33576180966577496]
estimated metric: [array([0.17936316, 0.18202249, 0.16247757, 0.07278166, 0.18553093,
       0.11111116, 0.20948013, 0.19047632, 0.30263162, 0.23809542]), array([0.18937008, 0.16157207, 0.16289594, 0.07387581, 0.19660195,
       0.13197974, 0.18397627, 0.26666679, 0.29885062, 0.11764732]), array([0.16390126, 0.11320757, 0.16440679, 0.07300886, 0.19852036,
       0.11848345, 0.16460906, 0.31944454, 0.33928575, 0.33333356]), array([0.17570242, 0.17521369, 0.1672355 , 0.0775027 , 0.22942644,
       0.13197974, 0.14536743, 0.11594216, 0.34463281, 0.33333354]), array([0.18138234, 0.1521253 , 0.16608085, 0.06550666, 0.20000001,
       0.13300497, 0.18507892, 0.25000012, 0.33986932, 0.25925953])]
real metric: [array([0.96837349, 0.52148997, 0.65490798, 0.50716332, 0.61580381,
       0.17292225, 0.58519553, 0.09224012, 0.17841727, 0.05742297]), array([0.95290859, 0.49724518, 0.63065693, 0.51169591, 0.58773181,
       0.20731707, 0.59455587, 0.08183079, 0.20422535, 0.04878049]), array([0.9653092 , 0.47832168, 0.65229485, 0.47976879, 0.59814529,
       0.20263158, 0.6043956 , 0.09615385, 0.20996979, 0.0393586 ]), array([0.96587537, 0.51046025, 0.65874126, 0.50784593, 0.5726257 ,
       0.19915849, 0.54962963, 0.09752547, 0.20793434, 0.04470939]), array([0.96581197, 0.49255751, 0.60843373, 0.49722222, 0.57264957,
       0.17664234, 0.59358289, 0.08356941, 0.19178082, 0.03988183])]

estim_algorithm = ts-atc-model, mode = classification, metric = sensitivity, confidence_scores = energy-conf, class_specific = True
test err: [0.1972928489019174, 0.20151443884559347, 0.20588526059113313, 0.18834267279189296, 0.18114581299203864]
estimated metric: [array([0.67230955, 0.72134832, 0.39946141, 0.38285145, 0.22520421,
       0.0529101 , 0.23547402, 0.0476192 , 0.01973691, 0.02380976]), array([6.83070867e-01, 6.74672496e-01, 3.63800911e-01, 3.45824418e-01,
       2.40291271e-01, 6.09137533e-02, 2.18100902e-01, 1.16666814e-01,
       2.29885619e-02, 2.94117561e-07]), array([6.54390936e-01, 6.55660385e-01, 4.11016954e-01, 3.66150449e-01,
       2.40443906e-01, 3.31754013e-02, 1.92043907e-01, 1.52777895e-01,
       2.97619625e-02, 3.33333222e-07]), array([6.79857540e-01, 6.90170947e-01, 3.91638230e-01, 4.26264807e-01,
       2.76807989e-01, 7.10660370e-02, 1.80511195e-01, 2.89856480e-02,
       4.51977941e-02, 3.03030211e-07]), array([0.66679984, 0.66442954, 0.4086116 , 0.36131014, 0.23396227,
       0.03940891, 0.21377333, 0.08333349, 0.0457517 , 0.03703739])]
real metric: [array([0.96837349, 0.52148997, 0.65490798, 0.50716332, 0.61580381,
       0.17292225, 0.58519553, 0.09224012, 0.17841727, 0.05742297]), array([0.95290859, 0.49724518, 0.63065693, 0.51169591, 0.58773181,
       0.20731707, 0.59455587, 0.08183079, 0.20422535, 0.04878049]), array([0.9653092 , 0.47832168, 0.65229485, 0.47976879, 0.59814529,
       0.20263158, 0.6043956 , 0.09615385, 0.20996979, 0.0393586 ]), array([0.96587537, 0.51046025, 0.65874126, 0.50784593, 0.5726257 ,
       0.19915849, 0.54962963, 0.09752547, 0.20793434, 0.04470939]), array([0.96581197, 0.49255751, 0.60843373, 0.49722222, 0.57264957,
       0.17664234, 0.59358289, 0.08356941, 0.19178082, 0.03988183])]

estim_algorithm = ts-atc-model, mode = classification, metric = sensitivity, confidence_scores = entropy-conf, class_specific = False
test err: [0.2553825229277512, 0.25779595176737313, 0.2901522496207624, 0.2642561922367969, 0.2559335003873289]
estimated metric: [array([0.42361951, 0.39775282, 0.25314184, 0.13858426, 0.29404902,
       0.13227518, 0.29510704, 0.07936523, 0.44736846, 0.23809542]), array([0.43858268, 0.39301311, 0.22171946, 0.1391863 , 0.28519418,
       0.15228431, 0.30860535, 0.35000011, 0.43103452, 0.08823556]), array([0.4160259 , 0.35141511, 0.24830509, 0.14048674, 0.28113441,
       0.12796213, 0.2633745 , 0.26388899, 0.46428575, 0.36666688]), array([0.42619707, 0.37606839, 0.22354949, 0.13670614, 0.32169577,
       0.16243659, 0.25878595, 0.14492766, 0.48587574, 0.30303051]), array([0.42309229, 0.38926176, 0.25219684, 0.11361311, 0.27547171,
       0.12807886, 0.29985654, 0.20000013, 0.46405232, 0.18518549])]
real metric: [array([0.96837349, 0.52148997, 0.65490798, 0.50716332, 0.61580381,
       0.17292225, 0.58519553, 0.09224012, 0.17841727, 0.05742297]), array([0.95290859, 0.49724518, 0.63065693, 0.51169591, 0.58773181,
       0.20731707, 0.59455587, 0.08183079, 0.20422535, 0.04878049]), array([0.9653092 , 0.47832168, 0.65229485, 0.47976879, 0.59814529,
       0.20263158, 0.6043956 , 0.09615385, 0.20996979, 0.0393586 ]), array([0.96587537, 0.51046025, 0.65874126, 0.50784593, 0.5726257 ,
       0.19915849, 0.54962963, 0.09752547, 0.20793434, 0.04470939]), array([0.96581197, 0.49255751, 0.60843373, 0.49722222, 0.57264957,
       0.17664234, 0.59358289, 0.08356941, 0.19178082, 0.03988183])]

estim_algorithm = ts-atc-model, mode = classification, metric = sensitivity, confidence_scores = entropy-conf, class_specific = True
test err: [0.1538825474711653, 0.16300757528091503, 0.17149279278698892, 0.15593594583804737, 0.14393481359490584]
estimated metric: [array([0.90648932, 0.92808989, 0.48204668, 0.58125624, 0.36872813,
       0.09523814, 0.27064221, 0.06349221, 0.0328948 , 0.04761927]), array([9.07874016e-01, 9.27947600e-01, 4.51583715e-01, 5.59957178e-01,
       3.89563114e-01, 6.59898951e-02, 2.65578646e-01, 1.33333478e-01,
       4.59770663e-02, 2.94117561e-07]), array([0.91663294, 0.9245283 , 0.4720339 , 0.58185841, 0.36498151,
       0.06635076, 0.21947875, 0.1527779 , 0.08928577, 0.03333366]), array([9.06212901e-01, 9.27350429e-01, 4.97440277e-01, 5.65123794e-01,
       4.26433922e-01, 1.01522888e-01, 2.14057521e-01, 1.44928965e-02,
       5.08475113e-02, 3.03030211e-07]), array([0.90890931, 0.93736018, 0.4745167 , 0.53940635, 0.39622642,
       0.0935961 , 0.25681493, 0.10000015, 0.0457517 , 0.03703739])]
real metric: [array([0.96837349, 0.52148997, 0.65490798, 0.50716332, 0.61580381,
       0.17292225, 0.58519553, 0.09224012, 0.17841727, 0.05742297]), array([0.95290859, 0.49724518, 0.63065693, 0.51169591, 0.58773181,
       0.20731707, 0.59455587, 0.08183079, 0.20422535, 0.04878049]), array([0.9653092 , 0.47832168, 0.65229485, 0.47976879, 0.59814529,
       0.20263158, 0.6043956 , 0.09615385, 0.20996979, 0.0393586 ]), array([0.96587537, 0.51046025, 0.65874126, 0.50784593, 0.5726257 ,
       0.19915849, 0.54962963, 0.09752547, 0.20793434, 0.04470939]), array([0.96581197, 0.49255751, 0.60843373, 0.49722222, 0.57264957,
       0.17664234, 0.59358289, 0.08356941, 0.19178082, 0.03988183])]

estim_algorithm = ts-atc-model, mode = classification, metric = sensitivity, confidence_scores = doctor-conf, class_specific = False
test err: [0.25565673562057045, 0.26101669021652657, 0.29183586580080534, 0.2676556934305669, 0.2576515969107171]
estimated metric: [array([0.41878275, 0.39550563, 0.24865351, 0.13659024, 0.29171529,
       0.13227518, 0.29510704, 0.07936523, 0.43421056, 0.23809542]), array([0.43188977, 0.38209608, 0.21990951, 0.13597431, 0.28155341,
       0.15228431, 0.30267063, 0.35000011, 0.43103452, 0.08823556]), array([0.40833671, 0.34433964, 0.24745763, 0.13716815, 0.27743527,
       0.12322279, 0.26200275, 0.26388899, 0.45238098, 0.36666688]), array([0.41788682, 0.36965813, 0.21928328, 0.13562972, 0.31546136,
       0.15228431, 0.25559107, 0.14492766, 0.48022602, 0.30303051]), array([0.417499  , 0.38478749, 0.2486819 , 0.11361311, 0.27169812,
       0.12315275, 0.29842182, 0.20000013, 0.45751638, 0.18518549])]
real metric: [array([0.96837349, 0.52148997, 0.65490798, 0.50716332, 0.61580381,
       0.17292225, 0.58519553, 0.09224012, 0.17841727, 0.05742297]), array([0.95290859, 0.49724518, 0.63065693, 0.51169591, 0.58773181,
       0.20731707, 0.59455587, 0.08183079, 0.20422535, 0.04878049]), array([0.9653092 , 0.47832168, 0.65229485, 0.47976879, 0.59814529,
       0.20263158, 0.6043956 , 0.09615385, 0.20996979, 0.0393586 ]), array([0.96587537, 0.51046025, 0.65874126, 0.50784593, 0.5726257 ,
       0.19915849, 0.54962963, 0.09752547, 0.20793434, 0.04470939]), array([0.96581197, 0.49255751, 0.60843373, 0.49722222, 0.57264957,
       0.17664234, 0.59358289, 0.08356941, 0.19178082, 0.03988183])]

estim_algorithm = ts-atc-model, mode = classification, metric = sensitivity, confidence_scores = doctor-conf, class_specific = True
test err: [0.15231068458614377, 0.1655376371868728, 0.17166453341951604, 0.158090052923811, 0.1468938938694066]
estimated metric: [array([0.87988714, 0.9011236 , 0.4578097 , 0.56530409, 0.36756127,
       0.08994714, 0.27828747, 0.07936523, 0.03947375, 0.04761927]), array([8.79527560e-01, 9.03930133e-01, 4.28054304e-01, 5.52462532e-01,
       3.85922338e-01, 6.59898951e-02, 2.70029684e-01, 1.33333478e-01,
       4.02299402e-02, 2.94117561e-07]), array([0.88547147, 0.89622642, 0.45762712, 0.56858408, 0.36621456,
       0.06161142, 0.23319617, 0.16666678, 0.09523815, 0.03333366]), array([8.83656510e-01, 9.10256412e-01, 4.74402735e-01, 5.53283105e-01,
       4.22693274e-01, 9.64467464e-02, 2.23642185e-01, 1.44928965e-02,
       4.51977941e-02, 3.03030211e-07]), array([0.87854575, 0.91051454, 0.45694201, 0.53121802, 0.38616353,
       0.0935961 , 0.26685797, 0.11666681, 0.0457517 , 0.03703739])]
real metric: [array([0.96837349, 0.52148997, 0.65490798, 0.50716332, 0.61580381,
       0.17292225, 0.58519553, 0.09224012, 0.17841727, 0.05742297]), array([0.95290859, 0.49724518, 0.63065693, 0.51169591, 0.58773181,
       0.20731707, 0.59455587, 0.08183079, 0.20422535, 0.04878049]), array([0.9653092 , 0.47832168, 0.65229485, 0.47976879, 0.59814529,
       0.20263158, 0.6043956 , 0.09615385, 0.20996979, 0.0393586 ]), array([0.96587537, 0.51046025, 0.65874126, 0.50784593, 0.5726257 ,
       0.19915849, 0.54962963, 0.09752547, 0.20793434, 0.04470939]), array([0.96581197, 0.49255751, 0.60843373, 0.49722222, 0.57264957,
       0.17664234, 0.59358289, 0.08356941, 0.19178082, 0.03988183])]

