estim_algorithm = ac-model, mode = classification, metric = sensitivity, confidence_scores = max_class_probability-conf, class_specific = False
test err: [0.32649951397475474, 0.31500455064111915, 0.329566753467604, 0.3266538343520921, 0.3111702562293985]
estimated metric: [array([0.88983398, 0.936802  , 0.8764899 , 0.87199585, 0.86883618,
       0.84843843, 0.88974191, 0.86841552, 0.87835124, 0.88257332]), array([0.89263941, 0.94176377, 0.8700285 , 0.86691691, 0.86442866,
       0.8488983 , 0.88988629, 0.87969288, 0.87856458, 0.87316354]), array([0.8952486 , 0.92358334, 0.86390607, 0.86593262, 0.87384181,
       0.83242513, 0.88251248, 0.86678869, 0.87421464, 0.89028988]), array([0.89368068, 0.93411164, 0.86297056, 0.86166538, 0.87223943,
       0.84390688, 0.87280889, 0.88933504, 0.89127644, 0.89635899]), array([0.89339822, 0.93747293, 0.86907285, 0.87192051, 0.87530666,
       0.83527245, 0.85800278, 0.87770265, 0.86907614, 0.85933788])]
real metric: [array([0.8769671 , 0.7877095 , 0.67331288, 0.84561892, 0.56651719,
       0.5034965 , 0.36038514, 0.36681223, 0.37175793, 0.19390582]), array([0.89512555, 0.79089616, 0.68644068, 0.84444444, 0.58815029,
       0.52368065, 0.3338301 , 0.3940256 , 0.38259669, 0.22171946]), array([0.91084695, 0.78714286, 0.63172043, 0.81615599, 0.56756757,
       0.5095729 , 0.33423913, 0.37317784, 0.35893648, 0.21491228]), array([0.89071856, 0.78932584, 0.67846608, 0.83538462, 0.58768407,
       0.50956284, 0.29189944, 0.35211268, 0.38746439, 0.22919708]), array([0.9180791 , 0.80497382, 0.7136294 , 0.81686047, 0.60522496,
       0.51798561, 0.31608392, 0.38836265, 0.38449848, 0.21852388])]

estim_algorithm = ac-model, mode = classification, metric = sensitivity, confidence_scores = energy-conf, class_specific = False
test err: [0.29617807507113464, 0.30115280469394806, 0.29205152141080776, 0.2930743185352184, 0.3041256929913937]
estimated metric: [array([0.22317703, 0.32661282, 0.25262394, 0.24358998, 0.26277334,
       0.30013633, 0.30952453, 0.29441012, 0.26793411, 0.2838914 ]), array([0.22183834, 0.33553237, 0.25327444, 0.24454273, 0.25939531,
       0.29387685, 0.29519173, 0.30453953, 0.2791217 , 0.28137035]), array([0.22246789, 0.33612182, 0.24185477, 0.24194892, 0.25790037,
       0.29587694, 0.28397225, 0.3024042 , 0.27868378, 0.30729827]), array([0.21592814, 0.31735996, 0.242713  , 0.24147204, 0.25916363,
       0.30949725, 0.30193707, 0.30729167, 0.28570428, 0.29831354]), array([0.22248994, 0.33413263, 0.2490584 , 0.24640098, 0.26178604,
       0.29709424, 0.2851512 , 0.30741978, 0.26118804, 0.25880365])]
real metric: [array([0.8769671 , 0.7877095 , 0.67331288, 0.84561892, 0.56651719,
       0.5034965 , 0.36038514, 0.36681223, 0.37175793, 0.19390582]), array([0.89512555, 0.79089616, 0.68644068, 0.84444444, 0.58815029,
       0.52368065, 0.3338301 , 0.3940256 , 0.38259669, 0.22171946]), array([0.91084695, 0.78714286, 0.63172043, 0.81615599, 0.56756757,
       0.5095729 , 0.33423913, 0.37317784, 0.35893648, 0.21491228]), array([0.89071856, 0.78932584, 0.67846608, 0.83538462, 0.58768407,
       0.50956284, 0.29189944, 0.35211268, 0.38746439, 0.22919708]), array([0.9180791 , 0.80497382, 0.7136294 , 0.81686047, 0.60522496,
       0.51798561, 0.31608392, 0.38836265, 0.38449848, 0.21852388])]

estim_algorithm = ac-model, mode = classification, metric = sensitivity, confidence_scores = entropy-conf, class_specific = False
test err: [0.3095337845797773, 0.3017941155929921, 0.3166620350502098, 0.31367291256018853, 0.29874653949548274]
estimated metric: [array([0.86879116, 0.92104033, 0.85647929, 0.84978287, 0.85170834,
       0.83508287, 0.87351574, 0.846009  , 0.86742873, 0.85563083]), array([0.87370575, 0.92835192, 0.84925732, 0.84454178, 0.8443727 ,
       0.83842907, 0.87306712, 0.85887924, 0.86545324, 0.85995305]), array([0.87299725, 0.90918278, 0.84276942, 0.84266763, 0.85156854,
       0.82345881, 0.86492347, 0.84965521, 0.85950035, 0.87846991]), array([0.87032588, 0.91626464, 0.84276184, 0.8396912 , 0.85095424,
       0.83502374, 0.86041863, 0.87248959, 0.88208526, 0.87774433]), array([0.87200248, 0.92244935, 0.85009542, 0.84887024, 0.85535253,
       0.82555846, 0.84702936, 0.86385337, 0.85638161, 0.83794164])]
real metric: [array([0.8769671 , 0.7877095 , 0.67331288, 0.84561892, 0.56651719,
       0.5034965 , 0.36038514, 0.36681223, 0.37175793, 0.19390582]), array([0.89512555, 0.79089616, 0.68644068, 0.84444444, 0.58815029,
       0.52368065, 0.3338301 , 0.3940256 , 0.38259669, 0.22171946]), array([0.91084695, 0.78714286, 0.63172043, 0.81615599, 0.56756757,
       0.5095729 , 0.33423913, 0.37317784, 0.35893648, 0.21491228]), array([0.89071856, 0.78932584, 0.67846608, 0.83538462, 0.58768407,
       0.50956284, 0.29189944, 0.35211268, 0.38746439, 0.22919708]), array([0.9180791 , 0.80497382, 0.7136294 , 0.81686047, 0.60522496,
       0.51798561, 0.31608392, 0.38836265, 0.38449848, 0.21852388])]

estim_algorithm = ac-model, mode = classification, metric = sensitivity, confidence_scores = doctor-conf, class_specific = False
test err: [0.36827120035909966, 0.3569465649396771, 0.3703081961053261, 0.3691833807112381, 0.3505180750674252]
estimated metric: [array([0.92800322, 0.95870235, 0.91825031, 0.91932317, 0.91665739,
       0.90551663, 0.93017038, 0.9110848 , 0.923521  , 0.91796594]), array([0.93052267, 0.96059628, 0.91521142, 0.91495176, 0.91352778,
       0.90625366, 0.92642012, 0.92168238, 0.92348842, 0.91772078]), array([0.931853  , 0.94914995, 0.90948146, 0.91483883, 0.91655813,
       0.8973534 , 0.92544098, 0.91425363, 0.9184283 , 0.92999672]), array([0.92962852, 0.9566899 , 0.90902238, 0.91207128, 0.91820792,
       0.90253854, 0.91944172, 0.92672119, 0.93427242, 0.93505554]), array([0.93061336, 0.96039856, 0.91485354, 0.92026479, 0.91867313,
       0.89668335, 0.90427672, 0.91828917, 0.91513467, 0.91021574])]
real metric: [array([0.8769671 , 0.7877095 , 0.67331288, 0.84561892, 0.56651719,
       0.5034965 , 0.36038514, 0.36681223, 0.37175793, 0.19390582]), array([0.89512555, 0.79089616, 0.68644068, 0.84444444, 0.58815029,
       0.52368065, 0.3338301 , 0.3940256 , 0.38259669, 0.22171946]), array([0.91084695, 0.78714286, 0.63172043, 0.81615599, 0.56756757,
       0.5095729 , 0.33423913, 0.37317784, 0.35893648, 0.21491228]), array([0.89071856, 0.78932584, 0.67846608, 0.83538462, 0.58768407,
       0.50956284, 0.29189944, 0.35211268, 0.38746439, 0.22919708]), array([0.9180791 , 0.80497382, 0.7136294 , 0.81686047, 0.60522496,
       0.51798561, 0.31608392, 0.38836265, 0.38449848, 0.21852388])]

estim_algorithm = ts-model, mode = classification, metric = sensitivity, confidence_scores = max_class_probability-conf, class_specific = False
test err: [0.20919055022770058, 0.20423426927188548, 0.21014514365238907, 0.22143433189929365, 0.2042255089257144]
estimated metric: [array([0.65881587, 0.76524691, 0.65468221, 0.62670451, 0.64673732,
       0.64353463, 0.69507867, 0.65347457, 0.67664189, 0.66115435]), array([0.66075714, 0.7846496 , 0.65052197, 0.62509794, 0.63854665,
       0.6405472 , 0.68977323, 0.67456997, 0.67804913, 0.66897912]), array([0.6610726 , 0.75951934, 0.63964472, 0.618224  , 0.64751967,
       0.62680729, 0.67325695, 0.65612432, 0.67491118, 0.69798409]), array([0.65492022, 0.76265042, 0.6403389 , 0.61690821, 0.64449959,
       0.64556597, 0.68118925, 0.69418423, 0.70003487, 0.68771258]), array([0.66079868, 0.7725046 , 0.64764509, 0.62785304, 0.65081307,
       0.63429731, 0.66317738, 0.68702063, 0.66121273, 0.6316721 ])]
real metric: [array([0.8769671 , 0.7877095 , 0.67331288, 0.84561892, 0.56651719,
       0.5034965 , 0.36038514, 0.36681223, 0.37175793, 0.19390582]), array([0.89512555, 0.79089616, 0.68644068, 0.84444444, 0.58815029,
       0.52368065, 0.3338301 , 0.3940256 , 0.38259669, 0.22171946]), array([0.91084695, 0.78714286, 0.63172043, 0.81615599, 0.56756757,
       0.5095729 , 0.33423913, 0.37317784, 0.35893648, 0.21491228]), array([0.89071856, 0.78932584, 0.67846608, 0.83538462, 0.58768407,
       0.50956284, 0.29189944, 0.35211268, 0.38746439, 0.22919708]), array([0.9180791 , 0.80497382, 0.7136294 , 0.81686047, 0.60522496,
       0.51798561, 0.31608392, 0.38836265, 0.38449848, 0.21852388])]

estim_algorithm = ts-model, mode = classification, metric = sensitivity, confidence_scores = max_class_probability-conf, class_specific = True
test err: [0.14439809340782106, 0.13399734752968784, 0.14221869591969552, 0.14836916962200247, 0.12065399295948136]
estimated metric: [array([0.9264485 , 0.96941454, 0.7773082 , 0.79033355, 0.72713264,
       0.55249781, 0.71422564, 0.55567235, 0.45267367, 0.4141865 ]), array([0.92700899, 0.96979742, 0.77028725, 0.78529249, 0.71845671,
       0.54670462, 0.70964648, 0.57811556, 0.46330131, 0.41396836]), array([0.93178104, 0.959385  , 0.7617818 , 0.78191298, 0.72923843,
       0.53780765, 0.69340799, 0.56171862, 0.4633667 , 0.43757317]), array([0.93024284, 0.97083025, 0.76177346, 0.77833072, 0.72606604,
       0.55615849, 0.69956237, 0.59366647, 0.475616  , 0.42915286]), array([0.92967803, 0.97059985, 0.76887593, 0.7894446 , 0.73281782,
       0.54462038, 0.68218476, 0.58993408, 0.44165785, 0.38611719])]
real metric: [array([0.8769671 , 0.7877095 , 0.67331288, 0.84561892, 0.56651719,
       0.5034965 , 0.36038514, 0.36681223, 0.37175793, 0.19390582]), array([0.89512555, 0.79089616, 0.68644068, 0.84444444, 0.58815029,
       0.52368065, 0.3338301 , 0.3940256 , 0.38259669, 0.22171946]), array([0.91084695, 0.78714286, 0.63172043, 0.81615599, 0.56756757,
       0.5095729 , 0.33423913, 0.37317784, 0.35893648, 0.21491228]), array([0.89071856, 0.78932584, 0.67846608, 0.83538462, 0.58768407,
       0.50956284, 0.29189944, 0.35211268, 0.38746439, 0.22919708]), array([0.9180791 , 0.80497382, 0.7136294 , 0.81686047, 0.60522496,
       0.51798561, 0.31608392, 0.38836265, 0.38449848, 0.21852388])]

estim_algorithm = ts-model, mode = classification, metric = sensitivity, confidence_scores = energy-conf, class_specific = False
test err: [0.2436192110749989, 0.2355522708839676, 0.24798195106038437, 0.2452139290633772, 0.23354937775321213]
estimated metric: [array([0.70499755, 0.73660001, 0.71879595, 0.72020849, 0.72507451,
       0.7423593 , 0.74069414, 0.74031901, 0.72193004, 0.73471741]), array([0.70438885, 0.73761148, 0.71967634, 0.72042468, 0.72467057,
       0.7397293 , 0.73452358, 0.74172665, 0.72665737, 0.73094121]), array([0.70478275, 0.74109698, 0.71586198, 0.72049368, 0.7232831 ,
       0.7422502 , 0.73146353, 0.74341284, 0.72684868, 0.73905344]), array([0.70278941, 0.73271639, 0.71618473, 0.72014976, 0.72399679,
       0.74624674, 0.73795389, 0.74030431, 0.72618246, 0.73788348]), array([0.70463078, 0.73892993, 0.71803507, 0.7210719 , 0.72470015,
       0.74172646, 0.73294842, 0.74091083, 0.72079938, 0.72540161])]
real metric: [array([0.8769671 , 0.7877095 , 0.67331288, 0.84561892, 0.56651719,
       0.5034965 , 0.36038514, 0.36681223, 0.37175793, 0.19390582]), array([0.89512555, 0.79089616, 0.68644068, 0.84444444, 0.58815029,
       0.52368065, 0.3338301 , 0.3940256 , 0.38259669, 0.22171946]), array([0.91084695, 0.78714286, 0.63172043, 0.81615599, 0.56756757,
       0.5095729 , 0.33423913, 0.37317784, 0.35893648, 0.21491228]), array([0.89071856, 0.78932584, 0.67846608, 0.83538462, 0.58768407,
       0.50956284, 0.29189944, 0.35211268, 0.38746439, 0.22919708]), array([0.9180791 , 0.80497382, 0.7136294 , 0.81686047, 0.60522496,
       0.51798561, 0.31608392, 0.38836265, 0.38449848, 0.21852388])]

estim_algorithm = ts-model, mode = classification, metric = sensitivity, confidence_scores = energy-conf, class_specific = True
test err: [0.18516767506457982, 0.17309855563672866, 0.1844014342295875, 0.18348115506972285, 0.16302909755538572]
estimated metric: [array([0.93306088, 0.95357649, 0.81229537, 0.78577735, 0.80605731,
       0.6340884 , 0.77586679, 0.62570132, 0.49839064, 0.45366229]), array([0.93267619, 0.95512131, 0.81310957, 0.78594207, 0.80572954,
       0.63090112, 0.77003214, 0.62736997, 0.50582381, 0.4481847 ]), array([0.9327931 , 0.95536038, 0.80975739, 0.78603808, 0.80448747,
       0.63381311, 0.76715804, 0.62941802, 0.50620806, 0.46301732]), array([0.93154701, 0.95222078, 0.80999407, 0.78569029, 0.80513132,
       0.63869711, 0.77319964, 0.62593906, 0.50552922, 0.45929   ]), array([0.93281114, 0.95486236, 0.81165059, 0.78654104, 0.80567082,
       0.6332778 , 0.7685809 , 0.62664237, 0.49648718, 0.4373502 ])]
real metric: [array([0.8769671 , 0.7877095 , 0.67331288, 0.84561892, 0.56651719,
       0.5034965 , 0.36038514, 0.36681223, 0.37175793, 0.19390582]), array([0.89512555, 0.79089616, 0.68644068, 0.84444444, 0.58815029,
       0.52368065, 0.3338301 , 0.3940256 , 0.38259669, 0.22171946]), array([0.91084695, 0.78714286, 0.63172043, 0.81615599, 0.56756757,
       0.5095729 , 0.33423913, 0.37317784, 0.35893648, 0.21491228]), array([0.89071856, 0.78932584, 0.67846608, 0.83538462, 0.58768407,
       0.50956284, 0.29189944, 0.35211268, 0.38746439, 0.22919708]), array([0.9180791 , 0.80497382, 0.7136294 , 0.81686047, 0.60522496,
       0.51798561, 0.31608392, 0.38836265, 0.38449848, 0.21852388])]

estim_algorithm = ts-model, mode = classification, metric = sensitivity, confidence_scores = entropy-conf, class_specific = False
test err: [0.21455433872231472, 0.20984311216541846, 0.21590517084730942, 0.2284593706564133, 0.2105381066807667]
estimated metric: [array([0.64548877, 0.75601732, 0.65101655, 0.62501918, 0.64948306,
       0.66033629, 0.70010541, 0.65740944, 0.68103027, 0.65398715]), array([0.64815288, 0.77709015, 0.64919958, 0.62358085, 0.6404243 ,
       0.65923678, 0.69347053, 0.67778259, 0.68182363, 0.67081271]), array([0.64796249, 0.75138951, 0.63439693, 0.61600523, 0.64659786,
       0.64954543, 0.67787898, 0.66174855, 0.6766394 , 0.70358263]), array([0.63900647, 0.75333914, 0.63700181, 0.6164816 , 0.64572702,
       0.66858523, 0.68932218, 0.69675105, 0.70709079, 0.68697186]), array([0.64741246, 0.76521464, 0.64660412, 0.62680623, 0.65132413,
       0.65545185, 0.67126079, 0.69109209, 0.66663268, 0.6327937 ])]
real metric: [array([0.8769671 , 0.7877095 , 0.67331288, 0.84561892, 0.56651719,
       0.5034965 , 0.36038514, 0.36681223, 0.37175793, 0.19390582]), array([0.89512555, 0.79089616, 0.68644068, 0.84444444, 0.58815029,
       0.52368065, 0.3338301 , 0.3940256 , 0.38259669, 0.22171946]), array([0.91084695, 0.78714286, 0.63172043, 0.81615599, 0.56756757,
       0.5095729 , 0.33423913, 0.37317784, 0.35893648, 0.21491228]), array([0.89071856, 0.78932584, 0.67846608, 0.83538462, 0.58768407,
       0.50956284, 0.29189944, 0.35211268, 0.38746439, 0.22919708]), array([0.9180791 , 0.80497382, 0.7136294 , 0.81686047, 0.60522496,
       0.51798561, 0.31608392, 0.38836265, 0.38449848, 0.21852388])]

estim_algorithm = ts-model, mode = classification, metric = sensitivity, confidence_scores = entropy-conf, class_specific = True
test err: [0.14223716605603168, 0.13251467195114164, 0.14152616686671565, 0.14783282244781465, 0.11899350269192803]
estimated metric: [array([0.92423539, 0.96686936, 0.77680685, 0.78876834, 0.73769412,
       0.55958996, 0.72088235, 0.55837419, 0.43646341, 0.38546974]), array([0.92643137, 0.96847911, 0.77138691, 0.78406348, 0.72811879,
       0.55414966, 0.71516738, 0.5804359 , 0.44812922, 0.38893258]), array([0.92808918, 0.95807472, 0.76094304, 0.78010295, 0.73582541,
       0.54929924, 0.70001916, 0.56573403, 0.44722554, 0.42211475]), array([0.92694185, 0.96615931, 0.76232939, 0.77807656, 0.73457681,
       0.56948524, 0.7096716 , 0.5966792 , 0.46597018, 0.40563755]), array([0.92659442, 0.96778489, 0.77082036, 0.78768391, 0.74074733,
       0.55532963, 0.69234354, 0.59394535, 0.42379689, 0.35675788])]
real metric: [array([0.8769671 , 0.7877095 , 0.67331288, 0.84561892, 0.56651719,
       0.5034965 , 0.36038514, 0.36681223, 0.37175793, 0.19390582]), array([0.89512555, 0.79089616, 0.68644068, 0.84444444, 0.58815029,
       0.52368065, 0.3338301 , 0.3940256 , 0.38259669, 0.22171946]), array([0.91084695, 0.78714286, 0.63172043, 0.81615599, 0.56756757,
       0.5095729 , 0.33423913, 0.37317784, 0.35893648, 0.21491228]), array([0.89071856, 0.78932584, 0.67846608, 0.83538462, 0.58768407,
       0.50956284, 0.29189944, 0.35211268, 0.38746439, 0.22919708]), array([0.9180791 , 0.80497382, 0.7136294 , 0.81686047, 0.60522496,
       0.51798561, 0.31608392, 0.38836265, 0.38449848, 0.21852388])]

estim_algorithm = ts-model, mode = classification, metric = sensitivity, confidence_scores = doctor-conf, class_specific = False
test err: [0.21618328737535827, 0.21254893659703286, 0.21910875508736244, 0.23405471431117753, 0.21110577987151902]
estimated metric: [array([0.62755602, 0.75138318, 0.64124382, 0.62088989, 0.64386995,
       0.66308699, 0.70111073, 0.65274457, 0.67940229, 0.64195767]), array([0.63351102, 0.7733333 , 0.63577646, 0.61584189, 0.63131069,
       0.66708424, 0.69574229, 0.67257893, 0.6795573 , 0.66477454]), array([0.63414641, 0.74008101, 0.61520523, 0.60828793, 0.63973989,
       0.65294906, 0.67842264, 0.65604647, 0.66741079, 0.70677926]), array([0.62079229, 0.74531411, 0.61995849, 0.60854918, 0.64169154,
       0.67751727, 0.68567702, 0.69435995, 0.71191786, 0.68802299]), array([0.63184145, 0.76062933, 0.63414109, 0.62254928, 0.64740493,
       0.65663561, 0.66567897, 0.68352656, 0.6647414 , 0.61936819])]
real metric: [array([0.8769671 , 0.7877095 , 0.67331288, 0.84561892, 0.56651719,
       0.5034965 , 0.36038514, 0.36681223, 0.37175793, 0.19390582]), array([0.89512555, 0.79089616, 0.68644068, 0.84444444, 0.58815029,
       0.52368065, 0.3338301 , 0.3940256 , 0.38259669, 0.22171946]), array([0.91084695, 0.78714286, 0.63172043, 0.81615599, 0.56756757,
       0.5095729 , 0.33423913, 0.37317784, 0.35893648, 0.21491228]), array([0.89071856, 0.78932584, 0.67846608, 0.83538462, 0.58768407,
       0.50956284, 0.29189944, 0.35211268, 0.38746439, 0.22919708]), array([0.9180791 , 0.80497382, 0.7136294 , 0.81686047, 0.60522496,
       0.51798561, 0.31608392, 0.38836265, 0.38449848, 0.21852388])]

estim_algorithm = ts-model, mode = classification, metric = sensitivity, confidence_scores = doctor-conf, class_specific = True
test err: [0.13158804888261713, 0.12164942179994764, 0.1305326845740169, 0.13924471579388562, 0.10565302070360294]
estimated metric: [array([0.92223213, 0.96476861, 0.78026959, 0.79272389, 0.74124816,
       0.53925174, 0.72026138, 0.54651012, 0.4096373 , 0.33967069]), array([0.92515135, 0.96597753, 0.77470913, 0.78580701, 0.72916263,
       0.53518414, 0.71508987, 0.56557712, 0.41842401, 0.34504619]), array([0.92623729, 0.95612828, 0.75954987, 0.78357017, 0.73523955,
       0.52467485, 0.69928697, 0.54770175, 0.41521058, 0.39682833]), array([0.92373434, 0.96351189, 0.76207974, 0.78124243, 0.73810438,
       0.55295098, 0.70542248, 0.59189706, 0.44827599, 0.3687591 ]), array([0.92498807, 0.96636916, 0.77542089, 0.79217317, 0.74261628,
       0.53414348, 0.68545644, 0.58482177, 0.39045115, 0.29493748])]
real metric: [array([0.8769671 , 0.7877095 , 0.67331288, 0.84561892, 0.56651719,
       0.5034965 , 0.36038514, 0.36681223, 0.37175793, 0.19390582]), array([0.89512555, 0.79089616, 0.68644068, 0.84444444, 0.58815029,
       0.52368065, 0.3338301 , 0.3940256 , 0.38259669, 0.22171946]), array([0.91084695, 0.78714286, 0.63172043, 0.81615599, 0.56756757,
       0.5095729 , 0.33423913, 0.37317784, 0.35893648, 0.21491228]), array([0.89071856, 0.78932584, 0.67846608, 0.83538462, 0.58768407,
       0.50956284, 0.29189944, 0.35211268, 0.38746439, 0.22919708]), array([0.9180791 , 0.80497382, 0.7136294 , 0.81686047, 0.60522496,
       0.51798561, 0.31608392, 0.38836265, 0.38449848, 0.21852388])]

estim_algorithm = doc-model, mode = classification, metric = sensitivity, confidence_scores = max_class_probability-conf, class_specific = False
test err: [0.21915503526290575, 0.21065823122089586, 0.2226450266633227, 0.22216979638188503, 0.20773058463209293]
estimated metric: [array([0.71563822, 0.76260624, 0.70229413, 0.69780008, 0.69464042,
       0.67424267, 0.71554615, 0.69421976, 0.70416638, 0.70837756]), array([0.71844364, 0.76756801, 0.69583274, 0.69272115, 0.6902329 ,
       0.67470253, 0.71569053, 0.70549712, 0.70436882, 0.69896778]), array([0.72105283, 0.74938758, 0.68971031, 0.69173686, 0.69964605,
       0.65822936, 0.70831672, 0.69259293, 0.70001888, 0.71609413]), array([0.71948492, 0.75991587, 0.6887748 , 0.68746961, 0.69804367,
       0.66971112, 0.69861313, 0.71513928, 0.71708068, 0.72216323]), array([0.71920245, 0.76327717, 0.69487709, 0.69772474, 0.7011109 ,
       0.66107669, 0.68380702, 0.70350689, 0.69488038, 0.68514212])]
real metric: [array([0.8769671 , 0.7877095 , 0.67331288, 0.84561892, 0.56651719,
       0.5034965 , 0.36038514, 0.36681223, 0.37175793, 0.19390582]), array([0.89512555, 0.79089616, 0.68644068, 0.84444444, 0.58815029,
       0.52368065, 0.3338301 , 0.3940256 , 0.38259669, 0.22171946]), array([0.91084695, 0.78714286, 0.63172043, 0.81615599, 0.56756757,
       0.5095729 , 0.33423913, 0.37317784, 0.35893648, 0.21491228]), array([0.89071856, 0.78932584, 0.67846608, 0.83538462, 0.58768407,
       0.50956284, 0.29189944, 0.35211268, 0.38746439, 0.22919708]), array([0.9180791 , 0.80497382, 0.7136294 , 0.81686047, 0.60522496,
       0.51798561, 0.31608392, 0.38836265, 0.38449848, 0.21852388])]

estim_algorithm = doc-model, mode = classification, metric = sensitivity, confidence_scores = max_class_probability-conf, class_specific = True
test err: [0.16317608273144849, 0.1515056030403618, 0.15858749737658187, 0.16331516189024656, 0.13710369444538117]
estimated metric: [array([0.9241132 , 0.96735037, 0.79927947, 0.79454405, 0.75590388,
       0.5802079 , 0.73866989, 0.58760222, 0.48133963, 0.44708367]), array([0.92596455, 0.96926489, 0.79281808, 0.78946511, 0.75149636,
       0.5806942 , 0.73881427, 0.59887957, 0.48120158, 0.43740838]), array([0.92875805, 0.95733914, 0.78669565, 0.78848082, 0.76090951,
       0.5641946 , 0.73144046, 0.58597539, 0.47664873, 0.45435472]), array([0.92776416, 0.96655694, 0.78576014, 0.78421357, 0.75930713,
       0.57568102, 0.72173687, 0.60852174, 0.49327509, 0.45980846]), array([0.9269675 , 0.96891771, 0.79186243, 0.79446871, 0.76237436,
       0.56704193, 0.70693076, 0.59688935, 0.47131663, 0.42370634])]
real metric: [array([0.8769671 , 0.7877095 , 0.67331288, 0.84561892, 0.56651719,
       0.5034965 , 0.36038514, 0.36681223, 0.37175793, 0.19390582]), array([0.89512555, 0.79089616, 0.68644068, 0.84444444, 0.58815029,
       0.52368065, 0.3338301 , 0.3940256 , 0.38259669, 0.22171946]), array([0.91084695, 0.78714286, 0.63172043, 0.81615599, 0.56756757,
       0.5095729 , 0.33423913, 0.37317784, 0.35893648, 0.21491228]), array([0.89071856, 0.78932584, 0.67846608, 0.83538462, 0.58768407,
       0.50956284, 0.29189944, 0.35211268, 0.38746439, 0.22919708]), array([0.9180791 , 0.80497382, 0.7136294 , 0.81686047, 0.60522496,
       0.51798561, 0.31608392, 0.38836265, 0.38449848, 0.21852388])]

estim_algorithm = doc-model, mode = classification, metric = sensitivity, confidence_scores = energy-conf, class_specific = False
test err: [0.23327366637380323, 0.22705939958344637, 0.23764845805532078, 0.2410471544961456, 0.22866157971037246]
estimated metric: [array([0.6483943 , 0.73714958, 0.67646898, 0.66828752, 0.68601608,
       0.72128374, 0.72796209, 0.70944894, 0.69091371, 0.7003667 ]), array([0.6471405 , 0.74865463, 0.67710263, 0.6689553 , 0.68336892,
       0.71571976, 0.71760304, 0.72199477, 0.69953975, 0.70131676]), array([0.64734889, 0.74385056, 0.66644749, 0.66590967, 0.68204522,
       0.7162931 , 0.70699369, 0.71572297, 0.69819753, 0.72387454]), array([0.64134337, 0.73116323, 0.66653448, 0.66603017, 0.68328275,
       0.72876976, 0.72072442, 0.72473146, 0.70835055, 0.71370926]), array([0.64772732, 0.7443032 , 0.67363266, 0.67066024, 0.6838261 ,
       0.71820209, 0.7085211 , 0.72525962, 0.68329924, 0.68096778])]
real metric: [array([0.8769671 , 0.7877095 , 0.67331288, 0.84561892, 0.56651719,
       0.5034965 , 0.36038514, 0.36681223, 0.37175793, 0.19390582]), array([0.89512555, 0.79089616, 0.68644068, 0.84444444, 0.58815029,
       0.52368065, 0.3338301 , 0.3940256 , 0.38259669, 0.22171946]), array([0.91084695, 0.78714286, 0.63172043, 0.81615599, 0.56756757,
       0.5095729 , 0.33423913, 0.37317784, 0.35893648, 0.21491228]), array([0.89071856, 0.78932584, 0.67846608, 0.83538462, 0.58768407,
       0.50956284, 0.29189944, 0.35211268, 0.38746439, 0.22919708]), array([0.9180791 , 0.80497382, 0.7136294 , 0.81686047, 0.60522496,
       0.51798561, 0.31608392, 0.38836265, 0.38449848, 0.21852388])]

estim_algorithm = doc-model, mode = classification, metric = sensitivity, confidence_scores = energy-conf, class_specific = True
test err: [0.1617519145143286, 0.15105269559940998, 0.1608030418978093, 0.1627698398777639, 0.1393659061250571]
estimated metric: [array([0.91252995, 0.94624283, 0.78878915, 0.78332369, 0.77809218,
       0.60193492, 0.75656728, 0.59141358, 0.46227443, 0.41824388]), array([0.91355375, 0.95129729, 0.79010694, 0.78305944, 0.77560864,
       0.59555581, 0.74672736, 0.60380209, 0.47323241, 0.41572283]), array([0.9137257 , 0.9443985 , 0.78010898, 0.78024176, 0.77532308,
       0.59712409, 0.73684329, 0.59894193, 0.4730241 , 0.44074297]), array([0.90928058, 0.94515165, 0.78045397, 0.78089294, 0.77643427,
       0.61005763, 0.74956434, 0.60600118, 0.4800446 , 0.43264948]), array([0.91295951, 0.94931777, 0.78794667, 0.78504624, 0.77676674,
       0.59871581, 0.73816136, 0.60642876, 0.45551474, 0.39315614])]
real metric: [array([0.8769671 , 0.7877095 , 0.67331288, 0.84561892, 0.56651719,
       0.5034965 , 0.36038514, 0.36681223, 0.37175793, 0.19390582]), array([0.89512555, 0.79089616, 0.68644068, 0.84444444, 0.58815029,
       0.52368065, 0.3338301 , 0.3940256 , 0.38259669, 0.22171946]), array([0.91084695, 0.78714286, 0.63172043, 0.81615599, 0.56756757,
       0.5095729 , 0.33423913, 0.37317784, 0.35893648, 0.21491228]), array([0.89071856, 0.78932584, 0.67846608, 0.83538462, 0.58768407,
       0.50956284, 0.29189944, 0.35211268, 0.38746439, 0.22919708]), array([0.9180791 , 0.80497382, 0.7136294 , 0.81686047, 0.60522496,
       0.51798561, 0.31608392, 0.38836265, 0.38449848, 0.21852388])]

estim_algorithm = doc-model, mode = classification, metric = sensitivity, confidence_scores = entropy-conf, class_specific = False
test err: [0.21811282692993766, 0.21035725954626944, 0.2230254851323375, 0.2234976005917427, 0.2095931600520858]
estimated metric: [array([0.70897556, 0.76122474, 0.69666369, 0.68996728, 0.69189275,
       0.67526728, 0.71370015, 0.68619341, 0.70765551, 0.69581525]), array([0.71389015, 0.76853633, 0.68944172, 0.68472618, 0.6845571 ,
       0.67861347, 0.71325153, 0.69906364, 0.70563764, 0.70013746]), array([0.71318165, 0.74936719, 0.68295382, 0.68285204, 0.69175295,
       0.66364321, 0.70510788, 0.68983962, 0.69968476, 0.71865432]), array([0.71051028, 0.75644904, 0.68294624, 0.67987561, 0.69113865,
       0.67520814, 0.70060304, 0.712674  , 0.72226967, 0.71792874]), array([0.71218688, 0.76263375, 0.69027982, 0.68905465, 0.69553694,
       0.66574287, 0.68721377, 0.70403778, 0.69656602, 0.67812605])]
real metric: [array([0.8769671 , 0.7877095 , 0.67331288, 0.84561892, 0.56651719,
       0.5034965 , 0.36038514, 0.36681223, 0.37175793, 0.19390582]), array([0.89512555, 0.79089616, 0.68644068, 0.84444444, 0.58815029,
       0.52368065, 0.3338301 , 0.3940256 , 0.38259669, 0.22171946]), array([0.91084695, 0.78714286, 0.63172043, 0.81615599, 0.56756757,
       0.5095729 , 0.33423913, 0.37317784, 0.35893648, 0.21491228]), array([0.89071856, 0.78932584, 0.67846608, 0.83538462, 0.58768407,
       0.50956284, 0.29189944, 0.35211268, 0.38746439, 0.22919708]), array([0.9180791 , 0.80497382, 0.7136294 , 0.81686047, 0.60522496,
       0.51798561, 0.31608392, 0.38836265, 0.38449848, 0.21852388])]

estim_algorithm = doc-model, mode = classification, metric = sensitivity, confidence_scores = entropy-conf, class_specific = True
test err: [0.16039337201810733, 0.1501458719047851, 0.1571493068318349, 0.16201043225118203, 0.13621962547125627]
estimated metric: [array([0.91936141, 0.963921  , 0.79381564, 0.7926616 , 0.75765536,
       0.57905613, 0.73700384, 0.58403458, 0.48437461, 0.43261811]), array([0.92342996, 0.96705052, 0.78659367, 0.7874205 , 0.75031972,
       0.58241343, 0.73655523, 0.59690481, 0.48204222, 0.4355904 ]), array([0.92279514, 0.95511146, 0.78010577, 0.78554636, 0.75751556,
       0.56743207, 0.72841158, 0.58768079, 0.47621752, 0.45372999]), array([0.92098566, 0.96029627, 0.78009819, 0.78256993, 0.75690126,
       0.57901247, 0.72390674, 0.61051517, 0.49814752, 0.45385734]), array([0.92188632, 0.96553513, 0.78743177, 0.79174897, 0.76129955,
       0.56953172, 0.71051747, 0.60187895, 0.47271811, 0.41364757])]
real metric: [array([0.8769671 , 0.7877095 , 0.67331288, 0.84561892, 0.56651719,
       0.5034965 , 0.36038514, 0.36681223, 0.37175793, 0.19390582]), array([0.89512555, 0.79089616, 0.68644068, 0.84444444, 0.58815029,
       0.52368065, 0.3338301 , 0.3940256 , 0.38259669, 0.22171946]), array([0.91084695, 0.78714286, 0.63172043, 0.81615599, 0.56756757,
       0.5095729 , 0.33423913, 0.37317784, 0.35893648, 0.21491228]), array([0.89071856, 0.78932584, 0.67846608, 0.83538462, 0.58768407,
       0.50956284, 0.29189944, 0.35211268, 0.38746439, 0.22919708]), array([0.9180791 , 0.80497382, 0.7136294 , 0.81686047, 0.60522496,
       0.51798561, 0.31608392, 0.38836265, 0.38449848, 0.21852388])]

estim_algorithm = doc-model, mode = classification, metric = sensitivity, confidence_scores = doctor-conf, class_specific = False
test err: [0.22721912026753416, 0.21986618474303796, 0.2319861925717494, 0.2306122504287405, 0.21498758034778387]
estimated metric: [array([0.72334156, 0.75378435, 0.71357287, 0.71449583, 0.71173939,
       0.70059863, 0.72525238, 0.70616681, 0.7193271 , 0.71304795]), array([0.72577032, 0.75570225, 0.71031792, 0.71003376, 0.70860978,
       0.70157806, 0.72150213, 0.71676439, 0.71857043, 0.71280279]), array([0.72741054, 0.74423195, 0.70469079, 0.7099346 , 0.71164013,
       0.6924354 , 0.72052299, 0.70933564, 0.7137162 , 0.72507873]), array([0.7248361 , 0.75180174, 0.70410438, 0.70730625, 0.71334345,
       0.69775742, 0.71452372, 0.72180319, 0.72935443, 0.73013755]), array([0.72599014, 0.75548056, 0.70993554, 0.71534679, 0.71375588,
       0.69176535, 0.69935872, 0.71337118, 0.71021667, 0.70529775])]
real metric: [array([0.8769671 , 0.7877095 , 0.67331288, 0.84561892, 0.56651719,
       0.5034965 , 0.36038514, 0.36681223, 0.37175793, 0.19390582]), array([0.89512555, 0.79089616, 0.68644068, 0.84444444, 0.58815029,
       0.52368065, 0.3338301 , 0.3940256 , 0.38259669, 0.22171946]), array([0.91084695, 0.78714286, 0.63172043, 0.81615599, 0.56756757,
       0.5095729 , 0.33423913, 0.37317784, 0.35893648, 0.21491228]), array([0.89071856, 0.78932584, 0.67846608, 0.83538462, 0.58768407,
       0.50956284, 0.29189944, 0.35211268, 0.38746439, 0.22919708]), array([0.9180791 , 0.80497382, 0.7136294 , 0.81686047, 0.60522496,
       0.51798561, 0.31608392, 0.38836265, 0.38449848, 0.21852388])]

estim_algorithm = doc-model, mode = classification, metric = sensitivity, confidence_scores = doctor-conf, class_specific = True
test err: [0.17379949655955773, 0.16288960302465377, 0.1706491138396853, 0.17380536200181224, 0.14986489674543635]
estimated metric: [array([0.92424966, 0.96492716, 0.80795103, 0.7933572 , 0.77857813,
       0.60355705, 0.75524181, 0.5990609 , 0.4994908 , 0.45354099]), array([0.92677213, 0.96621324, 0.8048363 , 0.78895879, 0.77544852,
       0.60465991, 0.75149156, 0.60935062, 0.49881834, 0.45228494]), array([0.92810393, 0.95571828, 0.79911823, 0.78884586, 0.77847887,
       0.59532751, 0.75051242, 0.60192187, 0.49416283, 0.46395351]), array([0.92587496, 0.96292202, 0.79864726, 0.7861141 , 0.78012866,
       0.60079871, 0.74451316, 0.61438943, 0.50869551, 0.4692444 ]), array([0.92686276, 0.96658168, 0.80447842, 0.79427183, 0.78059387,
       0.59479586, 0.72934815, 0.60607811, 0.48997432, 0.44470898])]
real metric: [array([0.8769671 , 0.7877095 , 0.67331288, 0.84561892, 0.56651719,
       0.5034965 , 0.36038514, 0.36681223, 0.37175793, 0.19390582]), array([0.89512555, 0.79089616, 0.68644068, 0.84444444, 0.58815029,
       0.52368065, 0.3338301 , 0.3940256 , 0.38259669, 0.22171946]), array([0.91084695, 0.78714286, 0.63172043, 0.81615599, 0.56756757,
       0.5095729 , 0.33423913, 0.37317784, 0.35893648, 0.21491228]), array([0.89071856, 0.78932584, 0.67846608, 0.83538462, 0.58768407,
       0.50956284, 0.29189944, 0.35211268, 0.38746439, 0.22919708]), array([0.9180791 , 0.80497382, 0.7136294 , 0.81686047, 0.60522496,
       0.51798561, 0.31608392, 0.38836265, 0.38449848, 0.21852388])]

estim_algorithm = atc-model, mode = classification, metric = sensitivity, confidence_scores = max_class_probability-conf, class_specific = False
test err: [0.18675669790545787, 0.19021499741303505, 0.1827902463381545, 0.19878282752702098, 0.1803362744658478]
estimated metric: [array([0.65876778, 0.80704042, 0.63417891, 0.60433735, 0.59892087,
       0.54318938, 0.67482519, 0.60661766, 0.64310955, 0.64583336]), array([0.67582862, 0.82963989, 0.6       , 0.58911917, 0.57004832,
       0.55377908, 0.69037658, 0.62671234, 0.63106797, 0.63815792]), array([0.66346923, 0.78423237, 0.5921856 , 0.58768008, 0.59768213,
       0.48447206, 0.64122139, 0.6021898 , 0.60305345, 0.68918921]), array([0.67070218, 0.78482759, 0.58404908, 0.56913828, 0.59442725,
       0.52841783, 0.61434979, 0.68441066, 0.67017545, 0.66878983]), array([0.66929756, 0.79726368, 0.60700877, 0.58763985, 0.62539186,
       0.50160257, 0.62248998, 0.66776317, 0.62676058, 0.56493509])]
real metric: [array([0.8769671 , 0.7877095 , 0.67331288, 0.84561892, 0.56651719,
       0.5034965 , 0.36038514, 0.36681223, 0.37175793, 0.19390582]), array([0.89512555, 0.79089616, 0.68644068, 0.84444444, 0.58815029,
       0.52368065, 0.3338301 , 0.3940256 , 0.38259669, 0.22171946]), array([0.91084695, 0.78714286, 0.63172043, 0.81615599, 0.56756757,
       0.5095729 , 0.33423913, 0.37317784, 0.35893648, 0.21491228]), array([0.89071856, 0.78932584, 0.67846608, 0.83538462, 0.58768407,
       0.50956284, 0.29189944, 0.35211268, 0.38746439, 0.22919708]), array([0.9180791 , 0.80497382, 0.7136294 , 0.81686047, 0.60522496,
       0.51798561, 0.31608392, 0.38836265, 0.38449848, 0.21852388])]

estim_algorithm = atc-model, mode = classification, metric = sensitivity, confidence_scores = max_class_probability-conf, class_specific = True
test err: [0.12080421023016948, 0.11098409016334983, 0.1207681515009302, 0.12413435023977962, 0.10140514023729497]
estimated metric: [array([0.9257504 , 0.9726206 , 0.77436582, 0.80240964, 0.65107914,
       0.43023257, 0.66433568, 0.52941178, 0.43109543, 0.34027782]), array([0.92158448, 0.96398892, 0.75925926, 0.79378238, 0.64251208,
       0.43750001, 0.67364018, 0.55136988, 0.39158578, 0.36184215]), array([0.9352518 , 0.95297372, 0.74847375, 0.7928465 , 0.65728477,
       0.38819877, 0.62977101, 0.49635038, 0.41603056, 0.40540545]), array([0.91525424, 0.97241379, 0.74723927, 0.78156313, 0.65325078,
       0.43010754, 0.59192827, 0.60836503, 0.43157897, 0.3949045 ]), array([0.93133386, 0.9738806 , 0.76470589, 0.80021311, 0.67554859,
       0.40384616, 0.59036146, 0.5888158 , 0.36619721, 0.30519485])]
real metric: [array([0.8769671 , 0.7877095 , 0.67331288, 0.84561892, 0.56651719,
       0.5034965 , 0.36038514, 0.36681223, 0.37175793, 0.19390582]), array([0.89512555, 0.79089616, 0.68644068, 0.84444444, 0.58815029,
       0.52368065, 0.3338301 , 0.3940256 , 0.38259669, 0.22171946]), array([0.91084695, 0.78714286, 0.63172043, 0.81615599, 0.56756757,
       0.5095729 , 0.33423913, 0.37317784, 0.35893648, 0.21491228]), array([0.89071856, 0.78932584, 0.67846608, 0.83538462, 0.58768407,
       0.50956284, 0.29189944, 0.35211268, 0.38746439, 0.22919708]), array([0.9180791 , 0.80497382, 0.7136294 , 0.81686047, 0.60522496,
       0.51798561, 0.31608392, 0.38836265, 0.38449848, 0.21852388])]

estim_algorithm = atc-model, mode = classification, metric = sensitivity, confidence_scores = energy-conf, class_specific = False
test err: [0.2515542200459128, 0.24612029464977248, 0.2534589971964743, 0.26260402423402507, 0.2341503005750666]
estimated metric: [array([0.54897315, 0.70013038, 0.623498  , 0.60578313, 0.66906475,
       0.75415283, 0.76223777, 0.70220589, 0.64664312, 0.63888891]), array([0.54810025, 0.71745153, 0.61851852, 0.60984456, 0.63929147,
       0.75      , 0.73640168, 0.71232878, 0.67313917, 0.67105265]), array([0.53397283, 0.69017981, 0.56898657, 0.60009936, 0.6589404 ,
       0.72670808, 0.70229009, 0.70437957, 0.61832063, 0.72972975]), array([0.52300243, 0.68965518, 0.58527608, 0.60370742, 0.65944273,
       0.75422427, 0.68161436, 0.73003803, 0.69122808, 0.67515926]), array([0.54459353, 0.7238806 , 0.60826033, 0.61427811, 0.65360502,
       0.74038462, 0.686747  , 0.72368422, 0.63380283, 0.5714286 ])]
real metric: [array([0.8769671 , 0.7877095 , 0.67331288, 0.84561892, 0.56651719,
       0.5034965 , 0.36038514, 0.36681223, 0.37175793, 0.19390582]), array([0.89512555, 0.79089616, 0.68644068, 0.84444444, 0.58815029,
       0.52368065, 0.3338301 , 0.3940256 , 0.38259669, 0.22171946]), array([0.91084695, 0.78714286, 0.63172043, 0.81615599, 0.56756757,
       0.5095729 , 0.33423913, 0.37317784, 0.35893648, 0.21491228]), array([0.89071856, 0.78932584, 0.67846608, 0.83538462, 0.58768407,
       0.50956284, 0.29189944, 0.35211268, 0.38746439, 0.22919708]), array([0.9180791 , 0.80497382, 0.7136294 , 0.81686047, 0.60522496,
       0.51798561, 0.31608392, 0.38836265, 0.38449848, 0.21852388])]

estim_algorithm = atc-model, mode = classification, metric = sensitivity, confidence_scores = energy-conf, class_specific = True
test err: [0.13788839722016216, 0.12266718393167513, 0.12889986801335968, 0.131767944707766, 0.11839614589054445]
estimated metric: [array([0.90126382, 0.97522816, 0.78638185, 0.81012048, 0.79316547,
       0.5780731 , 0.76223777, 0.56985296, 0.37102476, 0.3055556 ]), array([0.91673403, 0.98476454, 0.77283951, 0.79740933, 0.77777778,
       0.54796512, 0.73640168, 0.54109591, 0.36245957, 0.31578952]), array([0.90967226, 0.97233748, 0.73748474, 0.7928465 , 0.78311259,
       0.5326087 , 0.70229009, 0.54744527, 0.40839697, 0.35810815]), array([0.90476191, 0.97103448, 0.74233129, 0.7995992 , 0.7755418 ,
       0.59139786, 0.67713006, 0.60076047, 0.41052634, 0.32484081]), array([0.90686661, 0.98383085, 0.77847309, 0.81566329, 0.79937304,
       0.56250001, 0.686747  , 0.61513159, 0.32746481, 0.2532468 ])]
real metric: [array([0.8769671 , 0.7877095 , 0.67331288, 0.84561892, 0.56651719,
       0.5034965 , 0.36038514, 0.36681223, 0.37175793, 0.19390582]), array([0.89512555, 0.79089616, 0.68644068, 0.84444444, 0.58815029,
       0.52368065, 0.3338301 , 0.3940256 , 0.38259669, 0.22171946]), array([0.91084695, 0.78714286, 0.63172043, 0.81615599, 0.56756757,
       0.5095729 , 0.33423913, 0.37317784, 0.35893648, 0.21491228]), array([0.89071856, 0.78932584, 0.67846608, 0.83538462, 0.58768407,
       0.50956284, 0.29189944, 0.35211268, 0.38746439, 0.22919708]), array([0.9180791 , 0.80497382, 0.7136294 , 0.81686047, 0.60522496,
       0.51798561, 0.31608392, 0.38836265, 0.38449848, 0.21852388])]

estim_algorithm = atc-model, mode = classification, metric = sensitivity, confidence_scores = entropy-conf, class_specific = False
test err: [0.1900794394764513, 0.1919705837952051, 0.18258819380890473, 0.20234552334385678, 0.18080514145491172]
estimated metric: [array([0.65797789, 0.80573664, 0.63017357, 0.60289157, 0.60611511,
       0.54651164, 0.67832169, 0.61029413, 0.65371026, 0.64583336]), array([0.67259499, 0.82409973, 0.59753087, 0.5880829 , 0.56843801,
       0.55813954, 0.69456068, 0.61986303, 0.63754046, 0.64473687]), array([0.65867306, 0.77455049, 0.58852259, 0.58917039, 0.58774835,
       0.5015528 , 0.64503818, 0.60583943, 0.61068704, 0.68243245]), array([0.66666667, 0.7862069 , 0.58650307, 0.56412826, 0.59907121,
       0.54070661, 0.6188341 , 0.67300381, 0.68421054, 0.67515926]), array([0.66692976, 0.79228856, 0.60325407, 0.5945658 , 0.62539186,
       0.50961539, 0.61044178, 0.66776317, 0.64084508, 0.5714286 ])]
real metric: [array([0.8769671 , 0.7877095 , 0.67331288, 0.84561892, 0.56651719,
       0.5034965 , 0.36038514, 0.36681223, 0.37175793, 0.19390582]), array([0.89512555, 0.79089616, 0.68644068, 0.84444444, 0.58815029,
       0.52368065, 0.3338301 , 0.3940256 , 0.38259669, 0.22171946]), array([0.91084695, 0.78714286, 0.63172043, 0.81615599, 0.56756757,
       0.5095729 , 0.33423913, 0.37317784, 0.35893648, 0.21491228]), array([0.89071856, 0.78932584, 0.67846608, 0.83538462, 0.58768407,
       0.50956284, 0.29189944, 0.35211268, 0.38746439, 0.22919708]), array([0.9180791 , 0.80497382, 0.7136294 , 0.81686047, 0.60522496,
       0.51798561, 0.31608392, 0.38836265, 0.38449848, 0.21852388])]

estim_algorithm = atc-model, mode = classification, metric = sensitivity, confidence_scores = entropy-conf, class_specific = True
test err: [0.11681679501141287, 0.10791276204427509, 0.12152658786664675, 0.11929825811868788, 0.10165822672916222]
estimated metric: [array([0.90837283, 0.96740548, 0.76101469, 0.81204819, 0.66187051,
       0.42857144, 0.66083917, 0.53676472, 0.42049472, 0.34027782]), array([0.90379952, 0.96952909, 0.73580247, 0.80310881, 0.66183575,
       0.43604652, 0.65690378, 0.56164385, 0.39158578, 0.36184215]), array([0.91127098, 0.96127248, 0.73748474, 0.79930452, 0.6870861 ,
       0.38043479, 0.61832063, 0.51094892, 0.41603056, 0.40540545]), array([0.9023406 , 0.9737931 , 0.71779141, 0.79559118, 0.67337462,
       0.42857144, 0.58744396, 0.60836503, 0.42105265, 0.3949045 ]), array([0.90607735, 0.97761194, 0.74843555, 0.81459776, 0.68652038,
       0.40705129, 0.59036146, 0.60526317, 0.36619721, 0.31168836])]
real metric: [array([0.8769671 , 0.7877095 , 0.67331288, 0.84561892, 0.56651719,
       0.5034965 , 0.36038514, 0.36681223, 0.37175793, 0.19390582]), array([0.89512555, 0.79089616, 0.68644068, 0.84444444, 0.58815029,
       0.52368065, 0.3338301 , 0.3940256 , 0.38259669, 0.22171946]), array([0.91084695, 0.78714286, 0.63172043, 0.81615599, 0.56756757,
       0.5095729 , 0.33423913, 0.37317784, 0.35893648, 0.21491228]), array([0.89071856, 0.78932584, 0.67846608, 0.83538462, 0.58768407,
       0.50956284, 0.29189944, 0.35211268, 0.38746439, 0.22919708]), array([0.9180791 , 0.80497382, 0.7136294 , 0.81686047, 0.60522496,
       0.51798561, 0.31608392, 0.38836265, 0.38449848, 0.21852388])]

estim_algorithm = atc-model, mode = classification, metric = sensitivity, confidence_scores = doctor-conf, class_specific = False
test err: [0.1862629115756096, 0.1902839774456914, 0.18280922918402784, 0.19875671563638467, 0.18044721434316383]
estimated metric: [array([0.65876778, 0.80573664, 0.63684914, 0.60530121, 0.59892087,
       0.54318938, 0.67482519, 0.60661766, 0.64310955, 0.64583336]), array([0.67825384, 0.82963989, 0.60123457, 0.59119171, 0.57165862,
       0.55523256, 0.69037658, 0.62671234, 0.63106797, 0.64473687]), array([0.66426859, 0.78284924, 0.5921856 , 0.58817685, 0.59933775,
       0.48602485, 0.64122139, 0.6021898 , 0.60305345, 0.68918921]), array([0.67150928, 0.78482759, 0.58404908, 0.57014028, 0.59597524,
       0.52841783, 0.61434979, 0.68441066, 0.67017545, 0.66878983]), array([0.66929756, 0.79726368, 0.6057572 , 0.58977091, 0.62225706,
       0.50000001, 0.62248998, 0.66776317, 0.6302817 , 0.56493509])]
real metric: [array([0.8769671 , 0.7877095 , 0.67331288, 0.84561892, 0.56651719,
       0.5034965 , 0.36038514, 0.36681223, 0.37175793, 0.19390582]), array([0.89512555, 0.79089616, 0.68644068, 0.84444444, 0.58815029,
       0.52368065, 0.3338301 , 0.3940256 , 0.38259669, 0.22171946]), array([0.91084695, 0.78714286, 0.63172043, 0.81615599, 0.56756757,
       0.5095729 , 0.33423913, 0.37317784, 0.35893648, 0.21491228]), array([0.89071856, 0.78932584, 0.67846608, 0.83538462, 0.58768407,
       0.50956284, 0.29189944, 0.35211268, 0.38746439, 0.22919708]), array([0.9180791 , 0.80497382, 0.7136294 , 0.81686047, 0.60522496,
       0.51798561, 0.31608392, 0.38836265, 0.38449848, 0.21852388])]

estim_algorithm = atc-model, mode = classification, metric = sensitivity, confidence_scores = doctor-conf, class_specific = True
test err: [0.11820656268838356, 0.10499651549019565, 0.11816589345339105, 0.1219829997689484, 0.09925623395065554]
estimated metric: [array([0.91469194, 0.97001304, 0.77436582, 0.79903615, 0.6528777 ,
       0.43023257, 0.64685316, 0.52941178, 0.43109543, 0.34027782]), array([0.90460792, 0.96121884, 0.7617284 , 0.78963731, 0.647343  ,
       0.43750001, 0.63179918, 0.55479454, 0.39158578, 0.34868425]), array([0.91606715, 0.95020747, 0.75579976, 0.79036264, 0.65728477,
       0.38664597, 0.59923666, 0.50000002, 0.42748094, 0.40540545]), array([0.9023406 , 0.96275862, 0.74846626, 0.77805611, 0.65479877,
       0.42857144, 0.57399105, 0.60836503, 0.44912283, 0.38853507]), array([0.91160221, 0.97761194, 0.76846058, 0.79381993, 0.67711599,
       0.4022436 , 0.57831327, 0.59210528, 0.36971833, 0.28571433])]
real metric: [array([0.8769671 , 0.7877095 , 0.67331288, 0.84561892, 0.56651719,
       0.5034965 , 0.36038514, 0.36681223, 0.37175793, 0.19390582]), array([0.89512555, 0.79089616, 0.68644068, 0.84444444, 0.58815029,
       0.52368065, 0.3338301 , 0.3940256 , 0.38259669, 0.22171946]), array([0.91084695, 0.78714286, 0.63172043, 0.81615599, 0.56756757,
       0.5095729 , 0.33423913, 0.37317784, 0.35893648, 0.21491228]), array([0.89071856, 0.78932584, 0.67846608, 0.83538462, 0.58768407,
       0.50956284, 0.29189944, 0.35211268, 0.38746439, 0.22919708]), array([0.9180791 , 0.80497382, 0.7136294 , 0.81686047, 0.60522496,
       0.51798561, 0.31608392, 0.38836265, 0.38449848, 0.21852388])]

estim_algorithm = ts-atc-model, mode = classification, metric = sensitivity, confidence_scores = max_class_probability-conf, class_specific = False
test err: [0.20197482634361025, 0.20248826935584474, 0.2034118606577663, 0.21644039519808062, 0.18966754527116478]
estimated metric: [array([0.6192733 , 0.77314212, 0.62616823, 0.5913253 , 0.59712231,
       0.59468439, 0.6923077 , 0.62867648, 0.65724383, 0.63888891]), array([0.63379143, 0.78531856, 0.58765433, 0.58134715, 0.57326893,
       0.61482559, 0.69037658, 0.62671234, 0.6472492 , 0.65789476]), array([0.63629097, 0.74273859, 0.57264958, 0.57426726, 0.59768213,
       0.55745342, 0.65267177, 0.59854016, 0.62977101, 0.7364865 ]), array([0.63680388, 0.76137931, 0.57668712, 0.56012024, 0.60371518,
       0.58678956, 0.62780271, 0.67300381, 0.68421054, 0.68789811]), array([0.63220205, 0.77238806, 0.58948686, 0.58923815, 0.61128527,
       0.57211539, 0.62248998, 0.65789475, 0.64788734, 0.54545457])]
real metric: [array([0.8769671 , 0.7877095 , 0.67331288, 0.84561892, 0.56651719,
       0.5034965 , 0.36038514, 0.36681223, 0.37175793, 0.19390582]), array([0.89512555, 0.79089616, 0.68644068, 0.84444444, 0.58815029,
       0.52368065, 0.3338301 , 0.3940256 , 0.38259669, 0.22171946]), array([0.91084695, 0.78714286, 0.63172043, 0.81615599, 0.56756757,
       0.5095729 , 0.33423913, 0.37317784, 0.35893648, 0.21491228]), array([0.89071856, 0.78932584, 0.67846608, 0.83538462, 0.58768407,
       0.50956284, 0.29189944, 0.35211268, 0.38746439, 0.22919708]), array([0.9180791 , 0.80497382, 0.7136294 , 0.81686047, 0.60522496,
       0.51798561, 0.31608392, 0.38836265, 0.38449848, 0.21852388])]

estim_algorithm = ts-atc-model, mode = classification, metric = sensitivity, confidence_scores = max_class_probability-conf, class_specific = True
test err: [0.11285898932572358, 0.10833990436968144, 0.12285284563497031, 0.1245400838521737, 0.09742173296525757]
estimated metric: [array([0.93443918, 0.97522816, 0.76502003, 0.81686747, 0.66906475,
       0.45182725, 0.6853147 , 0.52941178, 0.37455833, 0.31250005]), array([0.93290218, 0.96398892, 0.74567902, 0.80466321, 0.66505637,
       0.44186047, 0.68200838, 0.54452056, 0.39805827, 0.32236847]), array([0.94404476, 0.96542185, 0.74358975, 0.80327869, 0.67880795,
       0.40372672, 0.64122139, 0.52554746, 0.40458018, 0.38513518]), array([0.92897498, 0.98068966, 0.73128835, 0.78657315, 0.68111456,
       0.44393242, 0.6188341 , 0.61216732, 0.4280702 , 0.35668794]), array([0.94475138, 0.97885572, 0.75594493, 0.81140117, 0.69592477,
       0.42788462, 0.60642572, 0.6019737 , 0.3521127 , 0.22727278])]
real metric: [array([0.8769671 , 0.7877095 , 0.67331288, 0.84561892, 0.56651719,
       0.5034965 , 0.36038514, 0.36681223, 0.37175793, 0.19390582]), array([0.89512555, 0.79089616, 0.68644068, 0.84444444, 0.58815029,
       0.52368065, 0.3338301 , 0.3940256 , 0.38259669, 0.22171946]), array([0.91084695, 0.78714286, 0.63172043, 0.81615599, 0.56756757,
       0.5095729 , 0.33423913, 0.37317784, 0.35893648, 0.21491228]), array([0.89071856, 0.78932584, 0.67846608, 0.83538462, 0.58768407,
       0.50956284, 0.29189944, 0.35211268, 0.38746439, 0.22919708]), array([0.9180791 , 0.80497382, 0.7136294 , 0.81686047, 0.60522496,
       0.51798561, 0.31608392, 0.38836265, 0.38449848, 0.21852388])]

estim_algorithm = ts-atc-model, mode = classification, metric = sensitivity, confidence_scores = energy-conf, class_specific = False
test err: [0.27935958210235734, 0.28449380699256716, 0.2931653990423945, 0.3108010858198882, 0.2746945129021069]
estimated metric: [array([0.44233808, 0.6440678 , 0.63150868, 0.64530121, 0.71402878,
       0.82225914, 0.77972029, 0.79411765, 0.614841  , 0.61111114]), array([0.43734843, 0.67451524, 0.65308642, 0.63523316, 0.71336554,
       0.83139535, 0.79497909, 0.7910959 , 0.64401296, 0.69736844]), array([0.43485212, 0.63900415, 0.60195361, 0.62046697, 0.69701987,
       0.83850932, 0.74809161, 0.80291972, 0.61068704, 0.74324326]), array([0.40435836, 0.64551725, 0.601227  , 0.63777555, 0.72445821,
       0.84331797, 0.79372198, 0.82509506, 0.67368422, 0.70063696]), array([0.44277822, 0.66666667, 0.6445557 , 0.64890783, 0.69905957,
       0.8125    , 0.75100403, 0.80592106, 0.60915494, 0.64935067])]
real metric: [array([0.8769671 , 0.7877095 , 0.67331288, 0.84561892, 0.56651719,
       0.5034965 , 0.36038514, 0.36681223, 0.37175793, 0.19390582]), array([0.89512555, 0.79089616, 0.68644068, 0.84444444, 0.58815029,
       0.52368065, 0.3338301 , 0.3940256 , 0.38259669, 0.22171946]), array([0.91084695, 0.78714286, 0.63172043, 0.81615599, 0.56756757,
       0.5095729 , 0.33423913, 0.37317784, 0.35893648, 0.21491228]), array([0.89071856, 0.78932584, 0.67846608, 0.83538462, 0.58768407,
       0.50956284, 0.29189944, 0.35211268, 0.38746439, 0.22919708]), array([0.9180791 , 0.80497382, 0.7136294 , 0.81686047, 0.60522496,
       0.51798561, 0.31608392, 0.38836265, 0.38449848, 0.21852388])]

estim_algorithm = ts-atc-model, mode = classification, metric = sensitivity, confidence_scores = energy-conf, class_specific = True
test err: [0.1592075620323929, 0.14545650479296113, 0.145070557993275, 0.15749090963498827, 0.14319892925595812]
estimated metric: [array([0.87677725, 0.97392438, 0.79305741, 0.78168675, 0.82374101,
       0.63289037, 0.78321679, 0.6139706 , 0.31802123, 0.3055556 ]), array([0.89814066, 0.99030471, 0.79382716, 0.76528498, 0.79871176,
       0.59593024, 0.79497909, 0.58904111, 0.31715213, 0.28289478]), array([0.89288569, 0.97786999, 0.75213676, 0.77297566, 0.79966888,
       0.5947205 , 0.7557252 , 0.60948907, 0.36641224, 0.31081086]), array([0.88054883, 0.97241379, 0.76564417, 0.7755511 , 0.80185759,
       0.6436252 , 0.79372198, 0.65399241, 0.40000002, 0.2993631 ]), array([0.89344909, 0.97512438, 0.80350438, 0.79701652, 0.82445141,
       0.62339744, 0.75100403, 0.64473685, 0.28169017, 0.22727278])]
real metric: [array([0.8769671 , 0.7877095 , 0.67331288, 0.84561892, 0.56651719,
       0.5034965 , 0.36038514, 0.36681223, 0.37175793, 0.19390582]), array([0.89512555, 0.79089616, 0.68644068, 0.84444444, 0.58815029,
       0.52368065, 0.3338301 , 0.3940256 , 0.38259669, 0.22171946]), array([0.91084695, 0.78714286, 0.63172043, 0.81615599, 0.56756757,
       0.5095729 , 0.33423913, 0.37317784, 0.35893648, 0.21491228]), array([0.89071856, 0.78932584, 0.67846608, 0.83538462, 0.58768407,
       0.50956284, 0.29189944, 0.35211268, 0.38746439, 0.22919708]), array([0.9180791 , 0.80497382, 0.7136294 , 0.81686047, 0.60522496,
       0.51798561, 0.31608392, 0.38836265, 0.38449848, 0.21852388])]

estim_algorithm = ts-atc-model, mode = classification, metric = sensitivity, confidence_scores = entropy-conf, class_specific = False
test err: [0.2191853165957796, 0.21484032256026336, 0.21581163301588155, 0.2293233620291824, 0.2117382466360806]
estimated metric: [array([0.60821485, 0.74837028, 0.60881175, 0.58216868, 0.59352519,
       0.64451828, 0.71328672, 0.63235295, 0.69611308, 0.63888891]), array([0.61843169, 0.75346261, 0.58271605, 0.57720207, 0.57165862,
       0.65843024, 0.69037658, 0.61301371, 0.67637542, 0.66447371]), array([0.61231015, 0.72614108, 0.56532357, 0.56731247, 0.58609272,
       0.61801243, 0.65267177, 0.6131387 , 0.64885498, 0.72297299]), array([0.60774819, 0.74482759, 0.57300614, 0.56713427, 0.59752323,
       0.65130569, 0.64573993, 0.66159697, 0.71228071, 0.68152868]), array([0.60299921, 0.74626866, 0.57321653, 0.58923815, 0.61598747,
       0.65064103, 0.64658636, 0.6644737 , 0.6830986 , 0.54545457])]
real metric: [array([0.8769671 , 0.7877095 , 0.67331288, 0.84561892, 0.56651719,
       0.5034965 , 0.36038514, 0.36681223, 0.37175793, 0.19390582]), array([0.89512555, 0.79089616, 0.68644068, 0.84444444, 0.58815029,
       0.52368065, 0.3338301 , 0.3940256 , 0.38259669, 0.22171946]), array([0.91084695, 0.78714286, 0.63172043, 0.81615599, 0.56756757,
       0.5095729 , 0.33423913, 0.37317784, 0.35893648, 0.21491228]), array([0.89071856, 0.78932584, 0.67846608, 0.83538462, 0.58768407,
       0.50956284, 0.29189944, 0.35211268, 0.38746439, 0.22919708]), array([0.9180791 , 0.80497382, 0.7136294 , 0.81686047, 0.60522496,
       0.51798561, 0.31608392, 0.38836265, 0.38449848, 0.21852388])]

estim_algorithm = ts-atc-model, mode = classification, metric = sensitivity, confidence_scores = entropy-conf, class_specific = True
test err: [0.11320714527326617, 0.10084273144947412, 0.11540247544830029, 0.11449397206147609, 0.09678072379165063]
estimated metric: [array([0.91548183, 0.97131682, 0.75433912, 0.80578313, 0.71402878,
       0.50332227, 0.70979022, 0.52205884, 0.36749119, 0.32638894]), array([0.90460792, 0.9598338 , 0.73703704, 0.80259067, 0.70853463,
       0.4883721 , 0.67782428, 0.52739728, 0.37216831, 0.31578952]), array([0.92006395, 0.95020747, 0.72405373, 0.78241431, 0.71523179,
       0.46583852, 0.64503818, 0.51459856, 0.40076338, 0.38513518]), array([0.90072639, 0.97103448, 0.73006135, 0.78957916, 0.73219815,
       0.51459294, 0.64573993, 0.58935363, 0.40701756, 0.32484081]), array([0.91554854, 0.97263682, 0.75344181, 0.80394246, 0.73354232,
       0.50320514, 0.6425703 , 0.57894738, 0.33450707, 0.2532468 ])]
real metric: [array([0.8769671 , 0.7877095 , 0.67331288, 0.84561892, 0.56651719,
       0.5034965 , 0.36038514, 0.36681223, 0.37175793, 0.19390582]), array([0.89512555, 0.79089616, 0.68644068, 0.84444444, 0.58815029,
       0.52368065, 0.3338301 , 0.3940256 , 0.38259669, 0.22171946]), array([0.91084695, 0.78714286, 0.63172043, 0.81615599, 0.56756757,
       0.5095729 , 0.33423913, 0.37317784, 0.35893648, 0.21491228]), array([0.89071856, 0.78932584, 0.67846608, 0.83538462, 0.58768407,
       0.50956284, 0.29189944, 0.35211268, 0.38746439, 0.22919708]), array([0.9180791 , 0.80497382, 0.7136294 , 0.81686047, 0.60522496,
       0.51798561, 0.31608392, 0.38836265, 0.38449848, 0.21852388])]

estim_algorithm = ts-atc-model, mode = classification, metric = sensitivity, confidence_scores = doctor-conf, class_specific = False
test err: [0.2184246990411633, 0.21412272661527743, 0.2140145378029854, 0.23083401706000103, 0.21177641052683222]
estimated metric: [array([0.61137441, 0.7470665 , 0.61148198, 0.58361446, 0.59892087,
       0.64451828, 0.70979022, 0.63235295, 0.69257952, 0.63888891]), array([0.6192401 , 0.75484765, 0.57901235, 0.57927461, 0.57648954,
       0.65988373, 0.69037658, 0.61301371, 0.67313917, 0.66447371]), array([0.60991207, 0.72752421, 0.56654457, 0.57078987, 0.58774835,
       0.61645963, 0.65267177, 0.6131387 , 0.64122139, 0.71621624]), array([0.60774819, 0.7462069 , 0.57177915, 0.56963928, 0.60216719,
       0.64976959, 0.65022423, 0.66539925, 0.71228071, 0.68789811]), array([0.60536701, 0.74502488, 0.57446809, 0.59190197, 0.61442007,
       0.65064103, 0.65060242, 0.6644737 , 0.67957748, 0.55194808])]
real metric: [array([0.8769671 , 0.7877095 , 0.67331288, 0.84561892, 0.56651719,
       0.5034965 , 0.36038514, 0.36681223, 0.37175793, 0.19390582]), array([0.89512555, 0.79089616, 0.68644068, 0.84444444, 0.58815029,
       0.52368065, 0.3338301 , 0.3940256 , 0.38259669, 0.22171946]), array([0.91084695, 0.78714286, 0.63172043, 0.81615599, 0.56756757,
       0.5095729 , 0.33423913, 0.37317784, 0.35893648, 0.21491228]), array([0.89071856, 0.78932584, 0.67846608, 0.83538462, 0.58768407,
       0.50956284, 0.29189944, 0.35211268, 0.38746439, 0.22919708]), array([0.9180791 , 0.80497382, 0.7136294 , 0.81686047, 0.60522496,
       0.51798561, 0.31608392, 0.38836265, 0.38449848, 0.21852388])]

estim_algorithm = ts-atc-model, mode = classification, metric = sensitivity, confidence_scores = doctor-conf, class_specific = True
test err: [0.1136807684773353, 0.10114999318340889, 0.11320985824512149, 0.11551535278451266, 0.09848088925619461]
estimated metric: [array([0.91627172, 0.96870926, 0.75834446, 0.80289157, 0.71223022,
       0.5049834 , 0.70979022, 0.52573531, 0.37102476, 0.32638894]), array([0.90541633, 0.95706371, 0.74197531, 0.79740933, 0.70531401,
       0.48691861, 0.67782428, 0.52397262, 0.3786408 , 0.32236847]), array([0.91366907, 0.94329184, 0.73015873, 0.77794337, 0.71026491,
       0.46273293, 0.64503818, 0.51459856, 0.39694659, 0.37162166]), array([0.9015335 , 0.95724138, 0.73619632, 0.78356714, 0.7260062 ,
       0.51305684, 0.64125562, 0.58935363, 0.41754388, 0.33757966]), array([0.91239148, 0.9738806 , 0.76220276, 0.79754928, 0.73040753,
       0.50000001, 0.64658636, 0.5888158 , 0.33802819, 0.24025979])]
real metric: [array([0.8769671 , 0.7877095 , 0.67331288, 0.84561892, 0.56651719,
       0.5034965 , 0.36038514, 0.36681223, 0.37175793, 0.19390582]), array([0.89512555, 0.79089616, 0.68644068, 0.84444444, 0.58815029,
       0.52368065, 0.3338301 , 0.3940256 , 0.38259669, 0.22171946]), array([0.91084695, 0.78714286, 0.63172043, 0.81615599, 0.56756757,
       0.5095729 , 0.33423913, 0.37317784, 0.35893648, 0.21491228]), array([0.89071856, 0.78932584, 0.67846608, 0.83538462, 0.58768407,
       0.50956284, 0.29189944, 0.35211268, 0.38746439, 0.22919708]), array([0.9180791 , 0.80497382, 0.7136294 , 0.81686047, 0.60522496,
       0.51798561, 0.31608392, 0.38836265, 0.38449848, 0.21852388])]

