estim_algorithm = moval-ensemble-cls-f1score, mode = classification, metric = f1score
test err: [0.09120975596617237, 0.07803263379917032, 0.09888932212534118, 0.12309422999406691, 0.11108143890898817]
estimated metric: [array([0.51601424, 0.32831327, 0.32173914, 0.20507997, 0.42175361,
       0.26877479, 0.42628428, 0.2272729 , 0.08808297, 0.08219191]), array([0.51420938, 0.30215829, 0.30837913, 0.20184427, 0.41157383,
       0.17898842, 0.42892157, 0.17647083, 0.07812507, 0.15596342]), array([0.53461961, 0.29281769, 0.30434783, 0.22467403, 0.45474493,
       0.24342113, 0.44432534, 0.27586232, 0.08877292, 0.13636373]), array([0.53923541, 0.28826153, 0.28109202, 0.20374222, 0.44029646,
       0.22535222, 0.43305237, 0.42372896, 0.05288468, 0.11267618]), array([0.53866349, 0.32053177, 0.30264551, 0.25210919, 0.48484849,
       0.31460682, 0.44205298, 0.22400019, 0.0405064 , 0.05714299])]
real metric: [array([0.46744931, 0.52052239, 0.40219629, 0.28549734, 0.40997567,
       0.10513141, 0.43322981, 0.09139785, 0.22222222, 0.14025974]), array([0.43574594, 0.46698565, 0.41292876, 0.28215121, 0.40462428,
       0.11068211, 0.43637753, 0.07202216, 0.21201413, 0.124834  ]), array([0.4566108 , 0.52889667, 0.40435671, 0.28158295, 0.42571785,
       0.13491124, 0.45043023, 0.05502063, 0.23346304, 0.14507772]), array([0.45540247, 0.48729185, 0.42966752, 0.27713626, 0.42001235,
       0.08481532, 0.45948012, 0.07869742, 0.22991347, 0.12947658]), array([0.42756052, 0.49177331, 0.41486486, 0.28821656, 0.40745052,
       0.08905852, 0.45283019, 0.08443272, 0.19339623, 0.1311054 ])]

