estim_algorithm = ac-model, mode = classification, metric = auc, confidence_scores = max_class_probability-conf, class_specific = False
test err: [0.14250679677874925, 0.14018519143559233, 0.1340321640909415, 0.1470783864823101, 0.13965028505833876]
estimated metric: [array([0.9730796 , 0.97313282, 0.96290934, 0.96593489, 0.9663616 ,
       0.95362169, 0.96139637, 0.96456034, 0.97194797, 0.91711257]), array([0.97176036, 0.97341263, 0.96295642, 0.96494042, 0.96483924,
       0.9680926 , 0.95999161, 0.9698446 , 0.97107413, 0.94501285]), array([0.9726043 , 0.97250966, 0.96275471, 0.96533769, 0.96358743,
       0.94464178, 0.96128245, 0.96596003, 0.96800362, 0.94062461]), array([0.97271883, 0.9722955 , 0.96318395, 0.96282958, 0.96568433,
       0.93993299, 0.96135723, 0.96774102, 0.96664659, 0.97788282]), array([0.9722022 , 0.97092651, 0.96344377, 0.96212436, 0.96566775,
       0.9144372 , 0.96155545, 0.96843207, 0.97186396, 0.97729886])]
real metric: [array([0.9080687 , 0.91048184, 0.7798772 , 0.72962082, 0.78533923,
       0.72366554, 0.87981996, 0.76456542, 0.85770783, 0.84584268]), array([0.89789015, 0.90842326, 0.77211647, 0.76214951, 0.78514163,
       0.75283279, 0.88396692, 0.78800385, 0.86241255, 0.83713582]), array([0.90885251, 0.90372415, 0.79820368, 0.75903902, 0.78709083,
       0.74348276, 0.87652793, 0.79298331, 0.86805293, 0.83902751]), array([0.90763121, 0.90622464, 0.77386327, 0.75027357, 0.77054459,
       0.72561367, 0.87141143, 0.78253392, 0.85280088, 0.83859181]), array([0.90706017, 0.90967295, 0.77810015, 0.76053192, 0.78320064,
       0.73620548, 0.87797379, 0.77316914, 0.86323504, 0.84230001])]

estim_algorithm = ac-model, mode = classification, metric = auc, confidence_scores = energy-conf, class_specific = False
test err: [0.16567940296261588, 0.18535212480430913, 0.19324344180253988, 0.1688202528230419, 0.1715918279186351]
estimated metric: [array([0.69127945, 0.67653642, 0.78011308, 0.60071931, 0.73118044,
       0.53500921, 0.6869586 , 0.57597755, 0.68312741, 0.56776548]), array([0.69158351, 0.66229918, 0.67465664, 0.59835512, 0.68052243,
       0.55563558, 0.70573537, 0.60602622, 0.63587248, 0.58586516]), array([0.6823163 , 0.67444311, 0.69634624, 0.6090702 , 0.6610754 ,
       0.54354436, 0.67475931, 0.59407186, 0.64055429, 0.56836914]), array([0.65957561, 0.64893743, 0.77024314, 0.59678304, 0.68171174,
       0.5808665 , 0.70464369, 0.58239982, 0.64637723, 0.61974825]), array([0.73310442, 0.68001461, 0.73746854, 0.58060825, 0.6439764 ,
       0.54010602, 0.68377685, 0.58894742, 0.69429275, 0.63323576])]
real metric: [array([0.9080687 , 0.91048184, 0.7798772 , 0.72962082, 0.78533923,
       0.72366554, 0.87981996, 0.76456542, 0.85770783, 0.84584268]), array([0.89789015, 0.90842326, 0.77211647, 0.76214951, 0.78514163,
       0.75283279, 0.88396692, 0.78800385, 0.86241255, 0.83713582]), array([0.90885251, 0.90372415, 0.79820368, 0.75903902, 0.78709083,
       0.74348276, 0.87652793, 0.79298331, 0.86805293, 0.83902751]), array([0.90763121, 0.90622464, 0.77386327, 0.75027357, 0.77054459,
       0.72561367, 0.87141143, 0.78253392, 0.85280088, 0.83859181]), array([0.90706017, 0.90967295, 0.77810015, 0.76053192, 0.78320064,
       0.73620548, 0.87797379, 0.77316914, 0.86323504, 0.84230001])]

estim_algorithm = ac-model, mode = classification, metric = auc, confidence_scores = entropy-conf, class_specific = False
test err: [0.12875682570349634, 0.13069001128399704, 0.12042702995691904, 0.1367158095946761, 0.12719793482824554]
estimated metric: [array([0.96583468, 0.96638276, 0.95349556, 0.95867528, 0.95795905,
       0.92196039, 0.95054112, 0.95392112, 0.96443398, 0.87935356]), array([0.96455518, 0.96599096, 0.95422474, 0.95582697, 0.95966265,
       0.95168369, 0.94922205, 0.95569081, 0.96617795, 0.93393804]), array([0.96541895, 0.96823903, 0.95415641, 0.95675189, 0.95665227,
       0.90668046, 0.9497502 , 0.95699385, 0.96154064, 0.90507123]), array([0.965822  , 0.96642893, 0.95420737, 0.95592068, 0.95838413,
       0.90138246, 0.95038229, 0.95844896, 0.96273193, 0.9729383 ]), array([0.96497659, 0.9670018 , 0.95413709, 0.95540698, 0.957502  ,
       0.85839162, 0.95039454, 0.95850669, 0.96569079, 0.97142055])]
real metric: [array([0.9080687 , 0.91048184, 0.7798772 , 0.72962082, 0.78533923,
       0.72366554, 0.87981996, 0.76456542, 0.85770783, 0.84584268]), array([0.89789015, 0.90842326, 0.77211647, 0.76214951, 0.78514163,
       0.75283279, 0.88396692, 0.78800385, 0.86241255, 0.83713582]), array([0.90885251, 0.90372415, 0.79820368, 0.75903902, 0.78709083,
       0.74348276, 0.87652793, 0.79298331, 0.86805293, 0.83902751]), array([0.90763121, 0.90622464, 0.77386327, 0.75027357, 0.77054459,
       0.72561367, 0.87141143, 0.78253392, 0.85280088, 0.83859181]), array([0.90706017, 0.90967295, 0.77810015, 0.76053192, 0.78320064,
       0.73620548, 0.87797379, 0.77316914, 0.86323504, 0.84230001])]

estim_algorithm = ac-model, mode = classification, metric = auc, confidence_scores = doctor-conf, class_specific = False
test err: [0.158366768906826, 0.15290650973797265, 0.15070170238936292, 0.15973582074252196, 0.1540966332314241]
estimated metric: [array([0.9847199 , 0.98450952, 0.97670643, 0.97926998, 0.97900191,
       0.96728504, 0.97624798, 0.98129819, 0.97693724, 0.96268072]), array([0.98383352, 0.98383958, 0.97696671, 0.97687372, 0.97876356,
       0.9714459 , 0.97594648, 0.97880401, 0.98063772, 0.97202683]), array([0.98411412, 0.9851188 , 0.97642304, 0.97745653, 0.97754352,
       0.97469442, 0.97640262, 0.98184042, 0.97765864, 0.97274955]), array([0.98425961, 0.98419408, 0.97709535, 0.97663042, 0.97914209,
       0.9611313 , 0.97653463, 0.97877737, 0.97892977, 0.98015256]), array([0.98401274, 0.98302212, 0.97738718, 0.97671913, 0.97854307,
       0.95210527, 0.97681173, 0.98147846, 0.98041563, 0.9819203 ])]
real metric: [array([0.9080687 , 0.91048184, 0.7798772 , 0.72962082, 0.78533923,
       0.72366554, 0.87981996, 0.76456542, 0.85770783, 0.84584268]), array([0.89789015, 0.90842326, 0.77211647, 0.76214951, 0.78514163,
       0.75283279, 0.88396692, 0.78800385, 0.86241255, 0.83713582]), array([0.90885251, 0.90372415, 0.79820368, 0.75903902, 0.78709083,
       0.74348276, 0.87652793, 0.79298331, 0.86805293, 0.83902751]), array([0.90763121, 0.90622464, 0.77386327, 0.75027357, 0.77054459,
       0.72561367, 0.87141143, 0.78253392, 0.85280088, 0.83859181]), array([0.90706017, 0.90967295, 0.77810015, 0.76053192, 0.78320064,
       0.73620548, 0.87797379, 0.77316914, 0.86323504, 0.84230001])]

estim_algorithm = ts-model, mode = classification, metric = auc, confidence_scores = max_class_probability-conf, class_specific = False
test err: [0.08509925376429783, 0.0778036111031356, 0.06609220555530429, 0.07595173619726267, 0.06840915960189814]
estimated metric: [array([0.92370981, 0.93014376, 0.91502518, 0.91105635, 0.94091466,
       0.76795503, 0.90167826, 0.86200795, 0.94060811, 0.7488027 ]), array([0.92202564, 0.92794816, 0.91157737, 0.89993549, 0.91997297,
       0.83032282, 0.89964635, 0.8917375 , 0.92392849, 0.77325737]), array([0.92287604, 0.93296177, 0.91394761, 0.89220914, 0.91722445,
       0.73879381, 0.90062702, 0.87158048, 0.92701711, 0.76676366]), array([0.92173425, 0.92966759, 0.91729264, 0.91227099, 0.92333414,
       0.75327177, 0.90230908, 0.84642885, 0.92137397, 0.91132306]), array([0.92200008, 0.9353651 , 0.91572372, 0.87411296, 0.90648774,
       0.71552699, 0.89779067, 0.86402358, 0.94064314, 0.90250992])]
real metric: [array([0.9080687 , 0.91048184, 0.7798772 , 0.72962082, 0.78533923,
       0.72366554, 0.87981996, 0.76456542, 0.85770783, 0.84584268]), array([0.89789015, 0.90842326, 0.77211647, 0.76214951, 0.78514163,
       0.75283279, 0.88396692, 0.78800385, 0.86241255, 0.83713582]), array([0.90885251, 0.90372415, 0.79820368, 0.75903902, 0.78709083,
       0.74348276, 0.87652793, 0.79298331, 0.86805293, 0.83902751]), array([0.90763121, 0.90622464, 0.77386327, 0.75027357, 0.77054459,
       0.72561367, 0.87141143, 0.78253392, 0.85280088, 0.83859181]), array([0.90706017, 0.90967295, 0.77810015, 0.76053192, 0.78320064,
       0.73620548, 0.87797379, 0.77316914, 0.86323504, 0.84230001])]

estim_algorithm = ts-model, mode = classification, metric = auc, confidence_scores = max_class_probability-conf, class_specific = True
test err: [0.10791005668280902, 0.1080324395550468, 0.10613263556956301, 0.1162457345440004, 0.1106444049960988]
estimated metric: [array([0.96444458, 0.96770883, 0.93946744, 0.91969852, 0.95346093,
       0.71776751, 0.95500104, 0.95902054, 0.96445914, 0.91126522]), array([0.96361498, 0.96819004, 0.94098781, 0.90748476, 0.95199816,
       0.77411415, 0.95398924, 0.9646553 , 0.96564466, 0.93971823]), array([0.9643076 , 0.96772954, 0.94011182, 0.89961394, 0.95221191,
       0.68251224, 0.95481834, 0.96035403, 0.95964407, 0.93506647]), array([0.96408563, 0.96736516, 0.94176243, 0.92161933, 0.95387756,
       0.70643205, 0.95515319, 0.96206178, 0.95907555, 0.97215039]), array([0.96398474, 0.96638083, 0.94295622, 0.87965168, 0.94915524,
       0.6918078 , 0.95568111, 0.9631764 , 0.96450651, 0.97179744])]
real metric: [array([0.9080687 , 0.91048184, 0.7798772 , 0.72962082, 0.78533923,
       0.72366554, 0.87981996, 0.76456542, 0.85770783, 0.84584268]), array([0.89789015, 0.90842326, 0.77211647, 0.76214951, 0.78514163,
       0.75283279, 0.88396692, 0.78800385, 0.86241255, 0.83713582]), array([0.90885251, 0.90372415, 0.79820368, 0.75903902, 0.78709083,
       0.74348276, 0.87652793, 0.79298331, 0.86805293, 0.83902751]), array([0.90763121, 0.90622464, 0.77386327, 0.75027357, 0.77054459,
       0.72561367, 0.87141143, 0.78253392, 0.85280088, 0.83859181]), array([0.90706017, 0.90967295, 0.77810015, 0.76053192, 0.78320064,
       0.73620548, 0.87797379, 0.77316914, 0.86323504, 0.84230001])]

estim_algorithm = ts-model, mode = classification, metric = auc, confidence_scores = energy-conf, class_specific = False
test err: [0.06905002058199791, 0.05251050674058823, 0.050094306194284045, 0.05977647840697446, 0.05146202847062684]
estimated metric: [array([0.83699087, 0.84316053, 0.89876473, 0.83861156, 0.88012331,
       0.82851435, 0.8335419 , 0.82974997, 0.85860561, 0.83361317]), array([0.83428534, 0.84017279, 0.85112252, 0.84191282, 0.8460849 ,
       0.83100083, 0.84746534, 0.83093188, 0.85214562, 0.8428084 ]), array([0.85357997, 0.84439977, 0.84787371, 0.84438248, 0.83741159,
       0.8307734 , 0.83135335, 0.82944087, 0.84135882, 0.8336325 ]), array([0.827619  , 0.84317868, 0.87965114, 0.83972666, 0.84922552,
       0.83384472, 0.85263098, 0.83459252, 0.85171752, 0.83796056]), array([0.87096199, 0.84742401, 0.85649439, 0.83769207, 0.83994838,
       0.83279021, 0.83381189, 0.83364003, 0.86348114, 0.84480742])]
real metric: [array([0.9080687 , 0.91048184, 0.7798772 , 0.72962082, 0.78533923,
       0.72366554, 0.87981996, 0.76456542, 0.85770783, 0.84584268]), array([0.89789015, 0.90842326, 0.77211647, 0.76214951, 0.78514163,
       0.75283279, 0.88396692, 0.78800385, 0.86241255, 0.83713582]), array([0.90885251, 0.90372415, 0.79820368, 0.75903902, 0.78709083,
       0.74348276, 0.87652793, 0.79298331, 0.86805293, 0.83902751]), array([0.90763121, 0.90622464, 0.77386327, 0.75027357, 0.77054459,
       0.72561367, 0.87141143, 0.78253392, 0.85280088, 0.83859181]), array([0.90706017, 0.90967295, 0.77810015, 0.76053192, 0.78320064,
       0.73620548, 0.87797379, 0.77316914, 0.86323504, 0.84230001])]

estim_algorithm = ts-model, mode = classification, metric = auc, confidence_scores = energy-conf, class_specific = True
test err: [0.14463964544401117, 0.1385400125019637, 0.13538944511646253, 0.14537994139347102, 0.14078343374946808]
estimated metric: [array([0.99763363, 0.9980024 , 0.97835325, 0.9410094 , 0.9782638 ,
       0.93322995, 0.98054563, 0.9259693 , 0.94444464, 0.95393368]), array([0.99763721, 0.99799543, 0.97820859, 0.94099652, 0.97833447,
       0.93461772, 0.98049458, 0.92562679, 0.94355171, 0.95801005]), array([0.99761443, 0.99796995, 0.97820655, 0.94134562, 0.97795091,
       0.93448207, 0.98055117, 0.92512094, 0.94184542, 0.95579203]), array([0.99763639, 0.99802873, 0.9783493 , 0.94072497, 0.97859021,
       0.93448306, 0.98058597, 0.92596988, 0.94423251, 0.95468735]), array([0.99766576, 0.99801525, 0.97843253, 0.94092683, 0.97831077,
       0.93572659, 0.98057313, 0.92711453, 0.94670111, 0.95581713])]
real metric: [array([0.9080687 , 0.91048184, 0.7798772 , 0.72962082, 0.78533923,
       0.72366554, 0.87981996, 0.76456542, 0.85770783, 0.84584268]), array([0.89789015, 0.90842326, 0.77211647, 0.76214951, 0.78514163,
       0.75283279, 0.88396692, 0.78800385, 0.86241255, 0.83713582]), array([0.90885251, 0.90372415, 0.79820368, 0.75903902, 0.78709083,
       0.74348276, 0.87652793, 0.79298331, 0.86805293, 0.83902751]), array([0.90763121, 0.90622464, 0.77386327, 0.75027357, 0.77054459,
       0.72561367, 0.87141143, 0.78253392, 0.85280088, 0.83859181]), array([0.90706017, 0.90967295, 0.77810015, 0.76053192, 0.78320064,
       0.73620548, 0.87797379, 0.77316914, 0.86323504, 0.84230001])]

estim_algorithm = ts-model, mode = classification, metric = auc, confidence_scores = entropy-conf, class_specific = False
test err: [0.08093991543676816, 0.07690097857239134, 0.06606210381090119, 0.07827387166706065, 0.06556095680116743]
estimated metric: [array([0.92398354, 0.93163158, 0.91484997, 0.91065893, 0.92504084,
       0.74993825, 0.90087722, 0.85550545, 0.9406016 , 0.75038434]), array([0.92256967, 0.92832861, 0.91198907, 0.8984796 , 0.919932  ,
       0.82412506, 0.89924175, 0.88859189, 0.92412171, 0.77256827]), array([0.9233056 , 0.93345712, 0.91385168, 0.89054926, 0.91691713,
       0.73944037, 0.90005683, 0.86718089, 0.92724656, 0.76053957]), array([0.92205328, 0.93007146, 0.9171611 , 0.91180197, 0.92326036,
       0.78380477, 0.90198125, 0.84086455, 0.92130772, 0.90992122]), array([0.92176692, 0.93568814, 0.91558702, 0.87016681, 0.90564459,
       0.73340909, 0.8972154 , 0.86024209, 0.94078825, 0.90095776])]
real metric: [array([0.9080687 , 0.91048184, 0.7798772 , 0.72962082, 0.78533923,
       0.72366554, 0.87981996, 0.76456542, 0.85770783, 0.84584268]), array([0.89789015, 0.90842326, 0.77211647, 0.76214951, 0.78514163,
       0.75283279, 0.88396692, 0.78800385, 0.86241255, 0.83713582]), array([0.90885251, 0.90372415, 0.79820368, 0.75903902, 0.78709083,
       0.74348276, 0.87652793, 0.79298331, 0.86805293, 0.83902751]), array([0.90763121, 0.90622464, 0.77386327, 0.75027357, 0.77054459,
       0.72561367, 0.87141143, 0.78253392, 0.85280088, 0.83859181]), array([0.90706017, 0.90967295, 0.77810015, 0.76053192, 0.78320064,
       0.73620548, 0.87797379, 0.77316914, 0.86323504, 0.84230001])]

estim_algorithm = ts-model, mode = classification, metric = auc, confidence_scores = entropy-conf, class_specific = True
test err: [0.10662595996037265, 0.10281375186746411, 0.09839941928462637, 0.11248628784824721, 0.10718234436764215]
estimated metric: [array([0.96387711, 0.96678989, 0.93903469, 0.91686876, 0.95161493,
       0.68161607, 0.948658  , 0.94769787, 0.9665206 , 0.88447195]), array([0.96286875, 0.96698612, 0.94020058, 0.90272796, 0.95059714,
       0.74529701, 0.9472109 , 0.95958842, 0.95056046, 0.93710156]), array([0.96377124, 0.96701936, 0.93924557, 0.89490232, 0.95062838,
       0.69558293, 0.9476562 , 0.94400392, 0.95198527, 0.91038398]), array([0.96341774, 0.96682347, 0.94100681, 0.91897343, 0.95397716,
       0.75021698, 0.94830574, 0.93678464, 0.95437385, 0.97047204]), array([0.96342964, 0.96617336, 0.94257495, 0.87179436, 0.94760816,
       0.68150349, 0.94862282, 0.94627564, 0.95656397, 0.96932235])]
real metric: [array([0.9080687 , 0.91048184, 0.7798772 , 0.72962082, 0.78533923,
       0.72366554, 0.87981996, 0.76456542, 0.85770783, 0.84584268]), array([0.89789015, 0.90842326, 0.77211647, 0.76214951, 0.78514163,
       0.75283279, 0.88396692, 0.78800385, 0.86241255, 0.83713582]), array([0.90885251, 0.90372415, 0.79820368, 0.75903902, 0.78709083,
       0.74348276, 0.87652793, 0.79298331, 0.86805293, 0.83902751]), array([0.90763121, 0.90622464, 0.77386327, 0.75027357, 0.77054459,
       0.72561367, 0.87141143, 0.78253392, 0.85280088, 0.83859181]), array([0.90706017, 0.90967295, 0.77810015, 0.76053192, 0.78320064,
       0.73620548, 0.87797379, 0.77316914, 0.86323504, 0.84230001])]

estim_algorithm = ts-model, mode = classification, metric = auc, confidence_scores = doctor-conf, class_specific = False
test err: [0.0787850773355349, 0.07290029311895577, 0.06449605274662547, 0.08022579274818926, 0.06686030662246172]
estimated metric: [array([0.92306746, 0.92756198, 0.91642447, 0.9043943 , 0.93996593,
       0.7581159 , 0.90335083, 0.86219624, 0.93682741, 0.79074987]), array([0.92105345, 0.92392781, 0.91093488, 0.8936235 , 0.91813795,
       0.83311717, 0.90008028, 0.89130123, 0.9209999 , 0.80837193]), array([0.92171421, 0.92897261, 0.91411212, 0.89133692, 0.9114348 ,
       0.76093645, 0.90301403, 0.87426437, 0.92140094, 0.7832963 ]), array([0.9202196 , 0.923966  , 0.91896336, 0.90684965, 0.9177451 ,
       0.81838441, 0.90456531, 0.84564651, 0.91670899, 0.90869797]), array([0.9205815 , 0.93168792, 0.91688255, 0.8730385 , 0.90206422,
       0.74728945, 0.90002872, 0.86828411, 0.93591154, 0.90428387])]
real metric: [array([0.9080687 , 0.91048184, 0.7798772 , 0.72962082, 0.78533923,
       0.72366554, 0.87981996, 0.76456542, 0.85770783, 0.84584268]), array([0.89789015, 0.90842326, 0.77211647, 0.76214951, 0.78514163,
       0.75283279, 0.88396692, 0.78800385, 0.86241255, 0.83713582]), array([0.90885251, 0.90372415, 0.79820368, 0.75903902, 0.78709083,
       0.74348276, 0.87652793, 0.79298331, 0.86805293, 0.83902751]), array([0.90763121, 0.90622464, 0.77386327, 0.75027357, 0.77054459,
       0.72561367, 0.87141143, 0.78253392, 0.85280088, 0.83859181]), array([0.90706017, 0.90967295, 0.77810015, 0.76053192, 0.78320064,
       0.73620548, 0.87797379, 0.77316914, 0.86323504, 0.84230001])]

estim_algorithm = ts-model, mode = classification, metric = auc, confidence_scores = doctor-conf, class_specific = True
test err: [0.11942861548596477, 0.11550013714638299, 0.11095258714880449, 0.13463248984271173, 0.1195501527362828]
estimated metric: [array([0.97659811, 0.98112392, 0.97554386, 0.92576069, 0.9655482 ,
       0.74518407, 0.97496555, 0.97603779, 0.96162349, 0.89688968]), array([0.97554445, 0.98134955, 0.97552463, 0.92076734, 0.96274819,
       0.79719423, 0.97452676, 0.97531264, 0.93614653, 0.90595998]), array([0.97613484, 0.98220157, 0.9751589 , 0.92551554, 0.96154749,
       0.76803013, 0.97489289, 0.97894154, 0.93920724, 0.90488036]), array([0.97624431, 0.98132644, 0.97548795, 0.94288914, 0.96606574,
       0.82334805, 0.9751818 , 0.97622534, 0.93657105, 0.97247405]), array([0.97590204, 0.98137057, 0.97599081, 0.91052423, 0.95761483,
       0.74331957, 0.97542946, 0.97871222, 0.95833672, 0.96975035])]
real metric: [array([0.9080687 , 0.91048184, 0.7798772 , 0.72962082, 0.78533923,
       0.72366554, 0.87981996, 0.76456542, 0.85770783, 0.84584268]), array([0.89789015, 0.90842326, 0.77211647, 0.76214951, 0.78514163,
       0.75283279, 0.88396692, 0.78800385, 0.86241255, 0.83713582]), array([0.90885251, 0.90372415, 0.79820368, 0.75903902, 0.78709083,
       0.74348276, 0.87652793, 0.79298331, 0.86805293, 0.83902751]), array([0.90763121, 0.90622464, 0.77386327, 0.75027357, 0.77054459,
       0.72561367, 0.87141143, 0.78253392, 0.85280088, 0.83859181]), array([0.90706017, 0.90967295, 0.77810015, 0.76053192, 0.78320064,
       0.73620548, 0.87797379, 0.77316914, 0.86323504, 0.84230001])]

estim_algorithm = doc-model, mode = classification, metric = auc, confidence_scores = max_class_probability-conf, class_specific = False
test err: [0.06754181557039868, 0.05932073925779533, 0.05272053337159886, 0.06493186869478976, 0.059812761387560906]
estimated metric: [array([0.87538222, 0.87690041, 0.86471117, 0.87010232, 0.87021493,
       0.85816813, 0.86140848, 0.86860008, 0.87591623, 0.82204073]), array([0.87386627, 0.87721236, 0.86520898, 0.86922314, 0.86868994,
       0.87210342, 0.85986933, 0.87381106, 0.87499514, 0.84963595]), array([0.87488318, 0.87640616, 0.86473291, 0.86966213, 0.86745661,
       0.84922426, 0.86126393, 0.87024661, 0.87206954, 0.84514201]), array([0.87485042, 0.87614042, 0.86513081, 0.86701723, 0.86951511,
       0.84443711, 0.86134472, 0.87184474, 0.87073494, 0.88192874]), array([0.87441676, 0.87482488, 0.86578068, 0.86648263, 0.86936168,
       0.81963184, 0.86164446, 0.87255684, 0.87587802, 0.88135749])]
real metric: [array([0.9080687 , 0.91048184, 0.7798772 , 0.72962082, 0.78533923,
       0.72366554, 0.87981996, 0.76456542, 0.85770783, 0.84584268]), array([0.89789015, 0.90842326, 0.77211647, 0.76214951, 0.78514163,
       0.75283279, 0.88396692, 0.78800385, 0.86241255, 0.83713582]), array([0.90885251, 0.90372415, 0.79820368, 0.75903902, 0.78709083,
       0.74348276, 0.87652793, 0.79298331, 0.86805293, 0.83902751]), array([0.90763121, 0.90622464, 0.77386327, 0.75027357, 0.77054459,
       0.72561367, 0.87141143, 0.78253392, 0.85280088, 0.83859181]), array([0.90706017, 0.90967295, 0.77810015, 0.76053192, 0.78320064,
       0.73620548, 0.87797379, 0.77316914, 0.86323504, 0.84230001])]

estim_algorithm = doc-model, mode = classification, metric = auc, confidence_scores = max_class_probability-conf, class_specific = True
test err: [0.13315631630963168, 0.13079052466701763, 0.12460923368656363, 0.13771476313832215, 0.1303219145296332]
estimated metric: [array([0.97666063, 0.97244424, 0.95397112, 0.94785501, 0.95741143,
       0.92657985, 0.95561759, 0.95592254, 0.95973335, 0.91035662]), array([0.9747397 , 0.97273834, 0.95405078, 0.94691387, 0.95589706,
       0.94102046, 0.9542276 , 0.96122476, 0.95887281, 0.93829279]), array([0.97541218, 0.97182344, 0.95381881, 0.94729805, 0.95463407,
       0.91754294, 0.95550103, 0.95737781, 0.95578444, 0.93388419]), array([0.97612712, 0.97161985, 0.95427228, 0.94476879, 0.95676471,
       0.91285642, 0.95560101, 0.95908732, 0.95443436, 0.97110475]), array([0.97570172, 0.97026296, 0.9545673 , 0.94410388, 0.95673617,
       0.88739019, 0.95583006, 0.95983297, 0.95968755, 0.97055563])]
real metric: [array([0.9080687 , 0.91048184, 0.7798772 , 0.72962082, 0.78533923,
       0.72366554, 0.87981996, 0.76456542, 0.85770783, 0.84584268]), array([0.89789015, 0.90842326, 0.77211647, 0.76214951, 0.78514163,
       0.75283279, 0.88396692, 0.78800385, 0.86241255, 0.83713582]), array([0.90885251, 0.90372415, 0.79820368, 0.75903902, 0.78709083,
       0.74348276, 0.87652793, 0.79298331, 0.86805293, 0.83902751]), array([0.90763121, 0.90622464, 0.77386327, 0.75027357, 0.77054459,
       0.72561367, 0.87141143, 0.78253392, 0.85280088, 0.83859181]), array([0.90706017, 0.90967295, 0.77810015, 0.76053192, 0.78320064,
       0.73620548, 0.87797379, 0.77316914, 0.86323504, 0.84230001])]

estim_algorithm = doc-model, mode = classification, metric = auc, confidence_scores = energy-conf, class_specific = False
test err: [0.06162618887640446, 0.047731490854997914, 0.04206187951300422, 0.06255617595441129, 0.050235997763485155]
estimated metric: [array([0.91236759, 0.90888568, 0.91750079, 0.8317977 , 0.9448578 ,
       0.76714334, 0.8931283 , 0.8105894 , 0.92186857, 0.80176573]), array([0.91153755, 0.89319591, 0.88992086, 0.82940495, 0.90826356,
       0.7897565 , 0.90731816, 0.84281988, 0.87241868, 0.82197454]), array([0.90391357, 0.90699926, 0.91088551, 0.84010633, 0.88929902,
       0.77620481, 0.88165823, 0.82815204, 0.87581577, 0.80336398]), array([0.87978565, 0.88082783, 0.92316008, 0.82722506, 0.9103149 ,
       0.81598869, 0.90650636, 0.81690266, 0.88127029, 0.85658448]), array([0.93146505, 0.91191276, 0.91569942, 0.81122067, 0.87240104,
       0.77386403, 0.8905953 , 0.82457267, 0.93226139, 0.86981693])]
real metric: [array([0.9080687 , 0.91048184, 0.7798772 , 0.72962082, 0.78533923,
       0.72366554, 0.87981996, 0.76456542, 0.85770783, 0.84584268]), array([0.89789015, 0.90842326, 0.77211647, 0.76214951, 0.78514163,
       0.75283279, 0.88396692, 0.78800385, 0.86241255, 0.83713582]), array([0.90885251, 0.90372415, 0.79820368, 0.75903902, 0.78709083,
       0.74348276, 0.87652793, 0.79298331, 0.86805293, 0.83902751]), array([0.90763121, 0.90622464, 0.77386327, 0.75027357, 0.77054459,
       0.72561367, 0.87141143, 0.78253392, 0.85280088, 0.83859181]), array([0.90706017, 0.90967295, 0.77810015, 0.76053192, 0.78320064,
       0.73620548, 0.87797379, 0.77316914, 0.86323504, 0.84230001])]

estim_algorithm = doc-model, mode = classification, metric = auc, confidence_scores = energy-conf, class_specific = True
test err: [0.0848656656363476, 0.06709191560173089, 0.07024749781841053, 0.08865805842398684, 0.07511541178283643]
estimated metric: [array([0.93687768, 0.96401825, 0.92269301, 0.85392438, 0.9408634 ,
       0.75733133, 0.86724231, 0.68877175, 0.96092077, 0.96426035]), array([0.93390546, 0.9640025 , 0.82114575, 0.85173825, 0.94293165,
       0.78023634, 0.88352826, 0.72126318, 0.92367096, 0.96421108]), array([0.93377776, 0.963676  , 0.84011719, 0.86169776, 0.94552835,
       0.76659948, 0.85498807, 0.70649302, 0.92660802, 0.96391367]), array([0.93483456, 0.96427748, 0.91404924, 0.84957185, 0.94563591,
       0.8064989 , 0.88434176, 0.69523571, 0.93254078, 0.96448695]), array([0.93195876, 0.96461451, 0.88209236, 0.83396012, 0.95294505,
       0.76472007, 0.86546936, 0.70337934, 0.95402215, 0.96485323])]
real metric: [array([0.9080687 , 0.91048184, 0.7798772 , 0.72962082, 0.78533923,
       0.72366554, 0.87981996, 0.76456542, 0.85770783, 0.84584268]), array([0.89789015, 0.90842326, 0.77211647, 0.76214951, 0.78514163,
       0.75283279, 0.88396692, 0.78800385, 0.86241255, 0.83713582]), array([0.90885251, 0.90372415, 0.79820368, 0.75903902, 0.78709083,
       0.74348276, 0.87652793, 0.79298331, 0.86805293, 0.83902751]), array([0.90763121, 0.90622464, 0.77386327, 0.75027357, 0.77054459,
       0.72561367, 0.87141143, 0.78253392, 0.85280088, 0.83859181]), array([0.90706017, 0.90967295, 0.77810015, 0.76053192, 0.78320064,
       0.73620548, 0.87797379, 0.77316914, 0.86323504, 0.84230001])]

estim_algorithm = doc-model, mode = classification, metric = auc, confidence_scores = entropy-conf, class_specific = False
test err: [0.06829772920301484, 0.05887279720736044, 0.05164421112415748, 0.06330527867363676, 0.05590232270194077]
estimated metric: [array([0.87770314, 0.88002417, 0.86572845, 0.87279976, 0.87190848,
       0.83660146, 0.86108052, 0.86794716, 0.87822325, 0.79486058]), array([0.87646192, 0.87971823, 0.86684054, 0.87007868, 0.87353068,
       0.86582326, 0.85970784, 0.86965713, 0.87993251, 0.84826544]), array([0.87748912, 0.88181218, 0.86647797, 0.8710457 , 0.87070925,
       0.82166132, 0.86024337, 0.87119751, 0.8754929 , 0.81987745]), array([0.87758648, 0.88011163, 0.86661035, 0.87007814, 0.87221548,
       0.81622763, 0.8609782 , 0.87236169, 0.87661233, 0.8865779 ]), array([0.87679487, 0.88056711, 0.86679571, 0.86970538, 0.87126767,
       0.77399302, 0.86074291, 0.87262623, 0.8795488 , 0.88522676])]
real metric: [array([0.9080687 , 0.91048184, 0.7798772 , 0.72962082, 0.78533923,
       0.72366554, 0.87981996, 0.76456542, 0.85770783, 0.84584268]), array([0.89789015, 0.90842326, 0.77211647, 0.76214951, 0.78514163,
       0.75283279, 0.88396692, 0.78800385, 0.86241255, 0.83713582]), array([0.90885251, 0.90372415, 0.79820368, 0.75903902, 0.78709083,
       0.74348276, 0.87652793, 0.79298331, 0.86805293, 0.83902751]), array([0.90763121, 0.90622464, 0.77386327, 0.75027357, 0.77054459,
       0.72561367, 0.87141143, 0.78253392, 0.85280088, 0.83859181]), array([0.90706017, 0.90967295, 0.77810015, 0.76053192, 0.78320064,
       0.73620548, 0.87797379, 0.77316914, 0.86323504, 0.84230001])]

estim_algorithm = doc-model, mode = classification, metric = auc, confidence_scores = entropy-conf, class_specific = True
test err: [0.12259421936343598, 0.1244788798161475, 0.11394020472229852, 0.13044388033745288, 0.12091446304198564]
estimated metric: [array([0.97256088, 0.9731237 , 0.94731289, 0.94408041, 0.95200426,
       0.89735991, 0.94758981, 0.94756512, 0.95369151, 0.87564294]), array([0.97076688, 0.97228474, 0.9481091 , 0.94127819, 0.95373273,
       0.9271585 , 0.94632954, 0.9494016 , 0.95548311, 0.93031736]), array([0.9715987 , 0.97229261, 0.94796628, 0.94214624, 0.95069356,
       0.8821295 , 0.9467938 , 0.95062167, 0.95078092, 0.90136339]), array([0.97177787, 0.97246405, 0.94808224, 0.94135152, 0.95247308,
       0.87681433, 0.94748122, 0.95214309, 0.95203186, 0.96930851]), array([0.97168205, 0.97180574, 0.94809694, 0.94091491, 0.9516348 ,
       0.83383982, 0.94755286, 0.95222479, 0.95503037, 0.96781164])]
real metric: [array([0.9080687 , 0.91048184, 0.7798772 , 0.72962082, 0.78533923,
       0.72366554, 0.87981996, 0.76456542, 0.85770783, 0.84584268]), array([0.89789015, 0.90842326, 0.77211647, 0.76214951, 0.78514163,
       0.75283279, 0.88396692, 0.78800385, 0.86241255, 0.83713582]), array([0.90885251, 0.90372415, 0.79820368, 0.75903902, 0.78709083,
       0.74348276, 0.87652793, 0.79298331, 0.86805293, 0.83902751]), array([0.90763121, 0.90622464, 0.77386327, 0.75027357, 0.77054459,
       0.72561367, 0.87141143, 0.78253392, 0.85280088, 0.83859181]), array([0.90706017, 0.90967295, 0.77810015, 0.76053192, 0.78320064,
       0.73620548, 0.87797379, 0.77316914, 0.86323504, 0.84230001])]

estim_algorithm = doc-model, mode = classification, metric = auc, confidence_scores = doctor-conf, class_specific = False
test err: [0.062484002484634246, 0.053913269701209576, 0.05289058126664481, 0.05803510259201274, 0.055615935999708134]
estimated metric: [array([0.85652454, 0.85708974, 0.84790158, 0.85506418, 0.85434212,
       0.84193682, 0.84552707, 0.85570889, 0.85257934, 0.83724566]), array([0.85548409, 0.85640791, 0.84667881, 0.84931713, 0.85388755,
       0.84589718, 0.84338601, 0.85328865, 0.85642221, 0.84645078]), array([0.85587206, 0.86160664, 0.8460209 , 0.85322412, 0.85255316,
       0.84908484, 0.84419388, 0.8562284 , 0.85088844, 0.84702501]), array([0.85594928, 0.86042291, 0.84765369, 0.85235738, 0.85433473,
       0.83582496, 0.84536778, 0.85318282, 0.85221956, 0.85430963]), array([0.85580233, 0.8555986 , 0.84706329, 0.84910184, 0.85032869,
       0.82698869, 0.84613342, 0.85575802, 0.85612508, 0.85614365])]
real metric: [array([0.9080687 , 0.91048184, 0.7798772 , 0.72962082, 0.78533923,
       0.72366554, 0.87981996, 0.76456542, 0.85770783, 0.84584268]), array([0.89789015, 0.90842326, 0.77211647, 0.76214951, 0.78514163,
       0.75283279, 0.88396692, 0.78800385, 0.86241255, 0.83713582]), array([0.90885251, 0.90372415, 0.79820368, 0.75903902, 0.78709083,
       0.74348276, 0.87652793, 0.79298331, 0.86805293, 0.83902751]), array([0.90763121, 0.90622464, 0.77386327, 0.75027357, 0.77054459,
       0.72561367, 0.87141143, 0.78253392, 0.85280088, 0.83859181]), array([0.90706017, 0.90967295, 0.77810015, 0.76053192, 0.78320064,
       0.73620548, 0.87797379, 0.77316914, 0.86323504, 0.84230001])]

estim_algorithm = doc-model, mode = classification, metric = auc, confidence_scores = doctor-conf, class_specific = True
test err: [0.144767362798602, 0.13932499234204537, 0.1371254293782494, 0.14618257682941327, 0.14055670263824183]
estimated metric: [array([0.98412362, 0.98156628, 0.96376097, 0.95726749, 0.96715009,
       0.93560044, 0.9664164 , 0.96734912, 0.95844994, 0.9509785 ]), array([0.98336346, 0.98089394, 0.96406219, 0.95491815, 0.96687885,
       0.93981174, 0.96604571, 0.96486776, 0.96215553, 0.96032554]), array([0.98371429, 0.98221095, 0.96349377, 0.95551145, 0.96566095,
       0.94300368, 0.96651636, 0.96788314, 0.95921159, 0.96103273]), array([0.98385741, 0.98128634, 0.96417171, 0.95466689, 0.96729897,
       0.92952362, 0.96669495, 0.96486766, 0.96049585, 0.96845134]), array([0.98357013, 0.98017897, 0.96449063, 0.95478303, 0.96671068,
       0.92050588, 0.96701055, 0.96757734, 0.96199414, 0.97019496])]
real metric: [array([0.9080687 , 0.91048184, 0.7798772 , 0.72962082, 0.78533923,
       0.72366554, 0.87981996, 0.76456542, 0.85770783, 0.84584268]), array([0.89789015, 0.90842326, 0.77211647, 0.76214951, 0.78514163,
       0.75283279, 0.88396692, 0.78800385, 0.86241255, 0.83713582]), array([0.90885251, 0.90372415, 0.79820368, 0.75903902, 0.78709083,
       0.74348276, 0.87652793, 0.79298331, 0.86805293, 0.83902751]), array([0.90763121, 0.90622464, 0.77386327, 0.75027357, 0.77054459,
       0.72561367, 0.87141143, 0.78253392, 0.85280088, 0.83859181]), array([0.90706017, 0.90967295, 0.77810015, 0.76053192, 0.78320064,
       0.73620548, 0.87797379, 0.77316914, 0.86323504, 0.84230001])]

