estim_algorithm = moval-ensemble-cls-precision, mode = classification, metric = precision
test err: [0.2205822769475012, 0.22411386904134742, 0.22799635068323276, 0.2353162737327697, 0.22548870754742972]
estimated metric: [array([0.22387432, 0.77722246, 0.55126294, 0.50834842, 0.74625459,
       0.48613667, 0.65831787, 0.46837487, 0.37030165, 0.49164508]), array([0.23713563, 0.77409585, 0.555618  , 0.51455356, 0.73976113,
       0.47568987, 0.65809622, 0.4657009 , 0.33888727, 0.49955727]), array([0.23391126, 0.77233857, 0.56313787, 0.51627334, 0.74834505,
       0.45157354, 0.68512263, 0.48167071, 0.36201771, 0.51782798]), array([0.24273456, 0.77404192, 0.57269762, 0.50268991, 0.7482115 ,
       0.4638458 , 0.66917891, 0.48191907, 0.33893539, 0.47473461]), array([0.22894854, 0.78040512, 0.55890516, 0.51163445, 0.74706595,
       0.4433208 , 0.6602809 , 0.48249465, 0.35994257, 0.47851444])]
real metric: [array([0.38374291, 0.74016687, 0.50553506, 0.42229039, 0.47681452,
       0.80250784, 0.66923077, 0.89225589, 0.84422111, 0.87423313]), array([0.39900249, 0.73549884, 0.52163164, 0.44174265, 0.49378882,
       0.8474026 , 0.68654434, 0.91891892, 0.80571429, 0.86725664]), array([0.40733591, 0.75365854, 0.51766139, 0.42592593, 0.46754564,
       0.83150183, 0.67267684, 0.91558442, 0.86243386, 0.86235955]), array([0.41235813, 0.72578763, 0.51338766, 0.45405983, 0.499     ,
       0.83848797, 0.65638767, 0.91373802, 0.88439306, 0.88815789]), array([0.37764933, 0.71748879, 0.50365854, 0.42885974, 0.46492986,
       0.82156134, 0.63774734, 0.87936508, 0.82198953, 0.84193548])]

