estim_algorithm = ac-model, mode = classification, metric = f1score, confidence_scores = max_class_probability-conf, class_specific = False
test err: [0.44141481158563795, 0.4280283344460437, 0.43471389729165866, 0.42248922201527767, 0.4420591266581349]
estimated metric: [array([0.93178193, 0.94166638, 0.87577862, 0.88501268, 0.88998181,
       0.90270818, 0.94283396, 0.92337133, 0.87356547, 0.91474388]), array([0.93167985, 0.94171379, 0.87569041, 0.86757757, 0.89520559,
       0.92355954, 0.93953114, 0.92358501, 0.88387197, 0.90987635]), array([0.93355859, 0.93428342, 0.87932709, 0.86589044, 0.89492348,
       0.90704278, 0.9434896 , 0.9169453 , 0.89883686, 0.91279173]), array([0.92503274, 0.93826909, 0.86941529, 0.86726432, 0.89144685,
       0.89754148, 0.94004484, 0.92599785, 0.89374368, 0.91921686]), array([0.93075366, 0.94111938, 0.87252603, 0.87922769, 0.89364497,
       0.91027383, 0.94081836, 0.92160046, 0.90700151, 0.91421024])]
real metric: [array([0.56407387, 0.69395973, 0.44915254, 0.34291378, 0.5046729 ,
       0.37053088, 0.4041705 , 0.49019608, 0.29161604, 0.55600981]), array([0.57081314, 0.70372881, 0.4527027 , 0.35      , 0.48456057,
       0.39121339, 0.39355231, 0.54945055, 0.31904762, 0.59693878]), array([0.56871036, 0.68836565, 0.48264463, 0.35867446, 0.45303867,
       0.41935484, 0.40571606, 0.52291667, 0.26585366, 0.57467532]), array([0.56160762, 0.72618254, 0.47696477, 0.37728585, 0.49925037,
       0.4035964 , 0.37952956, 0.51709402, 0.2983683 , 0.60320135]), array([0.55964326, 0.70762712, 0.42009132, 0.36041667, 0.47732697,
       0.41025641, 0.39845606, 0.51351351, 0.26932668, 0.57392687])]

estim_algorithm = ac-model, mode = classification, metric = f1score, confidence_scores = energy-conf, class_specific = False
test err: [0.146108917496022, 0.1573452098965853, 0.16118858548114562, 0.16543949363031227, 0.15739629376622102]
estimated metric: [array([0.3347998 , 0.44802834, 0.26061875, 0.24650719, 0.28250217,
       0.32807785, 0.3233928 , 0.37609723, 0.33599154, 0.35894227]), array([0.33955232, 0.45552745, 0.26237673, 0.23928842, 0.28301764,
       0.32741599, 0.32113552, 0.3751568 , 0.35539224, 0.35238191]), array([0.34487665, 0.43991494, 0.26057693, 0.25662451, 0.27351489,
       0.32736141, 0.32976128, 0.36977405, 0.36429849, 0.35825098]), array([0.3331072 , 0.44542405, 0.26101949, 0.24581952, 0.27957972,
       0.30974097, 0.32096764, 0.3875874 , 0.35550257, 0.36420584]), array([0.3335311 , 0.44568538, 0.2511433 , 0.24590484, 0.28557289,
       0.33221689, 0.32323878, 0.35981406, 0.3529753 , 0.3538366 ])]
real metric: [array([0.56407387, 0.69395973, 0.44915254, 0.34291378, 0.5046729 ,
       0.37053088, 0.4041705 , 0.49019608, 0.29161604, 0.55600981]), array([0.57081314, 0.70372881, 0.4527027 , 0.35      , 0.48456057,
       0.39121339, 0.39355231, 0.54945055, 0.31904762, 0.59693878]), array([0.56871036, 0.68836565, 0.48264463, 0.35867446, 0.45303867,
       0.41935484, 0.40571606, 0.52291667, 0.26585366, 0.57467532]), array([0.56160762, 0.72618254, 0.47696477, 0.37728585, 0.49925037,
       0.4035964 , 0.37952956, 0.51709402, 0.2983683 , 0.60320135]), array([0.55964326, 0.70762712, 0.42009132, 0.36041667, 0.47732697,
       0.41025641, 0.39845606, 0.51351351, 0.26932668, 0.57392687])]

estim_algorithm = ac-model, mode = classification, metric = f1score, confidence_scores = entropy-conf, class_specific = False
test err: [0.4231634715882858, 0.4087360596120046, 0.4157823961934133, 0.4040816633083459, 0.42338332143813523]
estimated metric: [array([0.9126096 , 0.9298083 , 0.8549417 , 0.85646678, 0.86748784,
       0.88470229, 0.92369085, 0.90774254, 0.86512809, 0.89635285]), array([0.91327272, 0.93302891, 0.85357291, 0.83908063, 0.8703913 ,
       0.90154053, 0.92034553, 0.90458517, 0.87117095, 0.89237982]), array([0.9166205 , 0.92265289, 0.8563975 , 0.83937369, 0.86858999,
       0.88745506, 0.92500019, 0.89929708, 0.8867903 , 0.89559707]), array([0.90745786, 0.92746571, 0.84741614, 0.84035664, 0.86785537,
       0.87868369, 0.92117418, 0.90832795, 0.88473522, 0.90042464]), array([0.91346945, 0.92904204, 0.84888203, 0.85171438, 0.87127826,
       0.89538605, 0.92125007, 0.90408238, 0.89355187, 0.89576155])]
real metric: [array([0.56407387, 0.69395973, 0.44915254, 0.34291378, 0.5046729 ,
       0.37053088, 0.4041705 , 0.49019608, 0.29161604, 0.55600981]), array([0.57081314, 0.70372881, 0.4527027 , 0.35      , 0.48456057,
       0.39121339, 0.39355231, 0.54945055, 0.31904762, 0.59693878]), array([0.56871036, 0.68836565, 0.48264463, 0.35867446, 0.45303867,
       0.41935484, 0.40571606, 0.52291667, 0.26585366, 0.57467532]), array([0.56160762, 0.72618254, 0.47696477, 0.37728585, 0.49925037,
       0.4035964 , 0.37952956, 0.51709402, 0.2983683 , 0.60320135]), array([0.55964326, 0.70762712, 0.42009132, 0.36041667, 0.47732697,
       0.41025641, 0.39845606, 0.51351351, 0.26932668, 0.57392687])]

estim_algorithm = ac-model, mode = classification, metric = f1score, confidence_scores = doctor-conf, class_specific = False
test err: [0.4694607691493216, 0.4539570083528563, 0.4606196417175372, 0.44972715221453463, 0.4685540075907226]
estimated metric: [array([0.95248743, 0.95958916, 0.91319456, 0.91878983, 0.92186413,
       0.93360268, 0.95989935, 0.94402144, 0.91674966, 0.94170556]), array([0.95102894, 0.96006384, 0.91181119, 0.90029401, 0.92585332,
       0.94678137, 0.95737975, 0.94265068, 0.92007495, 0.93563991]), array([0.95447086, 0.9531582 , 0.91540649, 0.8949045 , 0.92416374,
       0.93350453, 0.96121502, 0.93772998, 0.93322985, 0.93836358]), array([0.94684985, 0.9563867 , 0.90750948, 0.90099985, 0.91952039,
       0.92730309, 0.95807914, 0.94963188, 0.92966955, 0.94440237]), array([0.9524548 , 0.95937025, 0.91065724, 0.91169414, 0.92255686,
       0.93939307, 0.95876711, 0.94407048, 0.93690839, 0.94025259])]
real metric: [array([0.56407387, 0.69395973, 0.44915254, 0.34291378, 0.5046729 ,
       0.37053088, 0.4041705 , 0.49019608, 0.29161604, 0.55600981]), array([0.57081314, 0.70372881, 0.4527027 , 0.35      , 0.48456057,
       0.39121339, 0.39355231, 0.54945055, 0.31904762, 0.59693878]), array([0.56871036, 0.68836565, 0.48264463, 0.35867446, 0.45303867,
       0.41935484, 0.40571606, 0.52291667, 0.26585366, 0.57467532]), array([0.56160762, 0.72618254, 0.47696477, 0.37728585, 0.49925037,
       0.4035964 , 0.37952956, 0.51709402, 0.2983683 , 0.60320135]), array([0.55964326, 0.70762712, 0.42009132, 0.36041667, 0.47732697,
       0.41025641, 0.39845606, 0.51351351, 0.26932668, 0.57392687])]

estim_algorithm = ts-model, mode = classification, metric = f1score, confidence_scores = max_class_probability-conf, class_specific = False
test err: [0.2649160018757892, 0.25377442210684287, 0.2617125774218558, 0.24836733724040752, 0.2655003228933507]
estimated metric: [array([0.76447931, 0.82210341, 0.66854095, 0.65935363, 0.69319274,
       0.72415453, 0.76921076, 0.77071156, 0.69685865, 0.7478506 ]), array([0.76853891, 0.83000512, 0.66925208, 0.64623313, 0.69451074,
       0.74398952, 0.76655928, 0.76856415, 0.71781458, 0.74428458]), array([0.77261423, 0.81347081, 0.66921752, 0.65738786, 0.69160456,
       0.73350249, 0.77407323, 0.76607668, 0.73131347, 0.74781527]), array([0.75985688, 0.82140559, 0.66407026, 0.65051763, 0.69373363,
       0.71126002, 0.76557297, 0.77392041, 0.73144555, 0.75497122]), array([0.7642036 , 0.82002211, 0.65919552, 0.65773244, 0.70022427,
       0.7386667 , 0.76691932, 0.7589954 , 0.73294795, 0.74668079])]
real metric: [array([0.56407387, 0.69395973, 0.44915254, 0.34291378, 0.5046729 ,
       0.37053088, 0.4041705 , 0.49019608, 0.29161604, 0.55600981]), array([0.57081314, 0.70372881, 0.4527027 , 0.35      , 0.48456057,
       0.39121339, 0.39355231, 0.54945055, 0.31904762, 0.59693878]), array([0.56871036, 0.68836565, 0.48264463, 0.35867446, 0.45303867,
       0.41935484, 0.40571606, 0.52291667, 0.26585366, 0.57467532]), array([0.56160762, 0.72618254, 0.47696477, 0.37728585, 0.49925037,
       0.4035964 , 0.37952956, 0.51709402, 0.2983683 , 0.60320135]), array([0.55964326, 0.70762712, 0.42009132, 0.36041667, 0.47732697,
       0.41025641, 0.39845606, 0.51351351, 0.26932668, 0.57392687])]

estim_algorithm = ts-model, mode = classification, metric = f1score, confidence_scores = max_class_probability-conf, class_specific = True
test err: [0.14251223088219533, 0.14086198513826895, 0.14402437707205684, 0.1416576084160352, 0.14848250913490477]
estimated metric: [array([0.59727054, 0.67805547, 0.58332688, 0.52140384, 0.64965612,
       0.54649621, 0.72216839, 0.6620421 , 0.51211702, 0.5239463 ]), array([0.60223768, 0.68651949, 0.58545481, 0.51147225, 0.65062368,
       0.55658067, 0.71993007, 0.65964142, 0.53589205, 0.5160206 ]), array([0.60787819, 0.67017236, 0.58351841, 0.52738681, 0.64673068,
       0.55232746, 0.72782921, 0.65824823, 0.54251628, 0.52215077]), array([0.59505336, 0.67749328, 0.5815909 , 0.51850104, 0.64940306,
       0.5326728 , 0.71872549, 0.66782806, 0.54174596, 0.5271383 ]), array([0.59675258, 0.67515669, 0.57496179, 0.52172592, 0.65634994,
       0.55392599, 0.72037886, 0.6467924 , 0.53623483, 0.51966363])]
real metric: [array([0.56407387, 0.69395973, 0.44915254, 0.34291378, 0.5046729 ,
       0.37053088, 0.4041705 , 0.49019608, 0.29161604, 0.55600981]), array([0.57081314, 0.70372881, 0.4527027 , 0.35      , 0.48456057,
       0.39121339, 0.39355231, 0.54945055, 0.31904762, 0.59693878]), array([0.56871036, 0.68836565, 0.48264463, 0.35867446, 0.45303867,
       0.41935484, 0.40571606, 0.52291667, 0.26585366, 0.57467532]), array([0.56160762, 0.72618254, 0.47696477, 0.37728585, 0.49925037,
       0.4035964 , 0.37952956, 0.51709402, 0.2983683 , 0.60320135]), array([0.55964326, 0.70762712, 0.42009132, 0.36041667, 0.47732697,
       0.41025641, 0.39845606, 0.51351351, 0.26932668, 0.57392687])]

estim_algorithm = ts-model, mode = classification, metric = f1score, confidence_scores = energy-conf, class_specific = False
test err: [0.36031228208072585, 0.3459486471854868, 0.3532857876765275, 0.34276773193611565, 0.35755350097263233]
estimated metric: [array([0.82458625, 0.84311683, 0.81888993, 0.81770441, 0.8209706 ,
       0.82730762, 0.82217726, 0.83247199, 0.83107281, 0.83212125]), array([0.82508519, 0.84357149, 0.81901334, 0.81728354, 0.820999  ,
       0.82582884, 0.82188766, 0.83327361, 0.83366907, 0.83088262]), array([0.82556327, 0.84225801, 0.81878495, 0.81958104, 0.81954889,
       0.82642824, 0.82292738, 0.83145533, 0.83454236, 0.83171874]), array([0.82451224, 0.84243045, 0.81909444, 0.81805111, 0.82049542,
       0.82497315, 0.82204879, 0.83485079, 0.83178542, 0.8325163 ]), array([0.82425566, 0.84298099, 0.81788558, 0.81759317, 0.82092983,
       0.8268074 , 0.82233494, 0.83043231, 0.83200347, 0.83089653])]
real metric: [array([0.56407387, 0.69395973, 0.44915254, 0.34291378, 0.5046729 ,
       0.37053088, 0.4041705 , 0.49019608, 0.29161604, 0.55600981]), array([0.57081314, 0.70372881, 0.4527027 , 0.35      , 0.48456057,
       0.39121339, 0.39355231, 0.54945055, 0.31904762, 0.59693878]), array([0.56871036, 0.68836565, 0.48264463, 0.35867446, 0.45303867,
       0.41935484, 0.40571606, 0.52291667, 0.26585366, 0.57467532]), array([0.56160762, 0.72618254, 0.47696477, 0.37728585, 0.49925037,
       0.4035964 , 0.37952956, 0.51709402, 0.2983683 , 0.60320135]), array([0.55964326, 0.70762712, 0.42009132, 0.36041667, 0.47732697,
       0.41025641, 0.39845606, 0.51351351, 0.26932668, 0.57392687])]

estim_algorithm = ts-model, mode = classification, metric = f1score, confidence_scores = energy-conf, class_specific = True
test err: [0.2294656681333412, 0.21928371362802893, 0.22296141936180058, 0.21656312897267133, 0.22642259399658168]
estimated metric: [array([0.68796864, 0.77101488, 0.73487173, 0.61057241, 0.78635466,
       0.63897637, 0.79837547, 0.71753139, 0.63645026, 0.57983699]), array([0.68890311, 0.77167509, 0.73508674, 0.60957705, 0.78638283,
       0.6362726 , 0.79806121, 0.71876137, 0.64243032, 0.57618286]), array([0.68979105, 0.76988282, 0.73472978, 0.61473456, 0.78472882,
       0.63742981, 0.79920407, 0.7159795 , 0.6441925 , 0.57889163]), array([0.68787233, 0.77010123, 0.73518985, 0.6113986 , 0.7858112 ,
       0.63416034, 0.79823343, 0.721512  , 0.63895819, 0.58092779]), array([0.68745089, 0.77074195, 0.73354417, 0.61047964, 0.78631315,
       0.63809968, 0.79855455, 0.71418951, 0.63883232, 0.57660495])]
real metric: [array([0.56407387, 0.69395973, 0.44915254, 0.34291378, 0.5046729 ,
       0.37053088, 0.4041705 , 0.49019608, 0.29161604, 0.55600981]), array([0.57081314, 0.70372881, 0.4527027 , 0.35      , 0.48456057,
       0.39121339, 0.39355231, 0.54945055, 0.31904762, 0.59693878]), array([0.56871036, 0.68836565, 0.48264463, 0.35867446, 0.45303867,
       0.41935484, 0.40571606, 0.52291667, 0.26585366, 0.57467532]), array([0.56160762, 0.72618254, 0.47696477, 0.37728585, 0.49925037,
       0.4035964 , 0.37952956, 0.51709402, 0.2983683 , 0.60320135]), array([0.55964326, 0.70762712, 0.42009132, 0.36041667, 0.47732697,
       0.41025641, 0.39845606, 0.51351351, 0.26932668, 0.57392687])]

estim_algorithm = ts-model, mode = classification, metric = f1score, confidence_scores = entropy-conf, class_specific = False
test err: [0.2454816029833713, 0.23311384374120286, 0.24176664139608853, 0.2281711238198, 0.24476522814329066]
estimated metric: [array([0.74380108, 0.81409718, 0.6415521 , 0.62223015, 0.66471534,
       0.70824009, 0.74358452, 0.75538852, 0.70042824, 0.72807493]), array([0.74856044, 0.82525622, 0.64201902, 0.6098729 , 0.66521052,
       0.72043624, 0.7402383 , 0.74857526, 0.71505819, 0.72791922]), array([0.75388238, 0.80407242, 0.64253845, 0.62288398, 0.65912879,
       0.71375059, 0.7492221 , 0.74997762, 0.73108642, 0.73107399]), array([0.73978954, 0.8133594 , 0.63750356, 0.61459565, 0.66337495,
       0.68852108, 0.73915938, 0.75900677, 0.73155469, 0.737927  ]), array([0.74375394, 0.81177351, 0.62691583, 0.62031839, 0.67229032,
       0.72449843, 0.74024011, 0.74079195, 0.72889873, 0.72875594])]
real metric: [array([0.56407387, 0.69395973, 0.44915254, 0.34291378, 0.5046729 ,
       0.37053088, 0.4041705 , 0.49019608, 0.29161604, 0.55600981]), array([0.57081314, 0.70372881, 0.4527027 , 0.35      , 0.48456057,
       0.39121339, 0.39355231, 0.54945055, 0.31904762, 0.59693878]), array([0.56871036, 0.68836565, 0.48264463, 0.35867446, 0.45303867,
       0.41935484, 0.40571606, 0.52291667, 0.26585366, 0.57467532]), array([0.56160762, 0.72618254, 0.47696477, 0.37728585, 0.49925037,
       0.4035964 , 0.37952956, 0.51709402, 0.2983683 , 0.60320135]), array([0.55964326, 0.70762712, 0.42009132, 0.36041667, 0.47732697,
       0.41025641, 0.39845606, 0.51351351, 0.26932668, 0.57392687])]

estim_algorithm = ts-model, mode = classification, metric = f1score, confidence_scores = entropy-conf, class_specific = True
test err: [0.12076950150720647, 0.11758767864657649, 0.12153015653010446, 0.11887161666924546, 0.12473367185757253]
estimated metric: [array([0.55613931, 0.64996576, 0.54116402, 0.46040969, 0.61900666,
       0.49023433, 0.6910442 , 0.63432183, 0.47656826, 0.45973961]), array([0.56252069, 0.66262762, 0.54331307, 0.45159211, 0.61935063,
       0.4919282 , 0.68804212, 0.62674043, 0.50219123, 0.45308629]), array([0.57036718, 0.63912672, 0.54180779, 0.47251903, 0.61194764,
       0.49356277, 0.69786923, 0.62954152, 0.51017347, 0.45949196]), array([0.55381832, 0.6492589 , 0.5403985 , 0.45967719, 0.61675315,
       0.4652512 , 0.68664372, 0.64133894, 0.50928418, 0.46645574]), array([0.55465062, 0.64641715, 0.52592988, 0.4603667 , 0.62659936,
       0.49795075, 0.68808878, 0.61366583, 0.49932976, 0.45533619])]
real metric: [array([0.56407387, 0.69395973, 0.44915254, 0.34291378, 0.5046729 ,
       0.37053088, 0.4041705 , 0.49019608, 0.29161604, 0.55600981]), array([0.57081314, 0.70372881, 0.4527027 , 0.35      , 0.48456057,
       0.39121339, 0.39355231, 0.54945055, 0.31904762, 0.59693878]), array([0.56871036, 0.68836565, 0.48264463, 0.35867446, 0.45303867,
       0.41935484, 0.40571606, 0.52291667, 0.26585366, 0.57467532]), array([0.56160762, 0.72618254, 0.47696477, 0.37728585, 0.49925037,
       0.4035964 , 0.37952956, 0.51709402, 0.2983683 , 0.60320135]), array([0.55964326, 0.70762712, 0.42009132, 0.36041667, 0.47732697,
       0.41025641, 0.39845606, 0.51351351, 0.26932668, 0.57392687])]

estim_algorithm = ts-model, mode = classification, metric = f1score, confidence_scores = doctor-conf, class_specific = False
test err: [0.20487010092163432, 0.1916655919651399, 0.20242292134575837, 0.18588736616256124, 0.20589130318997753]
estimated metric: [array([0.7141912 , 0.79923801, 0.57374226, 0.54834014, 0.60335806,
       0.66836727, 0.71750844, 0.73203448, 0.66952252, 0.68969475]), array([0.72229194, 0.81318844, 0.56972245, 0.52903098, 0.60581789,
       0.6871154 , 0.71132692, 0.71528085, 0.67869797, 0.69619095]), array([0.7268888 , 0.7849033 , 0.57706458, 0.54992276, 0.59800438,
       0.67149409, 0.72292982, 0.72046299, 0.71312197, 0.69938686]), array([0.70902484, 0.79749631, 0.56722429, 0.53189952, 0.6060001 ,
       0.63777329, 0.70931905, 0.73219606, 0.70652467, 0.70449632]), array([0.71362865, 0.79797283, 0.54942686, 0.54524524, 0.61551616,
       0.69644263, 0.71115054, 0.71094604, 0.71300656, 0.69616238])]
real metric: [array([0.56407387, 0.69395973, 0.44915254, 0.34291378, 0.5046729 ,
       0.37053088, 0.4041705 , 0.49019608, 0.29161604, 0.55600981]), array([0.57081314, 0.70372881, 0.4527027 , 0.35      , 0.48456057,
       0.39121339, 0.39355231, 0.54945055, 0.31904762, 0.59693878]), array([0.56871036, 0.68836565, 0.48264463, 0.35867446, 0.45303867,
       0.41935484, 0.40571606, 0.52291667, 0.26585366, 0.57467532]), array([0.56160762, 0.72618254, 0.47696477, 0.37728585, 0.49925037,
       0.4035964 , 0.37952956, 0.51709402, 0.2983683 , 0.60320135]), array([0.55964326, 0.70762712, 0.42009132, 0.36041667, 0.47732697,
       0.41025641, 0.39845606, 0.51351351, 0.26932668, 0.57392687])]

estim_algorithm = ts-model, mode = classification, metric = f1score, confidence_scores = doctor-conf, class_specific = True
test err: [0.08499212513113848, 0.0846887846634234, 0.09718684906916172, 0.0977026481603816, 0.0906891832842874]
estimated metric: [array([0.50251037, 0.61111767, 0.45673615, 0.37468791, 0.54704699,
       0.39480132, 0.65245086, 0.59759787, 0.36713331, 0.38769581]), array([0.51501434, 0.62827126, 0.45422144, 0.36943505, 0.55002662,
       0.40712344, 0.64667706, 0.59268024, 0.41672141, 0.3776654 ]), array([0.51939043, 0.59659127, 0.45942579, 0.39948646, 0.53990209,
       0.4186087 , 0.66006596, 0.59407999, 0.42544922, 0.38065032]), array([0.49642313, 0.61259842, 0.45515542, 0.37649832, 0.54960175,
       0.35862308, 0.64333643, 0.60523841, 0.42465761, 0.40110562]), array([0.50015492, 0.60711797, 0.42713737, 0.36706685, 0.56078266,
       0.41470437, 0.64619211, 0.57332471, 0.40975344, 0.37660641])]
real metric: [array([0.56407387, 0.69395973, 0.44915254, 0.34291378, 0.5046729 ,
       0.37053088, 0.4041705 , 0.49019608, 0.29161604, 0.55600981]), array([0.57081314, 0.70372881, 0.4527027 , 0.35      , 0.48456057,
       0.39121339, 0.39355231, 0.54945055, 0.31904762, 0.59693878]), array([0.56871036, 0.68836565, 0.48264463, 0.35867446, 0.45303867,
       0.41935484, 0.40571606, 0.52291667, 0.26585366, 0.57467532]), array([0.56160762, 0.72618254, 0.47696477, 0.37728585, 0.49925037,
       0.4035964 , 0.37952956, 0.51709402, 0.2983683 , 0.60320135]), array([0.55964326, 0.70762712, 0.42009132, 0.36041667, 0.47732697,
       0.41025641, 0.39845606, 0.51351351, 0.26932668, 0.57392687])]

estim_algorithm = doc-model, mode = classification, metric = f1score, confidence_scores = max_class_probability-conf, class_specific = False
test err: [0.3265950283255901, 0.31344493909438, 0.3200277041731844, 0.3073699013357145, 0.3279099717948742]
estimated metric: [array([0.82219997, 0.83420501, 0.7537491 , 0.76508648, 0.77117912,
       0.78675631, 0.83562158, 0.81196701, 0.75102883, 0.80145301]), array([0.82207587, 0.83426254, 0.75364069, 0.74366305, 0.77757769,
       0.81219618, 0.83161361, 0.81222719, 0.76368704, 0.7955134 ]), array([0.82435947, 0.82524028, 0.75810823, 0.74158616, 0.77723231,
       0.79205318, 0.83641689, 0.80413747, 0.78202182, 0.79907157]), array([0.81398971, 0.83008144, 0.74592456, 0.74327749, 0.77297428,
       0.78043683, 0.83223715, 0.81516441, 0.77578766, 0.80690626]), array([0.82094979, 0.83354126, 0.74975081, 0.75798616, 0.77566678,
       0.79599864, 0.83317594, 0.80981032, 0.79200277, 0.80080211])]
real metric: [array([0.56407387, 0.69395973, 0.44915254, 0.34291378, 0.5046729 ,
       0.37053088, 0.4041705 , 0.49019608, 0.29161604, 0.55600981]), array([0.57081314, 0.70372881, 0.4527027 , 0.35      , 0.48456057,
       0.39121339, 0.39355231, 0.54945055, 0.31904762, 0.59693878]), array([0.56871036, 0.68836565, 0.48264463, 0.35867446, 0.45303867,
       0.41935484, 0.40571606, 0.52291667, 0.26585366, 0.57467532]), array([0.56160762, 0.72618254, 0.47696477, 0.37728585, 0.49925037,
       0.4035964 , 0.37952956, 0.51709402, 0.2983683 , 0.60320135]), array([0.55964326, 0.70762712, 0.42009132, 0.36041667, 0.47732697,
       0.41025641, 0.39845606, 0.51351351, 0.26932668, 0.57392687])]

estim_algorithm = doc-model, mode = classification, metric = f1score, confidence_scores = max_class_probability-conf, class_specific = True
test err: [0.201201047778726, 0.19480067771850162, 0.19591740078061423, 0.18636299011189564, 0.20437617817199855]
estimated metric: [array([0.67443309, 0.77664791, 0.67267129, 0.58906286, 0.72069351,
       0.62038831, 0.8054464 , 0.70676529, 0.54028603, 0.5729119 ]), array([0.67453932, 0.77668465, 0.67269006, 0.56272236, 0.72763869,
       0.6535444 , 0.80122763, 0.70690418, 0.55668753, 0.56650172]), array([0.6770483 , 0.76673013, 0.67780609, 0.559693  , 0.72725297,
       0.62702379, 0.80628346, 0.69753088, 0.58116005, 0.57075497]), array([0.66404667, 0.77205485, 0.66393881, 0.56130767, 0.72264147,
       0.61303138, 0.80188401, 0.71023906, 0.57211351, 0.58094945]), array([0.67245699, 0.77586582, 0.66813491, 0.58059261, 0.72555676,
       0.63323676, 0.80287223, 0.70443029, 0.59573858, 0.57239205])]
real metric: [array([0.56407387, 0.69395973, 0.44915254, 0.34291378, 0.5046729 ,
       0.37053088, 0.4041705 , 0.49019608, 0.29161604, 0.55600981]), array([0.57081314, 0.70372881, 0.4527027 , 0.35      , 0.48456057,
       0.39121339, 0.39355231, 0.54945055, 0.31904762, 0.59693878]), array([0.56871036, 0.68836565, 0.48264463, 0.35867446, 0.45303867,
       0.41935484, 0.40571606, 0.52291667, 0.26585366, 0.57467532]), array([0.56160762, 0.72618254, 0.47696477, 0.37728585, 0.49925037,
       0.4035964 , 0.37952956, 0.51709402, 0.2983683 , 0.60320135]), array([0.55964326, 0.70762712, 0.42009132, 0.36041667, 0.47732697,
       0.41025641, 0.39845606, 0.51351351, 0.26932668, 0.57392687])]

estim_algorithm = doc-model, mode = classification, metric = f1score, confidence_scores = energy-conf, class_specific = False
test err: [0.29974853811569985, 0.28605197892739004, 0.2939596087892556, 0.28242391310924714, 0.2969235555476646]
estimated metric: [array([0.77028271, 0.82723984, 0.73050634, 0.72272665, 0.74159547,
       0.76658238, 0.7636841 , 0.79086611, 0.77082847, 0.78046943]), array([0.77281265, 0.83241181, 0.73131654, 0.71908367, 0.74218124,
       0.76595627, 0.76274566, 0.78716845, 0.78143344, 0.77741792]), array([0.77590422, 0.82308619, 0.73036244, 0.72815282, 0.73718088,
       0.76581933, 0.76714822, 0.78689553, 0.78479559, 0.7802012 ]), array([0.7694629 , 0.82632761, 0.73069948, 0.72235845, 0.74036497,
       0.75619537, 0.76244077, 0.79454137, 0.78180562, 0.78312337]), array([0.76973508, 0.82596341, 0.72542051, 0.72255982, 0.7437866 ,
       0.76846738, 0.7636387 , 0.78173374, 0.78025756, 0.77825764])]
real metric: [array([0.56407387, 0.69395973, 0.44915254, 0.34291378, 0.5046729 ,
       0.37053088, 0.4041705 , 0.49019608, 0.29161604, 0.55600981]), array([0.57081314, 0.70372881, 0.4527027 , 0.35      , 0.48456057,
       0.39121339, 0.39355231, 0.54945055, 0.31904762, 0.59693878]), array([0.56871036, 0.68836565, 0.48264463, 0.35867446, 0.45303867,
       0.41935484, 0.40571606, 0.52291667, 0.26585366, 0.57467532]), array([0.56160762, 0.72618254, 0.47696477, 0.37728585, 0.49925037,
       0.4035964 , 0.37952956, 0.51709402, 0.2983683 , 0.60320135]), array([0.55964326, 0.70762712, 0.42009132, 0.36041667, 0.47732697,
       0.41025641, 0.39845606, 0.51351351, 0.26932668, 0.57392687])]

estim_algorithm = doc-model, mode = classification, metric = f1score, confidence_scores = energy-conf, class_specific = True
test err: [0.16797507007735715, 0.16378520246445777, 0.16678270647198354, 0.16539542661100198, 0.17146078798968298]
estimated metric: [array([0.62972387, 0.69916592, 0.64648762, 0.54559427, 0.71111143,
       0.56140738, 0.73181332, 0.66752185, 0.557026  , 0.51482447]), array([0.63294366, 0.70413388, 0.64755236, 0.54063152, 0.71169588,
       0.56091739, 0.73073924, 0.66518372, 0.57163756, 0.50945287]), array([0.63655471, 0.6928652 , 0.6464623 , 0.55256143, 0.70646316,
       0.56087698, 0.7354772 , 0.66306107, 0.57836045, 0.51425577]), array([0.62857794, 0.69713983, 0.64673029, 0.54512121, 0.70987114,
       0.54785222, 0.73046881, 0.6741358 , 0.57172078, 0.51907109]), array([0.6288649 , 0.69747243, 0.64075689, 0.5451799 , 0.71331604,
       0.56447282, 0.73181593, 0.65619081, 0.56981478, 0.51085486])]
real metric: [array([0.56407387, 0.69395973, 0.44915254, 0.34291378, 0.5046729 ,
       0.37053088, 0.4041705 , 0.49019608, 0.29161604, 0.55600981]), array([0.57081314, 0.70372881, 0.4527027 , 0.35      , 0.48456057,
       0.39121339, 0.39355231, 0.54945055, 0.31904762, 0.59693878]), array([0.56871036, 0.68836565, 0.48264463, 0.35867446, 0.45303867,
       0.41935484, 0.40571606, 0.52291667, 0.26585366, 0.57467532]), array([0.56160762, 0.72618254, 0.47696477, 0.37728585, 0.49925037,
       0.4035964 , 0.37952956, 0.51709402, 0.2983683 , 0.60320135]), array([0.55964326, 0.70762712, 0.42009132, 0.36041667, 0.47732697,
       0.41025641, 0.39845606, 0.51351351, 0.26932668, 0.57392687])]

estim_algorithm = doc-model, mode = classification, metric = f1score, confidence_scores = entropy-conf, class_specific = False
test err: [0.315037414030731, 0.30059991306723916, 0.3076430296846798, 0.2956339874180185, 0.3157870366938943]
estimated metric: [array([0.80913922, 0.82979276, 0.73961789, 0.74146539, 0.75480168,
       0.77558085, 0.82242149, 0.80329419, 0.75194839, 0.7896084 ]), array([0.8099467 , 0.83358081, 0.7379593 , 0.72037421, 0.75831079,
       0.79584527, 0.8184061 , 0.79950305, 0.75925277, 0.784828  ]), array([0.81394298, 0.82116919, 0.74149111, 0.72073026, 0.75613395,
       0.77889784, 0.82397897, 0.79324005, 0.77809698, 0.78869929]), array([0.80295245, 0.826929  , 0.73049409, 0.72192434, 0.75524598,
       0.76834742, 0.81940575, 0.80399688, 0.77562055, 0.79450418]), array([0.81016531, 0.82881444, 0.73227224, 0.73570665, 0.75938241,
       0.78852703, 0.81949531, 0.79895611, 0.78623857, 0.78889715])]
real metric: [array([0.56407387, 0.69395973, 0.44915254, 0.34291378, 0.5046729 ,
       0.37053088, 0.4041705 , 0.49019608, 0.29161604, 0.55600981]), array([0.57081314, 0.70372881, 0.4527027 , 0.35      , 0.48456057,
       0.39121339, 0.39355231, 0.54945055, 0.31904762, 0.59693878]), array([0.56871036, 0.68836565, 0.48264463, 0.35867446, 0.45303867,
       0.41935484, 0.40571606, 0.52291667, 0.26585366, 0.57467532]), array([0.56160762, 0.72618254, 0.47696477, 0.37728585, 0.49925037,
       0.4035964 , 0.37952956, 0.51709402, 0.2983683 , 0.60320135]), array([0.55964326, 0.70762712, 0.42009132, 0.36041667, 0.47732697,
       0.41025641, 0.39845606, 0.51351351, 0.26932668, 0.57392687])]

estim_algorithm = doc-model, mode = classification, metric = f1score, confidence_scores = entropy-conf, class_specific = True
test err: [0.18773979391451304, 0.18309129986544154, 0.18476292871845057, 0.17671468707771304, 0.19384732676328623]
estimated metric: [array([0.6561933 , 0.76631754, 0.65697542, 0.56493311, 0.70672008,
       0.60418788, 0.79172906, 0.70079397, 0.5405823 , 0.55575823]), array([0.65810909, 0.77049905, 0.65521401, 0.53986919, 0.71063982,
       0.63129619, 0.7874861 , 0.69611867, 0.55184446, 0.55203327]), array([0.66232578, 0.75669315, 0.65927892, 0.54114414, 0.70814372,
       0.60886168, 0.79332039, 0.68899449, 0.57524504, 0.55577834]), array([0.64904209, 0.76304372, 0.64675512, 0.54247542, 0.70733307,
       0.59648569, 0.78852232, 0.70084325, 0.57182635, 0.56250208]), array([0.65732098, 0.76509407, 0.64883286, 0.55858236, 0.71172565,
       0.62243076, 0.78863772, 0.69575545, 0.58832468, 0.55550013])]
real metric: [array([0.56407387, 0.69395973, 0.44915254, 0.34291378, 0.5046729 ,
       0.37053088, 0.4041705 , 0.49019608, 0.29161604, 0.55600981]), array([0.57081314, 0.70372881, 0.4527027 , 0.35      , 0.48456057,
       0.39121339, 0.39355231, 0.54945055, 0.31904762, 0.59693878]), array([0.56871036, 0.68836565, 0.48264463, 0.35867446, 0.45303867,
       0.41935484, 0.40571606, 0.52291667, 0.26585366, 0.57467532]), array([0.56160762, 0.72618254, 0.47696477, 0.37728585, 0.49925037,
       0.4035964 , 0.37952956, 0.51709402, 0.2983683 , 0.60320135]), array([0.55964326, 0.70762712, 0.42009132, 0.36041667, 0.47732697,
       0.41025641, 0.39845606, 0.51351351, 0.26932668, 0.57392687])]

estim_algorithm = doc-model, mode = classification, metric = f1score, confidence_scores = doctor-conf, class_specific = False
test err: [0.33974851935821665, 0.3241619884978627, 0.33054645468034305, 0.31968097611392937, 0.33952540189269786]
estimated metric: [array([0.82691898, 0.83598862, 0.77742724, 0.78426409, 0.78849006,
       0.8027935 , 0.83632599, 0.81694192, 0.78238384, 0.81324707]), array([0.82544943, 0.83644714, 0.7762013 , 0.76225618, 0.79376872,
       0.81950006, 0.83298648, 0.81492621, 0.78608203, 0.8060102 ]), array([0.82930277, 0.82789171, 0.78094396, 0.75537115, 0.79104489,
       0.80266979, 0.83753599, 0.80928019, 0.80232357, 0.80905084]), array([0.82001489, 0.83167137, 0.77072961, 0.76351225, 0.78650221,
       0.79583668, 0.83382102, 0.82326343, 0.79783404, 0.81670505]), array([0.82658992, 0.83525263, 0.7746088 , 0.77622348, 0.78982322,
       0.81116835, 0.83476747, 0.81715309, 0.80889938, 0.81135255])]
real metric: [array([0.56407387, 0.69395973, 0.44915254, 0.34291378, 0.5046729 ,
       0.37053088, 0.4041705 , 0.49019608, 0.29161604, 0.55600981]), array([0.57081314, 0.70372881, 0.4527027 , 0.35      , 0.48456057,
       0.39121339, 0.39355231, 0.54945055, 0.31904762, 0.59693878]), array([0.56871036, 0.68836565, 0.48264463, 0.35867446, 0.45303867,
       0.41935484, 0.40571606, 0.52291667, 0.26585366, 0.57467532]), array([0.56160762, 0.72618254, 0.47696477, 0.37728585, 0.49925037,
       0.4035964 , 0.37952956, 0.51709402, 0.2983683 , 0.60320135]), array([0.55964326, 0.70762712, 0.42009132, 0.36041667, 0.47732697,
       0.41025641, 0.39845606, 0.51351351, 0.26932668, 0.57392687])]

estim_algorithm = doc-model, mode = classification, metric = f1score, confidence_scores = doctor-conf, class_specific = True
test err: [0.21868253007825594, 0.20603209148333562, 0.20963991751411654, 0.19984522208354488, 0.21965502111588803]
estimated metric: [array([0.68249878, 0.78740357, 0.69837341, 0.59911358, 0.74428372,
       0.63884833, 0.81108555, 0.71326598, 0.58743809, 0.59181041]), array([0.68191292, 0.78788517, 0.69723662, 0.57421879, 0.74993757,
       0.6614987 , 0.80755448, 0.7116433 , 0.59292745, 0.58636375]), array([0.68565425, 0.77860033, 0.70254542, 0.56640177, 0.74694811,
       0.63877907, 0.81225494, 0.70430368, 0.61231596, 0.58854596]), array([0.6745432 , 0.78267314, 0.6910101 , 0.57609767, 0.74261725,
       0.63196308, 0.80842   , 0.71958358, 0.60585133, 0.59762903]), array([0.68165987, 0.78627191, 0.69548798, 0.59004932, 0.7458976 ,
       0.65132653, 0.80941244, 0.71338431, 0.62334696, 0.59029814])]
real metric: [array([0.56407387, 0.69395973, 0.44915254, 0.34291378, 0.5046729 ,
       0.37053088, 0.4041705 , 0.49019608, 0.29161604, 0.55600981]), array([0.57081314, 0.70372881, 0.4527027 , 0.35      , 0.48456057,
       0.39121339, 0.39355231, 0.54945055, 0.31904762, 0.59693878]), array([0.56871036, 0.68836565, 0.48264463, 0.35867446, 0.45303867,
       0.41935484, 0.40571606, 0.52291667, 0.26585366, 0.57467532]), array([0.56160762, 0.72618254, 0.47696477, 0.37728585, 0.49925037,
       0.4035964 , 0.37952956, 0.51709402, 0.2983683 , 0.60320135]), array([0.55964326, 0.70762712, 0.42009132, 0.36041667, 0.47732697,
       0.41025641, 0.39845606, 0.51351351, 0.26932668, 0.57392687])]

estim_algorithm = atc-model, mode = classification, metric = f1score, confidence_scores = max_class_probability-conf, class_specific = False
test err: [0.21261222401498578, 0.21014208391447045, 0.22152655508018387, 0.19815955900938756, 0.22535694259090627]
estimated metric: [array([0.7620614 , 0.80647649, 0.5641749 , 0.59174313, 0.61097852,
       0.65909092, 0.80860113, 0.75892858, 0.52577322, 0.70559007]), array([0.7635972 , 0.81884647, 0.55128206, 0.55555557, 0.61944778,
       0.7277487 , 0.79628339, 0.75903615, 0.61751154, 0.70411985]), array([0.77065162, 0.79646018, 0.56776035, 0.58004641, 0.62211422,
       0.69451698, 0.80967201, 0.744921  , 0.65240644, 0.71666667]), array([0.75437666, 0.81060016, 0.55950542, 0.53395786, 0.63586359,
       0.66500001, 0.8016449 , 0.74231679, 0.60784316, 0.71356784]), array([0.76600323, 0.80564784, 0.55184535, 0.57568239, 0.64656213,
       0.66997519, 0.79827155, 0.73347549, 0.68393784, 0.71275328])]
real metric: [array([0.56407387, 0.69395973, 0.44915254, 0.34291378, 0.5046729 ,
       0.37053088, 0.4041705 , 0.49019608, 0.29161604, 0.55600981]), array([0.57081314, 0.70372881, 0.4527027 , 0.35      , 0.48456057,
       0.39121339, 0.39355231, 0.54945055, 0.31904762, 0.59693878]), array([0.56871036, 0.68836565, 0.48264463, 0.35867446, 0.45303867,
       0.41935484, 0.40571606, 0.52291667, 0.26585366, 0.57467532]), array([0.56160762, 0.72618254, 0.47696477, 0.37728585, 0.49925037,
       0.4035964 , 0.37952956, 0.51709402, 0.2983683 , 0.60320135]), array([0.55964326, 0.70762712, 0.42009132, 0.36041667, 0.47732697,
       0.41025641, 0.39845606, 0.51351351, 0.26932668, 0.57392687])]

estim_algorithm = atc-model, mode = classification, metric = f1score, confidence_scores = max_class_probability-conf, class_specific = True
test err: [0.09610190852623668, 0.10780977665113697, 0.11414856201138568, 0.1080337919494407, 0.11207235601588039]
estimated metric: [array([0.53185956, 0.58887876, 0.44342508, 0.44162438, 0.53030304,
       0.47741937, 0.7124617 , 0.65375304, 0.29761909, 0.4470939 ]), array([0.54499367, 0.6112703 , 0.4278261 , 0.43715849, 0.52752882,
       0.54925374, 0.71126585, 0.67948719, 0.36956525, 0.4484305 ]), array([0.55488541, 0.5752381 , 0.41390206, 0.47381547, 0.52727273,
       0.51190478, 0.71624064, 0.65048545, 0.3636364 , 0.44668589]), array([0.52974327, 0.60766424, 0.40955632, 0.45049506, 0.54630716,
       0.44767443, 0.70787689, 0.64285715, 0.42222225, 0.48296297]), array([0.53042922, 0.5734127 , 0.41233142, 0.47745359, 0.5485123 ,
       0.51111112, 0.71435523, 0.64383562, 0.33986932, 0.43023257])]
real metric: [array([0.56407387, 0.69395973, 0.44915254, 0.34291378, 0.5046729 ,
       0.37053088, 0.4041705 , 0.49019608, 0.29161604, 0.55600981]), array([0.57081314, 0.70372881, 0.4527027 , 0.35      , 0.48456057,
       0.39121339, 0.39355231, 0.54945055, 0.31904762, 0.59693878]), array([0.56871036, 0.68836565, 0.48264463, 0.35867446, 0.45303867,
       0.41935484, 0.40571606, 0.52291667, 0.26585366, 0.57467532]), array([0.56160762, 0.72618254, 0.47696477, 0.37728585, 0.49925037,
       0.4035964 , 0.37952956, 0.51709402, 0.2983683 , 0.60320135]), array([0.55964326, 0.70762712, 0.42009132, 0.36041667, 0.47732697,
       0.41025641, 0.39845606, 0.51351351, 0.26932668, 0.57392687])]

estim_algorithm = atc-model, mode = classification, metric = f1score, confidence_scores = energy-conf, class_specific = False
test err: [0.11645093716021768, 0.11033228454672694, 0.12436962487457762, 0.11247908442755891, 0.11226381293640805]
estimated metric: [array([0.62568473, 0.77240286, 0.43384616, 0.37566139, 0.49222799,
       0.5825826 , 0.58727935, 0.65048545, 0.63809526, 0.61803714]), array([0.64061575, 0.78833334, 0.41681262, 0.39325844, 0.48484849,
       0.57478007, 0.58608459, 0.66810346, 0.65470854, 0.63600526]), array([0.63475784, 0.74601844, 0.428795  , 0.42268043, 0.47375505,
       0.61878454, 0.59983103, 0.66346155, 0.68062829, 0.60723515]), array([0.60652819, 0.76236821, 0.41226577, 0.37402599, 0.48225215,
       0.53698631, 0.58376215, 0.68965518, 0.6851852 , 0.6649283 ]), array([0.61222021, 0.77198975, 0.3811395 , 0.35057473, 0.51390729,
       0.59317586, 0.58413719, 0.62817553, 0.66315791, 0.6171575 ])]
real metric: [array([0.56407387, 0.69395973, 0.44915254, 0.34291378, 0.5046729 ,
       0.37053088, 0.4041705 , 0.49019608, 0.29161604, 0.55600981]), array([0.57081314, 0.70372881, 0.4527027 , 0.35      , 0.48456057,
       0.39121339, 0.39355231, 0.54945055, 0.31904762, 0.59693878]), array([0.56871036, 0.68836565, 0.48264463, 0.35867446, 0.45303867,
       0.41935484, 0.40571606, 0.52291667, 0.26585366, 0.57467532]), array([0.56160762, 0.72618254, 0.47696477, 0.37728585, 0.49925037,
       0.4035964 , 0.37952956, 0.51709402, 0.2983683 , 0.60320135]), array([0.55964326, 0.70762712, 0.42009132, 0.36041667, 0.47732697,
       0.41025641, 0.39845606, 0.51351351, 0.26932668, 0.57392687])]

estim_algorithm = atc-model, mode = classification, metric = f1score, confidence_scores = energy-conf, class_specific = True
test err: [0.08256095866920385, 0.09736437700454051, 0.09684918068314627, 0.1203053047764719, 0.09985596044989768]
estimated metric: [array([0.45765028, 0.57589697, 0.36334406, 0.26553674, 0.44800001,
       0.32028472, 0.49267564, 0.49729731, 0.32748542, 0.35646689]), array([0.45595158, 0.59922929, 0.3652803 , 0.28742517, 0.42249658,
       0.31250002, 0.4794601 , 0.52857144, 0.41269844, 0.33386839]), array([0.46803069, 0.56567594, 0.36747969, 0.30470916, 0.41841005,
       0.32214767, 0.50825083, 0.51733335, 0.3636364 , 0.33641976]), array([0.44400265, 0.56578948, 0.35915494, 0.2802198 , 0.43037975,
       0.26623379, 0.48455185, 0.55434784, 0.38636367, 0.32952693]), array([0.44157609, 0.56056056, 0.34538154, 0.23384618, 0.47138965,
       0.28205131, 0.48769319, 0.5075377 , 0.32894741, 0.33075735])]
real metric: [array([0.56407387, 0.69395973, 0.44915254, 0.34291378, 0.5046729 ,
       0.37053088, 0.4041705 , 0.49019608, 0.29161604, 0.55600981]), array([0.57081314, 0.70372881, 0.4527027 , 0.35      , 0.48456057,
       0.39121339, 0.39355231, 0.54945055, 0.31904762, 0.59693878]), array([0.56871036, 0.68836565, 0.48264463, 0.35867446, 0.45303867,
       0.41935484, 0.40571606, 0.52291667, 0.26585366, 0.57467532]), array([0.56160762, 0.72618254, 0.47696477, 0.37728585, 0.49925037,
       0.4035964 , 0.37952956, 0.51709402, 0.2983683 , 0.60320135]), array([0.55964326, 0.70762712, 0.42009132, 0.36041667, 0.47732697,
       0.41025641, 0.39845606, 0.51351351, 0.26932668, 0.57392687])]

estim_algorithm = atc-model, mode = classification, metric = f1score, confidence_scores = entropy-conf, class_specific = False
test err: [0.20782044462123742, 0.20520361624409458, 0.21462707654796107, 0.19458474548729265, 0.21796072848437062]
estimated metric: [array([0.74555556, 0.80185759, 0.56619719, 0.58198615, 0.60431655,
       0.65909092, 0.79464499, 0.75615213, 0.53333336, 0.70236613]), array([0.76092823, 0.81788618, 0.5466238 , 0.53333335, 0.61278649,
       0.72105264, 0.78442411, 0.75903615, 0.62385323, 0.70411985]), array([0.76111686, 0.79646018, 0.55331413, 0.56000001, 0.61707318,
       0.68421053, 0.79990345, 0.74774775, 0.64516131, 0.72123369]), array([0.7470651 , 0.80874317, 0.54828661, 0.53051644, 0.62375139,
       0.66500001, 0.78697356, 0.74528302, 0.62135924, 0.71194969]), array([0.75461455, 0.80564784, 0.53641209, 0.56140352, 0.63170732,
       0.67326733, 0.78584559, 0.73076924, 0.68393784, 0.70658683])]
real metric: [array([0.56407387, 0.69395973, 0.44915254, 0.34291378, 0.5046729 ,
       0.37053088, 0.4041705 , 0.49019608, 0.29161604, 0.55600981]), array([0.57081314, 0.70372881, 0.4527027 , 0.35      , 0.48456057,
       0.39121339, 0.39355231, 0.54945055, 0.31904762, 0.59693878]), array([0.56871036, 0.68836565, 0.48264463, 0.35867446, 0.45303867,
       0.41935484, 0.40571606, 0.52291667, 0.26585366, 0.57467532]), array([0.56160762, 0.72618254, 0.47696477, 0.37728585, 0.49925037,
       0.4035964 , 0.37952956, 0.51709402, 0.2983683 , 0.60320135]), array([0.55964326, 0.70762712, 0.42009132, 0.36041667, 0.47732697,
       0.41025641, 0.39845606, 0.51351351, 0.26932668, 0.57392687])]

estim_algorithm = atc-model, mode = classification, metric = f1score, confidence_scores = entropy-conf, class_specific = True
test err: [0.09211848985964509, 0.10613325344538053, 0.11370610860401978, 0.1042523150411189, 0.10898062750215454]
estimated metric: [array([0.53090436, 0.58500914, 0.43865032, 0.43765905, 0.52284265,
       0.47249193, 0.69513458, 0.64720196, 0.29761909, 0.4562963 ]), array([0.54036873, 0.60594439, 0.4278261 , 0.44986451, 0.51994853,
       0.55357144, 0.69042204, 0.68230278, 0.36065577, 0.45765231]), array([0.54875833, 0.56704981, 0.40887481, 0.46616543, 0.51958225,
       0.51632049, 0.70013072, 0.65375304, 0.3636364 , 0.44668589]), array([0.5223411 , 0.6063927 , 0.4041096 , 0.44278608, 0.53945819,
       0.43859651, 0.68629011, 0.64285715, 0.42222225, 0.48967552]), array([0.52854394, 0.5663011 , 0.40618957, 0.46112602, 0.53715776,
       0.51523547, 0.69723866, 0.64073227, 0.33986932, 0.43251089])]
real metric: [array([0.56407387, 0.69395973, 0.44915254, 0.34291378, 0.5046729 ,
       0.37053088, 0.4041705 , 0.49019608, 0.29161604, 0.55600981]), array([0.57081314, 0.70372881, 0.4527027 , 0.35      , 0.48456057,
       0.39121339, 0.39355231, 0.54945055, 0.31904762, 0.59693878]), array([0.56871036, 0.68836565, 0.48264463, 0.35867446, 0.45303867,
       0.41935484, 0.40571606, 0.52291667, 0.26585366, 0.57467532]), array([0.56160762, 0.72618254, 0.47696477, 0.37728585, 0.49925037,
       0.4035964 , 0.37952956, 0.51709402, 0.2983683 , 0.60320135]), array([0.55964326, 0.70762712, 0.42009132, 0.36041667, 0.47732697,
       0.41025641, 0.39845606, 0.51351351, 0.26932668, 0.57392687])]

estim_algorithm = atc-model, mode = classification, metric = f1score, confidence_scores = doctor-conf, class_specific = False
test err: [0.21235608447094698, 0.2092939898563972, 0.22172418807814517, 0.19769342302578158, 0.2255050124951175]
estimated metric: [array([0.76070253, 0.80555556, 0.5641749 , 0.59174313, 0.61097852,
       0.65909092, 0.80831955, 0.75892858, 0.52577322, 0.70559007]), array([0.7635972 , 0.81884647, 0.54895667, 0.55189875, 0.61778847,
       0.7277487 , 0.79544398, 0.75903615, 0.61751154, 0.70411985]), array([0.77002054, 0.79646018, 0.56776035, 0.58004641, 0.62378641,
       0.69109948, 0.80967201, 0.74774775, 0.65240644, 0.71819263]), array([0.7537155 , 0.8078125 , 0.55950542, 0.53395786, 0.63436124,
       0.66500001, 0.8019347 , 0.74231679, 0.60784316, 0.71356784]), array([0.76400862, 0.80564784, 0.55184535, 0.57568239, 0.64656213,
       0.66666667, 0.79827155, 0.73347549, 0.69072167, 0.71275328])]
real metric: [array([0.56407387, 0.69395973, 0.44915254, 0.34291378, 0.5046729 ,
       0.37053088, 0.4041705 , 0.49019608, 0.29161604, 0.55600981]), array([0.57081314, 0.70372881, 0.4527027 , 0.35      , 0.48456057,
       0.39121339, 0.39355231, 0.54945055, 0.31904762, 0.59693878]), array([0.56871036, 0.68836565, 0.48264463, 0.35867446, 0.45303867,
       0.41935484, 0.40571606, 0.52291667, 0.26585366, 0.57467532]), array([0.56160762, 0.72618254, 0.47696477, 0.37728585, 0.49925037,
       0.4035964 , 0.37952956, 0.51709402, 0.2983683 , 0.60320135]), array([0.55964326, 0.70762712, 0.42009132, 0.36041667, 0.47732697,
       0.41025641, 0.39845606, 0.51351351, 0.26932668, 0.57392687])]

estim_algorithm = atc-model, mode = classification, metric = f1score, confidence_scores = doctor-conf, class_specific = True
test err: [0.095837933999201, 0.10701692024286966, 0.11388418981254042, 0.10782367138252187, 0.11365043814914837]
estimated metric: [array([0.53185956, 0.58887876, 0.44342508, 0.44162438, 0.53030304,
       0.47741937, 0.71213282, 0.65375304, 0.29761909, 0.44940477]), array([0.54499367, 0.60994264, 0.4278261 , 0.43715849, 0.52564103,
       0.54925374, 0.71030363, 0.68230278, 0.36956525, 0.45765231]), array([0.55488541, 0.57251909, 0.41390206, 0.47381547, 0.52343751,
       0.51190478, 0.71590909, 0.65375304, 0.3636364 , 0.45114943]), array([0.52974327, 0.60766424, 0.40683762, 0.44665014, 0.54289072,
       0.44767443, 0.70686505, 0.64631044, 0.42222225, 0.48296297]), array([0.53042922, 0.56772909, 0.40926642, 0.47745359, 0.5485123 ,
       0.51111112, 0.71216183, 0.65306123, 0.33986932, 0.43023257])]
real metric: [array([0.56407387, 0.69395973, 0.44915254, 0.34291378, 0.5046729 ,
       0.37053088, 0.4041705 , 0.49019608, 0.29161604, 0.55600981]), array([0.57081314, 0.70372881, 0.4527027 , 0.35      , 0.48456057,
       0.39121339, 0.39355231, 0.54945055, 0.31904762, 0.59693878]), array([0.56871036, 0.68836565, 0.48264463, 0.35867446, 0.45303867,
       0.41935484, 0.40571606, 0.52291667, 0.26585366, 0.57467532]), array([0.56160762, 0.72618254, 0.47696477, 0.37728585, 0.49925037,
       0.4035964 , 0.37952956, 0.51709402, 0.2983683 , 0.60320135]), array([0.55964326, 0.70762712, 0.42009132, 0.36041667, 0.47732697,
       0.41025641, 0.39845606, 0.51351351, 0.26932668, 0.57392687])]

estim_algorithm = ts-atc-model, mode = classification, metric = f1score, confidence_scores = max_class_probability-conf, class_specific = False
test err: [0.16710866769852378, 0.1645935601631293, 0.17848397912451616, 0.14856400161997624, 0.17894916540123956]
estimated metric: [array([0.70527523, 0.7962675 , 0.51819506, 0.49509805, 0.55583127,
       0.59940654, 0.7309338 , 0.71889402, 0.54081635, 0.67766498]), array([0.72373541, 0.81499593, 0.50825083, 0.47872342, 0.55889725,
       0.65373962, 0.72207152, 0.7257732 , 0.61111113, 0.66064517]), array([0.71113502, 0.78472787, 0.51698671, 0.51456312, 0.56273765,
       0.66310161, 0.74349255, 0.70396271, 0.64516131, 0.67892157]), array([0.69265034, 0.79558011, 0.49190939, 0.47688566, 0.57142858,
       0.57978725, 0.71923475, 0.71497585, 0.59405943, 0.69220945]), array([0.71700224, 0.79665272, 0.46554936, 0.49343833, 0.58867925,
       0.65326634, 0.72027125, 0.71428572, 0.65608467, 0.67484663])]
real metric: [array([0.56407387, 0.69395973, 0.44915254, 0.34291378, 0.5046729 ,
       0.37053088, 0.4041705 , 0.49019608, 0.29161604, 0.55600981]), array([0.57081314, 0.70372881, 0.4527027 , 0.35      , 0.48456057,
       0.39121339, 0.39355231, 0.54945055, 0.31904762, 0.59693878]), array([0.56871036, 0.68836565, 0.48264463, 0.35867446, 0.45303867,
       0.41935484, 0.40571606, 0.52291667, 0.26585366, 0.57467532]), array([0.56160762, 0.72618254, 0.47696477, 0.37728585, 0.49925037,
       0.4035964 , 0.37952956, 0.51709402, 0.2983683 , 0.60320135]), array([0.55964326, 0.70762712, 0.42009132, 0.36041667, 0.47732697,
       0.41025641, 0.39845606, 0.51351351, 0.26932668, 0.57392687])]

estim_algorithm = ts-atc-model, mode = classification, metric = f1score, confidence_scores = max_class_probability-conf, class_specific = True
test err: [0.07712579435723839, 0.08140581237942593, 0.08422815611438769, 0.10612829771475636, 0.09200099244052398]
estimated metric: [array([0.48862115, 0.59400545, 0.42414862, 0.3269755 , 0.48831169,
       0.36111113, 0.60718232, 0.58524174, 0.23456795, 0.38198759]), array([0.49442623, 0.60861244, 0.40000001, 0.342029  , 0.47883599,
       0.4065574 , 0.61109622, 0.63876653, 0.35164839, 0.37558686]), array([0.50902303, 0.57794677, 0.38844303, 0.36800002, 0.47785236,
       0.41772154, 0.625     , 0.59595961, 0.32000005, 0.37894738]), array([0.46936115, 0.6       , 0.38754326, 0.3526316 , 0.5006046 ,
       0.33125002, 0.60529279, 0.63239075, 0.38636367, 0.37717909]), array([0.47168555, 0.5776459 , 0.37475346, 0.30678468, 0.51390729,
       0.38066467, 0.61312336, 0.57211539, 0.33986932, 0.3808096 ])]
real metric: [array([0.56407387, 0.69395973, 0.44915254, 0.34291378, 0.5046729 ,
       0.37053088, 0.4041705 , 0.49019608, 0.29161604, 0.55600981]), array([0.57081314, 0.70372881, 0.4527027 , 0.35      , 0.48456057,
       0.39121339, 0.39355231, 0.54945055, 0.31904762, 0.59693878]), array([0.56871036, 0.68836565, 0.48264463, 0.35867446, 0.45303867,
       0.41935484, 0.40571606, 0.52291667, 0.26585366, 0.57467532]), array([0.56160762, 0.72618254, 0.47696477, 0.37728585, 0.49925037,
       0.4035964 , 0.37952956, 0.51709402, 0.2983683 , 0.60320135]), array([0.55964326, 0.70762712, 0.42009132, 0.36041667, 0.47732697,
       0.41025641, 0.39845606, 0.51351351, 0.26932668, 0.57392687])]

estim_algorithm = ts-atc-model, mode = classification, metric = f1score, confidence_scores = energy-conf, class_specific = False
test err: [0.10562573821921921, 0.08678137353881257, 0.09793837049985459, 0.09766654386118553, 0.09419748399765854]
estimated metric: [array([0.5608668 , 0.75261886, 0.39432178, 0.35388742, 0.45623343,
       0.59940654, 0.46887337, 0.61691543, 0.7174888 , 0.58998647]), array([0.55506608, 0.76465591, 0.39145909, 0.3657143 , 0.45013478,
       0.54925374, 0.46094446, 0.60810812, 0.69565219, 0.61600001]), array([0.57635176, 0.72027374, 0.38844303, 0.3894737 , 0.43586208,
       0.58356942, 0.48229548, 0.59949623, 0.7208122 , 0.60000001]), array([0.54613003, 0.75631622, 0.41765706, 0.36979168, 0.44806008,
       0.53698631, 0.45957712, 0.65316457, 0.73777779, 0.62734585]), array([0.54901961, 0.75713051, 0.33198382, 0.35057473, 0.50400001,
       0.58575199, 0.45406671, 0.59241707, 0.70408165, 0.58638744])]
real metric: [array([0.56407387, 0.69395973, 0.44915254, 0.34291378, 0.5046729 ,
       0.37053088, 0.4041705 , 0.49019608, 0.29161604, 0.55600981]), array([0.57081314, 0.70372881, 0.4527027 , 0.35      , 0.48456057,
       0.39121339, 0.39355231, 0.54945055, 0.31904762, 0.59693878]), array([0.56871036, 0.68836565, 0.48264463, 0.35867446, 0.45303867,
       0.41935484, 0.40571606, 0.52291667, 0.26585366, 0.57467532]), array([0.56160762, 0.72618254, 0.47696477, 0.37728585, 0.49925037,
       0.4035964 , 0.37952956, 0.51709402, 0.2983683 , 0.60320135]), array([0.55964326, 0.70762712, 0.42009132, 0.36041667, 0.47732697,
       0.41025641, 0.39845606, 0.51351351, 0.26932668, 0.57392687])]

estim_algorithm = ts-atc-model, mode = classification, metric = f1score, confidence_scores = energy-conf, class_specific = True
test err: [0.10171030077365442, 0.11893749741889788, 0.11578347856605029, 0.13093987809571236, 0.12487267319943204]
estimated metric: [array([0.42538355, 0.55597015, 0.31735538, 0.2151163 , 0.42489852,
       0.2710623 , 0.41096754, 0.49729731, 0.33720934, 0.31391587]), array([0.43169399, 0.57729942, 0.33210333, 0.2453988 , 0.42681259,
       0.24548739, 0.41432069, 0.45885288, 0.40425535, 0.29836067]), array([0.46213094, 0.54333009, 0.31543625, 0.28571431, 0.40730338,
       0.27586209, 0.43105081, 0.45983381, 0.38461542, 0.30503146]), array([0.43362242, 0.55080722, 0.3357143 , 0.23661974, 0.42439645,
       0.20202023, 0.40296583, 0.4843305 , 0.37714289, 0.29048415]), array([0.41465101, 0.53861789, 0.28333335, 0.22839509, 0.47346939,
       0.21333336, 0.40169389, 0.43684212, 0.37179491, 0.29113925])]
real metric: [array([0.56407387, 0.69395973, 0.44915254, 0.34291378, 0.5046729 ,
       0.37053088, 0.4041705 , 0.49019608, 0.29161604, 0.55600981]), array([0.57081314, 0.70372881, 0.4527027 , 0.35      , 0.48456057,
       0.39121339, 0.39355231, 0.54945055, 0.31904762, 0.59693878]), array([0.56871036, 0.68836565, 0.48264463, 0.35867446, 0.45303867,
       0.41935484, 0.40571606, 0.52291667, 0.26585366, 0.57467532]), array([0.56160762, 0.72618254, 0.47696477, 0.37728585, 0.49925037,
       0.4035964 , 0.37952956, 0.51709402, 0.2983683 , 0.60320135]), array([0.55964326, 0.70762712, 0.42009132, 0.36041667, 0.47732697,
       0.41025641, 0.39845606, 0.51351351, 0.26932668, 0.57392687])]

estim_algorithm = ts-atc-model, mode = classification, metric = f1score, confidence_scores = entropy-conf, class_specific = False
test err: [0.14924825736504393, 0.1346633800741506, 0.15648840105594433, 0.134104215237982, 0.14980221300360475]
estimated metric: [array([0.67721148, 0.78683386, 0.48961425, 0.44162438, 0.52471483,
       0.60766963, 0.67733473, 0.69789228, 0.60487807, 0.65200518]), array([0.69099202, 0.81596091, 0.46258504, 0.43715849, 0.51421189,
       0.61538463, 0.67230336, 0.6934461 , 0.60465118, 0.65194806]), array([0.68279275, 0.77877551, 0.4924925 , 0.46616543, 0.52535761,
       0.64498646, 0.69295479, 0.69176471, 0.67368423, 0.65586035]), array([0.66363119, 0.78792693, 0.45695365, 0.44278608, 0.53427897,
       0.53698631, 0.66935267, 0.72115385, 0.65402845, 0.67700259]), array([0.67933218, 0.79159664, 0.43643265, 0.44021741, 0.55969192,
       0.64303798, 0.67236181, 0.66816144, 0.63440862, 0.66336634])]
real metric: [array([0.56407387, 0.69395973, 0.44915254, 0.34291378, 0.5046729 ,
       0.37053088, 0.4041705 , 0.49019608, 0.29161604, 0.55600981]), array([0.57081314, 0.70372881, 0.4527027 , 0.35      , 0.48456057,
       0.39121339, 0.39355231, 0.54945055, 0.31904762, 0.59693878]), array([0.56871036, 0.68836565, 0.48264463, 0.35867446, 0.45303867,
       0.41935484, 0.40571606, 0.52291667, 0.26585366, 0.57467532]), array([0.56160762, 0.72618254, 0.47696477, 0.37728585, 0.49925037,
       0.4035964 , 0.37952956, 0.51709402, 0.2983683 , 0.60320135]), array([0.55964326, 0.70762712, 0.42009132, 0.36041667, 0.47732697,
       0.41025641, 0.39845606, 0.51351351, 0.26932668, 0.57392687])]

estim_algorithm = ts-atc-model, mode = classification, metric = f1score, confidence_scores = entropy-conf, class_specific = True
test err: [0.08571025585171814, 0.08766871889297272, 0.09310640346186538, 0.11794685979723578, 0.09968346663150428]
estimated metric: [array([0.45870308, 0.58500914, 0.37120001, 0.28491622, 0.48634591,
       0.34385967, 0.5720759 , 0.56701032, 0.25609761, 0.37441499]), array([0.46215674, 0.60057748, 0.37410073, 0.31764708, 0.47074469,
       0.37458196, 0.57949562, 0.59863946, 0.37837841, 0.36792454]), array([0.48354431, 0.57251909, 0.36747969, 0.31404961, 0.47989277,
       0.37133553, 0.58990357, 0.5633075 , 0.33112587, 0.36913768]), array([0.44914135, 0.5751634 , 0.36491229, 0.2802198 , 0.48039216,
       0.29936308, 0.57192275, 0.59630608, 0.35838154, 0.35104671]), array([0.44579946, 0.5776459 , 0.34205233, 0.26060608, 0.51783356,
       0.35076925, 0.57458862, 0.55121952, 0.31788084, 0.36115327])]
real metric: [array([0.56407387, 0.69395973, 0.44915254, 0.34291378, 0.5046729 ,
       0.37053088, 0.4041705 , 0.49019608, 0.29161604, 0.55600981]), array([0.57081314, 0.70372881, 0.4527027 , 0.35      , 0.48456057,
       0.39121339, 0.39355231, 0.54945055, 0.31904762, 0.59693878]), array([0.56871036, 0.68836565, 0.48264463, 0.35867446, 0.45303867,
       0.41935484, 0.40571606, 0.52291667, 0.26585366, 0.57467532]), array([0.56160762, 0.72618254, 0.47696477, 0.37728585, 0.49925037,
       0.4035964 , 0.37952956, 0.51709402, 0.2983683 , 0.60320135]), array([0.55964326, 0.70762712, 0.42009132, 0.36041667, 0.47732697,
       0.41025641, 0.39845606, 0.51351351, 0.26932668, 0.57392687])]

estim_algorithm = ts-atc-model, mode = classification, metric = f1score, confidence_scores = doctor-conf, class_specific = False
test err: [0.14906094069431305, 0.13618709507504148, 0.15781889363018822, 0.134751426087732, 0.1502352282966037]
estimated metric: [array([0.68030392, 0.7887324 , 0.48286141, 0.43765905, 0.52844501,
       0.60766963, 0.67837484, 0.69176471, 0.60487807, 0.6572165 ]), array([0.69471291, 0.81499593, 0.46779662, 0.43715849, 0.51421189,
       0.61538463, 0.67434126, 0.6934461 , 0.60465118, 0.65717982]), array([0.68496158, 0.7807661 , 0.49022557, 0.47000001, 0.52727273,
       0.64130436, 0.69535555, 0.69176471, 0.68062829, 0.65586035]), array([0.66515066, 0.78984933, 0.4543947 , 0.43890276, 0.53427897,
       0.54098362, 0.66970999, 0.72115385, 0.65402845, 0.67700259]), array([0.6816092 , 0.79159664, 0.43643265, 0.44021741, 0.56153847,
       0.63959392, 0.67436026, 0.66816144, 0.63440862, 0.66501855])]
real metric: [array([0.56407387, 0.69395973, 0.44915254, 0.34291378, 0.5046729 ,
       0.37053088, 0.4041705 , 0.49019608, 0.29161604, 0.55600981]), array([0.57081314, 0.70372881, 0.4527027 , 0.35      , 0.48456057,
       0.39121339, 0.39355231, 0.54945055, 0.31904762, 0.59693878]), array([0.56871036, 0.68836565, 0.48264463, 0.35867446, 0.45303867,
       0.41935484, 0.40571606, 0.52291667, 0.26585366, 0.57467532]), array([0.56160762, 0.72618254, 0.47696477, 0.37728585, 0.49925037,
       0.4035964 , 0.37952956, 0.51709402, 0.2983683 , 0.60320135]), array([0.55964326, 0.70762712, 0.42009132, 0.36041667, 0.47732697,
       0.41025641, 0.39845606, 0.51351351, 0.26932668, 0.57392687])]

estim_algorithm = ts-atc-model, mode = classification, metric = f1score, confidence_scores = doctor-conf, class_specific = True
test err: [0.08105886800793465, 0.08320652816006588, 0.08931660969261504, 0.11271493292355901, 0.09427782041131667]
estimated metric: [array([0.47225981, 0.59272728, 0.37639554, 0.29916899, 0.48634591,
       0.34965037, 0.5720759 , 0.56701032, 0.25609761, 0.37441499]), array([0.47238856, 0.60460653, 0.38859181, 0.3274854 , 0.46666667,
       0.38000002, 0.58105148, 0.60496615, 0.36065577, 0.36277604]), array([0.49023315, 0.57929725, 0.37802909, 0.33695654, 0.48395723,
       0.38187704, 0.58950355, 0.5706941 , 0.34210531, 0.37160122]), array([0.45526316, 0.58441559, 0.37062938, 0.30810813, 0.48225215,
       0.30476193, 0.57274561, 0.60732985, 0.35838154, 0.35897437]), array([0.45521886, 0.58185405, 0.35856575, 0.28143715, 0.52173914,
       0.36085629, 0.57458862, 0.56174335, 0.31788084, 0.36858007])]
real metric: [array([0.56407387, 0.69395973, 0.44915254, 0.34291378, 0.5046729 ,
       0.37053088, 0.4041705 , 0.49019608, 0.29161604, 0.55600981]), array([0.57081314, 0.70372881, 0.4527027 , 0.35      , 0.48456057,
       0.39121339, 0.39355231, 0.54945055, 0.31904762, 0.59693878]), array([0.56871036, 0.68836565, 0.48264463, 0.35867446, 0.45303867,
       0.41935484, 0.40571606, 0.52291667, 0.26585366, 0.57467532]), array([0.56160762, 0.72618254, 0.47696477, 0.37728585, 0.49925037,
       0.4035964 , 0.37952956, 0.51709402, 0.2983683 , 0.60320135]), array([0.55964326, 0.70762712, 0.42009132, 0.36041667, 0.47732697,
       0.41025641, 0.39845606, 0.51351351, 0.26932668, 0.57392687])]

