estim_algorithm = ac-model, mode = classification, metric = f1score, confidence_scores = max_class_probability-conf, class_specific = False
test err: [0.3156290076535627, 0.3164682148165638, 0.32194352626682765, 0.3331953264924838, 0.3170933830732445]
estimated metric: [array([0.92264526, 0.95529519, 0.90736461, 0.8624378 , 0.8996041 ,
       0.89404588, 0.89611216, 0.92808086, 0.91297048, 0.93676691]), array([0.92554669, 0.95980507, 0.90535852, 0.86187835, 0.90988083,
       0.88981363, 0.91305869, 0.91499887, 0.91324201, 0.93730595]), array([0.92168685, 0.95719933, 0.91143132, 0.86133857, 0.90761446,
       0.89616885, 0.89847417, 0.91164043, 0.90363326, 0.93997427]), array([0.92652925, 0.95597721, 0.91334887, 0.86538418, 0.90893074,
       0.90038689, 0.90470382, 0.92243689, 0.91779175, 0.93405931]), array([0.92169904, 0.95613973, 0.91001418, 0.86324363, 0.90852641,
       0.89086187, 0.90096723, 0.91500152, 0.91417839, 0.94161582])]
real metric: [array([0.48340548, 0.83013699, 0.65200314, 0.55360897, 0.59803922,
       0.52769953, 0.44680851, 0.54942966, 0.57195572, 0.74594595]), array([0.48138592, 0.84630739, 0.65087853, 0.53098592, 0.63759576,
       0.51501365, 0.43880926, 0.54861822, 0.58834244, 0.72826938]), array([0.49231869, 0.83641161, 0.65583456, 0.51803752, 0.62709832,
       0.49227799, 0.41898148, 0.53629032, 0.57254902, 0.73992674]), array([0.47755961, 0.82075472, 0.64727815, 0.51809794, 0.61427714,
       0.49111808, 0.41065483, 0.55818744, 0.57477477, 0.70489297]), array([0.47245841, 0.83491204, 0.63057791, 0.51274581, 0.62039312,
       0.51026393, 0.49147442, 0.5526839 , 0.58781995, 0.7379845 ])]

estim_algorithm = ac-model, mode = classification, metric = f1score, confidence_scores = energy-conf, class_specific = False
test err: [0.22125610671163304, 0.2209083260142143, 0.21680152368347033, 0.21211491451552628, 0.2222678469849094]
estimated metric: [array([0.34763976, 0.5676888 , 0.34899362, 0.2260151 , 0.31062598,
       0.29223927, 0.26950167, 0.40187558, 0.45053006, 0.53136225]), array([0.34790707, 0.57214735, 0.33780197, 0.22825784, 0.31618905,
       0.30875527, 0.29378006, 0.37164182, 0.45469249, 0.52595028]), array([0.35199456, 0.56875621, 0.34215693, 0.2308212 , 0.31864347,
       0.29864488, 0.26847335, 0.367367  , 0.44473956, 0.53011386]), array([0.3497121 , 0.55072059, 0.34333224, 0.22451   , 0.3061812 ,
       0.30996515, 0.26873603, 0.37228173, 0.45381889, 0.51718857]), array([0.34871334, 0.572023  , 0.34808561, 0.22283864, 0.32100643,
       0.29714156, 0.28083603, 0.35655183, 0.45818931, 0.52324977])]
real metric: [array([0.48340548, 0.83013699, 0.65200314, 0.55360897, 0.59803922,
       0.52769953, 0.44680851, 0.54942966, 0.57195572, 0.74594595]), array([0.48138592, 0.84630739, 0.65087853, 0.53098592, 0.63759576,
       0.51501365, 0.43880926, 0.54861822, 0.58834244, 0.72826938]), array([0.49231869, 0.83641161, 0.65583456, 0.51803752, 0.62709832,
       0.49227799, 0.41898148, 0.53629032, 0.57254902, 0.73992674]), array([0.47755961, 0.82075472, 0.64727815, 0.51809794, 0.61427714,
       0.49111808, 0.41065483, 0.55818744, 0.57477477, 0.70489297]), array([0.47245841, 0.83491204, 0.63057791, 0.51274581, 0.62039312,
       0.51026393, 0.49147442, 0.5526839 , 0.58781995, 0.7379845 ])]

estim_algorithm = ac-model, mode = classification, metric = f1score, confidence_scores = entropy-conf, class_specific = False
test err: [0.29797161334035305, 0.29872971096031814, 0.30467467427251993, 0.3150260110708685, 0.29939255895519523]
estimated metric: [array([0.90459816, 0.94989096, 0.89327198, 0.8297828 , 0.87715429,
       0.87090785, 0.86788404, 0.91323132, 0.90392414, 0.92810375]), array([0.90603971, 0.953148  , 0.88933004, 0.8300645 , 0.88840018,
       0.87199986, 0.88493012, 0.89766444, 0.90488929, 0.92703743]), array([0.90354754, 0.95242366, 0.8956377 , 0.8311454 , 0.88520667,
       0.87674953, 0.86749868, 0.89632897, 0.89616812, 0.93176672]), array([0.90893916, 0.95050296, 0.89678845, 0.83226694, 0.8839957 ,
       0.87961132, 0.87665103, 0.90478906, 0.90887948, 0.92543166]), array([0.90396571, 0.95087373, 0.89464571, 0.82865475, 0.8861837 ,
       0.87237213, 0.87448329, 0.89981828, 0.90293136, 0.93131092])]
real metric: [array([0.48340548, 0.83013699, 0.65200314, 0.55360897, 0.59803922,
       0.52769953, 0.44680851, 0.54942966, 0.57195572, 0.74594595]), array([0.48138592, 0.84630739, 0.65087853, 0.53098592, 0.63759576,
       0.51501365, 0.43880926, 0.54861822, 0.58834244, 0.72826938]), array([0.49231869, 0.83641161, 0.65583456, 0.51803752, 0.62709832,
       0.49227799, 0.41898148, 0.53629032, 0.57254902, 0.73992674]), array([0.47755961, 0.82075472, 0.64727815, 0.51809794, 0.61427714,
       0.49111808, 0.41065483, 0.55818744, 0.57477477, 0.70489297]), array([0.47245841, 0.83491204, 0.63057791, 0.51274581, 0.62039312,
       0.51026393, 0.49147442, 0.5526839 , 0.58781995, 0.7379845 ])]

estim_algorithm = ac-model, mode = classification, metric = f1score, confidence_scores = doctor-conf, class_specific = False
test err: [0.34349563337044986, 0.3444673822346477, 0.35160181060591283, 0.3607090406491987, 0.3453931472683966]
estimated metric: [array([0.94819565, 0.97056717, 0.93671748, 0.90131047, 0.92955825,
       0.92744907, 0.92298188, 0.95267402, 0.94521067, 0.95932483]), array([0.95045927, 0.97221494, 0.93435275, 0.90159632, 0.93800146,
       0.92598428, 0.9401348 , 0.94256376, 0.94489068, 0.96068202]), array([0.94737188, 0.9728912 , 0.94003333, 0.90095753, 0.93577636,
       0.93246922, 0.92885551, 0.94399152, 0.93987671, 0.96352111]), array([0.95165331, 0.97220544, 0.94290685, 0.9057192 , 0.93803929,
       0.93142416, 0.92970289, 0.94777017, 0.94807109, 0.95719366]), array([0.94838551, 0.97126596, 0.93943668, 0.9030326 , 0.9349305 ,
       0.92790315, 0.92768497, 0.94385554, 0.94554831, 0.96320224])]
real metric: [array([0.48340548, 0.83013699, 0.65200314, 0.55360897, 0.59803922,
       0.52769953, 0.44680851, 0.54942966, 0.57195572, 0.74594595]), array([0.48138592, 0.84630739, 0.65087853, 0.53098592, 0.63759576,
       0.51501365, 0.43880926, 0.54861822, 0.58834244, 0.72826938]), array([0.49231869, 0.83641161, 0.65583456, 0.51803752, 0.62709832,
       0.49227799, 0.41898148, 0.53629032, 0.57254902, 0.73992674]), array([0.47755961, 0.82075472, 0.64727815, 0.51809794, 0.61427714,
       0.49111808, 0.41065483, 0.55818744, 0.57477477, 0.70489297]), array([0.47245841, 0.83491204, 0.63057791, 0.51274581, 0.62039312,
       0.51026393, 0.49147442, 0.5526839 , 0.58781995, 0.7379845 ])]

estim_algorithm = ts-model, mode = classification, metric = f1score, confidence_scores = max_class_probability-conf, class_specific = False
test err: [0.18611729727838613, 0.1871116543912423, 0.19060433088918333, 0.201239223655655, 0.1862976186230894]
estimated metric: [array([0.79320905, 0.89479575, 0.78316946, 0.67236155, 0.75067134,
       0.7333937 , 0.73008462, 0.80934495, 0.80598216, 0.84719355]), array([0.79390219, 0.90004719, 0.77701746, 0.67442883, 0.76251508,
       0.73987879, 0.75214727, 0.78354579, 0.80894478, 0.84489563]), array([0.79274092, 0.89757989, 0.78339904, 0.67467105, 0.76083992,
       0.74069608, 0.72165569, 0.77867185, 0.79534326, 0.85017187]), array([0.7971902 , 0.89367748, 0.78268817, 0.6732945 , 0.75202869,
       0.7524717 , 0.73385286, 0.79063643, 0.81368095, 0.8404669 ]), array([0.79143575, 0.89735195, 0.78520319, 0.66952793, 0.76304587,
       0.73608431, 0.73615169, 0.77950308, 0.80809698, 0.84788941])]
real metric: [array([0.48340548, 0.83013699, 0.65200314, 0.55360897, 0.59803922,
       0.52769953, 0.44680851, 0.54942966, 0.57195572, 0.74594595]), array([0.48138592, 0.84630739, 0.65087853, 0.53098592, 0.63759576,
       0.51501365, 0.43880926, 0.54861822, 0.58834244, 0.72826938]), array([0.49231869, 0.83641161, 0.65583456, 0.51803752, 0.62709832,
       0.49227799, 0.41898148, 0.53629032, 0.57254902, 0.73992674]), array([0.47755961, 0.82075472, 0.64727815, 0.51809794, 0.61427714,
       0.49111808, 0.41065483, 0.55818744, 0.57477477, 0.70489297]), array([0.47245841, 0.83491204, 0.63057791, 0.51274581, 0.62039312,
       0.51026393, 0.49147442, 0.5526839 , 0.58781995, 0.7379845 ])]

estim_algorithm = ts-model, mode = classification, metric = f1score, confidence_scores = max_class_probability-conf, class_specific = True
test err: [0.09649878201889767, 0.09672148912877568, 0.09988437939947357, 0.10271413679543204, 0.09541506813309987]
estimated metric: [array([0.6086067 , 0.76496975, 0.69939789, 0.57804355, 0.69159153,
       0.61262778, 0.69079782, 0.71028347, 0.61308596, 0.66760984]), array([0.60929482, 0.77093299, 0.69075803, 0.58078211, 0.70247029,
       0.62423203, 0.71382442, 0.68026441, 0.61742348, 0.66384879]), array([0.61084749, 0.7685856 , 0.69703862, 0.58084756, 0.70218129,
       0.62051944, 0.68170433, 0.67435294, 0.60500625, 0.66801896]), array([0.61016782, 0.75676013, 0.69567167, 0.57791913, 0.69098157,
       0.63635881, 0.69297039, 0.68505771, 0.6172113 , 0.65613663]), array([0.60731228, 0.76976256, 0.70118455, 0.5745518 , 0.70413544,
       0.61762849, 0.69698944, 0.66949293, 0.6199083 , 0.66176908])]
real metric: [array([0.48340548, 0.83013699, 0.65200314, 0.55360897, 0.59803922,
       0.52769953, 0.44680851, 0.54942966, 0.57195572, 0.74594595]), array([0.48138592, 0.84630739, 0.65087853, 0.53098592, 0.63759576,
       0.51501365, 0.43880926, 0.54861822, 0.58834244, 0.72826938]), array([0.49231869, 0.83641161, 0.65583456, 0.51803752, 0.62709832,
       0.49227799, 0.41898148, 0.53629032, 0.57254902, 0.73992674]), array([0.47755961, 0.82075472, 0.64727815, 0.51809794, 0.61427714,
       0.49111808, 0.41065483, 0.55818744, 0.57477477, 0.70489297]), array([0.47245841, 0.83491204, 0.63057791, 0.51274581, 0.62039312,
       0.51026393, 0.49147442, 0.5526839 , 0.58781995, 0.7379845 ])]

estim_algorithm = ts-model, mode = classification, metric = f1score, confidence_scores = energy-conf, class_specific = False
test err: [0.246230160972469, 0.245496817440648, 0.2527845188578641, 0.25915107687797584, 0.24662140611683986]
estimated metric: [array([0.83352625, 0.87305028, 0.83364201, 0.82196036, 0.83095605,
       0.82898681, 0.82533903, 0.84446154, 0.85450862, 0.87490383]), array([0.83363139, 0.87338501, 0.83221508, 0.82200426, 0.83117753,
       0.83129959, 0.8278648 , 0.84069111, 0.85529109, 0.87361479]), array([0.83439488, 0.87253399, 0.83258464, 0.82245853, 0.83158476,
       0.82937361, 0.82585682, 0.84015443, 0.85433493, 0.87429485]), array([0.83368353, 0.86826739, 0.83299378, 0.82167071, 0.83035269,
       0.83040034, 0.82503824, 0.84025645, 0.85458736, 0.87185591]), array([0.83395313, 0.87361893, 0.83339201, 0.82154317, 0.83205993,
       0.82931664, 0.82690169, 0.83801008, 0.85612175, 0.87261071])]
real metric: [array([0.48340548, 0.83013699, 0.65200314, 0.55360897, 0.59803922,
       0.52769953, 0.44680851, 0.54942966, 0.57195572, 0.74594595]), array([0.48138592, 0.84630739, 0.65087853, 0.53098592, 0.63759576,
       0.51501365, 0.43880926, 0.54861822, 0.58834244, 0.72826938]), array([0.49231869, 0.83641161, 0.65583456, 0.51803752, 0.62709832,
       0.49227799, 0.41898148, 0.53629032, 0.57254902, 0.73992674]), array([0.47755961, 0.82075472, 0.64727815, 0.51809794, 0.61427714,
       0.49111808, 0.41065483, 0.55818744, 0.57477477, 0.70489297]), array([0.47245841, 0.83491204, 0.63057791, 0.51274581, 0.62039312,
       0.51026393, 0.49147442, 0.5526839 , 0.58781995, 0.7379845 ])]

estim_algorithm = ts-model, mode = classification, metric = f1score, confidence_scores = energy-conf, class_specific = True
test err: [0.14511743104771208, 0.14445199997082886, 0.15181030461792605, 0.14991741163607802, 0.1453439382505429]
estimated metric: [array([0.68574336, 0.80497408, 0.75148374, 0.66541522, 0.78819862,
       0.6852785 , 0.79132383, 0.7282771 , 0.65158448, 0.68428916]), array([0.68595767, 0.80561545, 0.74947877, 0.66552433, 0.78845761,
       0.68925721, 0.7942041 , 0.72203821, 0.65352238, 0.68125189]), array([0.68731313, 0.80441455, 0.75000276, 0.66630338, 0.78895581,
       0.68600596, 0.79189954, 0.72116263, 0.6506654 , 0.68274146]), array([0.68597457, 0.79856993, 0.75055022, 0.66490125, 0.78748133,
       0.6879865 , 0.79097443, 0.72140928, 0.65181361, 0.67704687]), array([0.68644356, 0.80584834, 0.75114506, 0.66467803, 0.78951148,
       0.68588702, 0.79309901, 0.71775273, 0.65539545, 0.67910371])]
real metric: [array([0.48340548, 0.83013699, 0.65200314, 0.55360897, 0.59803922,
       0.52769953, 0.44680851, 0.54942966, 0.57195572, 0.74594595]), array([0.48138592, 0.84630739, 0.65087853, 0.53098592, 0.63759576,
       0.51501365, 0.43880926, 0.54861822, 0.58834244, 0.72826938]), array([0.49231869, 0.83641161, 0.65583456, 0.51803752, 0.62709832,
       0.49227799, 0.41898148, 0.53629032, 0.57254902, 0.73992674]), array([0.47755961, 0.82075472, 0.64727815, 0.51809794, 0.61427714,
       0.49111808, 0.41065483, 0.55818744, 0.57477477, 0.70489297]), array([0.47245841, 0.83491204, 0.63057791, 0.51274581, 0.62039312,
       0.51026393, 0.49147442, 0.5526839 , 0.58781995, 0.7379845 ])]

estim_algorithm = ts-model, mode = classification, metric = f1score, confidence_scores = entropy-conf, class_specific = False
test err: [0.17510456124111728, 0.1764659680482809, 0.18005961538651025, 0.1894638600901731, 0.1756422792061445]
estimated metric: [array([0.77986953, 0.89746676, 0.77396571, 0.63672708, 0.73068335,
       0.71751018, 0.70219525, 0.8045149 , 0.81476951, 0.8523765 ]), array([0.77897531, 0.90186678, 0.76550318, 0.64131053, 0.742743  ,
       0.72880376, 0.72819404, 0.7765075 , 0.81723192, 0.84973012]), array([0.77968015, 0.90043114, 0.77175906, 0.64325225, 0.74047954,
       0.72766398, 0.69361429, 0.77339874, 0.80472265, 0.85532061]), array([0.78475651, 0.89592103, 0.77145633, 0.63787005, 0.72820173,
       0.73678216, 0.70702575, 0.78279103, 0.82257677, 0.84485289]), array([0.778846  , 0.90023853, 0.77416925, 0.63476059, 0.74258626,
       0.72383263, 0.7114517 , 0.77345875, 0.8159563 , 0.85243678])]
real metric: [array([0.48340548, 0.83013699, 0.65200314, 0.55360897, 0.59803922,
       0.52769953, 0.44680851, 0.54942966, 0.57195572, 0.74594595]), array([0.48138592, 0.84630739, 0.65087853, 0.53098592, 0.63759576,
       0.51501365, 0.43880926, 0.54861822, 0.58834244, 0.72826938]), array([0.49231869, 0.83641161, 0.65583456, 0.51803752, 0.62709832,
       0.49227799, 0.41898148, 0.53629032, 0.57254902, 0.73992674]), array([0.47755961, 0.82075472, 0.64727815, 0.51809794, 0.61427714,
       0.49111808, 0.41065483, 0.55818744, 0.57477477, 0.70489297]), array([0.47245841, 0.83491204, 0.63057791, 0.51274581, 0.62039312,
       0.51026393, 0.49147442, 0.5526839 , 0.58781995, 0.7379845 ])]

estim_algorithm = ts-model, mode = classification, metric = f1score, confidence_scores = entropy-conf, class_specific = True
test err: [0.08321507984788075, 0.08008035831736365, 0.08285863721097213, 0.0851039360885988, 0.07843060149075994]
estimated metric: [array([0.57819008, 0.76547299, 0.68668478, 0.53345282, 0.6658748 ,
       0.5821008 , 0.66725312, 0.70785827, 0.60040297, 0.65763884]), array([0.57727436, 0.7706781 , 0.6753307 , 0.53911717, 0.67709256,
       0.6004114 , 0.6950428 , 0.6740719 , 0.6039444 , 0.65375068]), array([0.58159994, 0.76854986, 0.68109759, 0.54069342, 0.67627704,
       0.59310569, 0.65812694, 0.6688734 , 0.59215066, 0.65773889]), array([0.58076445, 0.75444187, 0.68009617, 0.53311084, 0.66063372,
       0.60818986, 0.67071735, 0.67782831, 0.60500372, 0.6445629 ]), array([0.57767713, 0.7709627 , 0.68647401, 0.53081311, 0.67838858,
       0.59100133, 0.6767639 , 0.66232153, 0.60862184, 0.6512718 ])]
real metric: [array([0.48340548, 0.83013699, 0.65200314, 0.55360897, 0.59803922,
       0.52769953, 0.44680851, 0.54942966, 0.57195572, 0.74594595]), array([0.48138592, 0.84630739, 0.65087853, 0.53098592, 0.63759576,
       0.51501365, 0.43880926, 0.54861822, 0.58834244, 0.72826938]), array([0.49231869, 0.83641161, 0.65583456, 0.51803752, 0.62709832,
       0.49227799, 0.41898148, 0.53629032, 0.57254902, 0.73992674]), array([0.47755961, 0.82075472, 0.64727815, 0.51809794, 0.61427714,
       0.49111808, 0.41065483, 0.55818744, 0.57477477, 0.70489297]), array([0.47245841, 0.83491204, 0.63057791, 0.51274581, 0.62039312,
       0.51026393, 0.49147442, 0.5526839 , 0.58781995, 0.7379845 ])]

estim_algorithm = ts-model, mode = classification, metric = f1score, confidence_scores = doctor-conf, class_specific = False
test err: [0.1496944697446657, 0.15175205734042782, 0.15511391681890593, 0.1643801050692247, 0.15084562751230007]
estimated metric: [array([0.75839642, 0.89903305, 0.74647732, 0.55590521, 0.6903309 ,
       0.68218854, 0.65324518, 0.79699398, 0.81551259, 0.85789468]), array([0.75623208, 0.90511047, 0.7353457 , 0.56341185, 0.7087621 ,
       0.69372471, 0.68950266, 0.75830757, 0.81836194, 0.85496796]), array([0.75763426, 0.90224801, 0.74409251, 0.5660256 , 0.70322307,
       0.69605232, 0.64849109, 0.75820702, 0.8029653 , 0.86192625]), array([0.76589856, 0.89657784, 0.74374017, 0.55659438, 0.68572478,
       0.70050697, 0.66375183, 0.77113738, 0.82709941, 0.85036537]), array([0.75760828, 0.90227334, 0.7457016 , 0.55307591, 0.70689954,
       0.68457312, 0.67233668, 0.76067926, 0.8161058 , 0.86051674])]
real metric: [array([0.48340548, 0.83013699, 0.65200314, 0.55360897, 0.59803922,
       0.52769953, 0.44680851, 0.54942966, 0.57195572, 0.74594595]), array([0.48138592, 0.84630739, 0.65087853, 0.53098592, 0.63759576,
       0.51501365, 0.43880926, 0.54861822, 0.58834244, 0.72826938]), array([0.49231869, 0.83641161, 0.65583456, 0.51803752, 0.62709832,
       0.49227799, 0.41898148, 0.53629032, 0.57254902, 0.73992674]), array([0.47755961, 0.82075472, 0.64727815, 0.51809794, 0.61427714,
       0.49111808, 0.41065483, 0.55818744, 0.57477477, 0.70489297]), array([0.47245841, 0.83491204, 0.63057791, 0.51274581, 0.62039312,
       0.51026393, 0.49147442, 0.5526839 , 0.58781995, 0.7379845 ])]

estim_algorithm = ts-model, mode = classification, metric = f1score, confidence_scores = doctor-conf, class_specific = True
test err: [0.06727699230141973, 0.06393391388412681, 0.060445732507694125, 0.06755462611449518, 0.05731529530745381]
estimated metric: [array([0.53051837, 0.7646246 , 0.66114731, 0.45912522, 0.61568813,
       0.51958181, 0.61447012, 0.6948021 , 0.58411838, 0.64039255]), array([0.52913746, 0.77086107, 0.6464669 , 0.46497514, 0.63146565,
       0.54897429, 0.65246097, 0.64410078, 0.59050196, 0.63393503]), array([0.53663706, 0.76774576, 0.65276875, 0.46766694, 0.62810548,
       0.53578367, 0.60545349, 0.641284  , 0.57170646, 0.6387111 ]), array([0.53623882, 0.75383738, 0.64943933, 0.4558053 , 0.60284621,
       0.55396683, 0.62213218, 0.65672031, 0.59591413, 0.62482635]), array([0.53015779, 0.77197064, 0.65790594, 0.45321982, 0.63219013,
       0.52229878, 0.63253451, 0.63878285, 0.59927109, 0.63476839])]
real metric: [array([0.48340548, 0.83013699, 0.65200314, 0.55360897, 0.59803922,
       0.52769953, 0.44680851, 0.54942966, 0.57195572, 0.74594595]), array([0.48138592, 0.84630739, 0.65087853, 0.53098592, 0.63759576,
       0.51501365, 0.43880926, 0.54861822, 0.58834244, 0.72826938]), array([0.49231869, 0.83641161, 0.65583456, 0.51803752, 0.62709832,
       0.49227799, 0.41898148, 0.53629032, 0.57254902, 0.73992674]), array([0.47755961, 0.82075472, 0.64727815, 0.51809794, 0.61427714,
       0.49111808, 0.41065483, 0.55818744, 0.57477477, 0.70489297]), array([0.47245841, 0.83491204, 0.63057791, 0.51274581, 0.62039312,
       0.51026393, 0.49147442, 0.5526839 , 0.58781995, 0.7379845 ])]

estim_algorithm = doc-model, mode = classification, metric = f1score, confidence_scores = max_class_probability-conf, class_specific = False
test err: [0.21662512921511592, 0.21775899434623872, 0.2228231743808305, 0.23485081699910917, 0.21822277838897275]
estimated metric: [array([0.82580161, 0.86447982, 0.80762716, 0.75392245, 0.79837921,
       0.79174827, 0.79421406, 0.83225542, 0.81430004, 0.84255642]), array([0.82924727, 0.86980586, 0.80523772, 0.75325115, 0.81062308,
       0.78669509, 0.81440499, 0.81671297, 0.81462309, 0.84319519]), array([0.82466306, 0.86672903, 0.81246854, 0.75260339, 0.8079247 ,
       0.7942817 , 0.79703171, 0.8127174 , 0.80318213, 0.84635634]), array([0.83041375, 0.86528552, 0.81475022, 0.7574569 , 0.80949201,
       0.79931257, 0.80445773, 0.8255541 , 0.82003399, 0.83934702]), array([0.82467755, 0.86547749, 0.81078182, 0.75488929, 0.8090106 ,
       0.78794699, 0.80000447, 0.81671613, 0.81573704, 0.84830039])]
real metric: [array([0.48340548, 0.83013699, 0.65200314, 0.55360897, 0.59803922,
       0.52769953, 0.44680851, 0.54942966, 0.57195572, 0.74594595]), array([0.48138592, 0.84630739, 0.65087853, 0.53098592, 0.63759576,
       0.51501365, 0.43880926, 0.54861822, 0.58834244, 0.72826938]), array([0.49231869, 0.83641161, 0.65583456, 0.51803752, 0.62709832,
       0.49227799, 0.41898148, 0.53629032, 0.57254902, 0.73992674]), array([0.47755961, 0.82075472, 0.64727815, 0.51809794, 0.61427714,
       0.49111808, 0.41065483, 0.55818744, 0.57477477, 0.70489297]), array([0.47245841, 0.83491204, 0.63057791, 0.51274581, 0.62039312,
       0.51026393, 0.49147442, 0.5526839 , 0.58781995, 0.7379845 ])]

estim_algorithm = doc-model, mode = classification, metric = f1score, confidence_scores = max_class_probability-conf, class_specific = True
test err: [0.12172087130306489, 0.12121984462478366, 0.12600929272826517, 0.1310956857890735, 0.1210285230492113]
estimated metric: [array([0.65291267, 0.79973222, 0.72023019, 0.6224785 , 0.74778295,
       0.6534794 , 0.73930865, 0.71472703, 0.64287936, 0.66999052]), array([0.65746096, 0.80568137, 0.71751321, 0.62164019, 0.7610751 ,
       0.64733636, 0.76136342, 0.69582254, 0.64344767, 0.6707267 ]), array([0.65166216, 0.80224497, 0.72575191, 0.62074845, 0.75814576,
       0.65661055, 0.74238842, 0.69085957, 0.627997  , 0.67477636]), array([0.65902497, 0.80063239, 0.72842931, 0.62674605, 0.75984661,
       0.66274323, 0.75050213, 0.70664976, 0.65029822, 0.66635075]), array([0.65137627, 0.80084686, 0.72380055, 0.62349447, 0.75932421,
       0.6489749 , 0.74563702, 0.69630756, 0.64509727, 0.67735926])]
real metric: [array([0.48340548, 0.83013699, 0.65200314, 0.55360897, 0.59803922,
       0.52769953, 0.44680851, 0.54942966, 0.57195572, 0.74594595]), array([0.48138592, 0.84630739, 0.65087853, 0.53098592, 0.63759576,
       0.51501365, 0.43880926, 0.54861822, 0.58834244, 0.72826938]), array([0.49231869, 0.83641161, 0.65583456, 0.51803752, 0.62709832,
       0.49227799, 0.41898148, 0.53629032, 0.57254902, 0.73992674]), array([0.47755961, 0.82075472, 0.64727815, 0.51809794, 0.61427714,
       0.49111808, 0.41065483, 0.55818744, 0.57477477, 0.70489297]), array([0.47245841, 0.83491204, 0.63057791, 0.51274581, 0.62039312,
       0.51026393, 0.49147442, 0.5526839 , 0.58781995, 0.7379845 ])]

estim_algorithm = doc-model, mode = classification, metric = f1score, confidence_scores = energy-conf, class_specific = False
test err: [0.21313939266526347, 0.21302951790242491, 0.2190573514959134, 0.22521322320084058, 0.2130651510029491]
estimated metric: [array([0.79648068, 0.90505214, 0.79631714, 0.73310968, 0.77616537,
       0.76741421, 0.7556132 , 0.82431168, 0.84930479, 0.8866582 ]), array([0.79649588, 0.90728932, 0.79044331, 0.73442815, 0.77928219,
       0.77582674, 0.76821705, 0.80856811, 0.85025436, 0.88569652]), array([0.79860697, 0.90613511, 0.79280152, 0.73557702, 0.78077386,
       0.77075457, 0.75508155, 0.80657066, 0.84712151, 0.88687701]), array([0.79755014, 0.89800452, 0.79331865, 0.73251702, 0.77403651,
       0.7766064 , 0.75521734, 0.80900455, 0.85191749, 0.88155525]), array([0.79693879, 0.90690119, 0.79601842, 0.73146518, 0.78132978,
       0.76997001, 0.76131854, 0.80083268, 0.85286575, 0.88432515])]
real metric: [array([0.48340548, 0.83013699, 0.65200314, 0.55360897, 0.59803922,
       0.52769953, 0.44680851, 0.54942966, 0.57195572, 0.74594595]), array([0.48138592, 0.84630739, 0.65087853, 0.53098592, 0.63759576,
       0.51501365, 0.43880926, 0.54861822, 0.58834244, 0.72826938]), array([0.49231869, 0.83641161, 0.65583456, 0.51803752, 0.62709832,
       0.49227799, 0.41898148, 0.53629032, 0.57254902, 0.73992674]), array([0.47755961, 0.82075472, 0.64727815, 0.51809794, 0.61427714,
       0.49111808, 0.41065483, 0.55818744, 0.57477477, 0.70489297]), array([0.47245841, 0.83491204, 0.63057791, 0.51274581, 0.62039312,
       0.51026393, 0.49147442, 0.5526839 , 0.58781995, 0.7379845 ])]

estim_algorithm = doc-model, mode = classification, metric = f1score, confidence_scores = energy-conf, class_specific = True
test err: [0.11529747298634323, 0.11496988836430022, 0.12062619977958522, 0.12061155926261606, 0.11482497242733829]
estimated metric: [array([0.64120631, 0.78039148, 0.72014971, 0.61124287, 0.72639148,
       0.63735937, 0.73670869, 0.71457064, 0.62269446, 0.67009002]), array([0.64138708, 0.78294489, 0.71352735, 0.61264061, 0.72955101,
       0.64789506, 0.7496964 , 0.69508284, 0.62579591, 0.66587956]), array([0.64415256, 0.78115083, 0.71604325, 0.61421287, 0.73125866,
       0.64144066, 0.73616076, 0.69233901, 0.61812115, 0.66926654]), array([0.64260801, 0.7680662 , 0.71658128, 0.61034362, 0.72403798,
       0.64866847, 0.73630071, 0.69549382, 0.62529365, 0.65884546]), array([0.64193238, 0.7829025 , 0.71969292, 0.60927415, 0.7321122 ,
       0.64048228, 0.74266526, 0.68540995, 0.62874953, 0.66364555])]
real metric: [array([0.48340548, 0.83013699, 0.65200314, 0.55360897, 0.59803922,
       0.52769953, 0.44680851, 0.54942966, 0.57195572, 0.74594595]), array([0.48138592, 0.84630739, 0.65087853, 0.53098592, 0.63759576,
       0.51501365, 0.43880926, 0.54861822, 0.58834244, 0.72826938]), array([0.49231869, 0.83641161, 0.65583456, 0.51803752, 0.62709832,
       0.49227799, 0.41898148, 0.53629032, 0.57254902, 0.73992674]), array([0.47755961, 0.82075472, 0.64727815, 0.51809794, 0.61427714,
       0.49111808, 0.41065483, 0.55818744, 0.57477477, 0.70489297]), array([0.47245841, 0.83491204, 0.63057791, 0.51274581, 0.62039312,
       0.51026393, 0.49147442, 0.5526839 , 0.58781995, 0.7379845 ])]

estim_algorithm = doc-model, mode = classification, metric = f1score, confidence_scores = entropy-conf, class_specific = False
test err: [0.20730531178169373, 0.20831867112075164, 0.21397096493481374, 0.22486044109566666, 0.20883571599443757]
estimated metric: [array([0.81584051, 0.86858803, 0.80258688, 0.72797878, 0.78369706,
       0.77636414, 0.77281194, 0.82591668, 0.8150464 , 0.84325585]), array([0.81752901, 0.87236803, 0.79798775, 0.7282487 , 0.79688192,
       0.77764659, 0.79281591, 0.80772699, 0.81617434, 0.84201393]), array([0.81460817, 0.87152754, 0.80535569, 0.72952582, 0.79314003,
       0.7832221 , 0.77239512, 0.80616456, 0.80597636, 0.84752052]), array([0.82090553, 0.86929842, 0.80670217, 0.73085074, 0.79172066,
       0.78657961, 0.78310652, 0.81605721, 0.82083583, 0.84014337]), array([0.81509498, 0.86972878, 0.80419479, 0.72658274, 0.79428502,
       0.77808372, 0.78056232, 0.81024622, 0.81390261, 0.84698997])]
real metric: [array([0.48340548, 0.83013699, 0.65200314, 0.55360897, 0.59803922,
       0.52769953, 0.44680851, 0.54942966, 0.57195572, 0.74594595]), array([0.48138592, 0.84630739, 0.65087853, 0.53098592, 0.63759576,
       0.51501365, 0.43880926, 0.54861822, 0.58834244, 0.72826938]), array([0.49231869, 0.83641161, 0.65583456, 0.51803752, 0.62709832,
       0.49227799, 0.41898148, 0.53629032, 0.57254902, 0.73992674]), array([0.47755961, 0.82075472, 0.64727815, 0.51809794, 0.61427714,
       0.49111808, 0.41065483, 0.55818744, 0.57477477, 0.70489297]), array([0.47245841, 0.83491204, 0.63057791, 0.51274581, 0.62039312,
       0.51026393, 0.49147442, 0.5526839 , 0.58781995, 0.7379845 ])]

estim_algorithm = doc-model, mode = classification, metric = f1score, confidence_scores = entropy-conf, class_specific = True
test err: [0.11186046579699456, 0.11209872605893845, 0.11651956032502642, 0.1204060715362623, 0.1115255737600406]
estimated metric: [array([0.63777819, 0.7980341 , 0.71461185, 0.60050877, 0.73288396,
       0.64200854, 0.72182333, 0.71250974, 0.6281139 , 0.66673224]), array([0.63978079, 0.8024423 , 0.70951094, 0.60105361, 0.74722703,
       0.6432046 , 0.74350314, 0.69051622, 0.63025872, 0.66457256]), array([0.63613466, 0.80133716, 0.71774616, 0.60212515, 0.74306954,
       0.64991299, 0.72165031, 0.68851372, 0.61610697, 0.67167718]), array([0.64405083, 0.79882181, 0.71921039, 0.60372084, 0.74154432,
       0.65378569, 0.73306735, 0.70055695, 0.63633798, 0.66309154]), array([0.63643011, 0.79930748, 0.71638068, 0.59871124, 0.74431864,
       0.6434229 , 0.73032087, 0.69405297, 0.62748846, 0.67104175])]
real metric: [array([0.48340548, 0.83013699, 0.65200314, 0.55360897, 0.59803922,
       0.52769953, 0.44680851, 0.54942966, 0.57195572, 0.74594595]), array([0.48138592, 0.84630739, 0.65087853, 0.53098592, 0.63759576,
       0.51501365, 0.43880926, 0.54861822, 0.58834244, 0.72826938]), array([0.49231869, 0.83641161, 0.65583456, 0.51803752, 0.62709832,
       0.49227799, 0.41898148, 0.53629032, 0.57254902, 0.73992674]), array([0.47755961, 0.82075472, 0.64727815, 0.51809794, 0.61427714,
       0.49111808, 0.41065483, 0.55818744, 0.57477477, 0.70489297]), array([0.47245841, 0.83491204, 0.63057791, 0.51274581, 0.62039312,
       0.51026393, 0.49147442, 0.5526839 , 0.58781995, 0.7379845 ])]

estim_algorithm = doc-model, mode = classification, metric = f1score, confidence_scores = doctor-conf, class_specific = False
test err: [0.22362831151444834, 0.22501482319550878, 0.23190134804037044, 0.24156804679821206, 0.2258064014845269]
estimated metric: [array([0.83036589, 0.85780669, 0.81637844, 0.77244578, 0.80741677,
       0.80469383, 0.79952142, 0.83596297, 0.82640965, 0.84431483]), array([0.8331843 , 0.86015784, 0.81350418, 0.77311518, 0.81807729,
       0.80276546, 0.8201226 , 0.82337319, 0.82631004, 0.84574461]), array([0.82954853, 0.86057565, 0.82035497, 0.77174169, 0.81520772,
       0.81061493, 0.80696055, 0.82490021, 0.81980273, 0.84903274]), array([0.83463682, 0.85974737, 0.82362116, 0.77795388, 0.81782208,
       0.80931753, 0.80827707, 0.82997328, 0.83012174, 0.84180518]), array([0.83053296, 0.85861412, 0.81946971, 0.77448206, 0.81418052,
       0.80494421, 0.80567867, 0.82561785, 0.8272022 , 0.84865571])]
real metric: [array([0.48340548, 0.83013699, 0.65200314, 0.55360897, 0.59803922,
       0.52769953, 0.44680851, 0.54942966, 0.57195572, 0.74594595]), array([0.48138592, 0.84630739, 0.65087853, 0.53098592, 0.63759576,
       0.51501365, 0.43880926, 0.54861822, 0.58834244, 0.72826938]), array([0.49231869, 0.83641161, 0.65583456, 0.51803752, 0.62709832,
       0.49227799, 0.41898148, 0.53629032, 0.57254902, 0.73992674]), array([0.47755961, 0.82075472, 0.64727815, 0.51809794, 0.61427714,
       0.49111808, 0.41065483, 0.55818744, 0.57477477, 0.70489297]), array([0.47245841, 0.83491204, 0.63057791, 0.51274581, 0.62039312,
       0.51026393, 0.49147442, 0.5526839 , 0.58781995, 0.7379845 ])]

estim_algorithm = doc-model, mode = classification, metric = f1score, confidence_scores = doctor-conf, class_specific = True
test err: [0.12793007340408472, 0.12835868761292576, 0.13437548408653668, 0.13624360182686168, 0.12844803789490755]
estimated metric: [array([0.66370493, 0.80556809, 0.72901328, 0.63192829, 0.76023535,
       0.66483657, 0.74947533, 0.72208386, 0.64475795, 0.67429944]), array([0.66710098, 0.80840285, 0.72588956, 0.633076  , 0.77180952,
       0.6623395 , 0.77111076, 0.70746066, 0.64553036, 0.67527469]), array([0.66261175, 0.80850144, 0.73373924, 0.63141266, 0.76880273,
       0.67153452, 0.75752458, 0.70795762, 0.63516598, 0.67944325]), array([0.66899308, 0.80766449, 0.7370463 , 0.63824525, 0.77134388,
       0.66908324, 0.75882879, 0.71508132, 0.64968319, 0.67190424]), array([0.6635306 , 0.80637821, 0.7325785 , 0.63426136, 0.76761415,
       0.66448957, 0.75643713, 0.70970612, 0.64688894, 0.67912688])]
real metric: [array([0.48340548, 0.83013699, 0.65200314, 0.55360897, 0.59803922,
       0.52769953, 0.44680851, 0.54942966, 0.57195572, 0.74594595]), array([0.48138592, 0.84630739, 0.65087853, 0.53098592, 0.63759576,
       0.51501365, 0.43880926, 0.54861822, 0.58834244, 0.72826938]), array([0.49231869, 0.83641161, 0.65583456, 0.51803752, 0.62709832,
       0.49227799, 0.41898148, 0.53629032, 0.57254902, 0.73992674]), array([0.47755961, 0.82075472, 0.64727815, 0.51809794, 0.61427714,
       0.49111808, 0.41065483, 0.55818744, 0.57477477, 0.70489297]), array([0.47245841, 0.83491204, 0.63057791, 0.51274581, 0.62039312,
       0.51026393, 0.49147442, 0.5526839 , 0.58781995, 0.7379845 ])]

estim_algorithm = atc-model, mode = classification, metric = f1score, confidence_scores = max_class_probability-conf, class_specific = False
test err: [0.1693020732258875, 0.17104233218166823, 0.16597283236019483, 0.19030118288676473, 0.17009975785552825]
estimated metric: [array([0.79409209, 0.8914956 , 0.76111686, 0.6204239 , 0.72822528,
       0.70654206, 0.71597634, 0.81322958, 0.78538813, 0.83556406]), array([0.8007034 , 0.90452962, 0.74782609, 0.6079208 , 0.75875239,
       0.68690703, 0.78181819, 0.80082136, 0.76335878, 0.82399214]), array([0.78892734, 0.89340814, 0.76045628, 0.59656219, 0.74656189,
       0.70445345, 0.71724139, 0.75862069, 0.7414966 , 0.84172662]), array([0.8040145 , 0.89117647, 0.76235742, 0.60252673, 0.75902824,
       0.73660715, 0.76282052, 0.79079498, 0.76995306, 0.84132841]), array([0.78969194, 0.89469862, 0.76591761, 0.60020346, 0.76601307,
       0.70517929, 0.74300255, 0.78455285, 0.75588236, 0.84716981])]
real metric: [array([0.48340548, 0.83013699, 0.65200314, 0.55360897, 0.59803922,
       0.52769953, 0.44680851, 0.54942966, 0.57195572, 0.74594595]), array([0.48138592, 0.84630739, 0.65087853, 0.53098592, 0.63759576,
       0.51501365, 0.43880926, 0.54861822, 0.58834244, 0.72826938]), array([0.49231869, 0.83641161, 0.65583456, 0.51803752, 0.62709832,
       0.49227799, 0.41898148, 0.53629032, 0.57254902, 0.73992674]), array([0.47755961, 0.82075472, 0.64727815, 0.51809794, 0.61427714,
       0.49111808, 0.41065483, 0.55818744, 0.57477477, 0.70489297]), array([0.47245841, 0.83491204, 0.63057791, 0.51274581, 0.62039312,
       0.51026393, 0.49147442, 0.5526839 , 0.58781995, 0.7379845 ])]

estim_algorithm = atc-model, mode = classification, metric = f1score, confidence_scores = max_class_probability-conf, class_specific = True
test err: [0.06827588573666953, 0.06599253964980822, 0.06549350678360144, 0.0672699758953845, 0.06504557522787419]
estimated metric: [array([0.52966102, 0.72727273, 0.65845465, 0.51913134, 0.64857342,
       0.5553236 , 0.63091484, 0.66520788, 0.54909092, 0.65414365]), array([0.52434187, 0.72609401, 0.66115703, 0.51844047, 0.68509778,
       0.55833334, 0.66000001, 0.58937199, 0.5483871 , 0.64705883]), array([0.52579853, 0.72226721, 0.65567011, 0.53121694, 0.67543253,
       0.56179776, 0.60674159, 0.59512196, 0.52882705, 0.65412749]), array([0.52729145, 0.72527473, 0.65217392, 0.51599588, 0.65862314,
       0.58500001, 0.64561405, 0.61390888, 0.56830602, 0.61978022]), array([0.52224232, 0.72954925, 0.66056911, 0.50108933, 0.68432056,
       0.53932585, 0.64285715, 0.61574075, 0.53886011, 0.64071191])]
real metric: [array([0.48340548, 0.83013699, 0.65200314, 0.55360897, 0.59803922,
       0.52769953, 0.44680851, 0.54942966, 0.57195572, 0.74594595]), array([0.48138592, 0.84630739, 0.65087853, 0.53098592, 0.63759576,
       0.51501365, 0.43880926, 0.54861822, 0.58834244, 0.72826938]), array([0.49231869, 0.83641161, 0.65583456, 0.51803752, 0.62709832,
       0.49227799, 0.41898148, 0.53629032, 0.57254902, 0.73992674]), array([0.47755961, 0.82075472, 0.64727815, 0.51809794, 0.61427714,
       0.49111808, 0.41065483, 0.55818744, 0.57477477, 0.70489297]), array([0.47245841, 0.83491204, 0.63057791, 0.51274581, 0.62039312,
       0.51026393, 0.49147442, 0.5526839 , 0.58781995, 0.7379845 ])]

estim_algorithm = atc-model, mode = classification, metric = f1score, confidence_scores = energy-conf, class_specific = False
test err: [0.13614410608522984, 0.13354423917938973, 0.12145508553242124, 0.14382754311202367, 0.125056785213222]
estimated metric: [array([0.70280374, 0.93069307, 0.67184036, 0.36716078, 0.60086456,
       0.5761317 , 0.52881358, 0.78486056, 0.87288136, 0.91152815]), array([0.7062915 , 0.93061225, 0.65140479, 0.39314286, 0.60415176,
       0.61876248, 0.54347828, 0.73593074, 0.86554622, 0.90975388]), array([0.71323529, 0.92944369, 0.65428277, 0.38228439, 0.61002179,
       0.57142858, 0.45000002, 0.71714923, 0.85093168, 0.91673675]), array([0.71710526, 0.92439372, 0.64516129, 0.36405006, 0.56926571,
       0.59553351, 0.52107282, 0.72687225, 0.88034188, 0.90972222]), array([0.70941251, 0.93192983, 0.65784114, 0.35209582, 0.63287473,
       0.56828195, 0.51651653, 0.72765958, 0.86442953, 0.91954023])]
real metric: [array([0.48340548, 0.83013699, 0.65200314, 0.55360897, 0.59803922,
       0.52769953, 0.44680851, 0.54942966, 0.57195572, 0.74594595]), array([0.48138592, 0.84630739, 0.65087853, 0.53098592, 0.63759576,
       0.51501365, 0.43880926, 0.54861822, 0.58834244, 0.72826938]), array([0.49231869, 0.83641161, 0.65583456, 0.51803752, 0.62709832,
       0.49227799, 0.41898148, 0.53629032, 0.57254902, 0.73992674]), array([0.47755961, 0.82075472, 0.64727815, 0.51809794, 0.61427714,
       0.49111808, 0.41065483, 0.55818744, 0.57477477, 0.70489297]), array([0.47245841, 0.83491204, 0.63057791, 0.51274581, 0.62039312,
       0.51026393, 0.49147442, 0.5526839 , 0.58781995, 0.7379845 ])]

estim_algorithm = atc-model, mode = classification, metric = f1score, confidence_scores = energy-conf, class_specific = True
test err: [0.08268317752307723, 0.0708863452432372, 0.07086076663733683, 0.07107684693812136, 0.06181815669704911]
estimated metric: [array([0.49891853, 0.78064516, 0.63085715, 0.32121923, 0.51981708,
       0.39069769, 0.49826991, 0.6414254 , 0.60245185, 0.62683202]), array([0.5010989 , 0.77570094, 0.6124197 , 0.34782609, 0.53603604,
       0.44494383, 0.53818183, 0.59277109, 0.60103628, 0.65919283]), array([0.51327434, 0.77389278, 0.59935554, 0.33573142, 0.53220859,
       0.39598999, 0.43037977, 0.59512196, 0.5931559 , 0.63559322]), array([0.50522648, 0.75371901, 0.6       , 0.31812866, 0.48314607,
       0.47849464, 0.49805449, 0.57985259, 0.61619719, 0.63031625]), array([0.49724163, 0.77947073, 0.60823654, 0.30958232, 0.54657429,
       0.42233011, 0.49390245, 0.55903616, 0.63548388, 0.64372919])]
real metric: [array([0.48340548, 0.83013699, 0.65200314, 0.55360897, 0.59803922,
       0.52769953, 0.44680851, 0.54942966, 0.57195572, 0.74594595]), array([0.48138592, 0.84630739, 0.65087853, 0.53098592, 0.63759576,
       0.51501365, 0.43880926, 0.54861822, 0.58834244, 0.72826938]), array([0.49231869, 0.83641161, 0.65583456, 0.51803752, 0.62709832,
       0.49227799, 0.41898148, 0.53629032, 0.57254902, 0.73992674]), array([0.47755961, 0.82075472, 0.64727815, 0.51809794, 0.61427714,
       0.49111808, 0.41065483, 0.55818744, 0.57477477, 0.70489297]), array([0.47245841, 0.83491204, 0.63057791, 0.51274581, 0.62039312,
       0.51026393, 0.49147442, 0.5526839 , 0.58781995, 0.7379845 ])]

estim_algorithm = atc-model, mode = classification, metric = f1score, confidence_scores = entropy-conf, class_specific = False
test err: [0.15292948440682502, 0.1557687700707814, 0.14999627758701956, 0.17633097600993097, 0.1579189172736842]
estimated metric: [array([0.78281204, 0.88905217, 0.75467776, 0.5863771 , 0.70705726,
       0.68190477, 0.67682928, 0.79684419, 0.78167939, 0.83109405]), array([0.78178029, 0.90833333, 0.73560976, 0.56822811, 0.73868047,
       0.67432951, 0.7515528 , 0.77310925, 0.76712329, 0.82514735]), array([0.77336449, 0.89263158, 0.73887815, 0.56759546, 0.73161034,
       0.68583163, 0.6761566 , 0.74782609, 0.73720137, 0.83859333]), array([0.7908681 , 0.88872513, 0.74566474, 0.57482657, 0.72727273,
       0.71363637, 0.73026317, 0.7831579 , 0.78516229, 0.84132841]), array([0.77591372, 0.89309091, 0.74952562, 0.56517206, 0.74884029,
       0.68951614, 0.72680413, 0.77459017, 0.75770925, 0.84934087])]
real metric: [array([0.48340548, 0.83013699, 0.65200314, 0.55360897, 0.59803922,
       0.52769953, 0.44680851, 0.54942966, 0.57195572, 0.74594595]), array([0.48138592, 0.84630739, 0.65087853, 0.53098592, 0.63759576,
       0.51501365, 0.43880926, 0.54861822, 0.58834244, 0.72826938]), array([0.49231869, 0.83641161, 0.65583456, 0.51803752, 0.62709832,
       0.49227799, 0.41898148, 0.53629032, 0.57254902, 0.73992674]), array([0.47755961, 0.82075472, 0.64727815, 0.51809794, 0.61427714,
       0.49111808, 0.41065483, 0.55818744, 0.57477477, 0.70489297]), array([0.47245841, 0.83491204, 0.63057791, 0.51274581, 0.62039312,
       0.51026393, 0.49147442, 0.5526839 , 0.58781995, 0.7379845 ])]

estim_algorithm = atc-model, mode = classification, metric = f1score, confidence_scores = entropy-conf, class_specific = True
test err: [0.0658839215498369, 0.06705762731017981, 0.06036164071852734, 0.06665729455302162, 0.06567141145669002]
estimated metric: [array([0.5260177 , 0.72405064, 0.64937994, 0.51143452, 0.64480112,
       0.54926626, 0.60897437, 0.66812228, 0.54909092, 0.65265487]), array([0.52380953, 0.72506083, 0.6625387 , 0.49786325, 0.6779661 ,
       0.56728779, 0.6418919 , 0.59277109, 0.54578098, 0.64858757]), array([0.52424456, 0.72433307, 0.64870467, 0.51709402, 0.67543253,
       0.55855857, 0.56370658, 0.59168705, 0.5229541 , 0.65271967]), array([0.52425181, 0.72311601, 0.65077721, 0.48790747, 0.64516129,
       0.58500001, 0.63120569, 0.60722893, 0.56569344, 0.61978022]), array([0.52437703, 0.73060884, 0.65647299, 0.472808  , 0.67879636,
       0.54910715, 0.61235956, 0.61893765, 0.53633219, 0.63919822])]
real metric: [array([0.48340548, 0.83013699, 0.65200314, 0.55360897, 0.59803922,
       0.52769953, 0.44680851, 0.54942966, 0.57195572, 0.74594595]), array([0.48138592, 0.84630739, 0.65087853, 0.53098592, 0.63759576,
       0.51501365, 0.43880926, 0.54861822, 0.58834244, 0.72826938]), array([0.49231869, 0.83641161, 0.65583456, 0.51803752, 0.62709832,
       0.49227799, 0.41898148, 0.53629032, 0.57254902, 0.73992674]), array([0.47755961, 0.82075472, 0.64727815, 0.51809794, 0.61427714,
       0.49111808, 0.41065483, 0.55818744, 0.57477477, 0.70489297]), array([0.47245841, 0.83491204, 0.63057791, 0.51274581, 0.62039312,
       0.51026393, 0.49147442, 0.5526839 , 0.58781995, 0.7379845 ])]

estim_algorithm = atc-model, mode = classification, metric = f1score, confidence_scores = doctor-conf, class_specific = False
test err: [0.16751300253607376, 0.1687275416896447, 0.16250013593429694, 0.18798651892863266, 0.16871460569881425]
estimated metric: [array([0.79444123, 0.88986784, 0.76111686, 0.61508704, 0.72655738,
       0.69924813, 0.71597634, 0.81091618, 0.78538813, 0.83556406]), array([0.79964799, 0.90757471, 0.74782609, 0.60099503, 0.75717017,
       0.68441065, 0.77439025, 0.79338843, 0.76524391, 0.82283465]), array([0.78682842, 0.89107519, 0.75809524, 0.59086295, 0.74491803,
       0.699187  , 0.70833334, 0.75324676, 0.7414966 , 0.84068407]), array([0.80167598, 0.89117647, 0.75881792, 0.60116732, 0.75576037,
       0.73094171, 0.75884245, 0.79079498, 0.76802508, 0.84025854]), array([0.78861548, 0.89389535, 0.7612782 , 0.59448417, 0.76196721,
       0.70259482, 0.7461929 , 0.78455285, 0.75770925, 0.84716981])]
real metric: [array([0.48340548, 0.83013699, 0.65200314, 0.55360897, 0.59803922,
       0.52769953, 0.44680851, 0.54942966, 0.57195572, 0.74594595]), array([0.48138592, 0.84630739, 0.65087853, 0.53098592, 0.63759576,
       0.51501365, 0.43880926, 0.54861822, 0.58834244, 0.72826938]), array([0.49231869, 0.83641161, 0.65583456, 0.51803752, 0.62709832,
       0.49227799, 0.41898148, 0.53629032, 0.57254902, 0.73992674]), array([0.47755961, 0.82075472, 0.64727815, 0.51809794, 0.61427714,
       0.49111808, 0.41065483, 0.55818744, 0.57477477, 0.70489297]), array([0.47245841, 0.83491204, 0.63057791, 0.51274581, 0.62039312,
       0.51026393, 0.49147442, 0.5526839 , 0.58781995, 0.7379845 ])]

estim_algorithm = atc-model, mode = classification, metric = f1score, confidence_scores = doctor-conf, class_specific = True
test err: [0.06955446279667613, 0.06657521490785656, 0.06663236721171395, 0.06839360697984001, 0.0655579678821528]
estimated metric: [array([0.53069866, 0.72727273, 0.65695068, 0.51913134, 0.64574617,
       0.56133057, 0.63949844, 0.66520788, 0.54909092, 0.65265487]), array([0.52540541, 0.72712551, 0.66115703, 0.51687764, 0.68154158,
       0.56431536, 0.66000001, 0.58595643, 0.54316548, 0.64705883]), array([0.52683269, 0.72330097, 0.65428277, 0.53276956, 0.67451524,
       0.56823267, 0.60674159, 0.59512196, 0.52589642, 0.65412749]), array([0.52779684, 0.72635135, 0.65217392, 0.51446281, 0.65288667,
       0.58500001, 0.65972223, 0.61057693, 0.56307131, 0.61978022]), array([0.52331045, 0.73060884, 0.65784114, 0.50108933, 0.68064291,
       0.54260091, 0.65027323, 0.61252901, 0.53633219, 0.63919822])]
real metric: [array([0.48340548, 0.83013699, 0.65200314, 0.55360897, 0.59803922,
       0.52769953, 0.44680851, 0.54942966, 0.57195572, 0.74594595]), array([0.48138592, 0.84630739, 0.65087853, 0.53098592, 0.63759576,
       0.51501365, 0.43880926, 0.54861822, 0.58834244, 0.72826938]), array([0.49231869, 0.83641161, 0.65583456, 0.51803752, 0.62709832,
       0.49227799, 0.41898148, 0.53629032, 0.57254902, 0.73992674]), array([0.47755961, 0.82075472, 0.64727815, 0.51809794, 0.61427714,
       0.49111808, 0.41065483, 0.55818744, 0.57477477, 0.70489297]), array([0.47245841, 0.83491204, 0.63057791, 0.51274581, 0.62039312,
       0.51026393, 0.49147442, 0.5526839 , 0.58781995, 0.7379845 ])]

estim_algorithm = ts-atc-model, mode = classification, metric = f1score, confidence_scores = max_class_probability-conf, class_specific = False
test err: [0.14077326861965417, 0.14193530878708932, 0.12853341699139562, 0.15723515861037557, 0.13853868428576072]
estimated metric: [array([0.7480457 , 0.89230769, 0.73495248, 0.51606218, 0.67349727,
       0.66666667, 0.63522014, 0.78486056, 0.79456194, 0.84549763]), array([0.74900642, 0.91511387, 0.71555996, 0.49464669, 0.69913276,
       0.66150871, 0.69902914, 0.74408603, 0.78923767, 0.84555985]), array([0.75333927, 0.90111421, 0.72031404, 0.51867663, 0.70149254,
       0.63539446, 0.60674159, 0.73684211, 0.75630253, 0.84484305]), array([0.76794946, 0.89604685, 0.71724138, 0.48472076, 0.6801676 ,
       0.6682353 , 0.66896553, 0.77801269, 0.81626506, 0.84558824]), array([0.75160403, 0.90108303, 0.73269231, 0.4829107 , 0.70061941,
       0.62869199, 0.66846362, 0.76954733, 0.77922078, 0.86219739])]
real metric: [array([0.48340548, 0.83013699, 0.65200314, 0.55360897, 0.59803922,
       0.52769953, 0.44680851, 0.54942966, 0.57195572, 0.74594595]), array([0.48138592, 0.84630739, 0.65087853, 0.53098592, 0.63759576,
       0.51501365, 0.43880926, 0.54861822, 0.58834244, 0.72826938]), array([0.49231869, 0.83641161, 0.65583456, 0.51803752, 0.62709832,
       0.49227799, 0.41898148, 0.53629032, 0.57254902, 0.73992674]), array([0.47755961, 0.82075472, 0.64727815, 0.51809794, 0.61427714,
       0.49111808, 0.41065483, 0.55818744, 0.57477477, 0.70489297]), array([0.47245841, 0.83491204, 0.63057791, 0.51274581, 0.62039312,
       0.51026393, 0.49147442, 0.5526839 , 0.58781995, 0.7379845 ])]

estim_algorithm = ts-atc-model, mode = classification, metric = f1score, confidence_scores = max_class_probability-conf, class_specific = True
test err: [0.06731244092921698, 0.05967253122373071, 0.047834878347896334, 0.058395812017453655, 0.0476189220275095]
estimated metric: [array([0.49566474, 0.76672105, 0.63863637, 0.42464247, 0.58660845,
       0.46563194, 0.57704919, 0.67678959, 0.58761063, 0.6375839 ]), array([0.48892172, 0.75731225, 0.63578948, 0.42376682, 0.60315187,
       0.51502147, 0.62798636, 0.61282661, 0.57644992, 0.65011287]), array([0.49246231, 0.76332289, 0.62736842, 0.43163842, 0.6018992 ,
       0.50467291, 0.51792831, 0.58476659, 0.56589148, 0.64135021]), array([0.49684653, 0.75371901, 0.62076272, 0.41280354, 0.57250756,
       0.51443571, 0.57564577, 0.61057693, 0.57350273, 0.62280702]), array([0.48442137, 0.76260163, 0.63702172, 0.4037123 , 0.60869566,
       0.47775177, 0.55976678, 0.59953163, 0.5923461 , 0.62542183])]
real metric: [array([0.48340548, 0.83013699, 0.65200314, 0.55360897, 0.59803922,
       0.52769953, 0.44680851, 0.54942966, 0.57195572, 0.74594595]), array([0.48138592, 0.84630739, 0.65087853, 0.53098592, 0.63759576,
       0.51501365, 0.43880926, 0.54861822, 0.58834244, 0.72826938]), array([0.49231869, 0.83641161, 0.65583456, 0.51803752, 0.62709832,
       0.49227799, 0.41898148, 0.53629032, 0.57254902, 0.73992674]), array([0.47755961, 0.82075472, 0.64727815, 0.51809794, 0.61427714,
       0.49111808, 0.41065483, 0.55818744, 0.57477477, 0.70489297]), array([0.47245841, 0.83491204, 0.63057791, 0.51274581, 0.62039312,
       0.51026393, 0.49147442, 0.5526839 , 0.58781995, 0.7379845 ])]

estim_algorithm = ts-atc-model, mode = classification, metric = f1score, confidence_scores = energy-conf, class_specific = False
test err: [0.12963165156745693, 0.13982057684887791, 0.13100377595528964, 0.14997863491158583, 0.126459334163637]
estimated metric: [array([0.66238355, 0.93596059, 0.64632769, 0.33874711, 0.58866279,
       0.5462185 , 0.46099293, 0.80859375, 0.87605634, 0.93157895]), array([0.65703971, 0.93351425, 0.63002115, 0.35169989, 0.58593184,
       0.61600001, 0.51660518, 0.76008493, 0.87966805, 0.93023256]), array([0.66920152, 0.92653061, 0.59935554, 0.35545024, 0.58117124,
       0.55855857, 0.45000002, 0.72283814, 0.86850153, 0.93816983]), array([0.67387944, 0.92592593, 0.59395249, 0.30023641, 0.55283308,
       0.58500001, 0.44979922, 0.76231264, 0.88352273, 0.92465753]), array([0.66426937, 0.93417367, 0.61263158, 0.31578948, 0.60148148,
       0.57456141, 0.50303032, 0.73572939, 0.872     , 0.93461203])]
real metric: [array([0.48340548, 0.83013699, 0.65200314, 0.55360897, 0.59803922,
       0.52769953, 0.44680851, 0.54942966, 0.57195572, 0.74594595]), array([0.48138592, 0.84630739, 0.65087853, 0.53098592, 0.63759576,
       0.51501365, 0.43880926, 0.54861822, 0.58834244, 0.72826938]), array([0.49231869, 0.83641161, 0.65583456, 0.51803752, 0.62709832,
       0.49227799, 0.41898148, 0.53629032, 0.57254902, 0.73992674]), array([0.47755961, 0.82075472, 0.64727815, 0.51809794, 0.61427714,
       0.49111808, 0.41065483, 0.55818744, 0.57477477, 0.70489297]), array([0.47245841, 0.83491204, 0.63057791, 0.51274581, 0.62039312,
       0.51026393, 0.49147442, 0.5526839 , 0.58781995, 0.7379845 ])]

estim_algorithm = ts-atc-model, mode = classification, metric = f1score, confidence_scores = energy-conf, class_specific = True
test err: [0.09323378454455508, 0.08095726632890195, 0.08247863762075215, 0.08399555373806125, 0.08423923067890063]
estimated metric: [array([0.52549575, 0.80662984, 0.60372961, 0.28091237, 0.45995242,
       0.35238097, 0.4878049 , 0.61363637, 0.63356165, 0.68039004]), array([0.53543307, 0.81893313, 0.57738749, 0.29161605, 0.47775176,
       0.43083902, 0.52747254, 0.54726369, 0.61538462, 0.67405765]), array([0.54469855, 0.80182232, 0.57641922, 0.31348725, 0.49409914,
       0.37974685, 0.46913582, 0.57777779, 0.62962964, 0.68032787]), array([0.53932584, 0.78092159, 0.55172414, 0.27370949, 0.44187964,
       0.40563382, 0.46215142, 0.57283952, 0.61375662, 0.66949153]), array([0.53390743, 0.81464175, 0.57820928, 0.2691824 , 0.47987118,
       0.36683419, 0.5209581 , 0.51980199, 0.65286625, 0.68460711])]
real metric: [array([0.48340548, 0.83013699, 0.65200314, 0.55360897, 0.59803922,
       0.52769953, 0.44680851, 0.54942966, 0.57195572, 0.74594595]), array([0.48138592, 0.84630739, 0.65087853, 0.53098592, 0.63759576,
       0.51501365, 0.43880926, 0.54861822, 0.58834244, 0.72826938]), array([0.49231869, 0.83641161, 0.65583456, 0.51803752, 0.62709832,
       0.49227799, 0.41898148, 0.53629032, 0.57254902, 0.73992674]), array([0.47755961, 0.82075472, 0.64727815, 0.51809794, 0.61427714,
       0.49111808, 0.41065483, 0.55818744, 0.57477477, 0.70489297]), array([0.47245841, 0.83491204, 0.63057791, 0.51274581, 0.62039312,
       0.51026393, 0.49147442, 0.5526839 , 0.58781995, 0.7379845 ])]

estim_algorithm = ts-atc-model, mode = classification, metric = f1score, confidence_scores = entropy-conf, class_specific = False
test err: [0.14240881216399764, 0.13821455995986967, 0.12673838000405874, 0.15028899317210798, 0.13370826183301468]
estimated metric: [array([0.73434651, 0.89956332, 0.72688629, 0.43154437, 0.64857342,
       0.62425448, 0.59546927, 0.78243513, 0.82474227, 0.87117702]), array([0.73469388, 0.92328767, 0.70270271, 0.44124169, 0.66438356,
       0.63241107, 0.64646466, 0.72210066, 0.83954155, 0.86203616]), array([0.74364343, 0.91322314, 0.70248757, 0.45089286, 0.65966387,
       0.6056645 , 0.53543309, 0.74509804, 0.80452343, 0.86219081]), array([0.74890639, 0.90961678, 0.698     , 0.43525572, 0.63439307,
       0.64916469, 0.60144929, 0.74620391, 0.86743516, 0.86437613]), array([0.73733004, 0.91440799, 0.70147784, 0.42922375, 0.66948556,
       0.60813705, 0.57636889, 0.76446281, 0.83950618, 0.88095238])]
real metric: [array([0.48340548, 0.83013699, 0.65200314, 0.55360897, 0.59803922,
       0.52769953, 0.44680851, 0.54942966, 0.57195572, 0.74594595]), array([0.48138592, 0.84630739, 0.65087853, 0.53098592, 0.63759576,
       0.51501365, 0.43880926, 0.54861822, 0.58834244, 0.72826938]), array([0.49231869, 0.83641161, 0.65583456, 0.51803752, 0.62709832,
       0.49227799, 0.41898148, 0.53629032, 0.57254902, 0.73992674]), array([0.47755961, 0.82075472, 0.64727815, 0.51809794, 0.61427714,
       0.49111808, 0.41065483, 0.55818744, 0.57477477, 0.70489297]), array([0.47245841, 0.83491204, 0.63057791, 0.51274581, 0.62039312,
       0.51026393, 0.49147442, 0.5526839 , 0.58781995, 0.7379845 ])]

estim_algorithm = ts-atc-model, mode = classification, metric = f1score, confidence_scores = entropy-conf, class_specific = True
test err: [0.07596363667671774, 0.06519344187117602, 0.06177522048623464, 0.06587181797337092, 0.05763823306350113]
estimated metric: [array([0.49130435, 0.75862069, 0.64479638, 0.36716078, 0.57310801,
       0.43438915, 0.52881358, 0.69098713, 0.58510639, 0.61433448]), array([0.4793757 , 0.75435816, 0.63865547, 0.3857635 , 0.58078603,
       0.47240619, 0.57950532, 0.61938535, 0.58143608, 0.64552662]), array([0.49137931, 0.7535545 , 0.6302521 , 0.37660819, 0.57589286,
       0.45036321, 0.4878049 , 0.62857144, 0.57142858, 0.62832801]), array([0.49579243, 0.74228524, 0.625132  , 0.37880497, 0.53374709,
       0.50659632, 0.53787881, 0.62707839, 0.58122744, 0.60289211]), array([0.48216939, 0.76461039, 0.62993763, 0.38117648, 0.59209545,
       0.44124702, 0.52976192, 0.62844038, 0.61083744, 0.60820046])]
real metric: [array([0.48340548, 0.83013699, 0.65200314, 0.55360897, 0.59803922,
       0.52769953, 0.44680851, 0.54942966, 0.57195572, 0.74594595]), array([0.48138592, 0.84630739, 0.65087853, 0.53098592, 0.63759576,
       0.51501365, 0.43880926, 0.54861822, 0.58834244, 0.72826938]), array([0.49231869, 0.83641161, 0.65583456, 0.51803752, 0.62709832,
       0.49227799, 0.41898148, 0.53629032, 0.57254902, 0.73992674]), array([0.47755961, 0.82075472, 0.64727815, 0.51809794, 0.61427714,
       0.49111808, 0.41065483, 0.55818744, 0.57477477, 0.70489297]), array([0.47245841, 0.83491204, 0.63057791, 0.51274581, 0.62039312,
       0.51026393, 0.49147442, 0.5526839 , 0.58781995, 0.7379845 ])]

estim_algorithm = ts-atc-model, mode = classification, metric = f1score, confidence_scores = doctor-conf, class_specific = False
test err: [0.1423870994198527, 0.13700349265905437, 0.1273676600610642, 0.14917154750965164, 0.13332457455713617]
estimated metric: [array([0.73280584, 0.89956332, 0.7228145 , 0.42982457, 0.6466899 ,
       0.62151395, 0.59546927, 0.78243513, 0.82991203, 0.87430684]), array([0.73234201, 0.92402464, 0.7001003 , 0.44296789, 0.66255144,
       0.62425448, 0.64646466, 0.72210066, 0.84120172, 0.86419753]), array([0.74326751, 0.91620879, 0.696     , 0.4474273 , 0.65778401,
       0.6056645 , 0.53543309, 0.74782609, 0.80837359, 0.86419753]), array([0.74634717, 0.90961678, 0.69408225, 0.43013101, 0.63241679,
       0.64268586, 0.59124089, 0.74891775, 0.86743516, 0.8705036 ]), array([0.73380849, 0.91672598, 0.70147784, 0.42382589, 0.66666667,
       0.60813705, 0.5639535 , 0.76701031, 0.84109589, 0.88401827])]
real metric: [array([0.48340548, 0.83013699, 0.65200314, 0.55360897, 0.59803922,
       0.52769953, 0.44680851, 0.54942966, 0.57195572, 0.74594595]), array([0.48138592, 0.84630739, 0.65087853, 0.53098592, 0.63759576,
       0.51501365, 0.43880926, 0.54861822, 0.58834244, 0.72826938]), array([0.49231869, 0.83641161, 0.65583456, 0.51803752, 0.62709832,
       0.49227799, 0.41898148, 0.53629032, 0.57254902, 0.73992674]), array([0.47755961, 0.82075472, 0.64727815, 0.51809794, 0.61427714,
       0.49111808, 0.41065483, 0.55818744, 0.57477477, 0.70489297]), array([0.47245841, 0.83491204, 0.63057791, 0.51274581, 0.62039312,
       0.51026393, 0.49147442, 0.5526839 , 0.58781995, 0.7379845 ])]

estim_algorithm = ts-atc-model, mode = classification, metric = f1score, confidence_scores = doctor-conf, class_specific = True
test err: [0.07547704304362021, 0.06313534843708052, 0.06144276066399166, 0.06597193867934917, 0.05536313426838598]
estimated metric: [array([0.49457701, 0.75657895, 0.63397948, 0.38192091, 0.5710081 ,
       0.44144145, 0.52881358, 0.69379016, 0.58259326, 0.6159091 ]), array([0.48163265, 0.75039746, 0.6329114 , 0.40408627, 0.57975237,
       0.48577682, 0.57950532, 0.61938535, 0.58391609, 0.64090909]), array([0.49246231, 0.75453828, 0.62592203, 0.38039674, 0.57695168,
       0.44660196, 0.48163267, 0.61870505, 0.5631068 , 0.62540022]), array([0.49579243, 0.74123539, 0.62076272, 0.39687849, 0.5326087 ,
       0.51443571, 0.53787881, 0.62707839, 0.58122744, 0.59821429]), array([0.48722695, 0.76159479, 0.62708334, 0.39064328, 0.58788332,
       0.44868736, 0.52976192, 0.62211982, 0.59933775, 0.61136364])]
real metric: [array([0.48340548, 0.83013699, 0.65200314, 0.55360897, 0.59803922,
       0.52769953, 0.44680851, 0.54942966, 0.57195572, 0.74594595]), array([0.48138592, 0.84630739, 0.65087853, 0.53098592, 0.63759576,
       0.51501365, 0.43880926, 0.54861822, 0.58834244, 0.72826938]), array([0.49231869, 0.83641161, 0.65583456, 0.51803752, 0.62709832,
       0.49227799, 0.41898148, 0.53629032, 0.57254902, 0.73992674]), array([0.47755961, 0.82075472, 0.64727815, 0.51809794, 0.61427714,
       0.49111808, 0.41065483, 0.55818744, 0.57477477, 0.70489297]), array([0.47245841, 0.83491204, 0.63057791, 0.51274581, 0.62039312,
       0.51026393, 0.49147442, 0.5526839 , 0.58781995, 0.7379845 ])]

