estim_algorithm = ac-model, mode = classification, metric = sensitivity, confidence_scores = max_class_probability-conf, class_specific = False
test err: [0.2750297481053389, 0.27511406242817016, 0.2785257958231987, 0.2809314673396818, 0.2741173135251458]
estimated metric: [array([0.90027142, 0.94341371, 0.88158268, 0.8713242 , 0.87883173,
       0.85322334, 0.8915598 , 0.87153177, 0.89049906, 0.89188027]), array([0.90607014, 0.93172941, 0.8799932 , 0.86401177, 0.87297528,
       0.85934638, 0.88919757, 0.91171595, 0.87730393, 0.8757183 ]), array([0.91250856, 0.94148229, 0.88437093, 0.87505271, 0.8871806 ,
       0.86566482, 0.87257189, 0.8963506 , 0.89761138, 0.89415702]), array([0.89576969, 0.93462472, 0.87708262, 0.86613755, 0.87654558,
       0.86686964, 0.8811666 , 0.88998741, 0.89225436, 0.89464243]), array([0.90334917, 0.94764053, 0.87914043, 0.86496719, 0.88421818,
       0.85895424, 0.89669467, 0.88775691, 0.89633384, 0.88908806])]
real metric: [array([0.89489489, 0.88324176, 0.68990043, 0.83791209, 0.61516452,
       0.57520891, 0.4358209 , 0.4379562 , 0.46514936, 0.28857143]), array([0.90974212, 0.85100287, 0.72794118, 0.83456425, 0.6408046 ,
       0.59047619, 0.40306834, 0.44836957, 0.40853659, 0.30975955]), array([0.88555079, 0.88120301, 0.73211568, 0.80085349, 0.63826816,
       0.56891496, 0.42605156, 0.43612335, 0.45725916, 0.3153527 ]), array([0.92614476, 0.8625    , 0.7177305 , 0.82944606, 0.66942149,
       0.56037992, 0.40571429, 0.42568543, 0.45480226, 0.27469136]), array([0.91386861, 0.87627551, 0.74927536, 0.82738944, 0.67722474,
       0.55232558, 0.39946019, 0.44383562, 0.44700461, 0.30134933])]

estim_algorithm = ac-model, mode = classification, metric = sensitivity, confidence_scores = energy-conf, class_specific = False
test err: [0.31838068923092183, 0.32310437024129446, 0.32223055104324844, 0.33010068316944097, 0.3262059097530751]
estimated metric: [array([0.2422789 , 0.36713419, 0.27105671, 0.25135182, 0.28344337,
       0.32304813, 0.31704315, 0.30772564, 0.30058789, 0.30079905]), array([0.24442993, 0.34955086, 0.26159813, 0.25529164, 0.27449922,
       0.3154033 , 0.2997167 , 0.34045154, 0.27034928, 0.28193094]), array([0.24900861, 0.35594659, 0.26105918, 0.25535727, 0.2792046 ,
       0.31378388, 0.29273986, 0.31431914, 0.30056101, 0.2974072 ]), array([0.24098092, 0.35185368, 0.25747357, 0.25393215, 0.26744935,
       0.31630456, 0.29453823, 0.32295685, 0.2810161 , 0.31037891]), array([0.24282771, 0.36945319, 0.26141759, 0.25568678, 0.26877408,
       0.31256587, 0.31475136, 0.31239403, 0.29444034, 0.29363894])]
real metric: [array([0.89489489, 0.88324176, 0.68990043, 0.83791209, 0.61516452,
       0.57520891, 0.4358209 , 0.4379562 , 0.46514936, 0.28857143]), array([0.90974212, 0.85100287, 0.72794118, 0.83456425, 0.6408046 ,
       0.59047619, 0.40306834, 0.44836957, 0.40853659, 0.30975955]), array([0.88555079, 0.88120301, 0.73211568, 0.80085349, 0.63826816,
       0.56891496, 0.42605156, 0.43612335, 0.45725916, 0.3153527 ]), array([0.92614476, 0.8625    , 0.7177305 , 0.82944606, 0.66942149,
       0.56037992, 0.40571429, 0.42568543, 0.45480226, 0.27469136]), array([0.91386861, 0.87627551, 0.74927536, 0.82738944, 0.67722474,
       0.55232558, 0.39946019, 0.44383562, 0.44700461, 0.30134933])]

estim_algorithm = ac-model, mode = classification, metric = sensitivity, confidence_scores = entropy-conf, class_specific = False
test err: [0.2627581061977543, 0.2620950610235607, 0.2620145068094395, 0.26705045192348953, 0.2613704899335415]
estimated metric: [array([0.88354032, 0.93177542, 0.86396481, 0.84848059, 0.86678917,
       0.84603388, 0.87735832, 0.85609642, 0.87988828, 0.87476519]), array([0.88910694, 0.91785194, 0.86085622, 0.8445167 , 0.85523507,
       0.84858818, 0.87345034, 0.89211932, 0.86480583, 0.85741496]), array([0.89518779, 0.92708257, 0.86341111, 0.85507716, 0.86872421,
       0.85430633, 0.85492419, 0.87849182, 0.88632434, 0.87830837]), array([0.87944505, 0.9209562 , 0.86116546, 0.84494197, 0.85655149,
       0.85192408, 0.86891042, 0.86936834, 0.87586465, 0.8744935 ]), array([0.88671879, 0.93544202, 0.85810266, 0.84647497, 0.86380514,
       0.84854505, 0.88228923, 0.87310698, 0.88234315, 0.87058625])]
real metric: [array([0.89489489, 0.88324176, 0.68990043, 0.83791209, 0.61516452,
       0.57520891, 0.4358209 , 0.4379562 , 0.46514936, 0.28857143]), array([0.90974212, 0.85100287, 0.72794118, 0.83456425, 0.6408046 ,
       0.59047619, 0.40306834, 0.44836957, 0.40853659, 0.30975955]), array([0.88555079, 0.88120301, 0.73211568, 0.80085349, 0.63826816,
       0.56891496, 0.42605156, 0.43612335, 0.45725916, 0.3153527 ]), array([0.92614476, 0.8625    , 0.7177305 , 0.82944606, 0.66942149,
       0.56037992, 0.40571429, 0.42568543, 0.45480226, 0.27469136]), array([0.91386861, 0.87627551, 0.74927536, 0.82738944, 0.67722474,
       0.55232558, 0.39946019, 0.44383562, 0.44700461, 0.30134933])]

estim_algorithm = ac-model, mode = classification, metric = sensitivity, confidence_scores = doctor-conf, class_specific = False
test err: [0.31565460880419743, 0.3139900715264482, 0.31718319117302457, 0.3151796279118038, 0.31155140703696116]
estimated metric: [array([0.93566266, 0.96433447, 0.92197064, 0.91803414, 0.9229269 ,
       0.90987494, 0.92898098, 0.91526832, 0.93254137, 0.93077215]), array([0.93917406, 0.9541177 , 0.92187461, 0.91333204, 0.91735227,
       0.91087262, 0.92597016, 0.94492532, 0.91930074, 0.91724643]), array([0.94398228, 0.96175753, 0.92445408, 0.92108073, 0.92891924,
       0.91654172, 0.91498177, 0.93339115, 0.93605685, 0.93235941]), array([0.93179871, 0.95761981, 0.92063465, 0.91585903, 0.92119198,
       0.91703795, 0.9261334 , 0.9251434 , 0.92994573, 0.93294768]), array([0.93681064, 0.96664692, 0.92105226, 0.91582347, 0.92604694,
       0.91248272, 0.93352646, 0.92774209, 0.93492225, 0.92846931])]
real metric: [array([0.89489489, 0.88324176, 0.68990043, 0.83791209, 0.61516452,
       0.57520891, 0.4358209 , 0.4379562 , 0.46514936, 0.28857143]), array([0.90974212, 0.85100287, 0.72794118, 0.83456425, 0.6408046 ,
       0.59047619, 0.40306834, 0.44836957, 0.40853659, 0.30975955]), array([0.88555079, 0.88120301, 0.73211568, 0.80085349, 0.63826816,
       0.56891496, 0.42605156, 0.43612335, 0.45725916, 0.3153527 ]), array([0.92614476, 0.8625    , 0.7177305 , 0.82944606, 0.66942149,
       0.56037992, 0.40571429, 0.42568543, 0.45480226, 0.27469136]), array([0.91386861, 0.87627551, 0.74927536, 0.82738944, 0.67722474,
       0.55232558, 0.39946019, 0.44383562, 0.44700461, 0.30134933])]

estim_algorithm = ts-model, mode = classification, metric = sensitivity, confidence_scores = max_class_probability-conf, class_specific = False
test err: [0.18069980448940845, 0.18370989001632881, 0.17817518748154262, 0.18857648326663717, 0.18983349531247612]
estimated metric: [array([0.68612253, 0.80049752, 0.67896279, 0.6333214 , 0.67614608,
       0.66446331, 0.71184273, 0.67300701, 0.7020049 , 0.69036041]), array([0.69444029, 0.77909033, 0.66760137, 0.63332386, 0.66055699,
       0.66566947, 0.695632  , 0.72221446, 0.67766786, 0.66757837]), array([0.70240807, 0.78956828, 0.66796798, 0.63811506, 0.67577087,
       0.66811135, 0.66915696, 0.70127117, 0.71357309, 0.69417474]), array([0.68560861, 0.7843905 , 0.66265947, 0.63170295, 0.65510793,
       0.66629045, 0.67893989, 0.69906253, 0.69019944, 0.68677243]), array([0.69168643, 0.80726184, 0.66514591, 0.63322524, 0.66450118,
       0.66389825, 0.71193321, 0.69424641, 0.70543245, 0.68458689])]
real metric: [array([0.89489489, 0.88324176, 0.68990043, 0.83791209, 0.61516452,
       0.57520891, 0.4358209 , 0.4379562 , 0.46514936, 0.28857143]), array([0.90974212, 0.85100287, 0.72794118, 0.83456425, 0.6408046 ,
       0.59047619, 0.40306834, 0.44836957, 0.40853659, 0.30975955]), array([0.88555079, 0.88120301, 0.73211568, 0.80085349, 0.63826816,
       0.56891496, 0.42605156, 0.43612335, 0.45725916, 0.3153527 ]), array([0.92614476, 0.8625    , 0.7177305 , 0.82944606, 0.66942149,
       0.56037992, 0.40571429, 0.42568543, 0.45480226, 0.27469136]), array([0.91386861, 0.87627551, 0.74927536, 0.82738944, 0.67722474,
       0.55232558, 0.39946019, 0.44383562, 0.44700461, 0.30134933])]

estim_algorithm = ts-model, mode = classification, metric = sensitivity, confidence_scores = max_class_probability-conf, class_specific = True
test err: [0.10097243664450524, 0.10019931360565268, 0.09075089006754311, 0.09402131923004411, 0.09248055302858443]
estimated metric: [array([0.932479  , 0.97164471, 0.79219292, 0.79108202, 0.75234942,
       0.57549605, 0.73016542, 0.57855375, 0.48543788, 0.43048356]), array([0.9368609 , 0.96443927, 0.78502452, 0.78611767, 0.73783065,
       0.57424126, 0.71498344, 0.62575049, 0.45827071, 0.41337644]), array([0.9421563 , 0.97221719, 0.78749994, 0.79683694, 0.75390538,
       0.57505684, 0.68829227, 0.602319  , 0.49204942, 0.43083537]), array([0.9280408 , 0.96698452, 0.7829603 , 0.78628858, 0.73482528,
       0.57444552, 0.69888633, 0.60449006, 0.46810312, 0.43538976]), array([0.93421688, 0.97478574, 0.78230355, 0.78690932, 0.74501708,
       0.57215199, 0.73069744, 0.59440769, 0.48361192, 0.42775267])]
real metric: [array([0.89489489, 0.88324176, 0.68990043, 0.83791209, 0.61516452,
       0.57520891, 0.4358209 , 0.4379562 , 0.46514936, 0.28857143]), array([0.90974212, 0.85100287, 0.72794118, 0.83456425, 0.6408046 ,
       0.59047619, 0.40306834, 0.44836957, 0.40853659, 0.30975955]), array([0.88555079, 0.88120301, 0.73211568, 0.80085349, 0.63826816,
       0.56891496, 0.42605156, 0.43612335, 0.45725916, 0.3153527 ]), array([0.92614476, 0.8625    , 0.7177305 , 0.82944606, 0.66942149,
       0.56037992, 0.40571429, 0.42568543, 0.45480226, 0.27469136]), array([0.91386861, 0.87627551, 0.74927536, 0.82738944, 0.67722474,
       0.55232558, 0.39946019, 0.44383562, 0.44700461, 0.30134933])]

estim_algorithm = ts-model, mode = classification, metric = sensitivity, confidence_scores = energy-conf, class_specific = False
test err: [0.20861154929330214, 0.20408001242119328, 0.1976334651874047, 0.2078410448256233, 0.2061602979628688]
estimated metric: [array([0.70944462, 0.7491283 , 0.72367789, 0.72261135, 0.73049087,
       0.75009937, 0.74118351, 0.74300452, 0.73323627, 0.73733033]), array([0.70949056, 0.74417638, 0.720968  , 0.7241886 , 0.72849971,
       0.74625692, 0.73562567, 0.7524243 , 0.72249914, 0.73208235]), array([0.71035555, 0.74611634, 0.7207223 , 0.7238369 , 0.72883062,
       0.74563565, 0.73599103, 0.74253904, 0.73165752, 0.7349588 ]), array([0.70883741, 0.74392452, 0.71985076, 0.72374524, 0.726356  ,
       0.74743051, 0.73558022, 0.74672101, 0.72639573, 0.74291781]), array([0.70908818, 0.74954603, 0.72116403, 0.72418707, 0.72581416,
       0.74538184, 0.74061156, 0.74268906, 0.73047235, 0.73501045])]
real metric: [array([0.89489489, 0.88324176, 0.68990043, 0.83791209, 0.61516452,
       0.57520891, 0.4358209 , 0.4379562 , 0.46514936, 0.28857143]), array([0.90974212, 0.85100287, 0.72794118, 0.83456425, 0.6408046 ,
       0.59047619, 0.40306834, 0.44836957, 0.40853659, 0.30975955]), array([0.88555079, 0.88120301, 0.73211568, 0.80085349, 0.63826816,
       0.56891496, 0.42605156, 0.43612335, 0.45725916, 0.3153527 ]), array([0.92614476, 0.8625    , 0.7177305 , 0.82944606, 0.66942149,
       0.56037992, 0.40571429, 0.42568543, 0.45480226, 0.27469136]), array([0.91386861, 0.87627551, 0.74927536, 0.82738944, 0.67722474,
       0.55232558, 0.39946019, 0.44383562, 0.44700461, 0.30134933])]

estim_algorithm = ts-model, mode = classification, metric = sensitivity, confidence_scores = energy-conf, class_specific = True
test err: [0.1311285521040329, 0.12725865832956246, 0.11971820213563908, 0.12772161720030742, 0.12042142184725346]
estimated metric: [array([0.93610011, 0.96026537, 0.81635404, 0.78792617, 0.81073988,
       0.64344497, 0.77628962, 0.62911422, 0.5159071 , 0.45899269]), array([0.9360625 , 0.95758012, 0.8141739 , 0.78931235, 0.80908887,
       0.6389135 , 0.77104303, 0.64093492, 0.49966513, 0.44957371]), array([0.93679245, 0.95807242, 0.81395233, 0.78903067, 0.80932582,
       0.63815507, 0.77139567, 0.62871677, 0.51402167, 0.45576637]), array([0.93568364, 0.95822779, 0.8132248 , 0.78897408, 0.80716079,
       0.64028826, 0.77108756, 0.63404824, 0.50554559, 0.4685475 ]), array([0.93604363, 0.96005393, 0.81432461, 0.78933905, 0.8066837 ,
       0.63785064, 0.77577161, 0.62885483, 0.51184511, 0.4553553 ])]
real metric: [array([0.89489489, 0.88324176, 0.68990043, 0.83791209, 0.61516452,
       0.57520891, 0.4358209 , 0.4379562 , 0.46514936, 0.28857143]), array([0.90974212, 0.85100287, 0.72794118, 0.83456425, 0.6408046 ,
       0.59047619, 0.40306834, 0.44836957, 0.40853659, 0.30975955]), array([0.88555079, 0.88120301, 0.73211568, 0.80085349, 0.63826816,
       0.56891496, 0.42605156, 0.43612335, 0.45725916, 0.3153527 ]), array([0.92614476, 0.8625    , 0.7177305 , 0.82944606, 0.66942149,
       0.56037992, 0.40571429, 0.42568543, 0.45480226, 0.27469136]), array([0.91386861, 0.87627551, 0.74927536, 0.82738944, 0.67722474,
       0.55232558, 0.39946019, 0.44383562, 0.44700461, 0.30134933])]

estim_algorithm = ts-model, mode = classification, metric = sensitivity, confidence_scores = entropy-conf, class_specific = False
test err: [0.1872923158871543, 0.18833899482328859, 0.1831958409973287, 0.19331762565347083, 0.193972875150055]
estimated metric: [array([0.67908988, 0.79557756, 0.67765784, 0.63201535, 0.68148555,
       0.68688193, 0.71758096, 0.6781383 , 0.7097714 , 0.69532782]), array([0.6866499 , 0.77201309, 0.66557629, 0.6339159 , 0.66553565,
       0.68493148, 0.69826298, 0.72428547, 0.67921192, 0.66708204]), array([0.69383863, 0.78371152, 0.66607723, 0.63804783, 0.67759774,
       0.68500355, 0.67378578, 0.70273968, 0.71836147, 0.69839231]), array([0.67699824, 0.77809305, 0.66211765, 0.63311482, 0.65568533,
       0.68176519, 0.69007962, 0.70048412, 0.69182717, 0.69105969]), array([0.68374269, 0.80292411, 0.66152884, 0.63723094, 0.6645922 ,
       0.68177979, 0.71652431, 0.69993086, 0.7078714 , 0.6835828 ])]
real metric: [array([0.89489489, 0.88324176, 0.68990043, 0.83791209, 0.61516452,
       0.57520891, 0.4358209 , 0.4379562 , 0.46514936, 0.28857143]), array([0.90974212, 0.85100287, 0.72794118, 0.83456425, 0.6408046 ,
       0.59047619, 0.40306834, 0.44836957, 0.40853659, 0.30975955]), array([0.88555079, 0.88120301, 0.73211568, 0.80085349, 0.63826816,
       0.56891496, 0.42605156, 0.43612335, 0.45725916, 0.3153527 ]), array([0.92614476, 0.8625    , 0.7177305 , 0.82944606, 0.66942149,
       0.56037992, 0.40571429, 0.42568543, 0.45480226, 0.27469136]), array([0.91386861, 0.87627551, 0.74927536, 0.82738944, 0.67722474,
       0.55232558, 0.39946019, 0.44383562, 0.44700461, 0.30134933])]

estim_algorithm = ts-model, mode = classification, metric = sensitivity, confidence_scores = entropy-conf, class_specific = True
test err: [0.10261128639729575, 0.0965125077203027, 0.0899139451472907, 0.09431306363996474, 0.09122912830217991]
estimated metric: [array([0.93138678, 0.97031152, 0.79289912, 0.78906414, 0.76451768,
       0.58947617, 0.73738691, 0.58242198, 0.47904564, 0.41572752]), array([0.93539824, 0.96264546, 0.7855639 , 0.78685045, 0.74888226,
       0.58499791, 0.71939645, 0.63018548, 0.4414738 , 0.38761221]), array([0.94033884, 0.96944715, 0.78724632, 0.79659532, 0.7620895 ,
       0.58253846, 0.69479912, 0.60380403, 0.48342954, 0.41202767]), array([0.92766876, 0.96525344, 0.78568437, 0.78644292, 0.74286622,
       0.58098761, 0.71178278, 0.60716841, 0.45185987, 0.41804125]), array([0.93337451, 0.97293387, 0.78107137, 0.78957828, 0.75209135,
       0.58054073, 0.73690728, 0.60019325, 0.47237215, 0.40561516])]
real metric: [array([0.89489489, 0.88324176, 0.68990043, 0.83791209, 0.61516452,
       0.57520891, 0.4358209 , 0.4379562 , 0.46514936, 0.28857143]), array([0.90974212, 0.85100287, 0.72794118, 0.83456425, 0.6408046 ,
       0.59047619, 0.40306834, 0.44836957, 0.40853659, 0.30975955]), array([0.88555079, 0.88120301, 0.73211568, 0.80085349, 0.63826816,
       0.56891496, 0.42605156, 0.43612335, 0.45725916, 0.3153527 ]), array([0.92614476, 0.8625    , 0.7177305 , 0.82944606, 0.66942149,
       0.56037992, 0.40571429, 0.42568543, 0.45480226, 0.27469136]), array([0.91386861, 0.87627551, 0.74927536, 0.82738944, 0.67722474,
       0.55232558, 0.39946019, 0.44383562, 0.44700461, 0.30134933])]

estim_algorithm = ts-model, mode = classification, metric = sensitivity, confidence_scores = doctor-conf, class_specific = False
test err: [0.19053318220324655, 0.19173733080416971, 0.18608321792742907, 0.19934298527251132, 0.1976615137171735]
estimated metric: [array([0.67313604, 0.79228755, 0.66725055, 0.62626227, 0.68210481,
       0.69742646, 0.71498201, 0.67182124, 0.71345546, 0.69640041]), array([0.6802148 , 0.76280638, 0.65424093, 0.62522118, 0.66341656,
       0.69293348, 0.69807888, 0.72911475, 0.6753884 , 0.65868893]), array([0.68820501, 0.78027034, 0.65852986, 0.63737906, 0.67584202,
       0.6961622 , 0.66856845, 0.70126728, 0.72284587, 0.70277754]), array([0.66435672, 0.76876399, 0.65587825, 0.62753063, 0.64915007,
       0.68915261, 0.70247567, 0.693056  , 0.69263155, 0.69782413]), array([0.67652348, 0.80100798, 0.6476717 , 0.63388635, 0.66100124,
       0.68850836, 0.71729139, 0.70204215, 0.70842725, 0.68037839])]
real metric: [array([0.89489489, 0.88324176, 0.68990043, 0.83791209, 0.61516452,
       0.57520891, 0.4358209 , 0.4379562 , 0.46514936, 0.28857143]), array([0.90974212, 0.85100287, 0.72794118, 0.83456425, 0.6408046 ,
       0.59047619, 0.40306834, 0.44836957, 0.40853659, 0.30975955]), array([0.88555079, 0.88120301, 0.73211568, 0.80085349, 0.63826816,
       0.56891496, 0.42605156, 0.43612335, 0.45725916, 0.3153527 ]), array([0.92614476, 0.8625    , 0.7177305 , 0.82944606, 0.66942149,
       0.56037992, 0.40571429, 0.42568543, 0.45480226, 0.27469136]), array([0.91386861, 0.87627551, 0.74927536, 0.82738944, 0.67722474,
       0.55232558, 0.39946019, 0.44383562, 0.44700461, 0.30134933])]

estim_algorithm = ts-model, mode = classification, metric = sensitivity, confidence_scores = doctor-conf, class_specific = True
test err: [0.09621794559816121, 0.09082301462872142, 0.08319297147299806, 0.09171386908523382, 0.08368184059099534]
estimated metric: [array([0.93077086, 0.96951042, 0.79324406, 0.79123809, 0.76958558,
       0.58010297, 0.73335997, 0.56655208, 0.46052861, 0.38851782]), array([0.93448047, 0.96037732, 0.78909466, 0.78824844, 0.75282713,
       0.57189517, 0.71692159, 0.63181344, 0.41257793, 0.34446557]), array([0.93946936, 0.96744155, 0.79278961, 0.80135927, 0.76633107,
       0.57118652, 0.68890387, 0.59763549, 0.47090341, 0.37760241]), array([0.92669104, 0.96357122, 0.79062467, 0.78956808, 0.74546325,
       0.56456093, 0.72261011, 0.59725959, 0.42676537, 0.38071073]), array([0.93203486, 0.97158473, 0.78251569, 0.79472244, 0.75528214,
       0.5643125 , 0.73570226, 0.59913835, 0.45532816, 0.36887226])]
real metric: [array([0.89489489, 0.88324176, 0.68990043, 0.83791209, 0.61516452,
       0.57520891, 0.4358209 , 0.4379562 , 0.46514936, 0.28857143]), array([0.90974212, 0.85100287, 0.72794118, 0.83456425, 0.6408046 ,
       0.59047619, 0.40306834, 0.44836957, 0.40853659, 0.30975955]), array([0.88555079, 0.88120301, 0.73211568, 0.80085349, 0.63826816,
       0.56891496, 0.42605156, 0.43612335, 0.45725916, 0.3153527 ]), array([0.92614476, 0.8625    , 0.7177305 , 0.82944606, 0.66942149,
       0.56037992, 0.40571429, 0.42568543, 0.45480226, 0.27469136]), array([0.91386861, 0.87627551, 0.74927536, 0.82738944, 0.67722474,
       0.55232558, 0.39946019, 0.44383562, 0.44700461, 0.30134933])]

estim_algorithm = doc-model, mode = classification, metric = sensitivity, confidence_scores = max_class_probability-conf, class_specific = False
test err: [0.18555932566923064, 0.1878308468833414, 0.18094833820054332, 0.19245865111240368, 0.19151659486591371]
estimated metric: [array([0.72607565, 0.76921795, 0.70738691, 0.69712844, 0.70463597,
       0.67902757, 0.71736404, 0.697336  , 0.7163033 , 0.71768451]), array([0.73187438, 0.75753364, 0.70579743, 0.689816  , 0.69877951,
       0.68515061, 0.71500181, 0.73752019, 0.70311967, 0.70152254]), array([0.73831279, 0.76728653, 0.71017517, 0.70085695, 0.71298483,
       0.69146906, 0.69837612, 0.72215484, 0.72341562, 0.71996126]), array([0.72157392, 0.76042896, 0.70288685, 0.69194178, 0.70234982,
       0.69267387, 0.70697083, 0.71579165, 0.7180586 , 0.72044667]), array([0.72915341, 0.77344476, 0.70494467, 0.69077143, 0.71002242,
       0.68475848, 0.72249891, 0.71356115, 0.72213808, 0.71489231])]
real metric: [array([0.89489489, 0.88324176, 0.68990043, 0.83791209, 0.61516452,
       0.57520891, 0.4358209 , 0.4379562 , 0.46514936, 0.28857143]), array([0.90974212, 0.85100287, 0.72794118, 0.83456425, 0.6408046 ,
       0.59047619, 0.40306834, 0.44836957, 0.40853659, 0.30975955]), array([0.88555079, 0.88120301, 0.73211568, 0.80085349, 0.63826816,
       0.56891496, 0.42605156, 0.43612335, 0.45725916, 0.3153527 ]), array([0.92614476, 0.8625    , 0.7177305 , 0.82944606, 0.66942149,
       0.56037992, 0.40571429, 0.42568543, 0.45480226, 0.27469136]), array([0.91386861, 0.87627551, 0.74927536, 0.82738944, 0.67722474,
       0.55232558, 0.39946019, 0.44383562, 0.44700461, 0.30134933])]

estim_algorithm = doc-model, mode = classification, metric = sensitivity, confidence_scores = max_class_probability-conf, class_specific = True
test err: [0.10943740907122128, 0.11008703928386387, 0.10474144501995893, 0.10903255729770311, 0.10538348002526872]
estimated metric: [array([0.93169213, 0.97064864, 0.80437225, 0.7938724 , 0.76589943,
       0.58499281, 0.74048778, 0.59071846, 0.49246461, 0.45496669]), array([0.93581525, 0.96275152, 0.80278277, 0.78655997, 0.76004298,
       0.59111585, 0.73812555, 0.63090264, 0.48093498, 0.44009556]), array([0.94144037, 0.96996286, 0.8071605 , 0.79760091, 0.7742483 ,
       0.59743429, 0.72149986, 0.6155373 , 0.49993305, 0.45778469]), array([0.92648626, 0.96562234, 0.79987219, 0.78868575, 0.76361328,
       0.59863911, 0.73009457, 0.60917411, 0.49510189, 0.45803148]), array([0.93351064, 0.97383555, 0.80193001, 0.78751539, 0.77128588,
       0.59072371, 0.74562265, 0.60694361, 0.49812914, 0.4525991 ])]
real metric: [array([0.89489489, 0.88324176, 0.68990043, 0.83791209, 0.61516452,
       0.57520891, 0.4358209 , 0.4379562 , 0.46514936, 0.28857143]), array([0.90974212, 0.85100287, 0.72794118, 0.83456425, 0.6408046 ,
       0.59047619, 0.40306834, 0.44836957, 0.40853659, 0.30975955]), array([0.88555079, 0.88120301, 0.73211568, 0.80085349, 0.63826816,
       0.56891496, 0.42605156, 0.43612335, 0.45725916, 0.3153527 ]), array([0.92614476, 0.8625    , 0.7177305 , 0.82944606, 0.66942149,
       0.56037992, 0.40571429, 0.42568543, 0.45480226, 0.27469136]), array([0.91386861, 0.87627551, 0.74927536, 0.82738944, 0.67722474,
       0.55232558, 0.39946019, 0.44383562, 0.44700461, 0.30134933])]

estim_algorithm = doc-model, mode = classification, metric = sensitivity, confidence_scores = energy-conf, class_specific = False
test err: [0.2032797274676359, 0.20304563271346007, 0.19733268080151684, 0.20575687285046232, 0.20541663083635892]
estimated metric: [array([0.66720185, 0.77385779, 0.69298082, 0.67520701, 0.7054776 ,
       0.74137775, 0.73593475, 0.72337779, 0.71945469, 0.72218354]), array([0.66916856, 0.75752806, 0.68548675, 0.67870382, 0.6974604 ,
       0.73545422, 0.7200157 , 0.75141355, 0.69371696, 0.70104709]), array([0.67405344, 0.7617579 , 0.68490442, 0.67891132, 0.70213684,
       0.73344463, 0.71267267, 0.7305362 , 0.72000569, 0.71640479]), array([0.66594355, 0.76188774, 0.68160524, 0.67806818, 0.69031608,
       0.73360477, 0.7171861 , 0.7360279 , 0.7008702 , 0.72194179]), array([0.66821636, 0.77471371, 0.68535022, 0.67984911, 0.69227099,
       0.73238365, 0.73517724, 0.72879055, 0.71489482, 0.71316959])]
real metric: [array([0.89489489, 0.88324176, 0.68990043, 0.83791209, 0.61516452,
       0.57520891, 0.4358209 , 0.4379562 , 0.46514936, 0.28857143]), array([0.90974212, 0.85100287, 0.72794118, 0.83456425, 0.6408046 ,
       0.59047619, 0.40306834, 0.44836957, 0.40853659, 0.30975955]), array([0.88555079, 0.88120301, 0.73211568, 0.80085349, 0.63826816,
       0.56891496, 0.42605156, 0.43612335, 0.45725916, 0.3153527 ]), array([0.92614476, 0.8625    , 0.7177305 , 0.82944606, 0.66942149,
       0.56037992, 0.40571429, 0.42568543, 0.45480226, 0.27469136]), array([0.91386861, 0.87627551, 0.74927536, 0.82738944, 0.67722474,
       0.55232558, 0.39946019, 0.44383562, 0.44700461, 0.30134933])]

estim_algorithm = doc-model, mode = classification, metric = sensitivity, confidence_scores = energy-conf, class_specific = True
test err: [0.11663379751861047, 0.11003975839438578, 0.10381759317345907, 0.10996630352520989, 0.10451181569788895]
estimated metric: [array([0.92462616, 0.95638969, 0.80279555, 0.78901803, 0.79538347,
       0.62401521, 0.76439173, 0.60602188, 0.49457709, 0.43515154]), array([0.92680458, 0.94988067, 0.79767043, 0.79177396, 0.78945119,
       0.61682566, 0.748993  , 0.63670972, 0.4646896 , 0.41628343]), array([0.92828615, 0.95471087, 0.79739704, 0.79143245, 0.79310321,
       0.61523272, 0.74161871, 0.61292545, 0.49490133, 0.43141877]), array([0.92303373, 0.95145546, 0.79393468, 0.79211486, 0.78192414,
       0.61634779, 0.74691676, 0.62022607, 0.47533992, 0.44400122]), array([0.92635033, 0.95969814, 0.79661635, 0.79350926, 0.78456097,
       0.61384529, 0.76403938, 0.6099759 , 0.48877973, 0.42799143])]
real metric: [array([0.89489489, 0.88324176, 0.68990043, 0.83791209, 0.61516452,
       0.57520891, 0.4358209 , 0.4379562 , 0.46514936, 0.28857143]), array([0.90974212, 0.85100287, 0.72794118, 0.83456425, 0.6408046 ,
       0.59047619, 0.40306834, 0.44836957, 0.40853659, 0.30975955]), array([0.88555079, 0.88120301, 0.73211568, 0.80085349, 0.63826816,
       0.56891496, 0.42605156, 0.43612335, 0.45725916, 0.3153527 ]), array([0.92614476, 0.8625    , 0.7177305 , 0.82944606, 0.66942149,
       0.56037992, 0.40571429, 0.42568543, 0.45480226, 0.27469136]), array([0.91386861, 0.87627551, 0.74927536, 0.82738944, 0.67722474,
       0.55232558, 0.39946019, 0.44383562, 0.44700461, 0.30134933])]

estim_algorithm = doc-model, mode = classification, metric = sensitivity, confidence_scores = entropy-conf, class_specific = False
test err: [0.18701143765510514, 0.18819245020013203, 0.18184425439980148, 0.19160992013415207, 0.1919915060803376]
estimated metric: [array([0.72372472, 0.77195982, 0.70414922, 0.68866499, 0.70697357,
       0.68621828, 0.71754273, 0.69628082, 0.72007269, 0.7149496 ]), array([0.72929134, 0.75803634, 0.70104062, 0.68470111, 0.69541948,
       0.68877258, 0.71363475, 0.73230373, 0.70502843, 0.69759937]), array([0.73537219, 0.76726698, 0.70359551, 0.69526157, 0.70890862,
       0.69449074, 0.6951086 , 0.71867623, 0.72650875, 0.71849278]), array([0.71962946, 0.7611406 , 0.70134986, 0.68512638, 0.69673589,
       0.69210849, 0.70909483, 0.70955274, 0.71604905, 0.71467792]), array([0.72690319, 0.77562643, 0.69828706, 0.68665937, 0.70398954,
       0.68872945, 0.72247364, 0.71329138, 0.72252756, 0.71077066])]
real metric: [array([0.89489489, 0.88324176, 0.68990043, 0.83791209, 0.61516452,
       0.57520891, 0.4358209 , 0.4379562 , 0.46514936, 0.28857143]), array([0.90974212, 0.85100287, 0.72794118, 0.83456425, 0.6408046 ,
       0.59047619, 0.40306834, 0.44836957, 0.40853659, 0.30975955]), array([0.88555079, 0.88120301, 0.73211568, 0.80085349, 0.63826816,
       0.56891496, 0.42605156, 0.43612335, 0.45725916, 0.3153527 ]), array([0.92614476, 0.8625    , 0.7177305 , 0.82944606, 0.66942149,
       0.56037992, 0.40571429, 0.42568543, 0.45480226, 0.27469136]), array([0.91386861, 0.87627551, 0.74927536, 0.82738944, 0.67722474,
       0.55232558, 0.39946019, 0.44383562, 0.44700461, 0.30134933])]

estim_algorithm = doc-model, mode = classification, metric = sensitivity, confidence_scores = entropy-conf, class_specific = True
test err: [0.11047177430957009, 0.10852254578070472, 0.10326696793856008, 0.10729533002371487, 0.10399651383101101]
estimated metric: [array([0.9300825 , 0.96921217, 0.80130116, 0.79135931, 0.77273619,
       0.59000714, 0.74084643, 0.59412199, 0.49574451, 0.45002129]), array([0.93333994, 0.95972051, 0.79819257, 0.78739543, 0.76118209,
       0.59256144, 0.73693845, 0.6301449 , 0.48248947, 0.43318826]), array([0.93859265, 0.96626456, 0.80074746, 0.79795589, 0.77467123,
       0.59827959, 0.71841229, 0.6165174 , 0.50241254, 0.4547137 ]), array([0.92488971, 0.96239085, 0.79850181, 0.7878207 , 0.76249851,
       0.59590394, 0.73239853, 0.60739391, 0.49223402, 0.44967655]), array([0.93165675, 0.97080825, 0.79543901, 0.78935369, 0.76975215,
       0.59251831, 0.74577734, 0.61113255, 0.49826113, 0.44720344])]
real metric: [array([0.89489489, 0.88324176, 0.68990043, 0.83791209, 0.61516452,
       0.57520891, 0.4358209 , 0.4379562 , 0.46514936, 0.28857143]), array([0.90974212, 0.85100287, 0.72794118, 0.83456425, 0.6408046 ,
       0.59047619, 0.40306834, 0.44836957, 0.40853659, 0.30975955]), array([0.88555079, 0.88120301, 0.73211568, 0.80085349, 0.63826816,
       0.56891496, 0.42605156, 0.43612335, 0.45725916, 0.3153527 ]), array([0.92614476, 0.8625    , 0.7177305 , 0.82944606, 0.66942149,
       0.56037992, 0.40571429, 0.42568543, 0.45480226, 0.27469136]), array([0.91386861, 0.87627551, 0.74927536, 0.82738944, 0.67722474,
       0.55232558, 0.39946019, 0.44383562, 0.44700461, 0.30134933])]

estim_algorithm = doc-model, mode = classification, metric = sensitivity, confidence_scores = doctor-conf, class_specific = False
test err: [0.19330292445455974, 0.19199798766788556, 0.18592058136999853, 0.19617049499157724, 0.19589977165479655]
estimated metric: [array([0.73091553, 0.75941647, 0.71707822, 0.71311614, 0.71820439,
       0.70502693, 0.72406298, 0.71035032, 0.72762338, 0.72585416]), array([0.73450045, 0.74935501, 0.71695661, 0.70849017, 0.71243427,
       0.70601688, 0.72105216, 0.74000732, 0.71520745, 0.71232843]), array([0.73906428, 0.75683953, 0.71954163, 0.71616273, 0.72400124,
       0.71162372, 0.71038252, 0.72847315, 0.73113885, 0.72744142]), array([0.72710392, 0.75273404, 0.71571665, 0.71097531, 0.71627398,
       0.71222247, 0.72132902, 0.7202254 , 0.72502773, 0.72802969]), array([0.73195553, 0.76172892, 0.71613426, 0.7109788 , 0.72115391,
       0.70756472, 0.72860847, 0.72282409, 0.73000425, 0.7240309 ])]
real metric: [array([0.89489489, 0.88324176, 0.68990043, 0.83791209, 0.61516452,
       0.57520891, 0.4358209 , 0.4379562 , 0.46514936, 0.28857143]), array([0.90974212, 0.85100287, 0.72794118, 0.83456425, 0.6408046 ,
       0.59047619, 0.40306834, 0.44836957, 0.40853659, 0.30975955]), array([0.88555079, 0.88120301, 0.73211568, 0.80085349, 0.63826816,
       0.56891496, 0.42605156, 0.43612335, 0.45725916, 0.3153527 ]), array([0.92614476, 0.8625    , 0.7177305 , 0.82944606, 0.66942149,
       0.56037992, 0.40571429, 0.42568543, 0.45480226, 0.27469136]), array([0.91386861, 0.87627551, 0.74927536, 0.82738944, 0.67722474,
       0.55232558, 0.39946019, 0.44383562, 0.44700461, 0.30134933])]

estim_algorithm = doc-model, mode = classification, metric = sensitivity, confidence_scores = doctor-conf, class_specific = True
test err: [0.11945499143429703, 0.11844906002774006, 0.11323173681924788, 0.11791033207889026, 0.1137681647602592]
estimated metric: [array([0.9319091 , 0.96974374, 0.81159552, 0.79204118, 0.78493516,
       0.6080673 , 0.75405241, 0.60293656, 0.50671916, 0.46462846]), array([0.93542359, 0.9601277 , 0.81149949, 0.78736805, 0.77927301,
       0.60910935, 0.7510416 , 0.63259356, 0.49686251, 0.45106459]), array([0.94022871, 0.96740774, 0.81407896, 0.79508777, 0.79083998,
       0.61477013, 0.74028323, 0.62139584, 0.51060948, 0.46777693]), array([0.92804841, 0.96348465, 0.81025953, 0.78986606, 0.78311272,
       0.61525887, 0.75122108, 0.61293821, 0.50552268, 0.46674714]), array([0.93305707, 0.97164895, 0.81067714, 0.78983677, 0.78796768,
       0.61045684, 0.7585979 , 0.61541033, 0.50874545, 0.46418716])]
real metric: [array([0.89489489, 0.88324176, 0.68990043, 0.83791209, 0.61516452,
       0.57520891, 0.4358209 , 0.4379562 , 0.46514936, 0.28857143]), array([0.90974212, 0.85100287, 0.72794118, 0.83456425, 0.6408046 ,
       0.59047619, 0.40306834, 0.44836957, 0.40853659, 0.30975955]), array([0.88555079, 0.88120301, 0.73211568, 0.80085349, 0.63826816,
       0.56891496, 0.42605156, 0.43612335, 0.45725916, 0.3153527 ]), array([0.92614476, 0.8625    , 0.7177305 , 0.82944606, 0.66942149,
       0.56037992, 0.40571429, 0.42568543, 0.45480226, 0.27469136]), array([0.91386861, 0.87627551, 0.74927536, 0.82738944, 0.67722474,
       0.55232558, 0.39946019, 0.44383562, 0.44700461, 0.30134933])]

estim_algorithm = atc-model, mode = classification, metric = sensitivity, confidence_scores = max_class_probability-conf, class_specific = False
test err: [0.16384286112998872, 0.17566359437464307, 0.15601843168063473, 0.1807575695938191, 0.175031861442115]
estimated metric: [array([0.69014085, 0.82721894, 0.64096081, 0.59931702, 0.6526656 ,
       0.55725192, 0.67924529, 0.64037856, 0.66292136, 0.67961167]), array([0.70957096, 0.79824562, 0.64099379, 0.58841099, 0.60186626,
       0.56997085, 0.69579289, 0.71137027, 0.64262296, 0.63111113]), array([0.72893137, 0.81296758, 0.61633664, 0.61700845, 0.63768116,
       0.57770801, 0.62426037, 0.67084641, 0.68478262, 0.68122272]), array([0.69371728, 0.79293545, 0.62649165, 0.57624114, 0.60766962,
       0.57652304, 0.62987014, 0.6719243 , 0.6793003 , 0.6630435 ]), array([0.71150443, 0.82937853, 0.63107948, 0.58114559, 0.63358779,
       0.56494523, 0.6772152 , 0.66468844, 0.69108281, 0.63902441])]
real metric: [array([0.89489489, 0.88324176, 0.68990043, 0.83791209, 0.61516452,
       0.57520891, 0.4358209 , 0.4379562 , 0.46514936, 0.28857143]), array([0.90974212, 0.85100287, 0.72794118, 0.83456425, 0.6408046 ,
       0.59047619, 0.40306834, 0.44836957, 0.40853659, 0.30975955]), array([0.88555079, 0.88120301, 0.73211568, 0.80085349, 0.63826816,
       0.56891496, 0.42605156, 0.43612335, 0.45725916, 0.3153527 ]), array([0.92614476, 0.8625    , 0.7177305 , 0.82944606, 0.66942149,
       0.56037992, 0.40571429, 0.42568543, 0.45480226, 0.27469136]), array([0.91386861, 0.87627551, 0.74927536, 0.82738944, 0.67722474,
       0.55232558, 0.39946019, 0.44383562, 0.44700461, 0.30134933])]

estim_algorithm = atc-model, mode = classification, metric = sensitivity, confidence_scores = max_class_probability-conf, class_specific = True
test err: [0.09095174599949027, 0.09030731474231143, 0.07926713775031402, 0.07680801130048827, 0.08430261803179528]
estimated metric: [array([0.93397887, 0.9704142 , 0.78381795, 0.79396699, 0.69143781,
       0.46412215, 0.66666668, 0.54889591, 0.44382024, 0.38349518]), array([0.93729373, 0.95614035, 0.77391305, 0.77897252, 0.6547434 ,
       0.47521867, 0.67313917, 0.62099126, 0.41967215, 0.39555558]), array([0.94352737, 0.9713217 , 0.79826733, 0.80156816, 0.68115942,
       0.48351649, 0.60355031, 0.60501569, 0.47826088, 0.39737994]), array([0.92059337, 0.97198538, 0.78400955, 0.78546099, 0.6681416 ,
       0.48291234, 0.61363638, 0.59621452, 0.4314869 , 0.33695656]), array([0.93185841, 0.97740113, 0.77817319, 0.77505967, 0.68396947,
       0.47104852, 0.66772153, 0.6023739 , 0.4713376 , 0.40487808])]
real metric: [array([0.89489489, 0.88324176, 0.68990043, 0.83791209, 0.61516452,
       0.57520891, 0.4358209 , 0.4379562 , 0.46514936, 0.28857143]), array([0.90974212, 0.85100287, 0.72794118, 0.83456425, 0.6408046 ,
       0.59047619, 0.40306834, 0.44836957, 0.40853659, 0.30975955]), array([0.88555079, 0.88120301, 0.73211568, 0.80085349, 0.63826816,
       0.56891496, 0.42605156, 0.43612335, 0.45725916, 0.3153527 ]), array([0.92614476, 0.8625    , 0.7177305 , 0.82944606, 0.66942149,
       0.56037992, 0.40571429, 0.42568543, 0.45480226, 0.27469136]), array([0.91386861, 0.87627551, 0.74927536, 0.82738944, 0.67722474,
       0.55232558, 0.39946019, 0.44383562, 0.44700461, 0.30134933])]

estim_algorithm = atc-model, mode = classification, metric = sensitivity, confidence_scores = energy-conf, class_specific = False
test err: [0.218771450647623, 0.22014606986084867, 0.21328542555954771, 0.22731279197519066, 0.21690897623686606]
estimated metric: [array([0.60211268, 0.75502959, 0.67509482, 0.62948207, 0.69628433,
       0.80610687, 0.74842768, 0.70031547, 0.69662922, 0.71359225]), array([0.61716172, 0.72807018, 0.63354038, 0.63321386, 0.69517885,
       0.77405248, 0.73462784, 0.78134111, 0.63934427, 0.66666668]), array([0.62206777, 0.74812968, 0.64851486, 0.63811822, 0.68695653,
       0.77864992, 0.71597634, 0.71786835, 0.71195653, 0.72052403]), array([0.59598604, 0.72838003, 0.6229117 , 0.64066194, 0.6681416 ,
       0.75482913, 0.77272728, 0.73186121, 0.6793003 , 0.70652176]), array([0.61858407, 0.78079096, 0.62158957, 0.65334129, 0.67328245,
       0.74334899, 0.75316456, 0.74480713, 0.70700638, 0.6682927 ])]
real metric: [array([0.89489489, 0.88324176, 0.68990043, 0.83791209, 0.61516452,
       0.57520891, 0.4358209 , 0.4379562 , 0.46514936, 0.28857143]), array([0.90974212, 0.85100287, 0.72794118, 0.83456425, 0.6408046 ,
       0.59047619, 0.40306834, 0.44836957, 0.40853659, 0.30975955]), array([0.88555079, 0.88120301, 0.73211568, 0.80085349, 0.63826816,
       0.56891496, 0.42605156, 0.43612335, 0.45725916, 0.3153527 ]), array([0.92614476, 0.8625    , 0.7177305 , 0.82944606, 0.66942149,
       0.56037992, 0.40571429, 0.42568543, 0.45480226, 0.27469136]), array([0.91386861, 0.87627551, 0.74927536, 0.82738944, 0.67722474,
       0.55232558, 0.39946019, 0.44383562, 0.44700461, 0.30134933])]

estim_algorithm = atc-model, mode = classification, metric = sensitivity, confidence_scores = energy-conf, class_specific = True
test err: [0.10871049690567794, 0.10302721746636398, 0.09425366645557846, 0.10937511325015428, 0.09264242925029438]
estimated metric: [array([0.92693662, 0.98698225, 0.80404551, 0.80876494, 0.82552504,
       0.63358779, 0.74528303, 0.55205049, 0.4297753 , 0.36893207]), array([0.93481848, 0.96741855, 0.78136646, 0.80704899, 0.82426128,
       0.62682216, 0.73462784, 0.68221575, 0.39344264, 0.30222225]), array([0.94092094, 0.97630923, 0.81064357, 0.82689988, 0.81739131,
       0.58712717, 0.71301776, 0.58934171, 0.44565219, 0.35371182]), array([0.91797557, 0.98294763, 0.8078759 , 0.81855792, 0.78318584,
       0.60029718, 0.76948053, 0.60883282, 0.36443151, 0.34782612]), array([0.92654867, 0.98644068, 0.77817319, 0.82458234, 0.79389313,
       0.61032864, 0.75316456, 0.61721069, 0.42675161, 0.35121954])]
real metric: [array([0.89489489, 0.88324176, 0.68990043, 0.83791209, 0.61516452,
       0.57520891, 0.4358209 , 0.4379562 , 0.46514936, 0.28857143]), array([0.90974212, 0.85100287, 0.72794118, 0.83456425, 0.6408046 ,
       0.59047619, 0.40306834, 0.44836957, 0.40853659, 0.30975955]), array([0.88555079, 0.88120301, 0.73211568, 0.80085349, 0.63826816,
       0.56891496, 0.42605156, 0.43612335, 0.45725916, 0.3153527 ]), array([0.92614476, 0.8625    , 0.7177305 , 0.82944606, 0.66942149,
       0.56037992, 0.40571429, 0.42568543, 0.45480226, 0.27469136]), array([0.91386861, 0.87627551, 0.74927536, 0.82738944, 0.67722474,
       0.55232558, 0.39946019, 0.44383562, 0.44700461, 0.30134933])]

estim_algorithm = atc-model, mode = classification, metric = sensitivity, confidence_scores = entropy-conf, class_specific = False
test err: [0.16308151254853623, 0.17449414125494128, 0.157189713960248, 0.1844862056518362, 0.17987703050830262]
estimated metric: [array([0.69630282, 0.82248521, 0.63716815, 0.59988617, 0.64943458,
       0.56946566, 0.67924529, 0.63722399, 0.6769663 , 0.6747573 ]), array([0.70544555, 0.79573935, 0.63726709, 0.59378734, 0.60186626,
       0.58892129, 0.6893204 , 0.72011663, 0.64262296, 0.63111113]), array([0.72719375, 0.81421447, 0.62252476, 0.61700845, 0.64057972,
       0.59026688, 0.62130179, 0.66771161, 0.69836957, 0.67685591]), array([0.69633508, 0.7953715 , 0.62529833, 0.57328605, 0.60914455,
       0.58989599, 0.64285715, 0.66561515, 0.68804666, 0.67391306]), array([0.7079646 , 0.82372882, 0.62633452, 0.58293556, 0.6259542 ,
       0.57902974, 0.68670887, 0.66172108, 0.69426753, 0.64390246])]
real metric: [array([0.89489489, 0.88324176, 0.68990043, 0.83791209, 0.61516452,
       0.57520891, 0.4358209 , 0.4379562 , 0.46514936, 0.28857143]), array([0.90974212, 0.85100287, 0.72794118, 0.83456425, 0.6408046 ,
       0.59047619, 0.40306834, 0.44836957, 0.40853659, 0.30975955]), array([0.88555079, 0.88120301, 0.73211568, 0.80085349, 0.63826816,
       0.56891496, 0.42605156, 0.43612335, 0.45725916, 0.3153527 ]), array([0.92614476, 0.8625    , 0.7177305 , 0.82944606, 0.66942149,
       0.56037992, 0.40571429, 0.42568543, 0.45480226, 0.27469136]), array([0.91386861, 0.87627551, 0.74927536, 0.82738944, 0.67722474,
       0.55232558, 0.39946019, 0.44383562, 0.44700461, 0.30134933])]

estim_algorithm = atc-model, mode = classification, metric = sensitivity, confidence_scores = entropy-conf, class_specific = True
test err: [0.09033644618120003, 0.08931948990924303, 0.08036961759122244, 0.07843371089316802, 0.07879531249899104]
estimated metric: [array([0.91989437, 0.97751479, 0.76611884, 0.79681275, 0.70113086,
       0.46106871, 0.65723272, 0.55520506, 0.44662923, 0.39805828]), array([0.92739274, 0.95989975, 0.76770187, 0.79271207, 0.67807154,
       0.47230321, 0.66019419, 0.62390672, 0.41967215, 0.39555558]), array([0.92962641, 0.97630923, 0.78465347, 0.8238842 , 0.69565218,
       0.48351649, 0.59467457, 0.61442007, 0.47010871, 0.40174675]), array([0.90488656, 0.97442144, 0.77088306, 0.80260047, 0.68436579,
       0.47994057, 0.61363638, 0.60252367, 0.4314869 , 0.34239134]), array([0.91858407, 0.97966102, 0.76275208, 0.79892602, 0.68854962,
       0.46791863, 0.66139242, 0.59940654, 0.46815288, 0.40487808])]
real metric: [array([0.89489489, 0.88324176, 0.68990043, 0.83791209, 0.61516452,
       0.57520891, 0.4358209 , 0.4379562 , 0.46514936, 0.28857143]), array([0.90974212, 0.85100287, 0.72794118, 0.83456425, 0.6408046 ,
       0.59047619, 0.40306834, 0.44836957, 0.40853659, 0.30975955]), array([0.88555079, 0.88120301, 0.73211568, 0.80085349, 0.63826816,
       0.56891496, 0.42605156, 0.43612335, 0.45725916, 0.3153527 ]), array([0.92614476, 0.8625    , 0.7177305 , 0.82944606, 0.66942149,
       0.56037992, 0.40571429, 0.42568543, 0.45480226, 0.27469136]), array([0.91386861, 0.87627551, 0.74927536, 0.82738944, 0.67722474,
       0.55232558, 0.39946019, 0.44383562, 0.44700461, 0.30134933])]

estim_algorithm = atc-model, mode = classification, metric = sensitivity, confidence_scores = doctor-conf, class_specific = False
test err: [0.1636588448553134, 0.1748594647356407, 0.15627822634180558, 0.18060814864747998, 0.17627661127065264]
estimated metric: [array([0.69190141, 0.82721894, 0.64096081, 0.60102448, 0.6526656 ,
       0.55877863, 0.67924529, 0.64353313, 0.66292136, 0.67961167]), array([0.70957096, 0.79824562, 0.64099379, 0.59020311, 0.60342147,
       0.57142858, 0.69255664, 0.71137027, 0.64262296, 0.63111113]), array([0.72980018, 0.81421447, 0.61757426, 0.61700845, 0.63913044,
       0.57770801, 0.62721895, 0.67084641, 0.68750001, 0.68122272]), array([0.69458988, 0.79415347, 0.62768497, 0.57742317, 0.60766962,
       0.57949481, 0.62987014, 0.6719243 , 0.6793003 , 0.6630435 ]), array([0.71150443, 0.82824859, 0.62989324, 0.58054893, 0.63206107,
       0.56807512, 0.6772152 , 0.66468844, 0.69108281, 0.64390246])]
real metric: [array([0.89489489, 0.88324176, 0.68990043, 0.83791209, 0.61516452,
       0.57520891, 0.4358209 , 0.4379562 , 0.46514936, 0.28857143]), array([0.90974212, 0.85100287, 0.72794118, 0.83456425, 0.6408046 ,
       0.59047619, 0.40306834, 0.44836957, 0.40853659, 0.30975955]), array([0.88555079, 0.88120301, 0.73211568, 0.80085349, 0.63826816,
       0.56891496, 0.42605156, 0.43612335, 0.45725916, 0.3153527 ]), array([0.92614476, 0.8625    , 0.7177305 , 0.82944606, 0.66942149,
       0.56037992, 0.40571429, 0.42568543, 0.45480226, 0.27469136]), array([0.91386861, 0.87627551, 0.74927536, 0.82738944, 0.67722474,
       0.55232558, 0.39946019, 0.44383562, 0.44700461, 0.30134933])]

estim_algorithm = atc-model, mode = classification, metric = sensitivity, confidence_scores = doctor-conf, class_specific = True
test err: [0.08862224585121689, 0.08909724658571505, 0.0758910674916909, 0.07701661544844736, 0.08183853865442595]
estimated metric: [array([0.92429578, 0.96923077, 0.78761062, 0.78713717, 0.69143781,
       0.46412215, 0.65408806, 0.54889591, 0.44943822, 0.37864081]), array([0.92656766, 0.95739348, 0.78136646, 0.77658304, 0.65629861,
       0.47521867, 0.65372169, 0.62099126, 0.42950822, 0.39111114]), array([0.93049522, 0.9713217 , 0.80074258, 0.80096502, 0.68115942,
       0.48351649, 0.57988167, 0.60501569, 0.48369567, 0.39301313]), array([0.90226876, 0.96589525, 0.7875895 , 0.78368794, 0.66961652,
       0.48142646, 0.60064936, 0.59621452, 0.43440235, 0.33695656]), array([0.92654867, 0.9740113 , 0.78291815, 0.77804296, 0.68549619,
       0.47104852, 0.6550633 , 0.6023739 , 0.47452231, 0.39512198])]
real metric: [array([0.89489489, 0.88324176, 0.68990043, 0.83791209, 0.61516452,
       0.57520891, 0.4358209 , 0.4379562 , 0.46514936, 0.28857143]), array([0.90974212, 0.85100287, 0.72794118, 0.83456425, 0.6408046 ,
       0.59047619, 0.40306834, 0.44836957, 0.40853659, 0.30975955]), array([0.88555079, 0.88120301, 0.73211568, 0.80085349, 0.63826816,
       0.56891496, 0.42605156, 0.43612335, 0.45725916, 0.3153527 ]), array([0.92614476, 0.8625    , 0.7177305 , 0.82944606, 0.66942149,
       0.56037992, 0.40571429, 0.42568543, 0.45480226, 0.27469136]), array([0.91386861, 0.87627551, 0.74927536, 0.82738944, 0.67722474,
       0.55232558, 0.39946019, 0.44383562, 0.44700461, 0.30134933])]

estim_algorithm = ts-atc-model, mode = classification, metric = sensitivity, confidence_scores = max_class_probability-conf, class_specific = False
test err: [0.17496839775260992, 0.18615549098237472, 0.17428026092505472, 0.1975196266010788, 0.19121806895378446]
estimated metric: [array([0.67517606, 0.80946746, 0.64222504, 0.59419465, 0.64458805,
       0.62137405, 0.68867926, 0.63722399, 0.69662922, 0.69417477]), array([0.69141914, 0.77067669, 0.62111802, 0.58303465, 0.60186626,
       0.64285715, 0.69902914, 0.71137027, 0.64590165, 0.62666668]), array([0.69331017, 0.79177058, 0.62128713, 0.6079614 , 0.64637682,
       0.6389325 , 0.62426037, 0.66771161, 0.71467392, 0.70742359]), array([0.67102967, 0.76735688, 0.62052506, 0.58274232, 0.60914455,
       0.63001486, 0.67207793, 0.66246058, 0.67638485, 0.70108697]), array([0.68849558, 0.8180791 , 0.61565837, 0.58949881, 0.62290077,
       0.62284821, 0.69303798, 0.67359051, 0.71337581, 0.64390246])]
real metric: [array([0.89489489, 0.88324176, 0.68990043, 0.83791209, 0.61516452,
       0.57520891, 0.4358209 , 0.4379562 , 0.46514936, 0.28857143]), array([0.90974212, 0.85100287, 0.72794118, 0.83456425, 0.6408046 ,
       0.59047619, 0.40306834, 0.44836957, 0.40853659, 0.30975955]), array([0.88555079, 0.88120301, 0.73211568, 0.80085349, 0.63826816,
       0.56891496, 0.42605156, 0.43612335, 0.45725916, 0.3153527 ]), array([0.92614476, 0.8625    , 0.7177305 , 0.82944606, 0.66942149,
       0.56037992, 0.40571429, 0.42568543, 0.45480226, 0.27469136]), array([0.91386861, 0.87627551, 0.74927536, 0.82738944, 0.67722474,
       0.55232558, 0.39946019, 0.44383562, 0.44700461, 0.30134933])]

estim_algorithm = ts-atc-model, mode = classification, metric = sensitivity, confidence_scores = max_class_probability-conf, class_specific = True
test err: [0.0905927499917151, 0.08845100076626049, 0.07524777156872645, 0.08978127977307562, 0.07526855794508779]
estimated metric: [array([0.94630282, 0.97751479, 0.76864728, 0.79852021, 0.71082391,
       0.48854963, 0.68238995, 0.54258677, 0.44662923, 0.37864081]), array([0.94636964, 0.96365915, 0.77267081, 0.78912784, 0.68584759,
       0.48979593, 0.68608415, 0.65306123, 0.40000002, 0.3066667 ]), array([0.95134666, 0.97755611, 0.78836634, 0.81664656, 0.69855073,
       0.49293564, 0.60650889, 0.60501569, 0.46467393, 0.34061138]), array([0.92931937, 0.97563946, 0.78520287, 0.79373523, 0.69174042,
       0.49479941, 0.65909092, 0.61829654, 0.40524783, 0.36956525]), array([0.93716814, 0.97514124, 0.7663108 , 0.79415275, 0.69923665,
       0.49608764, 0.6772152 , 0.59347182, 0.45222932, 0.37073174])]
real metric: [array([0.89489489, 0.88324176, 0.68990043, 0.83791209, 0.61516452,
       0.57520891, 0.4358209 , 0.4379562 , 0.46514936, 0.28857143]), array([0.90974212, 0.85100287, 0.72794118, 0.83456425, 0.6408046 ,
       0.59047619, 0.40306834, 0.44836957, 0.40853659, 0.30975955]), array([0.88555079, 0.88120301, 0.73211568, 0.80085349, 0.63826816,
       0.56891496, 0.42605156, 0.43612335, 0.45725916, 0.3153527 ]), array([0.92614476, 0.8625    , 0.7177305 , 0.82944606, 0.66942149,
       0.56037992, 0.40571429, 0.42568543, 0.45480226, 0.27469136]), array([0.91386861, 0.87627551, 0.74927536, 0.82738944, 0.67722474,
       0.55232558, 0.39946019, 0.44383562, 0.44700461, 0.30134933])]

estim_algorithm = ts-atc-model, mode = classification, metric = sensitivity, confidence_scores = energy-conf, class_specific = False
test err: [0.2529445852279461, 0.24954002251695573, 0.24357830356931714, 0.2560559230239046, 0.24829335302234803]
estimated metric: [array([0.50616198, 0.70769231, 0.6852086 , 0.66932271, 0.75121164,
       0.85648855, 0.79559749, 0.79495269, 0.68820226, 0.72330098]), array([0.52722773, 0.6867168 , 0.65465839, 0.6660693 , 0.7496112 ,
       0.83527697, 0.77022654, 0.82215744, 0.6327869 , 0.69777779]), array([0.5351868 , 0.71197008, 0.67574258, 0.66586249, 0.73478261,
       0.85243328, 0.7662722 , 0.77742947, 0.68478262, 0.75109171]), array([0.50436301, 0.69427528, 0.65393795, 0.67316785, 0.69911505,
       0.83060921, 0.82467533, 0.82334385, 0.62973762, 0.73369567]), array([0.51592921, 0.73559322, 0.6405694 , 0.67362769, 0.7129771 ,
       0.82785603, 0.80696203, 0.79228487, 0.67515925, 0.68780489])]
real metric: [array([0.89489489, 0.88324176, 0.68990043, 0.83791209, 0.61516452,
       0.57520891, 0.4358209 , 0.4379562 , 0.46514936, 0.28857143]), array([0.90974212, 0.85100287, 0.72794118, 0.83456425, 0.6408046 ,
       0.59047619, 0.40306834, 0.44836957, 0.40853659, 0.30975955]), array([0.88555079, 0.88120301, 0.73211568, 0.80085349, 0.63826816,
       0.56891496, 0.42605156, 0.43612335, 0.45725916, 0.3153527 ]), array([0.92614476, 0.8625    , 0.7177305 , 0.82944606, 0.66942149,
       0.56037992, 0.40571429, 0.42568543, 0.45480226, 0.27469136]), array([0.91386861, 0.87627551, 0.74927536, 0.82738944, 0.67722474,
       0.55232558, 0.39946019, 0.44383562, 0.44700461, 0.30134933])]

estim_algorithm = ts-atc-model, mode = classification, metric = sensitivity, confidence_scores = energy-conf, class_specific = True
test err: [0.1290938379888725, 0.12362803280623025, 0.10569956233960416, 0.12838018051432723, 0.10841241444033527]
estimated metric: [array([0.92517606, 0.98461538, 0.82048041, 0.79112123, 0.84652666,
       0.67022901, 0.8018868 , 0.58359623, 0.40168541, 0.36893207]), array([0.91914191, 0.97243108, 0.81242236, 0.79271207, 0.84603422,
       0.65597668, 0.77993528, 0.6793003 , 0.33770494, 0.28000003]), array([0.93049522, 0.97880299, 0.8230198 , 0.79855247, 0.82463768,
       0.62794349, 0.77514794, 0.60815048, 0.4103261 , 0.32314413]), array([0.89965096, 0.97929354, 0.79236277, 0.80023641, 0.81415929,
       0.64635959, 0.83116884, 0.64984228, 0.34985425, 0.32608699]), array([0.91327434, 0.98531073, 0.78647687, 0.80668258, 0.81068703,
       0.657277  , 0.80696203, 0.64688428, 0.38535034, 0.30731711])]
real metric: [array([0.89489489, 0.88324176, 0.68990043, 0.83791209, 0.61516452,
       0.57520891, 0.4358209 , 0.4379562 , 0.46514936, 0.28857143]), array([0.90974212, 0.85100287, 0.72794118, 0.83456425, 0.6408046 ,
       0.59047619, 0.40306834, 0.44836957, 0.40853659, 0.30975955]), array([0.88555079, 0.88120301, 0.73211568, 0.80085349, 0.63826816,
       0.56891496, 0.42605156, 0.43612335, 0.45725916, 0.3153527 ]), array([0.92614476, 0.8625    , 0.7177305 , 0.82944606, 0.66942149,
       0.56037992, 0.40571429, 0.42568543, 0.45480226, 0.27469136]), array([0.91386861, 0.87627551, 0.74927536, 0.82738944, 0.67722474,
       0.55232558, 0.39946019, 0.44383562, 0.44700461, 0.30134933])]

estim_algorithm = ts-atc-model, mode = classification, metric = sensitivity, confidence_scores = entropy-conf, class_specific = False
test err: [0.19236970278141713, 0.19596965328529042, 0.18562978353288453, 0.20879894303565352, 0.20292034635608497]
estimated metric: [array([0.66549296, 0.79171598, 0.64728193, 0.58110416, 0.634895  ,
       0.70076336, 0.70440253, 0.63722399, 0.73033709, 0.71359225]), array([0.669967  , 0.7556391 , 0.60993789, 0.59020311, 0.62052878,
       0.69387756, 0.69902914, 0.71137027, 0.66229509, 0.63555557]), array([0.68027802, 0.77805487, 0.60643565, 0.60554886, 0.63478261,
       0.67974883, 0.64201184, 0.65830722, 0.7527174 , 0.69432316]), array([0.66230367, 0.75152254, 0.62171838, 0.58865248, 0.60176992,
       0.67013373, 0.69155845, 0.66246058, 0.69387756, 0.71195654]), array([0.67345133, 0.80451978, 0.60498221, 0.60918855, 0.61984733,
       0.6744914 , 0.71518988, 0.67655787, 0.72611466, 0.6487805 ])]
real metric: [array([0.89489489, 0.88324176, 0.68990043, 0.83791209, 0.61516452,
       0.57520891, 0.4358209 , 0.4379562 , 0.46514936, 0.28857143]), array([0.90974212, 0.85100287, 0.72794118, 0.83456425, 0.6408046 ,
       0.59047619, 0.40306834, 0.44836957, 0.40853659, 0.30975955]), array([0.88555079, 0.88120301, 0.73211568, 0.80085349, 0.63826816,
       0.56891496, 0.42605156, 0.43612335, 0.45725916, 0.3153527 ]), array([0.92614476, 0.8625    , 0.7177305 , 0.82944606, 0.66942149,
       0.56037992, 0.40571429, 0.42568543, 0.45480226, 0.27469136]), array([0.91386861, 0.87627551, 0.74927536, 0.82738944, 0.67722474,
       0.55232558, 0.39946019, 0.44383562, 0.44700461, 0.30134933])]

estim_algorithm = ts-atc-model, mode = classification, metric = sensitivity, confidence_scores = entropy-conf, class_specific = True
test err: [0.09117671846387684, 0.0852151879542106, 0.07749376469404083, 0.0916691060471407, 0.07366723762696623]
estimated metric: [array([0.92165493, 0.96686391, 0.76611884, 0.79396699, 0.76736672,
       0.54656489, 0.69811322, 0.54574134, 0.4297753 , 0.38349518]), array([0.93316832, 0.95739348, 0.76024845, 0.78494624, 0.74027994,
       0.55247814, 0.6893204 , 0.65014578, 0.39672133, 0.3066667 ]), array([0.93136403, 0.9713217 , 0.78712872, 0.82991556, 0.74202899,
       0.5211931 , 0.62721895, 0.58620691, 0.45652175, 0.36681225]), array([0.90139616, 0.9683313 , 0.77923628, 0.79609929, 0.71238938,
       0.54531947, 0.68181819, 0.60883282, 0.37026241, 0.36413047]), array([0.92654867, 0.97627119, 0.75919336, 0.80310263, 0.73129771,
       0.54616589, 0.71202533, 0.59050446, 0.43630575, 0.36097564])]
real metric: [array([0.89489489, 0.88324176, 0.68990043, 0.83791209, 0.61516452,
       0.57520891, 0.4358209 , 0.4379562 , 0.46514936, 0.28857143]), array([0.90974212, 0.85100287, 0.72794118, 0.83456425, 0.6408046 ,
       0.59047619, 0.40306834, 0.44836957, 0.40853659, 0.30975955]), array([0.88555079, 0.88120301, 0.73211568, 0.80085349, 0.63826816,
       0.56891496, 0.42605156, 0.43612335, 0.45725916, 0.3153527 ]), array([0.92614476, 0.8625    , 0.7177305 , 0.82944606, 0.66942149,
       0.56037992, 0.40571429, 0.42568543, 0.45480226, 0.27469136]), array([0.91386861, 0.87627551, 0.74927536, 0.82738944, 0.67722474,
       0.55232558, 0.39946019, 0.44383562, 0.44700461, 0.30134933])]

estim_algorithm = ts-atc-model, mode = classification, metric = sensitivity, confidence_scores = doctor-conf, class_specific = False
test err: [0.19294767903328108, 0.195345864970528, 0.1850502007271579, 0.2077958390524636, 0.2018973725333053]
estimated metric: [array([0.66285212, 0.79408284, 0.64728193, 0.58394992, 0.63651051,
       0.69770993, 0.71069183, 0.64353313, 0.7275281 , 0.71359225]), array([0.67079208, 0.75438597, 0.61242237, 0.59139785, 0.62052878,
       0.69533528, 0.69902914, 0.71137027, 0.66229509, 0.63111113]), array([0.67940921, 0.77680798, 0.6089109 , 0.60856454, 0.63623189,
       0.68131869, 0.63905327, 0.66144202, 0.75000001, 0.69432316]), array([0.66492147, 0.75274056, 0.6229117 , 0.59160757, 0.60029499,
       0.6731055 , 0.68506495, 0.66246058, 0.69387756, 0.71195654]), array([0.67787611, 0.80338983, 0.60854093, 0.61038186, 0.61984733,
       0.67762129, 0.71518988, 0.68249259, 0.71974523, 0.64390246])]
real metric: [array([0.89489489, 0.88324176, 0.68990043, 0.83791209, 0.61516452,
       0.57520891, 0.4358209 , 0.4379562 , 0.46514936, 0.28857143]), array([0.90974212, 0.85100287, 0.72794118, 0.83456425, 0.6408046 ,
       0.59047619, 0.40306834, 0.44836957, 0.40853659, 0.30975955]), array([0.88555079, 0.88120301, 0.73211568, 0.80085349, 0.63826816,
       0.56891496, 0.42605156, 0.43612335, 0.45725916, 0.3153527 ]), array([0.92614476, 0.8625    , 0.7177305 , 0.82944606, 0.66942149,
       0.56037992, 0.40571429, 0.42568543, 0.45480226, 0.27469136]), array([0.91386861, 0.87627551, 0.74927536, 0.82738944, 0.67722474,
       0.55232558, 0.39946019, 0.44383562, 0.44700461, 0.30134933])]

estim_algorithm = ts-atc-model, mode = classification, metric = sensitivity, confidence_scores = doctor-conf, class_specific = True
test err: [0.09160893866006471, 0.08762231008890793, 0.079668814652207, 0.08983418713686495, 0.07466397557034028]
estimated metric: [array([0.92341549, 0.96804734, 0.77243995, 0.78656801, 0.75928918,
       0.54351146, 0.69811322, 0.54889591, 0.43539327, 0.37864081]), array([0.92739274, 0.95488722, 0.76521739, 0.78076464, 0.73561431,
       0.54664724, 0.69255664, 0.65889214, 0.40000002, 0.29333336]), array([0.93223284, 0.96508728, 0.79455446, 0.82750302, 0.74202899,
       0.51805338, 0.62721895, 0.5924765 , 0.46195654, 0.37554588]), array([0.90401396, 0.96589525, 0.79116945, 0.79491726, 0.70943953,
       0.53491828, 0.68506495, 0.60883282, 0.39650148, 0.3532609 ]), array([0.92920354, 0.96949153, 0.76393832, 0.79832936, 0.72671756,
       0.54929578, 0.71518988, 0.59643918, 0.43312104, 0.36097564])]
real metric: [array([0.89489489, 0.88324176, 0.68990043, 0.83791209, 0.61516452,
       0.57520891, 0.4358209 , 0.4379562 , 0.46514936, 0.28857143]), array([0.90974212, 0.85100287, 0.72794118, 0.83456425, 0.6408046 ,
       0.59047619, 0.40306834, 0.44836957, 0.40853659, 0.30975955]), array([0.88555079, 0.88120301, 0.73211568, 0.80085349, 0.63826816,
       0.56891496, 0.42605156, 0.43612335, 0.45725916, 0.3153527 ]), array([0.92614476, 0.8625    , 0.7177305 , 0.82944606, 0.66942149,
       0.56037992, 0.40571429, 0.42568543, 0.45480226, 0.27469136]), array([0.91386861, 0.87627551, 0.74927536, 0.82738944, 0.67722474,
       0.55232558, 0.39946019, 0.44383562, 0.44700461, 0.30134933])]

