estim_algorithm = moval-ensemble-cls-precision, mode = classification, metric = precision
test err: [0.30694714813563884, 0.2957233074965681, 0.30532792834243483, 0.299391456456185, 0.2968944834670061]
estimated metric: [array([0.59998523, 0.55724054, 0.5372048 , 0.39089224, 0.69113188,
       0.36717615, 0.84086306, 0.43460212, 0.20577991, 0.49259469]), array([0.60103771, 0.57129231, 0.52230704, 0.39096656, 0.68786414,
       0.39528868, 0.83751504, 0.45787129, 0.19658078, 0.47990799]), array([0.62421667, 0.55124583, 0.51735588, 0.3824598 , 0.67311968,
       0.39097101, 0.83985923, 0.43233267, 0.19019168, 0.50052561]), array([0.60863303, 0.55436134, 0.53765423, 0.38591271, 0.69034708,
       0.39207065, 0.84192665, 0.4369829 , 0.20446197, 0.49638545]), array([0.62280088, 0.54429252, 0.52331539, 0.39939513, 0.7003285 ,
       0.38630496, 0.83711352, 0.45534808, 0.24680285, 0.5165246 ])]
real metric: [array([0.39077145, 0.5715588 , 0.45173267, 0.5       , 0.47566064,
       0.79569892, 0.34358368, 0.91869919, 0.89156627, 0.83279743]), array([0.38707436, 0.56706753, 0.42690815, 0.46947368, 0.47893258,
       0.77725118, 0.34759036, 0.92647059, 0.87341772, 0.81879195]), array([0.38940397, 0.60227273, 0.41460235, 0.52876106, 0.53073463,
       0.75      , 0.35832349, 0.93902439, 0.85526316, 0.86419753]), array([0.38919668, 0.58126195, 0.43702771, 0.4826087 , 0.49719101,
       0.7961165 , 0.37227139, 0.92307692, 0.84146341, 0.8566879 ]), array([0.38268156, 0.59865255, 0.43643512, 0.48148148, 0.487214  ,
       0.795     , 0.36402701, 0.89433962, 0.89423077, 0.84070796])]

