estim_algorithm = ac-model, mode = classification, metric = auc, confidence_scores = max_class_probability-conf, class_specific = False
test err: [0.01825392337835422, 0.018833839818937992, 0.020352575558338894, 0.02038549541568343, 0.02006746515105009]
estimated metric: [array([0.98508482, 0.98887417, 0.98408493, 0.97958624, 0.98450555,
       0.98217059, 0.98415348, 0.98416023, 0.98239926, 0.98442899]), array([0.98493039, 0.98875107, 0.98413277, 0.97976865, 0.98478219,
       0.98224018, 0.98373514, 0.98370065, 0.98233675, 0.98398812]), array([0.98547617, 0.98875061, 0.98435926, 0.97970327, 0.9850446 ,
       0.9836858 , 0.9841985 , 0.98439164, 0.98279556, 0.98370125]), array([0.98514368, 0.98923951, 0.98392988, 0.97980607, 0.98495824,
       0.98179716, 0.98429996, 0.98437118, 0.98323368, 0.98376122]), array([0.98510895, 0.98904516, 0.98450783, 0.97894427, 0.98462289,
       0.98285939, 0.98514368, 0.98466947, 0.98222125, 0.98498909])]
real metric: [array([0.98239915, 0.99465245, 0.95314487, 0.93884459, 0.96983425,
       0.9520873 , 0.97822543, 0.96874915, 0.96130672, 0.96922166]), array([0.98084667, 0.99501001, 0.95034423, 0.9470866 , 0.96887682,
       0.94754306, 0.977038  , 0.9680759 , 0.9560565 , 0.9716676 ]), array([0.98089478, 0.99416736, 0.95525627, 0.93723781, 0.96698028,
       0.94782242, 0.98067075, 0.9630926 , 0.95201543, 0.97127672]), array([0.97967528, 0.99548807, 0.94902887, 0.9368172 , 0.96298947,
       0.95194942, 0.9782018 , 0.96800768, 0.95281926, 0.97420572]), array([0.98063599, 0.99395186, 0.94697828, 0.93759461, 0.96447915,
       0.95975196, 0.97427377, 0.96849604, 0.96291423, 0.96217482])]

estim_algorithm = ac-model, mode = classification, metric = auc, confidence_scores = energy-conf, class_specific = False
test err: [0.1784741718884296, 0.18927573766057154, 0.17743156200808202, 0.17214465335188303, 0.1571463664498004]
estimated metric: [array([0.76159204, 0.87140758, 0.77382461, 0.74537381, 0.82594168,
       0.72236584, 0.77331406, 0.81840831, 0.7326515 , 0.85884443]), array([0.75335297, 0.90224734, 0.7712343 , 0.69701658, 0.79363684,
       0.76582938, 0.73302818, 0.80034177, 0.7496803 , 0.80342035]), array([0.73841755, 0.854864  , 0.81033169, 0.76401447, 0.8196186 ,
       0.69768205, 0.75271809, 0.7895987 , 0.83618229, 0.81167135]), array([0.72959759, 0.89160815, 0.79840642, 0.74557709, 0.89494659,
       0.75259729, 0.70459988, 0.8168487 , 0.76333796, 0.83021656]), array([0.74462521, 0.86411646, 0.80794337, 0.79763786, 0.8622185 ,
       0.73808677, 0.75735675, 0.82338118, 0.82553297, 0.85888799])]
real metric: [array([0.98239915, 0.99465245, 0.95314487, 0.93884459, 0.96983425,
       0.9520873 , 0.97822543, 0.96874915, 0.96130672, 0.96922166]), array([0.98084667, 0.99501001, 0.95034423, 0.9470866 , 0.96887682,
       0.94754306, 0.977038  , 0.9680759 , 0.9560565 , 0.9716676 ]), array([0.98089478, 0.99416736, 0.95525627, 0.93723781, 0.96698028,
       0.94782242, 0.98067075, 0.9630926 , 0.95201543, 0.97127672]), array([0.97967528, 0.99548807, 0.94902887, 0.9368172 , 0.96298947,
       0.95194942, 0.9782018 , 0.96800768, 0.95281926, 0.97420572]), array([0.98063599, 0.99395186, 0.94697828, 0.93759461, 0.96447915,
       0.95975196, 0.97427377, 0.96849604, 0.96291423, 0.96217482])]

estim_algorithm = ac-model, mode = classification, metric = auc, confidence_scores = entropy-conf, class_specific = False
test err: [0.015278059748136886, 0.01566408037493855, 0.016979949983257515, 0.016683236830732993, 0.016743236948103313]
estimated metric: [array([0.98058583, 0.98634167, 0.98062998, 0.97416433, 0.98097085,
       0.977326  , 0.98033605, 0.98100318, 0.97875687, 0.98088323]), array([0.98019861, 0.98602553, 0.97994018, 0.97441181, 0.98111729,
       0.97786781, 0.97993685, 0.98072999, 0.97954884, 0.98014419]), array([0.98108177, 0.98616337, 0.98128137, 0.97523451, 0.98136025,
       0.97844964, 0.98132246, 0.98076502, 0.9773576 , 0.98018993]), array([0.98025367, 0.98648473, 0.97941979, 0.97459844, 0.98062324,
       0.97814424, 0.9791138 , 0.98017428, 0.97917361, 0.98002263]), array([0.98066288, 0.98638668, 0.98035664, 0.97428249, 0.98135261,
       0.97880193, 0.98141187, 0.9810785 , 0.97831052, 0.98090862])]
real metric: [array([0.98239915, 0.99465245, 0.95314487, 0.93884459, 0.96983425,
       0.9520873 , 0.97822543, 0.96874915, 0.96130672, 0.96922166]), array([0.98084667, 0.99501001, 0.95034423, 0.9470866 , 0.96887682,
       0.94754306, 0.977038  , 0.9680759 , 0.9560565 , 0.9716676 ]), array([0.98089478, 0.99416736, 0.95525627, 0.93723781, 0.96698028,
       0.94782242, 0.98067075, 0.9630926 , 0.95201543, 0.97127672]), array([0.97967528, 0.99548807, 0.94902887, 0.9368172 , 0.96298947,
       0.95194942, 0.9782018 , 0.96800768, 0.95281926, 0.97420572]), array([0.98063599, 0.99395186, 0.94697828, 0.93759461, 0.96447915,
       0.95975196, 0.97427377, 0.96849604, 0.96291423, 0.96217482])]

estim_algorithm = ac-model, mode = classification, metric = auc, confidence_scores = doctor-conf, class_specific = False
test err: [0.0222917201725636, 0.02291539436167641, 0.024388648395073854, 0.024140393678872517, 0.023863454327283595]
estimated metric: [array([0.98933919, 0.99271341, 0.98897958, 0.98535306, 0.98909818,
       0.98695239, 0.98937436, 0.9891482 , 0.98767056, 0.98887578]), array([0.98921804, 0.99256925, 0.98834639, 0.98546034, 0.98931482,
       0.98755463, 0.98905901, 0.98950867, 0.98709597, 0.98869071]), array([0.98988526, 0.99255286, 0.98897429, 0.98552576, 0.98969094,
       0.98754689, 0.98909309, 0.98964034, 0.98761855, 0.98954393]), array([0.98918147, 0.99282626, 0.9880482 , 0.98499464, 0.9891815 ,
       0.98740006, 0.98839059, 0.98827256, 0.98755907, 0.98940873]), array([0.98953192, 0.99282309, 0.98881991, 0.98485177, 0.98912221,
       0.98728927, 0.98950385, 0.98877889, 0.98691384, 0.98999297])]
real metric: [array([0.98239915, 0.99465245, 0.95314487, 0.93884459, 0.96983425,
       0.9520873 , 0.97822543, 0.96874915, 0.96130672, 0.96922166]), array([0.98084667, 0.99501001, 0.95034423, 0.9470866 , 0.96887682,
       0.94754306, 0.977038  , 0.9680759 , 0.9560565 , 0.9716676 ]), array([0.98089478, 0.99416736, 0.95525627, 0.93723781, 0.96698028,
       0.94782242, 0.98067075, 0.9630926 , 0.95201543, 0.97127672]), array([0.97967528, 0.99548807, 0.94902887, 0.9368172 , 0.96298947,
       0.95194942, 0.9782018 , 0.96800768, 0.95281926, 0.97420572]), array([0.98063599, 0.99395186, 0.94697828, 0.93759461, 0.96447915,
       0.95975196, 0.97427377, 0.96849604, 0.96291423, 0.96217482])]

estim_algorithm = ts-model, mode = classification, metric = auc, confidence_scores = max_class_probability-conf, class_specific = False
test err: [0.014550044603197943, 0.01320712998904433, 0.013731792407837584, 0.014557461573154084, 0.013412095494051823]
estimated metric: [array([0.9490726 , 0.96697154, 0.95618447, 0.94718223, 0.95421382,
       0.95270336, 0.95537581, 0.95731024, 0.95130697, 0.95663069]), array([0.94803669, 0.96650541, 0.95594499, 0.94624099, 0.95707238,
       0.95017966, 0.95559782, 0.95676952, 0.95680371, 0.95529206]), array([0.94905126, 0.96640754, 0.95707797, 0.94835101, 0.95643071,
       0.95088024, 0.95605415, 0.95596583, 0.95741591, 0.95724827]), array([0.94847462, 0.96713424, 0.956394  , 0.9487031 , 0.95653755,
       0.95615888, 0.95314441, 0.95898938, 0.95726493, 0.95661936]), array([0.94869297, 0.96740214, 0.95704655, 0.95035661, 0.957378  ,
       0.9523878 , 0.95614068, 0.95774391, 0.9573748 , 0.95826685])]
real metric: [array([0.98239915, 0.99465245, 0.95314487, 0.93884459, 0.96983425,
       0.9520873 , 0.97822543, 0.96874915, 0.96130672, 0.96922166]), array([0.98084667, 0.99501001, 0.95034423, 0.9470866 , 0.96887682,
       0.94754306, 0.977038  , 0.9680759 , 0.9560565 , 0.9716676 ]), array([0.98089478, 0.99416736, 0.95525627, 0.93723781, 0.96698028,
       0.94782242, 0.98067075, 0.9630926 , 0.95201543, 0.97127672]), array([0.97967528, 0.99548807, 0.94902887, 0.9368172 , 0.96298947,
       0.95194942, 0.9782018 , 0.96800768, 0.95281926, 0.97420572]), array([0.98063599, 0.99395186, 0.94697828, 0.93759461, 0.96447915,
       0.95975196, 0.97427377, 0.96849604, 0.96291423, 0.96217482])]

estim_algorithm = ts-model, mode = classification, metric = auc, confidence_scores = max_class_probability-conf, class_specific = True
test err: [0.0076360109162710525, 0.007120652906500591, 0.009083172619427949, 0.009405480226126528, 0.010746808734597468]
estimated metric: [array([0.98178885, 0.98471089, 0.9612809 , 0.95687667, 0.96856022,
       0.94541855, 0.98043985, 0.97357833, 0.9775216 , 0.97766057]), array([0.98180026, 0.98476253, 0.96224257, 0.95442162, 0.96947077,
       0.94462528, 0.98122127, 0.97405074, 0.97748238, 0.97734396]), array([0.98254787, 0.98528835, 0.96407946, 0.95882628, 0.97056583,
       0.9465793 , 0.98122768, 0.97547276, 0.97783949, 0.97757485]), array([0.98206274, 0.98523887, 0.96331631, 0.95704954, 0.97002057,
       0.95376937, 0.98062877, 0.97463107, 0.97834546, 0.97767646]), array([0.98200426, 0.98487168, 0.96377066, 0.95880281, 0.97012205,
       0.94800437, 0.980917  , 0.97399699, 0.97641847, 0.97815498])]
real metric: [array([0.98239915, 0.99465245, 0.95314487, 0.93884459, 0.96983425,
       0.9520873 , 0.97822543, 0.96874915, 0.96130672, 0.96922166]), array([0.98084667, 0.99501001, 0.95034423, 0.9470866 , 0.96887682,
       0.94754306, 0.977038  , 0.9680759 , 0.9560565 , 0.9716676 ]), array([0.98089478, 0.99416736, 0.95525627, 0.93723781, 0.96698028,
       0.94782242, 0.98067075, 0.9630926 , 0.95201543, 0.97127672]), array([0.97967528, 0.99548807, 0.94902887, 0.9368172 , 0.96298947,
       0.95194942, 0.9782018 , 0.96800768, 0.95281926, 0.97420572]), array([0.98063599, 0.99395186, 0.94697828, 0.93759461, 0.96447915,
       0.95975196, 0.97427377, 0.96849604, 0.96291423, 0.96217482])]

estim_algorithm = ts-model, mode = classification, metric = auc, confidence_scores = energy-conf, class_specific = False
test err: [0.05033126116560346, 0.06002927475487222, 0.050832169437249095, 0.05054809489221111, 0.04024158414482938]
estimated metric: [array([0.88281555, 0.9581411 , 0.89118685, 0.88356357, 0.94503956,
       0.87507761, 0.91233304, 0.94531102, 0.90299531, 0.96868935]), array([0.87129229, 0.95404828, 0.89938758, 0.85537926, 0.91028903,
       0.91351815, 0.87863134, 0.92519058, 0.89618729, 0.95832884]), array([0.85831082, 0.95316839, 0.92182848, 0.8897598 , 0.94041191,
       0.86592365, 0.88058451, 0.92357057, 0.95794096, 0.96144468]), array([0.86475967, 0.95401262, 0.91510059, 0.88833213, 0.96634587,
       0.89201706, 0.86624351, 0.92853717, 0.91908146, 0.95598454]), array([0.86503578, 0.96048677, 0.91111594, 0.918839  , 0.96272788,
       0.88957168, 0.88545682, 0.94668999, 0.94760842, 0.96304705])]
real metric: [array([0.98239915, 0.99465245, 0.95314487, 0.93884459, 0.96983425,
       0.9520873 , 0.97822543, 0.96874915, 0.96130672, 0.96922166]), array([0.98084667, 0.99501001, 0.95034423, 0.9470866 , 0.96887682,
       0.94754306, 0.977038  , 0.9680759 , 0.9560565 , 0.9716676 ]), array([0.98089478, 0.99416736, 0.95525627, 0.93723781, 0.96698028,
       0.94782242, 0.98067075, 0.9630926 , 0.95201543, 0.97127672]), array([0.97967528, 0.99548807, 0.94902887, 0.9368172 , 0.96298947,
       0.95194942, 0.9782018 , 0.96800768, 0.95281926, 0.97420572]), array([0.98063599, 0.99395186, 0.94697828, 0.93759461, 0.96447915,
       0.95975196, 0.97427377, 0.96849604, 0.96291423, 0.96217482])]

estim_algorithm = ts-model, mode = classification, metric = auc, confidence_scores = energy-conf, class_specific = True
test err: [0.01274523262972882, 0.01397683249388063, 0.014984736133306475, 0.01567476391237489, 0.01658393993605155]
estimated metric: [array([0.99732741, 0.99761579, 0.97615712, 0.9644053 , 0.97895454,
       0.95683315, 0.98491217, 0.9769222 , 0.97878893, 0.98400129]), array([0.99727064, 0.997609  , 0.97570072, 0.96233973, 0.97939346,
       0.9701682 , 0.98485483, 0.97818404, 0.97463022, 0.98216287]), array([0.99730559, 0.99763481, 0.97673934, 0.96801412, 0.97943704,
       0.9565335 , 0.98497704, 0.97812157, 0.97831711, 0.98218163]), array([0.99734385, 0.99763917, 0.97670807, 0.96778739, 0.97945612,
       0.96318656, 0.98458126, 0.97789545, 0.97987334, 0.98145918]), array([0.99727305, 0.99761806, 0.97650601, 0.97500997, 0.97949167,
       0.96291369, 0.9853564 , 0.98228901, 0.97817942, 0.98245284])]
real metric: [array([0.98239915, 0.99465245, 0.95314487, 0.93884459, 0.96983425,
       0.9520873 , 0.97822543, 0.96874915, 0.96130672, 0.96922166]), array([0.98084667, 0.99501001, 0.95034423, 0.9470866 , 0.96887682,
       0.94754306, 0.977038  , 0.9680759 , 0.9560565 , 0.9716676 ]), array([0.98089478, 0.99416736, 0.95525627, 0.93723781, 0.96698028,
       0.94782242, 0.98067075, 0.9630926 , 0.95201543, 0.97127672]), array([0.97967528, 0.99548807, 0.94902887, 0.9368172 , 0.96298947,
       0.95194942, 0.9782018 , 0.96800768, 0.95281926, 0.97420572]), array([0.98063599, 0.99395186, 0.94697828, 0.93759461, 0.96447915,
       0.95975196, 0.97427377, 0.96849604, 0.96291423, 0.96217482])]

estim_algorithm = ts-model, mode = classification, metric = auc, confidence_scores = entropy-conf, class_specific = False
test err: [0.014532260707843702, 0.013201132241076819, 0.013775162476222558, 0.014627415039356606, 0.013454888140851962]
estimated metric: [array([0.94951293, 0.96697919, 0.95644653, 0.94713718, 0.95407533,
       0.95302705, 0.95565913, 0.95750792, 0.95131291, 0.95655279]), array([0.94846211, 0.96637677, 0.95581713, 0.94655151, 0.95667972,
       0.95066949, 0.95535736, 0.9568275 , 0.95682792, 0.95570606]), array([0.94933955, 0.9663548 , 0.9571203 , 0.94849297, 0.95641796,
       0.95078143, 0.955412  , 0.95587355, 0.95755868, 0.95755445]), array([0.94894696, 0.96703179, 0.95633654, 0.94913731, 0.95629909,
       0.95629404, 0.95337563, 0.95872229, 0.95739845, 0.95646969]), array([0.94904687, 0.96728959, 0.95717367, 0.95006018, 0.95735291,
       0.95251651, 0.95572034, 0.95784878, 0.95692648, 0.95808843])]
real metric: [array([0.98239915, 0.99465245, 0.95314487, 0.93884459, 0.96983425,
       0.9520873 , 0.97822543, 0.96874915, 0.96130672, 0.96922166]), array([0.98084667, 0.99501001, 0.95034423, 0.9470866 , 0.96887682,
       0.94754306, 0.977038  , 0.9680759 , 0.9560565 , 0.9716676 ]), array([0.98089478, 0.99416736, 0.95525627, 0.93723781, 0.96698028,
       0.94782242, 0.98067075, 0.9630926 , 0.95201543, 0.97127672]), array([0.97967528, 0.99548807, 0.94902887, 0.9368172 , 0.96298947,
       0.95194942, 0.9782018 , 0.96800768, 0.95281926, 0.97420572]), array([0.98063599, 0.99395186, 0.94697828, 0.93759461, 0.96447915,
       0.95975196, 0.97427377, 0.96849604, 0.96291423, 0.96217482])]

estim_algorithm = ts-model, mode = classification, metric = auc, confidence_scores = entropy-conf, class_specific = True
test err: [0.007602249002969219, 0.006989034450802301, 0.008660968946485237, 0.009289582044457267, 0.010926923351866824]
estimated metric: [array([0.98130631, 0.98187697, 0.96159526, 0.95682622, 0.96844027,
       0.94611718, 0.98085174, 0.97326816, 0.97398292, 0.97775822]), array([0.98111464, 0.98163521, 0.96217325, 0.95431438, 0.96890372,
       0.94499099, 0.98118719, 0.97412732, 0.97518924, 0.97694604]), array([0.98176863, 0.98179273, 0.96384154, 0.95811319, 0.96999695,
       0.94611254, 0.98142202, 0.97511566, 0.97264977, 0.97704205]), array([0.98143532, 0.98255623, 0.96291764, 0.95707089, 0.96988778,
       0.95436924, 0.98102235, 0.97430659, 0.97504259, 0.97760627]), array([0.98167678, 0.98181789, 0.96423301, 0.95887114, 0.96999592,
       0.94790876, 0.98164659, 0.97393941, 0.97399034, 0.97848577])]
real metric: [array([0.98239915, 0.99465245, 0.95314487, 0.93884459, 0.96983425,
       0.9520873 , 0.97822543, 0.96874915, 0.96130672, 0.96922166]), array([0.98084667, 0.99501001, 0.95034423, 0.9470866 , 0.96887682,
       0.94754306, 0.977038  , 0.9680759 , 0.9560565 , 0.9716676 ]), array([0.98089478, 0.99416736, 0.95525627, 0.93723781, 0.96698028,
       0.94782242, 0.98067075, 0.9630926 , 0.95201543, 0.97127672]), array([0.97967528, 0.99548807, 0.94902887, 0.9368172 , 0.96298947,
       0.95194942, 0.9782018 , 0.96800768, 0.95281926, 0.97420572]), array([0.98063599, 0.99395186, 0.94697828, 0.93759461, 0.96447915,
       0.95975196, 0.97427377, 0.96849604, 0.96291423, 0.96217482])]

estim_algorithm = ts-model, mode = classification, metric = auc, confidence_scores = doctor-conf, class_specific = False
test err: [0.014019735958322265, 0.013100687963873791, 0.013509872182921379, 0.014744907307611566, 0.01287903368427088]
estimated metric: [array([0.95315967, 0.96741503, 0.9587857 , 0.95183336, 0.95574728,
       0.95322338, 0.95711678, 0.95779571, 0.95394312, 0.95877954]), array([0.95235205, 0.96745922, 0.95790907, 0.9506671 , 0.95757488,
       0.95149398, 0.95714059, 0.95802176, 0.95905414, 0.95605353]), array([0.9533554 , 0.96722272, 0.95927102, 0.95228726, 0.95822527,
       0.95315965, 0.95698371, 0.95740197, 0.95726751, 0.95844822]), array([0.95304277, 0.96766554, 0.95978663, 0.95315602, 0.95759754,
       0.95633088, 0.95349184, 0.95796464, 0.95802618, 0.95804158]), array([0.95284998, 0.96766951, 0.95965261, 0.95359962, 0.95894362,
       0.9539885 , 0.95616514, 0.95884297, 0.95830226, 0.95980484])]
real metric: [array([0.98239915, 0.99465245, 0.95314487, 0.93884459, 0.96983425,
       0.9520873 , 0.97822543, 0.96874915, 0.96130672, 0.96922166]), array([0.98084667, 0.99501001, 0.95034423, 0.9470866 , 0.96887682,
       0.94754306, 0.977038  , 0.9680759 , 0.9560565 , 0.9716676 ]), array([0.98089478, 0.99416736, 0.95525627, 0.93723781, 0.96698028,
       0.94782242, 0.98067075, 0.9630926 , 0.95201543, 0.97127672]), array([0.97967528, 0.99548807, 0.94902887, 0.9368172 , 0.96298947,
       0.95194942, 0.9782018 , 0.96800768, 0.95281926, 0.97420572]), array([0.98063599, 0.99395186, 0.94697828, 0.93759461, 0.96447915,
       0.95975196, 0.97427377, 0.96849604, 0.96291423, 0.96217482])]

estim_algorithm = ts-model, mode = classification, metric = auc, confidence_scores = doctor-conf, class_specific = True
test err: [0.00988629226140093, 0.009384779274295518, 0.010987625306309723, 0.011754459536473517, 0.012822125267562812]
estimated metric: [array([0.98233367, 0.98686113, 0.96532833, 0.95944161, 0.98324789,
       0.94815697, 0.98326493, 0.97459878, 0.98116487, 0.97935608]), array([0.98187336, 0.98659416, 0.9658769 , 0.95633651, 0.98313474,
       0.94972502, 0.98368938, 0.97421135, 0.98021398, 0.97790609]), array([0.98244646, 0.98651801, 0.96592517, 0.96071764, 0.98338748,
       0.94710281, 0.98336841, 0.97421579, 0.98124896, 0.97762202]), array([0.9822396 , 0.98703986, 0.96613304, 0.95938108, 0.98312727,
       0.95644505, 0.98247189, 0.97386534, 0.98094882, 0.97817897]), array([0.98213957, 0.98691839, 0.96653738, 0.96197218, 0.98287902,
       0.95117613, 0.98331478, 0.97363138, 0.98050712, 0.97917743])]
real metric: [array([0.98239915, 0.99465245, 0.95314487, 0.93884459, 0.96983425,
       0.9520873 , 0.97822543, 0.96874915, 0.96130672, 0.96922166]), array([0.98084667, 0.99501001, 0.95034423, 0.9470866 , 0.96887682,
       0.94754306, 0.977038  , 0.9680759 , 0.9560565 , 0.9716676 ]), array([0.98089478, 0.99416736, 0.95525627, 0.93723781, 0.96698028,
       0.94782242, 0.98067075, 0.9630926 , 0.95201543, 0.97127672]), array([0.97967528, 0.99548807, 0.94902887, 0.9368172 , 0.96298947,
       0.95194942, 0.9782018 , 0.96800768, 0.95281926, 0.97420572]), array([0.98063599, 0.99395186, 0.94697828, 0.93759461, 0.96447915,
       0.95975196, 0.97427377, 0.96849604, 0.96291423, 0.96217482])]

estim_algorithm = doc-model, mode = classification, metric = auc, confidence_scores = max_class_probability-conf, class_specific = False
test err: [0.07294442203010398, 0.07241655778515234, 0.07071618558592789, 0.07093842881905016, 0.07090465776508692]
estimated metric: [array([0.89413265, 0.8999082 , 0.89408752, 0.88910518, 0.89448118,
       0.89197429, 0.8942585 , 0.89427732, 0.89225671, 0.8945398 ]), array([0.89387666, 0.89977105, 0.89398709, 0.88938611, 0.89487175,
       0.89223673, 0.89399768, 0.89399634, 0.89216369, 0.89409271]), array([0.89462123, 0.89968947, 0.89438087, 0.88923559, 0.89520022,
       0.89356049, 0.89437538, 0.89466967, 0.89260526, 0.89391438]), array([0.89379118, 0.90032807, 0.89375748, 0.88932677, 0.89497757,
       0.89182399, 0.89426071, 0.89442019, 0.89305765, 0.89405485]), array([0.89415606, 0.90023911, 0.89456414, 0.88848527, 0.89460449,
       0.89273579, 0.89526935, 0.89476766, 0.89208094, 0.89530133])]
real metric: [array([0.98239915, 0.99465245, 0.95314487, 0.93884459, 0.96983425,
       0.9520873 , 0.97822543, 0.96874915, 0.96130672, 0.96922166]), array([0.98084667, 0.99501001, 0.95034423, 0.9470866 , 0.96887682,
       0.94754306, 0.977038  , 0.9680759 , 0.9560565 , 0.9716676 ]), array([0.98089478, 0.99416736, 0.95525627, 0.93723781, 0.96698028,
       0.94782242, 0.98067075, 0.9630926 , 0.95201543, 0.97127672]), array([0.97967528, 0.99548807, 0.94902887, 0.9368172 , 0.96298947,
       0.95194942, 0.9782018 , 0.96800768, 0.95281926, 0.97420572]), array([0.98063599, 0.99395186, 0.94697828, 0.93759461, 0.96447915,
       0.95975196, 0.97427377, 0.96849604, 0.96291423, 0.96217482])]

estim_algorithm = doc-model, mode = classification, metric = auc, confidence_scores = max_class_probability-conf, class_specific = True
test err: [0.009493335508284994, 0.010163445359172097, 0.011547602649277145, 0.011750354038769572, 0.011295150918811715]
estimated metric: [array([0.99058914, 0.9911241 , 0.96727963, 0.96305581, 0.97381934,
       0.95875624, 0.98120601, 0.97474462, 0.97766389, 0.97810347]), array([0.99062507, 0.9912176 , 0.96740052, 0.96333768, 0.97422995,
       0.95898617, 0.98090378, 0.97438956, 0.97772162, 0.97778306]), array([0.9907941 , 0.99131059, 0.96753451, 0.96316532, 0.97439147,
       0.96030021, 0.98125771, 0.97496167, 0.97806366, 0.97739766]), array([0.99088533, 0.99138635, 0.96718605, 0.96336869, 0.97439445,
       0.95858855, 0.98145691, 0.97503939, 0.97861613, 0.97756101]), array([0.99072652, 0.9912094 , 0.96758336, 0.96224959, 0.9737808 ,
       0.95930745, 0.98204375, 0.9750734 , 0.97732195, 0.97853208])]
real metric: [array([0.98239915, 0.99465245, 0.95314487, 0.93884459, 0.96983425,
       0.9520873 , 0.97822543, 0.96874915, 0.96130672, 0.96922166]), array([0.98084667, 0.99501001, 0.95034423, 0.9470866 , 0.96887682,
       0.94754306, 0.977038  , 0.9680759 , 0.9560565 , 0.9716676 ]), array([0.98089478, 0.99416736, 0.95525627, 0.93723781, 0.96698028,
       0.94782242, 0.98067075, 0.9630926 , 0.95201543, 0.97127672]), array([0.97967528, 0.99548807, 0.94902887, 0.9368172 , 0.96298947,
       0.95194942, 0.9782018 , 0.96800768, 0.95281926, 0.97420572]), array([0.98063599, 0.99395186, 0.94697828, 0.93759461, 0.96447915,
       0.95975196, 0.97427377, 0.96849604, 0.96291423, 0.96217482])]

estim_algorithm = doc-model, mode = classification, metric = auc, confidence_scores = energy-conf, class_specific = False
test err: [0.014116680524032265, 0.01588143986421846, 0.01478584343887267, 0.01578004914916923, 0.013633107847756199]
estimated metric: [array([0.93635729, 0.96544378, 0.95454321, 0.95347196, 0.95518006,
       0.95177409, 0.95527987, 0.96138935, 0.96137441, 0.96467155]), array([0.93584916, 0.96421326, 0.95424282, 0.93463759, 0.95388667,
       0.95254853, 0.95725654, 0.95697295, 0.96289618, 0.96271475]), array([0.9337318 , 0.9641451 , 0.95356667, 0.94981644, 0.95572748,
       0.94358549, 0.95796139, 0.9600089 , 0.95975936, 0.96389847]), array([0.934087  , 0.96491429, 0.95366072, 0.9478304 , 0.95504474,
       0.95710497, 0.95005014, 0.95925315, 0.95863068, 0.96403023]), array([0.93537021, 0.96535189, 0.95347408, 0.94730689, 0.9545657 ,
       0.95382995, 0.95768754, 0.96103469, 0.95914817, 0.96478297])]
real metric: [array([0.98239915, 0.99465245, 0.95314487, 0.93884459, 0.96983425,
       0.9520873 , 0.97822543, 0.96874915, 0.96130672, 0.96922166]), array([0.98084667, 0.99501001, 0.95034423, 0.9470866 , 0.96887682,
       0.94754306, 0.977038  , 0.9680759 , 0.9560565 , 0.9716676 ]), array([0.98089478, 0.99416736, 0.95525627, 0.93723781, 0.96698028,
       0.94782242, 0.98067075, 0.9630926 , 0.95201543, 0.97127672]), array([0.97967528, 0.99548807, 0.94902887, 0.9368172 , 0.96298947,
       0.95194942, 0.9782018 , 0.96800768, 0.95281926, 0.97420572]), array([0.98063599, 0.99395186, 0.94697828, 0.93759461, 0.96447915,
       0.95975196, 0.97427377, 0.96849604, 0.96291423, 0.96217482])]

estim_algorithm = doc-model, mode = classification, metric = auc, confidence_scores = energy-conf, class_specific = True
test err: [0.010586868608402878, 0.013223210771834781, 0.01422746969050861, 0.011062579249586169, 0.012240108876759003]
estimated metric: [array([0.96783754, 0.98275877, 0.96567891, 0.95127906, 0.96920549,
       0.92894224, 0.98006411, 0.97388136, 0.97788158, 0.976347  ]), array([0.96681722, 0.98234336, 0.96188675, 0.90855882, 0.9707792 ,
       0.96656183, 0.97970515, 0.97413076, 0.97752294, 0.97602371]), array([0.96736377, 0.98283367, 0.96256143, 0.96043445, 0.96915911,
       0.90466147, 0.98032153, 0.9722771 , 0.97756055, 0.9777663 ]), array([0.96787976, 0.98297667, 0.96326004, 0.95501959, 0.97086636,
       0.96109507, 0.98038668, 0.97360374, 0.97792737, 0.97817942]), array([0.96708525, 0.98249094, 0.96191472, 0.95831631, 0.97161939,
       0.94529912, 0.98002404, 0.97470563, 0.97681457, 0.97645283])]
real metric: [array([0.98239915, 0.99465245, 0.95314487, 0.93884459, 0.96983425,
       0.9520873 , 0.97822543, 0.96874915, 0.96130672, 0.96922166]), array([0.98084667, 0.99501001, 0.95034423, 0.9470866 , 0.96887682,
       0.94754306, 0.977038  , 0.9680759 , 0.9560565 , 0.9716676 ]), array([0.98089478, 0.99416736, 0.95525627, 0.93723781, 0.96698028,
       0.94782242, 0.98067075, 0.9630926 , 0.95201543, 0.97127672]), array([0.97967528, 0.99548807, 0.94902887, 0.9368172 , 0.96298947,
       0.95194942, 0.9782018 , 0.96800768, 0.95281926, 0.97420572]), array([0.98063599, 0.99395186, 0.94697828, 0.93759461, 0.96447915,
       0.95975196, 0.97427377, 0.96849604, 0.96291423, 0.96217482])]

estim_algorithm = doc-model, mode = classification, metric = auc, confidence_scores = entropy-conf, class_specific = False
test err: [0.06740536494073378, 0.06692581937586731, 0.06522514110331636, 0.06580120844248197, 0.06547225650959933]
estimated metric: [array([0.89871309, 0.90657184, 0.89997838, 0.89323817, 0.90032455,
       0.89665792, 0.89989183, 0.90051711, 0.89814467, 0.90037436]), array([0.8982734 , 0.90625575, 0.89924625, 0.893597  , 0.90052633,
       0.89718742, 0.89946056, 0.90024975, 0.89887713, 0.89961359]), array([0.89928769, 0.90627871, 0.90063384, 0.89442792, 0.90086804,
       0.89784363, 0.90084785, 0.90040844, 0.89680713, 0.89975975]), array([0.89823638, 0.90679624, 0.89868404, 0.8936908 , 0.90004338,
       0.89744807, 0.89856544, 0.89965068, 0.89852768, 0.89952796]), array([0.89860443, 0.90673728, 0.89983347, 0.89336138, 0.90017703,
       0.89798931, 0.90096456, 0.90059867, 0.8976865 , 0.90057553])]
real metric: [array([0.98239915, 0.99465245, 0.95314487, 0.93884459, 0.96983425,
       0.9520873 , 0.97822543, 0.96874915, 0.96130672, 0.96922166]), array([0.98084667, 0.99501001, 0.95034423, 0.9470866 , 0.96887682,
       0.94754306, 0.977038  , 0.9680759 , 0.9560565 , 0.9716676 ]), array([0.98089478, 0.99416736, 0.95525627, 0.93723781, 0.96698028,
       0.94782242, 0.98067075, 0.9630926 , 0.95201543, 0.97127672]), array([0.97967528, 0.99548807, 0.94902887, 0.9368172 , 0.96298947,
       0.95194942, 0.9782018 , 0.96800768, 0.95281926, 0.97420572]), array([0.98063599, 0.99395186, 0.94697828, 0.93759461, 0.96447915,
       0.95975196, 0.97427377, 0.96849604, 0.96291423, 0.96217482])]

estim_algorithm = doc-model, mode = classification, metric = auc, confidence_scores = entropy-conf, class_specific = True
test err: [0.00872176127976131, 0.009393187092176524, 0.010716058768335257, 0.010608531745679084, 0.01077032966428405]
estimated metric: [array([0.98831729, 0.98911215, 0.96628128, 0.9605479 , 0.9730903 ,
       0.95708214, 0.98044042, 0.97460229, 0.97690688, 0.97822195]), array([0.988244  , 0.98896818, 0.96564541, 0.96085181, 0.97329601,
       0.95768619, 0.98008438, 0.97434647, 0.9777373 , 0.97753382]), array([0.98863116, 0.98916371, 0.96686961, 0.96161702, 0.97345832,
       0.95818329, 0.98139275, 0.97428514, 0.97547099, 0.97749572]), array([0.98840605, 0.98909483, 0.96512948, 0.96107166, 0.97283451,
       0.9580032 , 0.97928936, 0.973825  , 0.97739544, 0.97743205]), array([0.98852101, 0.9891661 , 0.96600108, 0.96060159, 0.97341746,
       0.95845086, 0.98145296, 0.97458274, 0.97639069, 0.97819583])]
real metric: [array([0.98239915, 0.99465245, 0.95314487, 0.93884459, 0.96983425,
       0.9520873 , 0.97822543, 0.96874915, 0.96130672, 0.96922166]), array([0.98084667, 0.99501001, 0.95034423, 0.9470866 , 0.96887682,
       0.94754306, 0.977038  , 0.9680759 , 0.9560565 , 0.9716676 ]), array([0.98089478, 0.99416736, 0.95525627, 0.93723781, 0.96698028,
       0.94782242, 0.98067075, 0.9630926 , 0.95201543, 0.97127672]), array([0.97967528, 0.99548807, 0.94902887, 0.9368172 , 0.96298947,
       0.95194942, 0.9782018 , 0.96800768, 0.95281926, 0.97420572]), array([0.98063599, 0.99395186, 0.94697828, 0.93759461, 0.96447915,
       0.95975196, 0.97427377, 0.96849604, 0.96291423, 0.96217482])]

estim_algorithm = doc-model, mode = classification, metric = auc, confidence_scores = doctor-conf, class_specific = False
test err: [0.09059783027912942, 0.08983958540796894, 0.08800595546852681, 0.08840875843987965, 0.08894306993924966]
estimated metric: [array([0.87617083, 0.88119394, 0.87608424, 0.87181919, 0.87624709,
       0.87375355, 0.87644402, 0.87620781, 0.87630678, 0.87825981]), array([0.87599375, 0.88098618, 0.87533142, 0.87202188, 0.87658063,
       0.87449937, 0.87848567, 0.87668268, 0.87566511, 0.87790285]), array([0.87691818, 0.88097426, 0.87608987, 0.87190304, 0.8770268 ,
       0.87645379, 0.87632721, 0.87879144, 0.87606287, 0.87880739]), array([0.87573199, 0.88139239, 0.87506394, 0.8716231 , 0.87832074,
       0.87442563, 0.87746929, 0.87608792, 0.87611926, 0.87886092]), array([0.87644627, 0.88149149, 0.87596446, 0.87149271, 0.87636414,
       0.87626861, 0.87675093, 0.87597857, 0.87376469, 0.87729815])]
real metric: [array([0.98239915, 0.99465245, 0.95314487, 0.93884459, 0.96983425,
       0.9520873 , 0.97822543, 0.96874915, 0.96130672, 0.96922166]), array([0.98084667, 0.99501001, 0.95034423, 0.9470866 , 0.96887682,
       0.94754306, 0.977038  , 0.9680759 , 0.9560565 , 0.9716676 ]), array([0.98089478, 0.99416736, 0.95525627, 0.93723781, 0.96698028,
       0.94782242, 0.98067075, 0.9630926 , 0.95201543, 0.97127672]), array([0.97967528, 0.99548807, 0.94902887, 0.9368172 , 0.96298947,
       0.95194942, 0.9782018 , 0.96800768, 0.95281926, 0.97420572]), array([0.98063599, 0.99395186, 0.94697828, 0.93759461, 0.96447915,
       0.95975196, 0.97427377, 0.96849604, 0.96291423, 0.96217482])]

estim_algorithm = doc-model, mode = classification, metric = auc, confidence_scores = doctor-conf, class_specific = True
test err: [0.010125536123004208, 0.010769740977541908, 0.01222576397836157, 0.012048199826995676, 0.011766654234748009]
estimated metric: [array([0.99089014, 0.992921  , 0.96978207, 0.96389576, 0.97569549,
       0.95893422, 0.98276536, 0.97493437, 0.97774234, 0.97869731]), array([0.99091064, 0.99282933, 0.96912832, 0.96400491, 0.97593884,
       0.95959195, 0.98247388, 0.97532127, 0.97717581, 0.97850647]), array([0.99123731, 0.99273446, 0.96976203, 0.96403999, 0.97633088,
       0.95960432, 0.98252235, 0.97548635, 0.97770712, 0.97938144]), array([0.99093042, 0.99287388, 0.96885602, 0.96357998, 0.9758335 ,
       0.95951945, 0.98180839, 0.97409178, 0.97766793, 0.97927504]), array([0.99108805, 0.99301345, 0.96958224, 0.96335419, 0.97567564,
       0.95926571, 0.98285688, 0.97452545, 0.97693625, 0.97977008])]
real metric: [array([0.98239915, 0.99465245, 0.95314487, 0.93884459, 0.96983425,
       0.9520873 , 0.97822543, 0.96874915, 0.96130672, 0.96922166]), array([0.98084667, 0.99501001, 0.95034423, 0.9470866 , 0.96887682,
       0.94754306, 0.977038  , 0.9680759 , 0.9560565 , 0.9716676 ]), array([0.98089478, 0.99416736, 0.95525627, 0.93723781, 0.96698028,
       0.94782242, 0.98067075, 0.9630926 , 0.95201543, 0.97127672]), array([0.97967528, 0.99548807, 0.94902887, 0.9368172 , 0.96298947,
       0.95194942, 0.9782018 , 0.96800768, 0.95281926, 0.97420572]), array([0.98063599, 0.99395186, 0.94697828, 0.93759461, 0.96447915,
       0.95975196, 0.97427377, 0.96849604, 0.96291423, 0.96217482])]

