estim_algorithm = ac-model, mode = classification, metric = f1score, confidence_scores = max_class_probability-conf, class_specific = False
test err: [0.26743719603330823, 0.2788902243700165, 0.2688711290493491, 0.27391994666486513, 0.2827364183028951]
estimated metric: [array([0.94813643, 0.96261752, 0.9277992 , 0.91428132, 0.93331557,
       0.93913722, 0.94568797, 0.94303028, 0.94020363, 0.93321818]), array([0.95091292, 0.96431007, 0.92281338, 0.92101468, 0.92500878,
       0.92996369, 0.94781528, 0.93333148, 0.94208961, 0.93186131]), array([0.95141615, 0.96264391, 0.93223452, 0.91784823, 0.92647351,
       0.92674556, 0.94614453, 0.92961075, 0.93728327, 0.93643962]), array([0.94899334, 0.96718242, 0.92106523, 0.91964838, 0.93132713,
       0.92799849, 0.93441165, 0.9299423 , 0.94496565, 0.94335304]), array([0.94613947, 0.96579648, 0.9247643 , 0.91461099, 0.93439442,
       0.92911759, 0.93805583, 0.9415067 , 0.93638201, 0.93790477])]
real metric: [array([0.69720405, 0.82994091, 0.67069486, 0.55777778, 0.64695446,
       0.63922156, 0.72089314, 0.62809917, 0.67993367, 0.64233577]), array([0.70911215, 0.84037855, 0.62979351, 0.55433589, 0.62552934,
       0.62131519, 0.68965517, 0.60968661, 0.6557377 , 0.64467484]), array([0.72073171, 0.83584042, 0.66621713, 0.5569488 , 0.62853629,
       0.61958998, 0.68595041, 0.59266409, 0.68953688, 0.68211307]), array([0.69839381, 0.83780161, 0.66094987, 0.56643727, 0.6301036 ,
       0.63309353, 0.67331671, 0.60036832, 0.69154229, 0.63768116]), array([0.70201729, 0.82888744, 0.6426093 , 0.52719201, 0.64861683,
       0.58986928, 0.67046379, 0.59533074, 0.68137255, 0.65494912])]

estim_algorithm = ac-model, mode = classification, metric = f1score, confidence_scores = energy-conf, class_specific = False
test err: [0.24646467043370004, 0.2396329758313572, 0.2473001334029948, 0.2407420757189104, 0.23280058487343247]
estimated metric: [array([0.38496465, 0.47930342, 0.37866343, 0.37035899, 0.39585684,
       0.46296507, 0.45437379, 0.46386101, 0.43577524, 0.42228622]), array([0.38383463, 0.48494751, 0.36951392, 0.36426935, 0.38455543,
       0.45758078, 0.44272396, 0.4519091 , 0.42968295, 0.41487157]), array([0.39628177, 0.48906302, 0.38221857, 0.36071846, 0.39151434,
       0.45542436, 0.44754711, 0.43134604, 0.4277793 , 0.42323447]), array([0.38943263, 0.48382132, 0.37202565, 0.36859214, 0.3959576 ,
       0.44708656, 0.43940822, 0.45704513, 0.44319594, 0.4257022 ]), array([0.38979595, 0.48523993, 0.36867528, 0.35619832, 0.39940503,
       0.45264582, 0.43170784, 0.46685707, 0.42949138, 0.43328588])]
real metric: [array([0.69720405, 0.82994091, 0.67069486, 0.55777778, 0.64695446,
       0.63922156, 0.72089314, 0.62809917, 0.67993367, 0.64233577]), array([0.70911215, 0.84037855, 0.62979351, 0.55433589, 0.62552934,
       0.62131519, 0.68965517, 0.60968661, 0.6557377 , 0.64467484]), array([0.72073171, 0.83584042, 0.66621713, 0.5569488 , 0.62853629,
       0.61958998, 0.68595041, 0.59266409, 0.68953688, 0.68211307]), array([0.69839381, 0.83780161, 0.66094987, 0.56643727, 0.6301036 ,
       0.63309353, 0.67331671, 0.60036832, 0.69154229, 0.63768116]), array([0.70201729, 0.82888744, 0.6426093 , 0.52719201, 0.64861683,
       0.58986928, 0.67046379, 0.59533074, 0.68137255, 0.65494912])]

estim_algorithm = ac-model, mode = classification, metric = f1score, confidence_scores = entropy-conf, class_specific = False
test err: [0.2566451581169426, 0.26797466456687025, 0.2580801152681544, 0.26304215380362117, 0.2720294380427105]
estimated metric: [array([0.93793146, 0.954687  , 0.91419251, 0.9015994 , 0.92067433,
       0.93132577, 0.93626086, 0.93134529, 0.93018026, 0.92131006]), array([0.94040497, 0.95645503, 0.90993792, 0.90447145, 0.91329541,
       0.92256521, 0.93701266, 0.92332888, 0.93269691, 0.91979717]), array([0.94177923, 0.95632404, 0.91822916, 0.90298694, 0.91451054,
       0.91900904, 0.93480676, 0.91846313, 0.92750423, 0.92531686]), array([0.93892793, 0.95883058, 0.90992973, 0.90455826, 0.91812719,
       0.91987505, 0.92296403, 0.92004059, 0.93652106, 0.93033527]), array([0.93593373, 0.95810666, 0.91242932, 0.90017676, 0.92211347,
       0.91961788, 0.92665847, 0.93200628, 0.92728881, 0.92727136])]
real metric: [array([0.69720405, 0.82994091, 0.67069486, 0.55777778, 0.64695446,
       0.63922156, 0.72089314, 0.62809917, 0.67993367, 0.64233577]), array([0.70911215, 0.84037855, 0.62979351, 0.55433589, 0.62552934,
       0.62131519, 0.68965517, 0.60968661, 0.6557377 , 0.64467484]), array([0.72073171, 0.83584042, 0.66621713, 0.5569488 , 0.62853629,
       0.61958998, 0.68595041, 0.59266409, 0.68953688, 0.68211307]), array([0.69839381, 0.83780161, 0.66094987, 0.56643727, 0.6301036 ,
       0.63309353, 0.67331671, 0.60036832, 0.69154229, 0.63768116]), array([0.70201729, 0.82888744, 0.6426093 , 0.52719201, 0.64861683,
       0.58986928, 0.67046379, 0.59533074, 0.68137255, 0.65494912])]

estim_algorithm = ac-model, mode = classification, metric = f1score, confidence_scores = doctor-conf, class_specific = False
test err: [0.2889325869933061, 0.3013393147071449, 0.29131075836246517, 0.29601628711279127, 0.30491625166295033]
estimated metric: [array([0.9659557 , 0.97524113, 0.95293224, 0.94423424, 0.95702458,
       0.96212097, 0.96571677, 0.96263878, 0.96219483, 0.95432199]), array([0.96725429, 0.97617757, 0.94962111, 0.94889487, 0.95225509,
       0.95657506, 0.96652766, 0.95854955, 0.9627945 , 0.95496242]), array([0.96905519, 0.97577345, 0.95506476, 0.94772023, 0.95234642,
       0.95361865, 0.9644848 , 0.95536608, 0.95982857, 0.9579782 ]), array([0.96602576, 0.97829527, 0.94744082, 0.94825001, 0.9558871 ,
       0.95378848, 0.9569424 , 0.95476805, 0.96546938, 0.96298375]), array([0.96444542, 0.97746954, 0.95095766, 0.94526001, 0.95761324,
       0.95465364, 0.95884013, 0.96012271, 0.96096095, 0.96014758])]
real metric: [array([0.69720405, 0.82994091, 0.67069486, 0.55777778, 0.64695446,
       0.63922156, 0.72089314, 0.62809917, 0.67993367, 0.64233577]), array([0.70911215, 0.84037855, 0.62979351, 0.55433589, 0.62552934,
       0.62131519, 0.68965517, 0.60968661, 0.6557377 , 0.64467484]), array([0.72073171, 0.83584042, 0.66621713, 0.5569488 , 0.62853629,
       0.61958998, 0.68595041, 0.59266409, 0.68953688, 0.68211307]), array([0.69839381, 0.83780161, 0.66094987, 0.56643727, 0.6301036 ,
       0.63309353, 0.67331671, 0.60036832, 0.69154229, 0.63768116]), array([0.70201729, 0.82888744, 0.6426093 , 0.52719201, 0.64861683,
       0.58986928, 0.67046379, 0.59533074, 0.68137255, 0.65494912])]

estim_algorithm = ts-model, mode = classification, metric = f1score, confidence_scores = max_class_probability-conf, class_specific = False
test err: [0.13391323813205203, 0.14199139829054938, 0.13366484805854797, 0.13857728893045831, 0.14789449741151825]
estimated metric: [array([0.8153323 , 0.86407561, 0.77407547, 0.74979932, 0.78401278,
       0.81492854, 0.82552853, 0.81587475, 0.8113078 , 0.79725264]), array([0.81800864, 0.86698316, 0.76635463, 0.7477693 , 0.77160236,
       0.80296167, 0.82142312, 0.80013216, 0.81148148, 0.79341642]), array([0.82309653, 0.87079503, 0.77933477, 0.74537482, 0.77614497,
       0.79817396, 0.8204467 , 0.78983655, 0.80678705, 0.80478687]), array([0.81783927, 0.87035262, 0.76751342, 0.7520014 , 0.78066538,
       0.79714568, 0.8035859 , 0.8003368 , 0.82170945, 0.80431112]), array([0.81598918, 0.87142299, 0.76860211, 0.74172997, 0.78758545,
       0.79920231, 0.80371764, 0.82111142, 0.80482821, 0.80606406])]
real metric: [array([0.69720405, 0.82994091, 0.67069486, 0.55777778, 0.64695446,
       0.63922156, 0.72089314, 0.62809917, 0.67993367, 0.64233577]), array([0.70911215, 0.84037855, 0.62979351, 0.55433589, 0.62552934,
       0.62131519, 0.68965517, 0.60968661, 0.6557377 , 0.64467484]), array([0.72073171, 0.83584042, 0.66621713, 0.5569488 , 0.62853629,
       0.61958998, 0.68595041, 0.59266409, 0.68953688, 0.68211307]), array([0.69839381, 0.83780161, 0.66094987, 0.56643727, 0.6301036 ,
       0.63309353, 0.67331671, 0.60036832, 0.69154229, 0.63768116]), array([0.70201729, 0.82888744, 0.6426093 , 0.52719201, 0.64861683,
       0.58986928, 0.67046379, 0.59533074, 0.68137255, 0.65494912])]

estim_algorithm = ts-model, mode = classification, metric = f1score, confidence_scores = max_class_probability-conf, class_specific = True
test err: [0.06449389368286655, 0.07245504642236242, 0.07607882961961623, 0.06743894027081397, 0.0791330970844445]
estimated metric: [array([0.64946682, 0.71750664, 0.69611414, 0.62196758, 0.74445615,
       0.65263555, 0.7906327 , 0.71735315, 0.62394226, 0.57307802]), array([0.6487283 , 0.72198867, 0.68751345, 0.61679252, 0.73192807,
       0.64299886, 0.78519444, 0.7005314 , 0.62208379, 0.56719504]), array([0.6586424 , 0.72706359, 0.70143827, 0.61372983, 0.73713349,
       0.64023599, 0.78490025, 0.68696153, 0.61920011, 0.57702034]), array([0.6526978 , 0.72336166, 0.68913893, 0.62203316, 0.74170273,
       0.6341622 , 0.76888141, 0.70350098, 0.63394734, 0.5761728 ]), array([0.65293276, 0.7254768 , 0.68871325, 0.61006346, 0.74874197,
       0.63890167, 0.76663259, 0.72131548, 0.617945  , 0.57982734])]
real metric: [array([0.69720405, 0.82994091, 0.67069486, 0.55777778, 0.64695446,
       0.63922156, 0.72089314, 0.62809917, 0.67993367, 0.64233577]), array([0.70911215, 0.84037855, 0.62979351, 0.55433589, 0.62552934,
       0.62131519, 0.68965517, 0.60968661, 0.6557377 , 0.64467484]), array([0.72073171, 0.83584042, 0.66621713, 0.5569488 , 0.62853629,
       0.61958998, 0.68595041, 0.59266409, 0.68953688, 0.68211307]), array([0.69839381, 0.83780161, 0.66094987, 0.56643727, 0.6301036 ,
       0.63309353, 0.67331671, 0.60036832, 0.69154229, 0.63768116]), array([0.70201729, 0.82888744, 0.6426093 , 0.52719201, 0.64861683,
       0.58986928, 0.67046379, 0.59533074, 0.68137255, 0.65494912])]

estim_algorithm = ts-model, mode = classification, metric = f1score, confidence_scores = energy-conf, class_specific = False
test err: [0.16903024239005432, 0.1813436164459669, 0.17178395500684057, 0.17710196112713167, 0.18571109736552927]
estimated metric: [array([0.82891226, 0.84517535, 0.83301529, 0.83423433, 0.83618805,
       0.84883427, 0.84499306, 0.84901003, 0.84187114, 0.84112402]), array([0.82855842, 0.84619998, 0.83175762, 0.83339659, 0.83463826,
       0.84866001, 0.84267694, 0.84787993, 0.8404535 , 0.83943387]), array([0.83047551, 0.84660143, 0.8332743 , 0.83276716, 0.83572964,
       0.84881284, 0.8442268 , 0.84383585, 0.84000534, 0.84023944]), array([0.82961009, 0.84562253, 0.8321306 , 0.83385993, 0.83653705,
       0.84684544, 0.84379036, 0.84886439, 0.84211791, 0.84132947]), array([0.82974886, 0.84550487, 0.83137938, 0.83211537, 0.83641904,
       0.84796945, 0.84255276, 0.84921558, 0.84082494, 0.8426891 ])]
real metric: [array([0.69720405, 0.82994091, 0.67069486, 0.55777778, 0.64695446,
       0.63922156, 0.72089314, 0.62809917, 0.67993367, 0.64233577]), array([0.70911215, 0.84037855, 0.62979351, 0.55433589, 0.62552934,
       0.62131519, 0.68965517, 0.60968661, 0.6557377 , 0.64467484]), array([0.72073171, 0.83584042, 0.66621713, 0.5569488 , 0.62853629,
       0.61958998, 0.68595041, 0.59266409, 0.68953688, 0.68211307]), array([0.69839381, 0.83780161, 0.66094987, 0.56643727, 0.6301036 ,
       0.63309353, 0.67331671, 0.60036832, 0.69154229, 0.63768116]), array([0.70201729, 0.82888744, 0.6426093 , 0.52719201, 0.64861683,
       0.58986928, 0.67046379, 0.59533074, 0.68137255, 0.65494912])]

estim_algorithm = ts-model, mode = classification, metric = f1score, confidence_scores = energy-conf, class_specific = True
test err: [0.07026769192532187, 0.0838950636614208, 0.088268248783403, 0.08069303453352714, 0.08950422890022701]
estimated metric: [array([0.69584583, 0.77400573, 0.75434038, 0.64558505, 0.80367669,
       0.68262426, 0.82335734, 0.74334531, 0.66201009, 0.60416386]), array([0.69517969, 0.77542699, 0.75262619, 0.64363504, 0.80190234,
       0.68196509, 0.82079064, 0.74106187, 0.65926538, 0.59980133]), array([0.69854996, 0.77597629, 0.75474251, 0.64229575, 0.80315444,
       0.68219017, 0.82248407, 0.73462753, 0.65836777, 0.60223334]), array([0.69704456, 0.77458338, 0.75315285, 0.64473411, 0.804083  ,
       0.67817428, 0.82199062, 0.74301084, 0.66295647, 0.60478054]), array([0.69729456, 0.77451971, 0.75211287, 0.64088533, 0.80397599,
       0.68070977, 0.82061941, 0.74336637, 0.65983382, 0.60812381])]
real metric: [array([0.69720405, 0.82994091, 0.67069486, 0.55777778, 0.64695446,
       0.63922156, 0.72089314, 0.62809917, 0.67993367, 0.64233577]), array([0.70911215, 0.84037855, 0.62979351, 0.55433589, 0.62552934,
       0.62131519, 0.68965517, 0.60968661, 0.6557377 , 0.64467484]), array([0.72073171, 0.83584042, 0.66621713, 0.5569488 , 0.62853629,
       0.61958998, 0.68595041, 0.59266409, 0.68953688, 0.68211307]), array([0.69839381, 0.83780161, 0.66094987, 0.56643727, 0.6301036 ,
       0.63309353, 0.67331671, 0.60036832, 0.69154229, 0.63768116]), array([0.70201729, 0.82888744, 0.6426093 , 0.52719201, 0.64861683,
       0.58986928, 0.67046379, 0.59533074, 0.68137255, 0.65494912])]

estim_algorithm = ts-model, mode = classification, metric = f1score, confidence_scores = entropy-conf, class_specific = False
test err: [0.13109085117098412, 0.1395498606488369, 0.13135431153808932, 0.13600152825080375, 0.14575108728204642]
estimated metric: [array([0.80818267, 0.85975967, 0.76822192, 0.74667285, 0.78026184,
       0.81996207, 0.82598306, 0.81390621, 0.81092307, 0.79009051]), array([0.8112403 , 0.86273711, 0.76018861, 0.74201976, 0.76915133,
       0.81064689, 0.8199121 , 0.80236136, 0.80895034, 0.78850977]), array([0.8180871 , 0.8677389 , 0.7724061 , 0.74059435, 0.7736097 ,
       0.80462428, 0.81802497, 0.79029552, 0.80688873, 0.79940223]), array([0.81154853, 0.86565936, 0.76208197, 0.7467846 , 0.77581708,
       0.80372111, 0.80315775, 0.80160107, 0.82216228, 0.79716968]), array([0.80982953, 0.86777992, 0.76264019, 0.73668226, 0.78315802,
       0.80490239, 0.8020997 , 0.82253699, 0.80534133, 0.8038489 ])]
real metric: [array([0.69720405, 0.82994091, 0.67069486, 0.55777778, 0.64695446,
       0.63922156, 0.72089314, 0.62809917, 0.67993367, 0.64233577]), array([0.70911215, 0.84037855, 0.62979351, 0.55433589, 0.62552934,
       0.62131519, 0.68965517, 0.60968661, 0.6557377 , 0.64467484]), array([0.72073171, 0.83584042, 0.66621713, 0.5569488 , 0.62853629,
       0.61958998, 0.68595041, 0.59266409, 0.68953688, 0.68211307]), array([0.69839381, 0.83780161, 0.66094987, 0.56643727, 0.6301036 ,
       0.63309353, 0.67331671, 0.60036832, 0.69154229, 0.63768116]), array([0.70201729, 0.82888744, 0.6426093 , 0.52719201, 0.64861683,
       0.58986928, 0.67046379, 0.59533074, 0.68137255, 0.65494912])]

estim_algorithm = ts-model, mode = classification, metric = f1score, confidence_scores = entropy-conf, class_specific = True
test err: [0.07085420599915623, 0.0793199522145204, 0.08123062263743017, 0.07436703845605792, 0.08420077139756191]
estimated metric: [array([0.63114634, 0.69790947, 0.68762239, 0.61542165, 0.74356432,
       0.6455345 , 0.79174654, 0.71276546, 0.60738324, 0.53744715]), array([0.63048475, 0.70282508, 0.67763547, 0.60758957, 0.73194545,
       0.63797252, 0.78404313, 0.69922678, 0.60035297, 0.53113811]), array([0.64429727, 0.71002345, 0.69216728, 0.60451227, 0.73726692,
       0.6332602 , 0.78278085, 0.68269506, 0.60176446, 0.54260655]), array([0.63581221, 0.70435042, 0.6799076 , 0.61387992, 0.73934339,
       0.62668632, 0.7686001 , 0.70119034, 0.62022831, 0.53951035]), array([0.63714082, 0.70757939, 0.67894111, 0.59979155, 0.74696617,
       0.63149843, 0.76490419, 0.72184756, 0.60104015, 0.5493254 ])]
real metric: [array([0.69720405, 0.82994091, 0.67069486, 0.55777778, 0.64695446,
       0.63922156, 0.72089314, 0.62809917, 0.67993367, 0.64233577]), array([0.70911215, 0.84037855, 0.62979351, 0.55433589, 0.62552934,
       0.62131519, 0.68965517, 0.60968661, 0.6557377 , 0.64467484]), array([0.72073171, 0.83584042, 0.66621713, 0.5569488 , 0.62853629,
       0.61958998, 0.68595041, 0.59266409, 0.68953688, 0.68211307]), array([0.69839381, 0.83780161, 0.66094987, 0.56643727, 0.6301036 ,
       0.63309353, 0.67331671, 0.60036832, 0.69154229, 0.63768116]), array([0.70201729, 0.82888744, 0.6426093 , 0.52719201, 0.64861683,
       0.58986928, 0.67046379, 0.59533074, 0.68137255, 0.65494912])]

estim_algorithm = ts-model, mode = classification, metric = f1score, confidence_scores = doctor-conf, class_specific = False
test err: [0.12442892593921547, 0.13218657219408825, 0.12373858227026957, 0.1285310761082628, 0.13866435672817595]
estimated metric: [array([0.80206424, 0.85688384, 0.75319123, 0.73139285, 0.77300247,
       0.82376599, 0.82442261, 0.81043569, 0.80658926, 0.77559643]), array([0.80784146, 0.86070264, 0.74173071, 0.7279234 , 0.75766777,
       0.81214879, 0.81779454, 0.797034  , 0.80519443, 0.77404692]), array([0.81434234, 0.86389616, 0.75900575, 0.72539155, 0.76361333,
       0.80338435, 0.81329136, 0.78267309, 0.80248673, 0.78742993]), array([0.805918  , 0.86344154, 0.74412114, 0.73213101, 0.7649463 ,
       0.80289151, 0.79572797, 0.79543573, 0.82118299, 0.78920272]), array([0.80145043, 0.86495962, 0.74767608, 0.71884678, 0.77357268,
       0.80410128, 0.79674582, 0.82120441, 0.8027243 , 0.79667051])]
real metric: [array([0.69720405, 0.82994091, 0.67069486, 0.55777778, 0.64695446,
       0.63922156, 0.72089314, 0.62809917, 0.67993367, 0.64233577]), array([0.70911215, 0.84037855, 0.62979351, 0.55433589, 0.62552934,
       0.62131519, 0.68965517, 0.60968661, 0.6557377 , 0.64467484]), array([0.72073171, 0.83584042, 0.66621713, 0.5569488 , 0.62853629,
       0.61958998, 0.68595041, 0.59266409, 0.68953688, 0.68211307]), array([0.69839381, 0.83780161, 0.66094987, 0.56643727, 0.6301036 ,
       0.63309353, 0.67331671, 0.60036832, 0.69154229, 0.63768116]), array([0.70201729, 0.82888744, 0.6426093 , 0.52719201, 0.64861683,
       0.58986928, 0.67046379, 0.59533074, 0.68137255, 0.65494912])]

estim_algorithm = ts-model, mode = classification, metric = f1score, confidence_scores = doctor-conf, class_specific = True
test err: [0.07742006280457606, 0.08241369042374855, 0.08483378962865987, 0.08044994358384273, 0.08620286118125099]
estimated metric: [array([0.61319169, 0.67827321, 0.66823589, 0.60274508, 0.73178872,
       0.62468136, 0.78553527, 0.70379813, 0.57628624, 0.49460444]), array([0.61966028, 0.68348422, 0.65396797, 0.59501674, 0.71417133,
       0.61186116, 0.77687021, 0.68437246, 0.56487056, 0.48260349]), array([0.63291489, 0.69600736, 0.67519306, 0.59088604, 0.72185302,
       0.60271083, 0.77310195, 0.66639514, 0.56462806, 0.50032549]), array([0.62060209, 0.68634368, 0.65752878, 0.60576529, 0.72244874,
       0.59658289, 0.75350922, 0.68712297, 0.59748034, 0.49504536]), array([0.62151531, 0.69106646, 0.66007838, 0.58418841, 0.7319305 ,
       0.60419572, 0.75270732, 0.71962155, 0.56574081, 0.50551514])]
real metric: [array([0.69720405, 0.82994091, 0.67069486, 0.55777778, 0.64695446,
       0.63922156, 0.72089314, 0.62809917, 0.67993367, 0.64233577]), array([0.70911215, 0.84037855, 0.62979351, 0.55433589, 0.62552934,
       0.62131519, 0.68965517, 0.60968661, 0.6557377 , 0.64467484]), array([0.72073171, 0.83584042, 0.66621713, 0.5569488 , 0.62853629,
       0.61958998, 0.68595041, 0.59266409, 0.68953688, 0.68211307]), array([0.69839381, 0.83780161, 0.66094987, 0.56643727, 0.6301036 ,
       0.63309353, 0.67331671, 0.60036832, 0.69154229, 0.63768116]), array([0.70201729, 0.82888744, 0.6426093 , 0.52719201, 0.64861683,
       0.58986928, 0.67046379, 0.59533074, 0.68137255, 0.65494912])]

estim_algorithm = doc-model, mode = classification, metric = f1score, confidence_scores = max_class_probability-conf, class_specific = False
test err: [0.1593334235405163, 0.17039108521728713, 0.1603249572503527, 0.16541450734049923, 0.17422901515163228]
estimated metric: [array([0.84205081, 0.85957584, 0.81735635, 0.80088881, 0.82406412,
       0.83113542, 0.83908287, 0.83585974, 0.83242988, 0.82394576]), array([0.84541469, 0.861621  , 0.81128758, 0.80909677, 0.81396055,
       0.81998916, 0.8416616 , 0.82408346, 0.83471854, 0.82229647]), array([0.8460242 , 0.85960774, 0.82275015, 0.8052382 , 0.81574327,
       0.81607433, 0.83963641, 0.81955993, 0.82888436, 0.82785975]), array([0.8430892 , 0.86509022, 0.80915835, 0.8074321 , 0.82164704,
       0.8175988 , 0.82539608, 0.81996315, 0.83820703, 0.83625125]), array([0.83963027, 0.86341652, 0.81366294, 0.80129092, 0.82537515,
       0.81896012, 0.8298225 , 0.83401126, 0.82778977, 0.82963907])]
real metric: [array([0.69720405, 0.82994091, 0.67069486, 0.55777778, 0.64695446,
       0.63922156, 0.72089314, 0.62809917, 0.67993367, 0.64233577]), array([0.70911215, 0.84037855, 0.62979351, 0.55433589, 0.62552934,
       0.62131519, 0.68965517, 0.60968661, 0.6557377 , 0.64467484]), array([0.72073171, 0.83584042, 0.66621713, 0.5569488 , 0.62853629,
       0.61958998, 0.68595041, 0.59266409, 0.68953688, 0.68211307]), array([0.69839381, 0.83780161, 0.66094987, 0.56643727, 0.6301036 ,
       0.63309353, 0.67331671, 0.60036832, 0.69154229, 0.63768116]), array([0.70201729, 0.82888744, 0.6426093 , 0.52719201, 0.64861683,
       0.58986928, 0.67046379, 0.59533074, 0.68137255, 0.65494912])]

estim_algorithm = doc-model, mode = classification, metric = f1score, confidence_scores = max_class_probability-conf, class_specific = True
test err: [0.06110989286073931, 0.07014950784469304, 0.07595678523674912, 0.06410191318451394, 0.07835392109995373]
estimated metric: [array([0.69932161, 0.804507  , 0.74458521, 0.63510088, 0.77791212,
       0.6773751 , 0.80908914, 0.73463867, 0.64820818, 0.60557393]), array([0.70362192, 0.80675425, 0.73774446, 0.64554284, 0.76699623,
       0.66317998, 0.81180269, 0.72076155, 0.65147704, 0.60226697]), array([0.70410658, 0.80454206, 0.750669  , 0.64036504, 0.76892282,
       0.65814825, 0.80967164, 0.71533768, 0.64332142, 0.60989191]), array([0.70064236, 0.81056539, 0.73537261, 0.64321027, 0.77530138,
       0.65999248, 0.7946816 , 0.71582428, 0.65614686, 0.62165557]), array([0.69614059, 0.80872687, 0.74042249, 0.63524344, 0.77932801,
       0.66173644, 0.79934208, 0.73253215, 0.64180758, 0.61153482])]
real metric: [array([0.69720405, 0.82994091, 0.67069486, 0.55777778, 0.64695446,
       0.63922156, 0.72089314, 0.62809917, 0.67993367, 0.64233577]), array([0.70911215, 0.84037855, 0.62979351, 0.55433589, 0.62552934,
       0.62131519, 0.68965517, 0.60968661, 0.6557377 , 0.64467484]), array([0.72073171, 0.83584042, 0.66621713, 0.5569488 , 0.62853629,
       0.61958998, 0.68595041, 0.59266409, 0.68953688, 0.68211307]), array([0.69839381, 0.83780161, 0.66094987, 0.56643727, 0.6301036 ,
       0.63309353, 0.67331671, 0.60036832, 0.69154229, 0.63768116]), array([0.70201729, 0.82888744, 0.6426093 , 0.52719201, 0.64861683,
       0.58986928, 0.67046379, 0.59533074, 0.68137255, 0.65494912])]

estim_algorithm = doc-model, mode = classification, metric = f1score, confidence_scores = energy-conf, class_specific = False
test err: [0.14629986690115807, 0.1563095210394581, 0.14780275500577433, 0.15321631779272135, 0.16167678408173963]
estimated metric: [array([0.79787063, 0.84617496, 0.79423142, 0.78924099, 0.80283213,
       0.83820041, 0.8339488 , 0.83478944, 0.82354872, 0.81521652]), array([0.79727276, 0.84932947, 0.78888915, 0.78590876, 0.79715719,
       0.83628743, 0.82788326, 0.82871343, 0.81956273, 0.81230999]), array([0.80394168, 0.85115687, 0.7956816 , 0.78423143, 0.80079429,
       0.8344089 , 0.82946216, 0.81987142, 0.81974992, 0.81685806]), array([0.80009964, 0.8488761 , 0.79006286, 0.78860023, 0.80283551,
       0.83078659, 0.82580842, 0.83011636, 0.82787784, 0.81678779]), array([0.80050192, 0.84990652, 0.7882742 , 0.78205635, 0.80417044,
       0.83267689, 0.82074914, 0.83815947, 0.82031216, 0.82126911])]
real metric: [array([0.69720405, 0.82994091, 0.67069486, 0.55777778, 0.64695446,
       0.63922156, 0.72089314, 0.62809917, 0.67993367, 0.64233577]), array([0.70911215, 0.84037855, 0.62979351, 0.55433589, 0.62552934,
       0.62131519, 0.68965517, 0.60968661, 0.6557377 , 0.64467484]), array([0.72073171, 0.83584042, 0.66621713, 0.5569488 , 0.62853629,
       0.61958998, 0.68595041, 0.59266409, 0.68953688, 0.68211307]), array([0.69839381, 0.83780161, 0.66094987, 0.56643727, 0.6301036 ,
       0.63309353, 0.67331671, 0.60036832, 0.69154229, 0.63768116]), array([0.70201729, 0.82888744, 0.6426093 , 0.52719201, 0.64861683,
       0.58986928, 0.67046379, 0.59533074, 0.68137255, 0.65494912])]

estim_algorithm = doc-model, mode = classification, metric = f1score, confidence_scores = energy-conf, class_specific = True
test err: [0.07217179918768593, 0.08278034421400442, 0.08668530616120233, 0.07918009120270317, 0.08834823480728773]
estimated metric: [array([0.66387509, 0.72100038, 0.71897033, 0.63180301, 0.77565537,
       0.66224381, 0.80666546, 0.72489463, 0.63266378, 0.56674878]), array([0.66310177, 0.72528998, 0.71326514, 0.6275253 , 0.7695494 ,
       0.65833406, 0.8000191 , 0.71676977, 0.62787626, 0.56097884]), array([0.67160267, 0.72822258, 0.72112073, 0.62499349, 0.77347234,
       0.65669583, 0.80224637, 0.70426661, 0.62655798, 0.56787446]), array([0.66692093, 0.72405436, 0.71478592, 0.63059323, 0.77579124,
       0.65040084, 0.79818501, 0.71971095, 0.63824633, 0.56959425]), array([0.6671835 , 0.72552913, 0.71262082, 0.62187125, 0.77720108,
       0.65425688, 0.79288665, 0.72762321, 0.62757375, 0.57583561])]
real metric: [array([0.69720405, 0.82994091, 0.67069486, 0.55777778, 0.64695446,
       0.63922156, 0.72089314, 0.62809917, 0.67993367, 0.64233577]), array([0.70911215, 0.84037855, 0.62979351, 0.55433589, 0.62552934,
       0.62131519, 0.68965517, 0.60968661, 0.6557377 , 0.64467484]), array([0.72073171, 0.83584042, 0.66621713, 0.5569488 , 0.62853629,
       0.61958998, 0.68595041, 0.59266409, 0.68953688, 0.68211307]), array([0.69839381, 0.83780161, 0.66094987, 0.56643727, 0.6301036 ,
       0.63309353, 0.67331671, 0.60036832, 0.69154229, 0.63768116]), array([0.70201729, 0.82888744, 0.6426093 , 0.52719201, 0.64861683,
       0.58986928, 0.67046379, 0.59533074, 0.68137255, 0.65494912])]

estim_algorithm = doc-model, mode = classification, metric = f1score, confidence_scores = entropy-conf, class_specific = False
test err: [0.15618688881435572, 0.16712596789135045, 0.1572127863776258, 0.1621967781596612, 0.17121757912868762]
estimated metric: [array([0.83943734, 0.85941551, 0.81103234, 0.79591602, 0.81879991,
       0.83154509, 0.83744223, 0.83156842, 0.83017555, 0.81959184]), array([0.84239026, 0.86152017, 0.80592901, 0.79936646, 0.8099566 ,
       0.82106421, 0.83834014, 0.82197849, 0.83318403, 0.81774927]), array([0.84403033, 0.86136427, 0.81587075, 0.79758321, 0.81141366,
       0.81680513, 0.83570519, 0.81615108, 0.82697508, 0.82435793]), array([0.8406271 , 0.86434703, 0.80592351, 0.79947073, 0.81574856,
       0.81784256, 0.8215417 , 0.81804086, 0.83775301, 0.83036089]), array([0.83705148, 0.86348571, 0.80891788, 0.79420623, 0.82052333,
       0.8175345 , 0.82599257, 0.83235856, 0.82671738, 0.82669651])]
real metric: [array([0.69720405, 0.82994091, 0.67069486, 0.55777778, 0.64695446,
       0.63922156, 0.72089314, 0.62809917, 0.67993367, 0.64233577]), array([0.70911215, 0.84037855, 0.62979351, 0.55433589, 0.62552934,
       0.62131519, 0.68965517, 0.60968661, 0.6557377 , 0.64467484]), array([0.72073171, 0.83584042, 0.66621713, 0.5569488 , 0.62853629,
       0.61958998, 0.68595041, 0.59266409, 0.68953688, 0.68211307]), array([0.69839381, 0.83780161, 0.66094987, 0.56643727, 0.6301036 ,
       0.63309353, 0.67331671, 0.60036832, 0.69154229, 0.63768116]), array([0.70201729, 0.82888744, 0.6426093 , 0.52719201, 0.64861683,
       0.58986928, 0.67046379, 0.59533074, 0.68137255, 0.65494912])]

estim_algorithm = doc-model, mode = classification, metric = f1score, confidence_scores = entropy-conf, class_specific = True
test err: [0.06135524851238159, 0.07061388447321036, 0.07582634444439243, 0.06428707692620607, 0.07846433609229155]
estimated metric: [array([0.69446751, 0.79906457, 0.73766526, 0.63432065, 0.77560732,
       0.67585232, 0.80749054, 0.73333832, 0.64491751, 0.59804573]), array([0.69840037, 0.80139763, 0.7318708 , 0.638646  , 0.76610285,
       0.66247772, 0.80843529, 0.72185407, 0.64915989, 0.59387751]), array([0.69978096, 0.80122482, 0.74304267, 0.63615895, 0.7676692 ,
       0.65715206, 0.80566277, 0.71499109, 0.64035948, 0.60336341]), array([0.69605459, 0.80453963, 0.73200739, 0.63858523, 0.77232843,
       0.65839761, 0.79075425, 0.71721733, 0.65496734, 0.61200749]), array([0.69131586, 0.80357604, 0.73520542, 0.63171926, 0.77747504,
       0.65810593, 0.79550099, 0.73419818, 0.64027377, 0.60554024])]
real metric: [array([0.69720405, 0.82994091, 0.67069486, 0.55777778, 0.64695446,
       0.63922156, 0.72089314, 0.62809917, 0.67993367, 0.64233577]), array([0.70911215, 0.84037855, 0.62979351, 0.55433589, 0.62552934,
       0.62131519, 0.68965517, 0.60968661, 0.6557377 , 0.64467484]), array([0.72073171, 0.83584042, 0.66621713, 0.5569488 , 0.62853629,
       0.61958998, 0.68595041, 0.59266409, 0.68953688, 0.68211307]), array([0.69839381, 0.83780161, 0.66094987, 0.56643727, 0.6301036 ,
       0.63309353, 0.67331671, 0.60036832, 0.69154229, 0.63768116]), array([0.70201729, 0.82888744, 0.6426093 , 0.52719201, 0.64861683,
       0.58986928, 0.67046379, 0.59533074, 0.68137255, 0.65494912])]

estim_algorithm = doc-model, mode = classification, metric = f1score, confidence_scores = doctor-conf, class_specific = False
test err: [0.16510806758858068, 0.17723012273118913, 0.1671038399941998, 0.1719098047472695, 0.18077287583298413]
estimated metric: [array([0.84342922, 0.85502344, 0.82738419, 0.81638035, 0.83223457,
       0.83861974, 0.84312035, 0.83926807, 0.83882571, 0.82985039]), array([0.84536755, 0.85620589, 0.82311472, 0.82219209, 0.82627439,
       0.83172066, 0.84413477, 0.83414596, 0.83946303, 0.82990112]), array([0.8472955 , 0.85568794, 0.8298038 , 0.82069385, 0.82638743,
       0.82820088, 0.84158234, 0.83015507, 0.83588784, 0.83347251]), array([0.84385732, 0.85893133, 0.82072333, 0.82140613, 0.83087752,
       0.82817625, 0.83215807, 0.82940503, 0.84308572, 0.8401655 ]), array([0.8416482 , 0.8578638 , 0.82463588, 0.81751878, 0.83318717,
       0.82932049, 0.83489232, 0.83642639, 0.83739589, 0.8361482 ])]
real metric: [array([0.69720405, 0.82994091, 0.67069486, 0.55777778, 0.64695446,
       0.63922156, 0.72089314, 0.62809917, 0.67993367, 0.64233577]), array([0.70911215, 0.84037855, 0.62979351, 0.55433589, 0.62552934,
       0.62131519, 0.68965517, 0.60968661, 0.6557377 , 0.64467484]), array([0.72073171, 0.83584042, 0.66621713, 0.5569488 , 0.62853629,
       0.61958998, 0.68595041, 0.59266409, 0.68953688, 0.68211307]), array([0.69839381, 0.83780161, 0.66094987, 0.56643727, 0.6301036 ,
       0.63309353, 0.67331671, 0.60036832, 0.69154229, 0.63768116]), array([0.70201729, 0.82888744, 0.6426093 , 0.52719201, 0.64861683,
       0.58986928, 0.67046379, 0.59533074, 0.68137255, 0.65494912])]

estim_algorithm = doc-model, mode = classification, metric = f1score, confidence_scores = doctor-conf, class_specific = True
test err: [0.06360521184090842, 0.0746624988697862, 0.07882668975863588, 0.0687017173209294, 0.08026898209131367]
estimated metric: [array([0.70293266, 0.80770147, 0.75417649, 0.63942269, 0.79083051,
       0.6843001 , 0.81801742, 0.73865926, 0.65986473, 0.61608612]), array([0.70579639, 0.80902789, 0.74946476, 0.64688709, 0.78441926,
       0.67569217, 0.81907632, 0.73204498, 0.66101623, 0.61526365]), array([0.70709076, 0.80835288, 0.75680335, 0.64439091, 0.78457552,
       0.67116473, 0.81646232, 0.72746409, 0.65518832, 0.62027744]), array([0.7038164 , 0.81193099, 0.74679983, 0.64523639, 0.78935689,
       0.67153025, 0.80662315, 0.72656841, 0.66561594, 0.62972916]), array([0.70056347, 0.81079179, 0.75091211, 0.64015788, 0.79187991,
       0.67286278, 0.80952796, 0.73546166, 0.65762621, 0.62227546])]
real metric: [array([0.69720405, 0.82994091, 0.67069486, 0.55777778, 0.64695446,
       0.63922156, 0.72089314, 0.62809917, 0.67993367, 0.64233577]), array([0.70911215, 0.84037855, 0.62979351, 0.55433589, 0.62552934,
       0.62131519, 0.68965517, 0.60968661, 0.6557377 , 0.64467484]), array([0.72073171, 0.83584042, 0.66621713, 0.5569488 , 0.62853629,
       0.61958998, 0.68595041, 0.59266409, 0.68953688, 0.68211307]), array([0.69839381, 0.83780161, 0.66094987, 0.56643727, 0.6301036 ,
       0.63309353, 0.67331671, 0.60036832, 0.69154229, 0.63768116]), array([0.70201729, 0.82888744, 0.6426093 , 0.52719201, 0.64861683,
       0.58986928, 0.67046379, 0.59533074, 0.68137255, 0.65494912])]

estim_algorithm = atc-model, mode = classification, metric = f1score, confidence_scores = max_class_probability-conf, class_specific = False
test err: [0.11442492206669608, 0.12156946833734716, 0.11412219644649368, 0.12249431819587611, 0.1262441716175408]
estimated metric: [array([0.82949309, 0.88263555, 0.73654917, 0.69473684, 0.76025641,
       0.79079079, 0.80313199, 0.79416532, 0.78529063, 0.78025478]), array([0.83686319, 0.88520239, 0.73244445, 0.7016734 , 0.73525557,
       0.75294118, 0.82068207, 0.76678446, 0.79851669, 0.76555024]), array([0.83393939, 0.88308116, 0.76672105, 0.69645777, 0.75244938,
       0.74708995, 0.81944445, 0.75824176, 0.77664975, 0.78527608]), array([0.82935352, 0.89119889, 0.74839744, 0.70989011, 0.76246719,
       0.7535597 , 0.77697842, 0.77310925, 0.80764636, 0.80203046]), array([0.81571346, 0.88349515, 0.74854772, 0.69194866, 0.76340694,
       0.74595843, 0.79860303, 0.80628273, 0.76869159, 0.78110237])]
real metric: [array([0.69720405, 0.82994091, 0.67069486, 0.55777778, 0.64695446,
       0.63922156, 0.72089314, 0.62809917, 0.67993367, 0.64233577]), array([0.70911215, 0.84037855, 0.62979351, 0.55433589, 0.62552934,
       0.62131519, 0.68965517, 0.60968661, 0.6557377 , 0.64467484]), array([0.72073171, 0.83584042, 0.66621713, 0.5569488 , 0.62853629,
       0.61958998, 0.68595041, 0.59266409, 0.68953688, 0.68211307]), array([0.69839381, 0.83780161, 0.66094987, 0.56643727, 0.6301036 ,
       0.63309353, 0.67331671, 0.60036832, 0.69154229, 0.63768116]), array([0.70201729, 0.82888744, 0.6426093 , 0.52719201, 0.64861683,
       0.58986928, 0.67046379, 0.59533074, 0.68137255, 0.65494912])]

estim_algorithm = atc-model, mode = classification, metric = f1score, confidence_scores = max_class_probability-conf, class_specific = True
test err: [0.06300972080754051, 0.06053077391809466, 0.06501198722224201, 0.06585557809876331, 0.06802118061173955]
estimated metric: [array([0.63349025, 0.69968051, 0.64612326, 0.59798995, 0.6967655 ,
       0.60668974, 0.74413146, 0.73037543, 0.60680273, 0.55198489]), array([0.64171123, 0.68235294, 0.6195547 , 0.59725686, 0.65879083,
       0.58323208, 0.74473068, 0.67552183, 0.61538462, 0.55056181]), array([0.64982456, 0.72025217, 0.64272891, 0.58293839, 0.66340098,
       0.56831923, 0.74692875, 0.6494024 , 0.5781711 , 0.58318427]), array([0.6335826 , 0.70967742, 0.63102542, 0.61311282, 0.68387997,
       0.5613148 , 0.67014342, 0.69642858, 0.61581138, 0.54918034]), array([0.64058356, 0.72222222, 0.62157222, 0.58816121, 0.69246164,
       0.58224544, 0.71641791, 0.74264706, 0.57374831, 0.57720589])]
real metric: [array([0.69720405, 0.82994091, 0.67069486, 0.55777778, 0.64695446,
       0.63922156, 0.72089314, 0.62809917, 0.67993367, 0.64233577]), array([0.70911215, 0.84037855, 0.62979351, 0.55433589, 0.62552934,
       0.62131519, 0.68965517, 0.60968661, 0.6557377 , 0.64467484]), array([0.72073171, 0.83584042, 0.66621713, 0.5569488 , 0.62853629,
       0.61958998, 0.68595041, 0.59266409, 0.68953688, 0.68211307]), array([0.69839381, 0.83780161, 0.66094987, 0.56643727, 0.6301036 ,
       0.63309353, 0.67331671, 0.60036832, 0.69154229, 0.63768116]), array([0.70201729, 0.82888744, 0.6426093 , 0.52719201, 0.64861683,
       0.58986928, 0.67046379, 0.59533074, 0.68137255, 0.65494912])]

estim_algorithm = atc-model, mode = classification, metric = f1score, confidence_scores = energy-conf, class_specific = False
test err: [0.11123028664377113, 0.11653870929385493, 0.10735577320277587, 0.1151458342434859, 0.1259049240292755]
estimated metric: [array([0.75184275, 0.8486563 , 0.71022728, 0.70458503, 0.76342711,
       0.85714286, 0.83315158, 0.80193237, 0.79387515, 0.7605178 ]), array([0.76173065, 0.84615385, 0.70363637, 0.70615296, 0.72859025,
       0.83864542, 0.83351469, 0.80274443, 0.77889448, 0.74554295]), array([0.77060703, 0.84985836, 0.71646859, 0.69361005, 0.75570033,
       0.83464567, 0.82352941, 0.78057554, 0.77197453, 0.75471698]), array([0.76078915, 0.84559885, 0.70480929, 0.7211329 , 0.74014696,
       0.82194617, 0.79432624, 0.81107492, 0.81048868, 0.77083334]), array([0.7620773 , 0.84753042, 0.71221179, 0.69194866, 0.74760384,
       0.84221749, 0.7887324 , 0.83276451, 0.77156177, 0.80370943])]
real metric: [array([0.69720405, 0.82994091, 0.67069486, 0.55777778, 0.64695446,
       0.63922156, 0.72089314, 0.62809917, 0.67993367, 0.64233577]), array([0.70911215, 0.84037855, 0.62979351, 0.55433589, 0.62552934,
       0.62131519, 0.68965517, 0.60968661, 0.6557377 , 0.64467484]), array([0.72073171, 0.83584042, 0.66621713, 0.5569488 , 0.62853629,
       0.61958998, 0.68595041, 0.59266409, 0.68953688, 0.68211307]), array([0.69839381, 0.83780161, 0.66094987, 0.56643727, 0.6301036 ,
       0.63309353, 0.67331671, 0.60036832, 0.69154229, 0.63768116]), array([0.70201729, 0.82888744, 0.6426093 , 0.52719201, 0.64861683,
       0.58986928, 0.67046379, 0.59533074, 0.68137255, 0.65494912])]

estim_algorithm = atc-model, mode = classification, metric = f1score, confidence_scores = energy-conf, class_specific = True
test err: [0.0894869252280619, 0.09168551878164585, 0.08688721374532653, 0.08886845670635793, 0.08942292153763343]
estimated metric: [array([0.5639576 , 0.64106845, 0.65812808, 0.5819568 , 0.71324019,
       0.58382181, 0.757259  , 0.6993007 , 0.54751774, 0.46800001]), array([0.57203092, 0.63746959, 0.65471698, 0.56230032, 0.6717137 ,
       0.57631258, 0.75493612, 0.66026872, 0.51148546, 0.45200001]), array([0.59150806, 0.66666667, 0.66784141, 0.55642728, 0.70156356,
       0.55433456, 0.75457876, 0.64128257, 0.55037595, 0.50847459]), array([0.57648726, 0.66220736, 0.6546081 , 0.59063626, 0.6984127 ,
       0.55583757, 0.725     , 0.67030966, 0.5884017 , 0.44736843]), array([0.58425415, 0.64592094, 0.65236819, 0.55261459, 0.69680851,
       0.56349207, 0.71      , 0.71186441, 0.5659864 , 0.44265595])]
real metric: [array([0.69720405, 0.82994091, 0.67069486, 0.55777778, 0.64695446,
       0.63922156, 0.72089314, 0.62809917, 0.67993367, 0.64233577]), array([0.70911215, 0.84037855, 0.62979351, 0.55433589, 0.62552934,
       0.62131519, 0.68965517, 0.60968661, 0.6557377 , 0.64467484]), array([0.72073171, 0.83584042, 0.66621713, 0.5569488 , 0.62853629,
       0.61958998, 0.68595041, 0.59266409, 0.68953688, 0.68211307]), array([0.69839381, 0.83780161, 0.66094987, 0.56643727, 0.6301036 ,
       0.63309353, 0.67331671, 0.60036832, 0.69154229, 0.63768116]), array([0.70201729, 0.82888744, 0.6426093 , 0.52719201, 0.64861683,
       0.58986928, 0.67046379, 0.59533074, 0.68137255, 0.65494912])]

estim_algorithm = atc-model, mode = classification, metric = f1score, confidence_scores = entropy-conf, class_specific = False
test err: [0.11393028488663566, 0.12125496950997075, 0.11456028135048864, 0.12081239560111276, 0.12831635632927768]
estimated metric: [array([0.82949309, 0.87878788, 0.73537605, 0.69702277, 0.76105061,
       0.79079079, 0.80846325, 0.79024391, 0.78672986, 0.7744    ]), array([0.83419392, 0.88372093, 0.7256479 , 0.70391705, 0.73773708,
       0.76744186, 0.81938326, 0.76460177, 0.79254659, 0.76357828]), array([0.83535109, 0.88231246, 0.75760066, 0.70070614, 0.74589626,
       0.75890986, 0.81807648, 0.76051189, 0.78282829, 0.78153846]), array([0.83139535, 0.89119889, 0.74032258, 0.71130626, 0.75757576,
       0.76034859, 0.77108434, 0.76897134, 0.80764636, 0.79796265]), array([0.81571346, 0.88194445, 0.74750831, 0.69271137, 0.76496534,
       0.74884793, 0.8       , 0.8125    , 0.77726218, 0.78301887])]
real metric: [array([0.69720405, 0.82994091, 0.67069486, 0.55777778, 0.64695446,
       0.63922156, 0.72089314, 0.62809917, 0.67993367, 0.64233577]), array([0.70911215, 0.84037855, 0.62979351, 0.55433589, 0.62552934,
       0.62131519, 0.68965517, 0.60968661, 0.6557377 , 0.64467484]), array([0.72073171, 0.83584042, 0.66621713, 0.5569488 , 0.62853629,
       0.61958998, 0.68595041, 0.59266409, 0.68953688, 0.68211307]), array([0.69839381, 0.83780161, 0.66094987, 0.56643727, 0.6301036 ,
       0.63309353, 0.67331671, 0.60036832, 0.69154229, 0.63768116]), array([0.70201729, 0.82888744, 0.6426093 , 0.52719201, 0.64861683,
       0.58986928, 0.67046379, 0.59533074, 0.68137255, 0.65494912])]

estim_algorithm = atc-model, mode = classification, metric = f1score, confidence_scores = entropy-conf, class_specific = True
test err: [0.06255051582113265, 0.057905803334073955, 0.06628744136465689, 0.06391118728545521, 0.06841975780415614]
estimated metric: [array([0.63349025, 0.69446672, 0.64477612, 0.605     , 0.68881356,
       0.60989644, 0.73820755, 0.73253834, 0.59917921, 0.56285179]), array([0.63898192, 0.6802828 , 0.61821706, 0.59110833, 0.65879083,
       0.59178744, 0.73584906, 0.67552183, 0.61340942, 0.5613383 ]), array([0.64982456, 0.7192429 , 0.64028777, 0.58293839, 0.66620112,
       0.57349398, 0.74692875, 0.65476191, 0.57185186, 0.58318427]), array([0.63172226, 0.708636  , 0.63222417, 0.60735469, 0.68571429,
       0.57214555, 0.66492147, 0.69175628, 0.61388889, 0.55804482]), array([0.63696809, 0.71815287, 0.61904762, 0.58904972, 0.69333334,
       0.59689923, 0.71      , 0.74495413, 0.57181572, 0.58241759])]
real metric: [array([0.69720405, 0.82994091, 0.67069486, 0.55777778, 0.64695446,
       0.63922156, 0.72089314, 0.62809917, 0.67993367, 0.64233577]), array([0.70911215, 0.84037855, 0.62979351, 0.55433589, 0.62552934,
       0.62131519, 0.68965517, 0.60968661, 0.6557377 , 0.64467484]), array([0.72073171, 0.83584042, 0.66621713, 0.5569488 , 0.62853629,
       0.61958998, 0.68595041, 0.59266409, 0.68953688, 0.68211307]), array([0.69839381, 0.83780161, 0.66094987, 0.56643727, 0.6301036 ,
       0.63309353, 0.67331671, 0.60036832, 0.69154229, 0.63768116]), array([0.70201729, 0.82888744, 0.6426093 , 0.52719201, 0.64861683,
       0.58986928, 0.67046379, 0.59533074, 0.68137255, 0.65494912])]

estim_algorithm = atc-model, mode = classification, metric = f1score, confidence_scores = doctor-conf, class_specific = False
test err: [0.11446107353150595, 0.12235413857688653, 0.11498065582474246, 0.1226740879187838, 0.1262306999035386]
estimated metric: [array([0.82949309, 0.88263555, 0.73654917, 0.69626168, 0.76105061,
       0.79079079, 0.80313199, 0.7922078 , 0.78529063, 0.78025478]), array([0.83819325, 0.88520239, 0.73357016, 0.70092379, 0.73608383,
       0.75825346, 0.82068207, 0.76678446, 0.79851669, 0.76555024]), array([0.83464567, 0.88461539, 0.76772616, 0.69787697, 0.75163399,
       0.74841438, 0.81944445, 0.75824176, 0.77820026, 0.7871363 ]), array([0.82935352, 0.89119889, 0.74839744, 0.71059857, 0.760841  ,
       0.75219299, 0.77697842, 0.77516779, 0.80764636, 0.80405406]), array([0.81571346, 0.88349515, 0.74958541, 0.6934732 , 0.76262626,
       0.74740485, 0.79860303, 0.80628273, 0.76725146, 0.77917981])]
real metric: [array([0.69720405, 0.82994091, 0.67069486, 0.55777778, 0.64695446,
       0.63922156, 0.72089314, 0.62809917, 0.67993367, 0.64233577]), array([0.70911215, 0.84037855, 0.62979351, 0.55433589, 0.62552934,
       0.62131519, 0.68965517, 0.60968661, 0.6557377 , 0.64467484]), array([0.72073171, 0.83584042, 0.66621713, 0.5569488 , 0.62853629,
       0.61958998, 0.68595041, 0.59266409, 0.68953688, 0.68211307]), array([0.69839381, 0.83780161, 0.66094987, 0.56643727, 0.6301036 ,
       0.63309353, 0.67331671, 0.60036832, 0.69154229, 0.63768116]), array([0.70201729, 0.82888744, 0.6426093 , 0.52719201, 0.64861683,
       0.58986928, 0.67046379, 0.59533074, 0.68137255, 0.65494912])]

estim_algorithm = atc-model, mode = classification, metric = f1score, confidence_scores = doctor-conf, class_specific = True
test err: [0.06303906421607566, 0.06034997545739083, 0.0660304808421095, 0.06545182637747278, 0.0677235994281151]
estimated metric: [array([0.63349025, 0.69864109, 0.64612326, 0.59798995, 0.69500675,
       0.60668974, 0.74413146, 0.73684211, 0.60680273, 0.5574388 ]), array([0.64171123, 0.68235294, 0.61687682, 0.59462836, 0.65785814,
       0.58323208, 0.74473068, 0.67803031, 0.61340942, 0.55597016]), array([0.64982456, 0.72025217, 0.64150944, 0.5820984 , 0.66152768,
       0.56831923, 0.74692875, 0.65476191, 0.57185186, 0.58318427]), array([0.6335826 , 0.70967742, 0.62982456, 0.6114725 , 0.68387997,
       0.5613148 , 0.67014342, 0.69875223, 0.61581138, 0.55510205]), array([0.64058356, 0.72222222, 0.62157222, 0.58548896, 0.69246164,
       0.58224544, 0.71641791, 0.74495413, 0.57374831, 0.57981652])]
real metric: [array([0.69720405, 0.82994091, 0.67069486, 0.55777778, 0.64695446,
       0.63922156, 0.72089314, 0.62809917, 0.67993367, 0.64233577]), array([0.70911215, 0.84037855, 0.62979351, 0.55433589, 0.62552934,
       0.62131519, 0.68965517, 0.60968661, 0.6557377 , 0.64467484]), array([0.72073171, 0.83584042, 0.66621713, 0.5569488 , 0.62853629,
       0.61958998, 0.68595041, 0.59266409, 0.68953688, 0.68211307]), array([0.69839381, 0.83780161, 0.66094987, 0.56643727, 0.6301036 ,
       0.63309353, 0.67331671, 0.60036832, 0.69154229, 0.63768116]), array([0.70201729, 0.82888744, 0.6426093 , 0.52719201, 0.64861683,
       0.58986928, 0.67046379, 0.59533074, 0.68137255, 0.65494912])]

estim_algorithm = ts-atc-model, mode = classification, metric = f1score, confidence_scores = max_class_probability-conf, class_specific = False
test err: [0.11051854607944114, 0.11082288484788108, 0.10596193688732933, 0.11191230315524284, 0.11962057837586086]
estimated metric: [array([0.8096075 , 0.86629527, 0.71022728, 0.68705883, 0.7578677 ,
       0.81219273, 0.8071349 , 0.80385852, 0.78959811, 0.7744    ]), array([0.82066164, 0.87925284, 0.71066908, 0.68574767, 0.71675532,
       0.77905759, 0.79415073, 0.76460177, 0.79404467, 0.7435065 ]), array([0.82252142, 0.8714385 , 0.73578596, 0.6799117 , 0.73509934,
       0.77178423, 0.8042204 , 0.75367648, 0.78742139, 0.77588872]), array([0.81903643, 0.87798037, 0.7122836 , 0.70276243, 0.73761714,
       0.76972973, 0.77697842, 0.76061121, 0.8062201 , 0.78559177]), array([0.80257009, 0.87017544, 0.71986418, 0.66627008, 0.74439462,
       0.76027398, 0.7957993 , 0.81455806, 0.77867903, 0.78492936])]
real metric: [array([0.69720405, 0.82994091, 0.67069486, 0.55777778, 0.64695446,
       0.63922156, 0.72089314, 0.62809917, 0.67993367, 0.64233577]), array([0.70911215, 0.84037855, 0.62979351, 0.55433589, 0.62552934,
       0.62131519, 0.68965517, 0.60968661, 0.6557377 , 0.64467484]), array([0.72073171, 0.83584042, 0.66621713, 0.5569488 , 0.62853629,
       0.61958998, 0.68595041, 0.59266409, 0.68953688, 0.68211307]), array([0.69839381, 0.83780161, 0.66094987, 0.56643727, 0.6301036 ,
       0.63309353, 0.67331671, 0.60036832, 0.69154229, 0.63768116]), array([0.70201729, 0.82888744, 0.6426093 , 0.52719201, 0.64861683,
       0.58986928, 0.67046379, 0.59533074, 0.68137255, 0.65494912])]

estim_algorithm = ts-atc-model, mode = classification, metric = f1score, confidence_scores = max_class_probability-conf, class_specific = True
test err: [0.07349640480649527, 0.07531985261713763, 0.07822693260926648, 0.07379632559790009, 0.07726491300306401]
estimated metric: [array([0.6091718 , 0.67102041, 0.64207378, 0.59534299, 0.70288397,
       0.62100457, 0.74413146, 0.70608696, 0.57777778, 0.49803923]), array([0.61674609, 0.65814697, 0.61821706, 0.57774969, 0.65223464,
       0.58837773, 0.73882353, 0.67803031, 0.54272864, 0.49122808]), array([0.62865289, 0.69871795, 0.64758498, 0.56508699, 0.68275862,
       0.56484849, 0.74384237, 0.6494024 , 0.54380665, 0.52513967]), array([0.61474845, 0.69600652, 0.63580786, 0.59316957, 0.69118668,
       0.56855346, 0.67360208, 0.68940755, 0.59634318, 0.4871795 ]), array([0.61766689, 0.69846403, 0.64144144, 0.55634257, 0.70026525,
       0.57480316, 0.69861287, 0.74495413, 0.55616439, 0.49708739])]
real metric: [array([0.69720405, 0.82994091, 0.67069486, 0.55777778, 0.64695446,
       0.63922156, 0.72089314, 0.62809917, 0.67993367, 0.64233577]), array([0.70911215, 0.84037855, 0.62979351, 0.55433589, 0.62552934,
       0.62131519, 0.68965517, 0.60968661, 0.6557377 , 0.64467484]), array([0.72073171, 0.83584042, 0.66621713, 0.5569488 , 0.62853629,
       0.61958998, 0.68595041, 0.59266409, 0.68953688, 0.68211307]), array([0.69839381, 0.83780161, 0.66094987, 0.56643727, 0.6301036 ,
       0.63309353, 0.67331671, 0.60036832, 0.69154229, 0.63768116]), array([0.70201729, 0.82888744, 0.6426093 , 0.52719201, 0.64861683,
       0.58986928, 0.67046379, 0.59533074, 0.68137255, 0.65494912])]

estim_algorithm = ts-atc-model, mode = classification, metric = f1score, confidence_scores = energy-conf, class_specific = False
test err: [0.12105798219119475, 0.13417841121181562, 0.1174478365784192, 0.12472746709506807, 0.13225767686433462]
estimated metric: [array([0.68478965, 0.81254559, 0.74238227, 0.73397618, 0.78058008,
       0.89072544, 0.84946237, 0.81717011, 0.79387515, 0.75850892]), array([0.67102682, 0.80851064, 0.72336616, 0.73595506, 0.7596401 ,
       0.88527725, 0.84607105, 0.82491583, 0.76178344, 0.76555024]), array([0.69559322, 0.82062455, 0.73260688, 0.73305085, 0.77012235,
       0.87666034, 0.82488479, 0.80843586, 0.7750953 , 0.73482429]), array([0.69140625, 0.81481482, 0.70265781, 0.7457265 , 0.75757576,
       0.87771203, 0.83161512, 0.82636656, 0.80906921, 0.76007006]), array([0.68421053, 0.82223848, 0.71000856, 0.71223435, 0.76574307,
       0.87809917, 0.82191781, 0.846543  , 0.77584205, 0.79813665])]
real metric: [array([0.69720405, 0.82994091, 0.67069486, 0.55777778, 0.64695446,
       0.63922156, 0.72089314, 0.62809917, 0.67993367, 0.64233577]), array([0.70911215, 0.84037855, 0.62979351, 0.55433589, 0.62552934,
       0.62131519, 0.68965517, 0.60968661, 0.6557377 , 0.64467484]), array([0.72073171, 0.83584042, 0.66621713, 0.5569488 , 0.62853629,
       0.61958998, 0.68595041, 0.59266409, 0.68953688, 0.68211307]), array([0.69839381, 0.83780161, 0.66094987, 0.56643727, 0.6301036 ,
       0.63309353, 0.67331671, 0.60036832, 0.69154229, 0.63768116]), array([0.70201729, 0.82888744, 0.6426093 , 0.52719201, 0.64861683,
       0.58986928, 0.67046379, 0.59533074, 0.68137255, 0.65494912])]

estim_algorithm = ts-atc-model, mode = classification, metric = f1score, confidence_scores = energy-conf, class_specific = True
test err: [0.11057925743728018, 0.11562728482705324, 0.11414590735931848, 0.11403444277397731, 0.10978892498448056]
estimated metric: [array([0.54127782, 0.61092151, 0.68786127, 0.59710874, 0.7578677 ,
       0.59860789, 0.81506091, 0.678508  , 0.50728864, 0.43673471]), array([0.53602306, 0.62407863, 0.65977444, 0.5893417 , 0.73442623,
       0.61190477, 0.79550562, 0.66283526, 0.47169812, 0.40412372]), array([0.5705795 , 0.64100419, 0.67484663, 0.59294118, 0.75163399,
       0.58542414, 0.79003559, 0.6494024 , 0.5031056 , 0.43478262]), array([0.53605244, 0.62660945, 0.6580756 , 0.6171967 , 0.730821  ,
       0.57750001, 0.78571429, 0.6654479 , 0.53019146, 0.41964287]), array([0.56039326, 0.61206897, 0.64874552, 0.56097561, 0.73954984,
       0.59326425, 0.76702509, 0.71186441, 0.52380953, 0.42040818])]
real metric: [array([0.69720405, 0.82994091, 0.67069486, 0.55777778, 0.64695446,
       0.63922156, 0.72089314, 0.62809917, 0.67993367, 0.64233577]), array([0.70911215, 0.84037855, 0.62979351, 0.55433589, 0.62552934,
       0.62131519, 0.68965517, 0.60968661, 0.6557377 , 0.64467484]), array([0.72073171, 0.83584042, 0.66621713, 0.5569488 , 0.62853629,
       0.61958998, 0.68595041, 0.59266409, 0.68953688, 0.68211307]), array([0.69839381, 0.83780161, 0.66094987, 0.56643727, 0.6301036 ,
       0.63309353, 0.67331671, 0.60036832, 0.69154229, 0.63768116]), array([0.70201729, 0.82888744, 0.6426093 , 0.52719201, 0.64861683,
       0.58986928, 0.67046379, 0.59533074, 0.68137255, 0.65494912])]

estim_algorithm = ts-atc-model, mode = classification, metric = f1score, confidence_scores = entropy-conf, class_specific = False
test err: [0.10526441150354097, 0.10900419232332748, 0.10393860288527071, 0.10670224953805318, 0.11837377736271774]
estimated metric: [array([0.79047619, 0.85593816, 0.70038168, 0.68551237, 0.7457847 ,
       0.8203125 , 0.80313199, 0.79416532, 0.79953107, 0.77046549]), array([0.80681151, 0.86944818, 0.68933824, 0.67957747, 0.70730074,
       0.80041152, 0.80888889, 0.7754386 , 0.78953923, 0.7435065 ]), array([0.81890731, 0.86829268, 0.70989761, 0.66368715, 0.73593647,
       0.79552391, 0.8042204 , 0.76727273, 0.78742139, 0.76635514]), array([0.80143113, 0.86765747, 0.70049917, 0.69265034, 0.72222222,
       0.7893617 , 0.76363637, 0.77721943, 0.80906921, 0.77296361]), array([0.79765396, 0.86779184, 0.70446736, 0.66308885, 0.73303168,
       0.78659218, 0.78158206, 0.80419581, 0.78850575, 0.79813665])]
real metric: [array([0.69720405, 0.82994091, 0.67069486, 0.55777778, 0.64695446,
       0.63922156, 0.72089314, 0.62809917, 0.67993367, 0.64233577]), array([0.70911215, 0.84037855, 0.62979351, 0.55433589, 0.62552934,
       0.62131519, 0.68965517, 0.60968661, 0.6557377 , 0.64467484]), array([0.72073171, 0.83584042, 0.66621713, 0.5569488 , 0.62853629,
       0.61958998, 0.68595041, 0.59266409, 0.68953688, 0.68211307]), array([0.69839381, 0.83780161, 0.66094987, 0.56643727, 0.6301036 ,
       0.63309353, 0.67331671, 0.60036832, 0.69154229, 0.63768116]), array([0.70201729, 0.82888744, 0.6426093 , 0.52719201, 0.64861683,
       0.58986928, 0.67046379, 0.59533074, 0.68137255, 0.65494912])]

estim_algorithm = ts-atc-model, mode = classification, metric = f1score, confidence_scores = entropy-conf, class_specific = True
test err: [0.08586205290444647, 0.08515780186458442, 0.08530258674853235, 0.08060581759412974, 0.08468359934311426]
estimated metric: [array([0.58001398, 0.65120133, 0.62285137, 0.58285715, 0.71835653,
       0.61626575, 0.7470726 , 0.71057193, 0.5433855 , 0.49212599]), array([0.59084605, 0.64951769, 0.61284047, 0.55025773, 0.66804693,
       0.60191847, 0.74030553, 0.68549906, 0.50920246, 0.45816734]), array([0.60072728, 0.68181818, 0.6329114 , 0.53879047, 0.69178082,
       0.57521059, 0.73762377, 0.65208748, 0.53495441, 0.52788105]), array([0.59243698, 0.67659223, 0.63342083, 0.57351155, 0.69209432,
       0.57571965, 0.68556701, 0.69642858, 0.5884017 , 0.46420825]), array([0.59203297, 0.6738056 , 0.62408759, 0.53846154, 0.71052632,
       0.58224544, 0.69201521, 0.73333334, 0.55219781, 0.46123262])]
real metric: [array([0.69720405, 0.82994091, 0.67069486, 0.55777778, 0.64695446,
       0.63922156, 0.72089314, 0.62809917, 0.67993367, 0.64233577]), array([0.70911215, 0.84037855, 0.62979351, 0.55433589, 0.62552934,
       0.62131519, 0.68965517, 0.60968661, 0.6557377 , 0.64467484]), array([0.72073171, 0.83584042, 0.66621713, 0.5569488 , 0.62853629,
       0.61958998, 0.68595041, 0.59266409, 0.68953688, 0.68211307]), array([0.69839381, 0.83780161, 0.66094987, 0.56643727, 0.6301036 ,
       0.63309353, 0.67331671, 0.60036832, 0.69154229, 0.63768116]), array([0.70201729, 0.82888744, 0.6426093 , 0.52719201, 0.64861683,
       0.58986928, 0.67046379, 0.59533074, 0.68137255, 0.65494912])]

estim_algorithm = ts-atc-model, mode = classification, metric = f1score, confidence_scores = doctor-conf, class_specific = False
test err: [0.1059945519885936, 0.10934064457840875, 0.10526111614635507, 0.1073062633373552, 0.11996625322888636]
estimated metric: [array([0.79047619, 0.85994398, 0.70038168, 0.6893717 , 0.74822007,
       0.81684623, 0.80446928, 0.79611651, 0.79670976, 0.77046549]), array([0.80540858, 0.87020847, 0.68813248, 0.68112544, 0.71247499,
       0.80041152, 0.80888889, 0.7754386 , 0.78802993, 0.7435065 ]), array([0.81890731, 0.86829268, 0.7120954 , 0.66815145, 0.73593647,
       0.79674797, 0.80701755, 0.77173913, 0.78742139, 0.76443058]), array([0.80071599, 0.86925795, 0.69941715, 0.69265034, 0.72567568,
       0.79064825, 0.76513317, 0.77721943, 0.80906921, 0.77296361]), array([0.79765396, 0.86779184, 0.7055794 , 0.66706302, 0.73629916,
       0.78929766, 0.78158206, 0.80628273, 0.79128441, 0.79813665])]
real metric: [array([0.69720405, 0.82994091, 0.67069486, 0.55777778, 0.64695446,
       0.63922156, 0.72089314, 0.62809917, 0.67993367, 0.64233577]), array([0.70911215, 0.84037855, 0.62979351, 0.55433589, 0.62552934,
       0.62131519, 0.68965517, 0.60968661, 0.6557377 , 0.64467484]), array([0.72073171, 0.83584042, 0.66621713, 0.5569488 , 0.62853629,
       0.61958998, 0.68595041, 0.59266409, 0.68953688, 0.68211307]), array([0.69839381, 0.83780161, 0.66094987, 0.56643727, 0.6301036 ,
       0.63309353, 0.67331671, 0.60036832, 0.69154229, 0.63768116]), array([0.70201729, 0.82888744, 0.6426093 , 0.52719201, 0.64861683,
       0.58986928, 0.67046379, 0.59533074, 0.68137255, 0.65494912])]

estim_algorithm = ts-atc-model, mode = classification, metric = f1score, confidence_scores = doctor-conf, class_specific = True
test err: [0.08147456133236215, 0.08153001365710123, 0.07917163935896712, 0.07799267128273815, 0.08295180623568489]
estimated metric: [array([0.58986815, 0.65897859, 0.63115578, 0.59974906, 0.71835653,
       0.62414579, 0.74560375, 0.70157069, 0.56582634, 0.48616602]), array([0.59958649, 0.6516854 , 0.6195547 , 0.56870229, 0.66712707,
       0.60191847, 0.74030553, 0.68549906, 0.52503794, 0.47035574]), array([0.61183261, 0.68926554, 0.63537906, 0.55990368, 0.68908717,
       0.57521059, 0.73762377, 0.64400001, 0.54380665, 0.53333334]), array([0.60125261, 0.68421053, 0.63580786, 0.58554217, 0.69209432,
       0.57214555, 0.68556701, 0.68940755, 0.5943662 , 0.47413794]), array([0.60544218, 0.68140868, 0.62909091, 0.54886732, 0.71222076,
       0.57853404, 0.69367089, 0.73333334, 0.5640327 , 0.45816734])]
real metric: [array([0.69720405, 0.82994091, 0.67069486, 0.55777778, 0.64695446,
       0.63922156, 0.72089314, 0.62809917, 0.67993367, 0.64233577]), array([0.70911215, 0.84037855, 0.62979351, 0.55433589, 0.62552934,
       0.62131519, 0.68965517, 0.60968661, 0.6557377 , 0.64467484]), array([0.72073171, 0.83584042, 0.66621713, 0.5569488 , 0.62853629,
       0.61958998, 0.68595041, 0.59266409, 0.68953688, 0.68211307]), array([0.69839381, 0.83780161, 0.66094987, 0.56643727, 0.6301036 ,
       0.63309353, 0.67331671, 0.60036832, 0.69154229, 0.63768116]), array([0.70201729, 0.82888744, 0.6426093 , 0.52719201, 0.64861683,
       0.58986928, 0.67046379, 0.59533074, 0.68137255, 0.65494912])]

