estim_algorithm = ac-model, mode = classification, metric = auc, confidence_scores = max_class_probability-conf, class_specific = False
test err: [0.34038608423355926, 0.3369818991737581, 0.3383035796628767, 0.33765939550963664, 0.34008557869275746]
estimated metric: [array([0.52864063, 0.55330151, 0.53084465, 0.52945583, 0.53459636,
       0.53423347, 0.54185681, 0.54454893, 0.54641862, 0.54575401]), array([0.52803182, 0.55310614, 0.53102222, 0.52955922, 0.53463069,
       0.53410654, 0.54184525, 0.54295484, 0.54757651, 0.54511306]), array([0.52769897, 0.55334636, 0.53064389, 0.52962407, 0.53456848,
       0.53525216, 0.5417677 , 0.545197  , 0.54634844, 0.54496357]), array([0.52849689, 0.55321067, 0.53078894, 0.52948737, 0.53523699,
       0.53518706, 0.54197715, 0.54371841, 0.54830717, 0.5454868 ]), array([0.52838208, 0.55355116, 0.53095061, 0.52939572, 0.53495683,
       0.53553138, 0.54143421, 0.54371235, 0.54749637, 0.54553505])]
real metric: [array([0.91356908, 0.96596756, 0.87845101, 0.83502476, 0.86792924,
       0.81800008, 0.92281706, 0.82059032, 0.86938376, 0.90177879]), array([0.91722498, 0.9637314 , 0.88208681, 0.84527881, 0.85739189,
       0.79764763, 0.91734426, 0.81057846, 0.86543932, 0.90104171]), array([0.92254412, 0.96720065, 0.86992174, 0.833386  , 0.86588023,
       0.80050305, 0.91981558, 0.81912734, 0.87837092, 0.89569682]), array([0.91829021, 0.96828958, 0.87838372, 0.82937102, 0.86607835,
       0.80127532, 0.91590159, 0.82321328, 0.86577193, 0.90191642]), array([0.92861678, 0.96150251, 0.87600831, 0.8408135 , 0.86170202,
       0.81244995, 0.91214646, 0.82896545, 0.86249894, 0.90709765])]

estim_algorithm = ac-model, mode = classification, metric = auc, confidence_scores = energy-conf, class_specific = False
test err: [0.08270376670327696, 0.07732297954185093, 0.07929884697552438, 0.07361809670282726, 0.07193551081680155]
estimated metric: [array([0.89557068, 0.79390123, 0.92201786, 0.93427989, 0.90677343,
       0.916195  , 0.85849709, 0.91681924, 0.77671746, 0.79788214]), array([0.88190813, 0.80819484, 0.92452705, 0.92543984, 0.90227405,
       0.93585775, 0.86234189, 0.90856453, 0.82604927, 0.81673737]), array([0.88414832, 0.80191379, 0.92902088, 0.93473158, 0.90410833,
       0.89349843, 0.85812842, 0.87218974, 0.8233756 , 0.76780408]), array([0.91783214, 0.84792376, 0.92220381, 0.9368651 , 0.89751976,
       0.91417595, 0.86560224, 0.91114381, 0.80292494, 0.78329242]), array([0.90654151, 0.81063747, 0.92452412, 0.93785613, 0.91415883,
       0.87643868, 0.85843254, 0.88584373, 0.7844921 , 0.81128586])]
real metric: [array([0.91356908, 0.96596756, 0.87845101, 0.83502476, 0.86792924,
       0.81800008, 0.92281706, 0.82059032, 0.86938376, 0.90177879]), array([0.91722498, 0.9637314 , 0.88208681, 0.84527881, 0.85739189,
       0.79764763, 0.91734426, 0.81057846, 0.86543932, 0.90104171]), array([0.92254412, 0.96720065, 0.86992174, 0.833386  , 0.86588023,
       0.80050305, 0.91981558, 0.81912734, 0.87837092, 0.89569682]), array([0.91829021, 0.96828958, 0.87838372, 0.82937102, 0.86607835,
       0.80127532, 0.91590159, 0.82321328, 0.86577193, 0.90191642]), array([0.92861678, 0.96150251, 0.87600831, 0.8408135 , 0.86170202,
       0.81244995, 0.91214646, 0.82896545, 0.86249894, 0.90709765])]

estim_algorithm = ac-model, mode = classification, metric = auc, confidence_scores = entropy-conf, class_specific = False
test err: [0.3307639919780912, 0.32713185343487455, 0.3286252548525253, 0.3283059315377094, 0.3306027665460192]
estimated metric: [array([0.55088375, 0.54584248, 0.54998287, 0.54933635, 0.54901469,
       0.54872118, 0.54761936, 0.54814605, 0.54844405, 0.54788095]), array([0.55095635, 0.54600135, 0.54994606, 0.54925888, 0.54904547,
       0.54879811, 0.54759761, 0.54818048, 0.54837025, 0.54829218]), array([0.55101722, 0.54591747, 0.54999133, 0.54929031, 0.54890995,
       0.54873742, 0.54757276, 0.54782968, 0.54863115, 0.54829661]), array([0.55095964, 0.54584904, 0.54996277, 0.54934044, 0.54905354,
       0.54880132, 0.54755612, 0.54791861, 0.54800694, 0.54798368]), array([0.55094384, 0.5455941 , 0.54995398, 0.54933631, 0.54900115,
       0.54885885, 0.54763059, 0.54807834, 0.54837848, 0.54799824])]
real metric: [array([0.91356908, 0.96596756, 0.87845101, 0.83502476, 0.86792924,
       0.81800008, 0.92281706, 0.82059032, 0.86938376, 0.90177879]), array([0.91722498, 0.9637314 , 0.88208681, 0.84527881, 0.85739189,
       0.79764763, 0.91734426, 0.81057846, 0.86543932, 0.90104171]), array([0.92254412, 0.96720065, 0.86992174, 0.833386  , 0.86588023,
       0.80050305, 0.91981558, 0.81912734, 0.87837092, 0.89569682]), array([0.91829021, 0.96828958, 0.87838372, 0.82937102, 0.86607835,
       0.80127532, 0.91590159, 0.82321328, 0.86577193, 0.90191642]), array([0.92861678, 0.96150251, 0.87600831, 0.8408135 , 0.86170202,
       0.81244995, 0.91214646, 0.82896545, 0.86249894, 0.90709765])]

estim_algorithm = ac-model, mode = classification, metric = auc, confidence_scores = doctor-conf, class_specific = False
test err: [0.14280554253428837, 0.14062338254588366, 0.13997310626634663, 0.1387358326181587, 0.14270084039561662]
estimated metric: [array([0.62406178, 0.90680434, 0.63159815, 0.64951709, 0.69523782,
       0.66909206, 0.77559381, 0.77990089, 0.83987824, 0.79377205]), array([0.61855105, 0.91228783, 0.62910402, 0.64915378, 0.69299693,
       0.66586758, 0.77435106, 0.77020332, 0.83779349, 0.80122241]), array([0.61712606, 0.92328199, 0.62795057, 0.64747301, 0.69282107,
       0.66746193, 0.77639488, 0.76924525, 0.84547506, 0.80548557]), array([0.62855926, 0.90985844, 0.63539641, 0.65312494, 0.69603354,
       0.67103276, 0.77688393, 0.76819842, 0.84480086, 0.79724452]), array([0.62194766, 0.9081486 , 0.6321559 , 0.65037362, 0.69306282,
       0.66281765, 0.77848912, 0.77361475, 0.84342178, 0.80076126])]
real metric: [array([0.91356908, 0.96596756, 0.87845101, 0.83502476, 0.86792924,
       0.81800008, 0.92281706, 0.82059032, 0.86938376, 0.90177879]), array([0.91722498, 0.9637314 , 0.88208681, 0.84527881, 0.85739189,
       0.79764763, 0.91734426, 0.81057846, 0.86543932, 0.90104171]), array([0.92254412, 0.96720065, 0.86992174, 0.833386  , 0.86588023,
       0.80050305, 0.91981558, 0.81912734, 0.87837092, 0.89569682]), array([0.91829021, 0.96828958, 0.87838372, 0.82937102, 0.86607835,
       0.80127532, 0.91590159, 0.82321328, 0.86577193, 0.90191642]), array([0.92861678, 0.96150251, 0.87600831, 0.8408135 , 0.86170202,
       0.81244995, 0.91214646, 0.82896545, 0.86249894, 0.90709765])]

estim_algorithm = ts-model, mode = classification, metric = auc, confidence_scores = max_class_probability-conf, class_specific = False
test err: [0.03929685288310427, 0.04525722471770403, 0.042169316130599176, 0.04109862286974327, 0.04082257922742762]
estimated metric: [array([0.870508  , 0.944017  , 0.86679526, 0.82777889, 0.89224253,
       0.89271874, 0.91705739, 0.92818867, 0.93626627, 0.93156156]), array([0.86484326, 0.94378431, 0.86581858, 0.82757965, 0.89219957,
       0.89331131, 0.9168629 , 0.92540628, 0.93679746, 0.93017908]), array([0.85865565, 0.9446484 , 0.86629212, 0.82695481, 0.89289138,
       0.8925775 , 0.91695571, 0.92814977, 0.93628316, 0.9320083 ]), array([0.86903203, 0.94429145, 0.86945117, 0.83008709, 0.89423625,
       0.89264859, 0.91758934, 0.92716675, 0.93796043, 0.93263684]), array([0.87091906, 0.94529668, 0.86759796, 0.82843068, 0.89371303,
       0.89324253, 0.91653019, 0.9287242 , 0.9356087 , 0.93057089])]
real metric: [array([0.91356908, 0.96596756, 0.87845101, 0.83502476, 0.86792924,
       0.81800008, 0.92281706, 0.82059032, 0.86938376, 0.90177879]), array([0.91722498, 0.9637314 , 0.88208681, 0.84527881, 0.85739189,
       0.79764763, 0.91734426, 0.81057846, 0.86543932, 0.90104171]), array([0.92254412, 0.96720065, 0.86992174, 0.833386  , 0.86588023,
       0.80050305, 0.91981558, 0.81912734, 0.87837092, 0.89569682]), array([0.91829021, 0.96828958, 0.87838372, 0.82937102, 0.86607835,
       0.80127532, 0.91590159, 0.82321328, 0.86577193, 0.90191642]), array([0.92861678, 0.96150251, 0.87600831, 0.8408135 , 0.86170202,
       0.81244995, 0.91214646, 0.82896545, 0.86249894, 0.90709765])]

estim_algorithm = ts-model, mode = classification, metric = auc, confidence_scores = max_class_probability-conf, class_specific = True
test err: [0.0750292863049398, 0.07842493751307719, 0.07668041294922477, 0.07784564763315639, 0.07521845665415751]
estimated metric: [array([0.95933252, 0.98387639, 0.94940375, 0.93682837, 0.9589196 ,
       0.93941431, 0.95846744, 0.94865594, 0.95288503, 0.95602116]), array([0.95974642, 0.98389915, 0.94849459, 0.93661413, 0.95876562,
       0.94002089, 0.95840577, 0.94732444, 0.95326303, 0.95548061]), array([0.95784487, 0.98366892, 0.9481497 , 0.93576606, 0.95880479,
       0.93845614, 0.95803644, 0.94912703, 0.95294145, 0.95645516]), array([0.96002181, 0.98388768, 0.94912691, 0.93795763, 0.95972981,
       0.93855362, 0.95865897, 0.94746292, 0.95468247, 0.95686607]), array([0.96000184, 0.98387103, 0.94920226, 0.93686473, 0.95972743,
       0.94011397, 0.9576672 , 0.94800557, 0.95255594, 0.95597616])]
real metric: [array([0.91356908, 0.96596756, 0.87845101, 0.83502476, 0.86792924,
       0.81800008, 0.92281706, 0.82059032, 0.86938376, 0.90177879]), array([0.91722498, 0.9637314 , 0.88208681, 0.84527881, 0.85739189,
       0.79764763, 0.91734426, 0.81057846, 0.86543932, 0.90104171]), array([0.92254412, 0.96720065, 0.86992174, 0.833386  , 0.86588023,
       0.80050305, 0.91981558, 0.81912734, 0.87837092, 0.89569682]), array([0.91829021, 0.96828958, 0.87838372, 0.82937102, 0.86607835,
       0.80127532, 0.91590159, 0.82321328, 0.86577193, 0.90191642]), array([0.92861678, 0.96150251, 0.87600831, 0.8408135 , 0.86170202,
       0.81244995, 0.91214646, 0.82896545, 0.86249894, 0.90709765])]

estim_algorithm = ts-model, mode = classification, metric = auc, confidence_scores = energy-conf, class_specific = False
test err: [0.07877263023220459, 0.08665800761863565, 0.08206592416642627, 0.07911574369936579, 0.0784584255288927]
estimated metric: [array([0.96599759, 0.9209157 , 0.96616704, 0.97136736, 0.96082969,
       0.97039021, 0.93503923, 0.96955159, 0.90509374, 0.92578207]), array([0.96725507, 0.9395304 , 0.96582794, 0.97188202, 0.96215971,
       0.96675513, 0.93543738, 0.96629244, 0.95545581, 0.94534745]), array([0.96681058, 0.92929817, 0.96647822, 0.97115005, 0.96142381,
       0.96748771, 0.93592054, 0.96943931, 0.95300466, 0.89510597]), array([0.96744964, 0.96195355, 0.96602612, 0.97136214, 0.96063709,
       0.97022741, 0.93593928, 0.97063733, 0.93186234, 0.91088189]), array([0.96656915, 0.93752815, 0.96592088, 0.97144793, 0.96263621,
       0.97152188, 0.93452266, 0.96652671, 0.91273713, 0.93902637])]
real metric: [array([0.91356908, 0.96596756, 0.87845101, 0.83502476, 0.86792924,
       0.81800008, 0.92281706, 0.82059032, 0.86938376, 0.90177879]), array([0.91722498, 0.9637314 , 0.88208681, 0.84527881, 0.85739189,
       0.79764763, 0.91734426, 0.81057846, 0.86543932, 0.90104171]), array([0.92254412, 0.96720065, 0.86992174, 0.833386  , 0.86588023,
       0.80050305, 0.91981558, 0.81912734, 0.87837092, 0.89569682]), array([0.91829021, 0.96828958, 0.87838372, 0.82937102, 0.86607835,
       0.80127532, 0.91590159, 0.82321328, 0.86577193, 0.90191642]), array([0.92861678, 0.96150251, 0.87600831, 0.8408135 , 0.86170202,
       0.81244995, 0.91214646, 0.82896545, 0.86249894, 0.90709765])]

estim_algorithm = ts-model, mode = classification, metric = auc, confidence_scores = energy-conf, class_specific = True
test err: [0.09507263606261122, 0.10057765514138466, 0.09807413370612379, 0.09955342698569222, 0.09571565595702707]
estimated metric: [array([0.9939826 , 0.99377074, 0.9742481 , 0.97289793, 0.97764575,
       0.9428425 , 0.96944598, 0.97949662, 0.96403656, 0.97587123]), array([0.99407047, 0.99388011, 0.97544462, 0.9666295 , 0.97847609,
       0.95536715, 0.97107683, 0.97663271, 0.97337629, 0.97858808]), array([0.99403899, 0.99383792, 0.97443033, 0.97237304, 0.97833099,
       0.94053253, 0.96985503, 0.974491  , 0.97924917, 0.97604878]), array([0.99394063, 0.99372481, 0.97562253, 0.97300597, 0.97792272,
       0.9476228 , 0.96947109, 0.97960983, 0.97361078, 0.97949452]), array([0.99395685, 0.9937301 , 0.97641453, 0.97261923, 0.98016492,
       0.93530657, 0.97009949, 0.97929747, 0.96752982, 0.97983913])]
real metric: [array([0.91356908, 0.96596756, 0.87845101, 0.83502476, 0.86792924,
       0.81800008, 0.92281706, 0.82059032, 0.86938376, 0.90177879]), array([0.91722498, 0.9637314 , 0.88208681, 0.84527881, 0.85739189,
       0.79764763, 0.91734426, 0.81057846, 0.86543932, 0.90104171]), array([0.92254412, 0.96720065, 0.86992174, 0.833386  , 0.86588023,
       0.80050305, 0.91981558, 0.81912734, 0.87837092, 0.89569682]), array([0.91829021, 0.96828958, 0.87838372, 0.82937102, 0.86607835,
       0.80127532, 0.91590159, 0.82321328, 0.86577193, 0.90191642]), array([0.92861678, 0.96150251, 0.87600831, 0.8408135 , 0.86170202,
       0.81244995, 0.91214646, 0.82896545, 0.86249894, 0.90709765])]

estim_algorithm = ts-model, mode = classification, metric = auc, confidence_scores = entropy-conf, class_specific = False
test err: [0.041402959851928725, 0.04842010689271414, 0.04540403070337372, 0.04386865930930828, 0.043882199610442686]
estimated metric: [array([0.87614959, 0.95021368, 0.8736104 , 0.82565373, 0.90054577,
       0.90230668, 0.92550587, 0.93585662, 0.94328909, 0.93963981]), array([0.87079563, 0.94967558, 0.87210515, 0.82470276, 0.90033051,
       0.90129119, 0.92531659, 0.93393193, 0.94376369, 0.93796754]), array([0.86426911, 0.95064914, 0.87315989, 0.82468017, 0.90102121,
       0.90080875, 0.92543339, 0.93629007, 0.94357845, 0.93953187]), array([0.87664309, 0.95047767, 0.87649763, 0.82771542, 0.9023822 ,
       0.90045784, 0.92610068, 0.93568272, 0.94538642, 0.9398329 ]), array([0.87815091, 0.951239  , 0.87400769, 0.82596495, 0.90196183,
       0.90071208, 0.92487671, 0.93711038, 0.94332825, 0.93811466])]
real metric: [array([0.91356908, 0.96596756, 0.87845101, 0.83502476, 0.86792924,
       0.81800008, 0.92281706, 0.82059032, 0.86938376, 0.90177879]), array([0.91722498, 0.9637314 , 0.88208681, 0.84527881, 0.85739189,
       0.79764763, 0.91734426, 0.81057846, 0.86543932, 0.90104171]), array([0.92254412, 0.96720065, 0.86992174, 0.833386  , 0.86588023,
       0.80050305, 0.91981558, 0.81912734, 0.87837092, 0.89569682]), array([0.91829021, 0.96828958, 0.87838372, 0.82937102, 0.86607835,
       0.80127532, 0.91590159, 0.82321328, 0.86577193, 0.90191642]), array([0.92861678, 0.96150251, 0.87600831, 0.8408135 , 0.86170202,
       0.81244995, 0.91214646, 0.82896545, 0.86249894, 0.90709765])]

estim_algorithm = ts-model, mode = classification, metric = auc, confidence_scores = entropy-conf, class_specific = True
test err: [0.07312960294062135, 0.07635114943128536, 0.0748041758648161, 0.07640295994758828, 0.07364231511370392]
estimated metric: [array([0.95646942, 0.97675321, 0.9481474 , 0.93537075, 0.95769574,
       0.93770411, 0.95727037, 0.94816061, 0.95186594, 0.95537012]), array([0.95698711, 0.97638949, 0.94708451, 0.93509418, 0.95750664,
       0.9387316 , 0.95718928, 0.94625035, 0.95265654, 0.95338708]), array([0.95563347, 0.97616135, 0.94692239, 0.93470247, 0.95784819,
       0.93794385, 0.95678742, 0.94792619, 0.95155185, 0.95501103]), array([0.95795587, 0.97704174, 0.94821139, 0.93734567, 0.95864825,
       0.93888704, 0.9575976 , 0.9477998 , 0.95360387, 0.95542979]), array([0.95747875, 0.97708069, 0.94811153, 0.93563837, 0.95902268,
       0.93998785, 0.95655173, 0.94851788, 0.95135377, 0.95448145])]
real metric: [array([0.91356908, 0.96596756, 0.87845101, 0.83502476, 0.86792924,
       0.81800008, 0.92281706, 0.82059032, 0.86938376, 0.90177879]), array([0.91722498, 0.9637314 , 0.88208681, 0.84527881, 0.85739189,
       0.79764763, 0.91734426, 0.81057846, 0.86543932, 0.90104171]), array([0.92254412, 0.96720065, 0.86992174, 0.833386  , 0.86588023,
       0.80050305, 0.91981558, 0.81912734, 0.87837092, 0.89569682]), array([0.91829021, 0.96828958, 0.87838372, 0.82937102, 0.86607835,
       0.80127532, 0.91590159, 0.82321328, 0.86577193, 0.90191642]), array([0.92861678, 0.96150251, 0.87600831, 0.8408135 , 0.86170202,
       0.81244995, 0.91214646, 0.82896545, 0.86249894, 0.90709765])]

estim_algorithm = ts-model, mode = classification, metric = auc, confidence_scores = doctor-conf, class_specific = False
test err: [0.067345189212098, 0.07428977257631066, 0.07212490867123107, 0.06939578881994016, 0.07078098336603812]
estimated metric: [array([0.85444712, 0.97375041, 0.86405692, 0.85094159, 0.95656844,
       0.94014733, 0.9644459 , 0.97129186, 0.97197717, 0.9723047 ]), array([0.84033945, 0.97351128, 0.85597283, 0.85247133, 0.95824471,
       0.9340171 , 0.96448654, 0.97184619, 0.97227469, 0.97149985]), array([0.83724023, 0.97399004, 0.86233567, 0.8484824 , 0.9589122 ,
       0.94706105, 0.96426145, 0.97233998, 0.97125306, 0.97203953]), array([0.86238282, 0.97397622, 0.8748244 , 0.84999605, 0.96000394,
       0.9407686 , 0.96459149, 0.97189195, 0.97289698, 0.97218343]), array([0.84904299, 0.97438083, 0.85672108, 0.85375141, 0.95907845,
       0.92843055, 0.96409473, 0.97226961, 0.97181751, 0.97230219])]
real metric: [array([0.91356908, 0.96596756, 0.87845101, 0.83502476, 0.86792924,
       0.81800008, 0.92281706, 0.82059032, 0.86938376, 0.90177879]), array([0.91722498, 0.9637314 , 0.88208681, 0.84527881, 0.85739189,
       0.79764763, 0.91734426, 0.81057846, 0.86543932, 0.90104171]), array([0.92254412, 0.96720065, 0.86992174, 0.833386  , 0.86588023,
       0.80050305, 0.91981558, 0.81912734, 0.87837092, 0.89569682]), array([0.91829021, 0.96828958, 0.87838372, 0.82937102, 0.86607835,
       0.80127532, 0.91590159, 0.82321328, 0.86577193, 0.90191642]), array([0.92861678, 0.96150251, 0.87600831, 0.8408135 , 0.86170202,
       0.81244995, 0.91214646, 0.82896545, 0.86249894, 0.90709765])]

estim_algorithm = ts-model, mode = classification, metric = auc, confidence_scores = doctor-conf, class_specific = True
test err: [0.08187914158555983, 0.08562965390672107, 0.08390707559567379, 0.0848543178674467, 0.08218295789556092]
estimated metric: [array([0.9770228 , 0.98978443, 0.95900515, 0.9487966 , 0.96558765,
       0.94195498, 0.96583224, 0.95151684, 0.95449205, 0.95831034]), array([0.97534551, 0.98990647, 0.95923734, 0.94820299, 0.96580319,
       0.94404954, 0.9658439 , 0.95196502, 0.95519112, 0.95851674]), array([0.97577531, 0.98981621, 0.95854947, 0.94787104, 0.96607925,
       0.94250165, 0.96547925, 0.9518906 , 0.95442575, 0.95912869]), array([0.97621839, 0.98986052, 0.95941141, 0.9493328 , 0.96671237,
       0.94275584, 0.96607993, 0.95101715, 0.95708553, 0.95856065]), array([0.97645524, 0.98981025, 0.95953041, 0.9490016 , 0.96620939,
       0.94306366, 0.96523382, 0.95208346, 0.95476293, 0.95748038])]
real metric: [array([0.91356908, 0.96596756, 0.87845101, 0.83502476, 0.86792924,
       0.81800008, 0.92281706, 0.82059032, 0.86938376, 0.90177879]), array([0.91722498, 0.9637314 , 0.88208681, 0.84527881, 0.85739189,
       0.79764763, 0.91734426, 0.81057846, 0.86543932, 0.90104171]), array([0.92254412, 0.96720065, 0.86992174, 0.833386  , 0.86588023,
       0.80050305, 0.91981558, 0.81912734, 0.87837092, 0.89569682]), array([0.91829021, 0.96828958, 0.87838372, 0.82937102, 0.86607835,
       0.80127532, 0.91590159, 0.82321328, 0.86577193, 0.90191642]), array([0.92861678, 0.96150251, 0.87600831, 0.8408135 , 0.86170202,
       0.81244995, 0.91214646, 0.82896545, 0.86249894, 0.90709765])]

estim_algorithm = doc-model, mode = classification, metric = auc, confidence_scores = max_class_probability-conf, class_specific = False
test err: [0.04524107541832082, 0.04690778240557384, 0.0476638978384377, 0.04657790199098666, 0.04381684134736087]
estimated metric: [array([0.83735211, 0.8605057 , 0.83948079, 0.83853265, 0.8416562 ,
       0.84332077, 0.84096395, 0.85351607, 0.85480515, 0.85447617]), array([0.83671079, 0.86005762, 0.83979042, 0.8386276 , 0.84143245,
       0.84319241, 0.84097982, 0.85195206, 0.85595064, 0.85383039]), array([0.8364494 , 0.86047694, 0.83926737, 0.83867263, 0.84208252,
       0.84436899, 0.84070328, 0.85422894, 0.85450661, 0.85355914]), array([0.83708437, 0.86042462, 0.83933406, 0.83853388, 0.84172719,
       0.84423991, 0.84079303, 0.8527084 , 0.8568185 , 0.85429358]), array([0.83702717, 0.86088494, 0.83969666, 0.83843262, 0.84209436,
       0.84460778, 0.8400035 , 0.85269872, 0.85572347, 0.85424613])]
real metric: [array([0.91356908, 0.96596756, 0.87845101, 0.83502476, 0.86792924,
       0.81800008, 0.92281706, 0.82059032, 0.86938376, 0.90177879]), array([0.91722498, 0.9637314 , 0.88208681, 0.84527881, 0.85739189,
       0.79764763, 0.91734426, 0.81057846, 0.86543932, 0.90104171]), array([0.92254412, 0.96720065, 0.86992174, 0.833386  , 0.86588023,
       0.80050305, 0.91981558, 0.81912734, 0.87837092, 0.89569682]), array([0.91829021, 0.96828958, 0.87838372, 0.82937102, 0.86607835,
       0.80127532, 0.91590159, 0.82321328, 0.86577193, 0.90191642]), array([0.92861678, 0.96150251, 0.87600831, 0.8408135 , 0.86170202,
       0.81244995, 0.91214646, 0.82896545, 0.86249894, 0.90709765])]

estim_algorithm = doc-model, mode = classification, metric = auc, confidence_scores = max_class_probability-conf, class_specific = True
test err: [0.0846497660640077, 0.08811500187221216, 0.08672994972756173, 0.08738819027806607, 0.08489735425620108]
estimated metric: [array([0.97136812, 0.99633132, 0.9621993 , 0.94561163, 0.96862905,
       0.94667845, 0.97109763, 0.95581581, 0.95801426, 0.96426372]), array([0.97078484, 0.99635716, 0.96244876, 0.94574493, 0.96869846,
       0.94657917, 0.97114813, 0.95412212, 0.95920909, 0.96382265]), array([0.9703784 , 0.99633121, 0.96200217, 0.94576657, 0.96865108,
       0.94770448, 0.97104403, 0.95645253, 0.95787819, 0.96353727]), array([0.9712134 , 0.99635438, 0.962144  , 0.94561709, 0.96922284,
       0.94762807, 0.9712917 , 0.95487204, 0.95997657, 0.96405323]), array([0.97106206, 0.99631153, 0.96229939, 0.94550276, 0.96897896,
       0.94793172, 0.97064345, 0.95492341, 0.959086  , 0.9640358 ])]
real metric: [array([0.91356908, 0.96596756, 0.87845101, 0.83502476, 0.86792924,
       0.81800008, 0.92281706, 0.82059032, 0.86938376, 0.90177879]), array([0.91722498, 0.9637314 , 0.88208681, 0.84527881, 0.85739189,
       0.79764763, 0.91734426, 0.81057846, 0.86543932, 0.90104171]), array([0.92254412, 0.96720065, 0.86992174, 0.833386  , 0.86588023,
       0.80050305, 0.91981558, 0.81912734, 0.87837092, 0.89569682]), array([0.91829021, 0.96828958, 0.87838372, 0.82937102, 0.86607835,
       0.80127532, 0.91590159, 0.82321328, 0.86577193, 0.90191642]), array([0.92861678, 0.96150251, 0.87600831, 0.8408135 , 0.86170202,
       0.81244995, 0.91214646, 0.82896545, 0.86249894, 0.90709765])]

estim_algorithm = doc-model, mode = classification, metric = auc, confidence_scores = energy-conf, class_specific = False
test err: [0.07862307885636295, 0.08685730142442369, 0.08208869477234738, 0.07883592634965944, 0.07831994271953846]
estimated metric: [array([0.96598903, 0.92023418, 0.96628684, 0.9712598 , 0.96106857,
       0.970252  , 0.93490579, 0.96941363, 0.90416223, 0.92470359]), array([0.96741959, 0.93479675, 0.96566737, 0.97191012, 0.96213079,
       0.96662047, 0.9352991 , 0.96597191, 0.95447927, 0.94417363]), array([0.96655285, 0.92849393, 0.96630249, 0.97124633, 0.96123126,
       0.9680329 , 0.9357681 , 0.96919684, 0.95187098, 0.89416936]), array([0.96739209, 0.96190739, 0.96589382, 0.97126357, 0.96042485,
       0.97011695, 0.93597306, 0.97049979, 0.93075126, 0.90986352]), array([0.96647214, 0.9368134 , 0.96638906, 0.97134037, 0.96248186,
       0.97141721, 0.93446282, 0.96620477, 0.91191359, 0.93812753])]
real metric: [array([0.91356908, 0.96596756, 0.87845101, 0.83502476, 0.86792924,
       0.81800008, 0.92281706, 0.82059032, 0.86938376, 0.90177879]), array([0.91722498, 0.9637314 , 0.88208681, 0.84527881, 0.85739189,
       0.79764763, 0.91734426, 0.81057846, 0.86543932, 0.90104171]), array([0.92254412, 0.96720065, 0.86992174, 0.833386  , 0.86588023,
       0.80050305, 0.91981558, 0.81912734, 0.87837092, 0.89569682]), array([0.91829021, 0.96828958, 0.87838372, 0.82937102, 0.86607835,
       0.80127532, 0.91590159, 0.82321328, 0.86577193, 0.90191642]), array([0.92861678, 0.96150251, 0.87600831, 0.8408135 , 0.86170202,
       0.81244995, 0.91214646, 0.82896545, 0.86249894, 0.90709765])]

estim_algorithm = doc-model, mode = classification, metric = auc, confidence_scores = energy-conf, class_specific = True
test err: [0.07099979412112925, 0.07348367916120804, 0.06578765100722983, 0.07210775849091114, 0.06291485631778085]
estimated metric: [array([0.96165206, 0.97242267, 0.94300104, 0.9338672 , 0.95696961,
       0.92149178, 0.90453982, 0.95752444, 0.96057417, 0.95491231]), array([0.95956029, 0.97276441, 0.94191155, 0.92490992, 0.9586107 ,
       0.94180778, 0.90883954, 0.94944106, 0.96150532, 0.95624205]), array([0.95909414, 0.97251979, 0.94947447, 0.93423504, 0.95866892,
       0.89852163, 0.90439703, 0.91210242, 0.9617274 , 0.94874501]), array([0.95965171, 0.97209896, 0.9502668 , 0.93619994, 0.95746543,
       0.91933246, 0.91136241, 0.95167323, 0.96022157, 0.96221812]), array([0.9601309 , 0.9723283 , 0.94206982, 0.93753994, 0.96058015,
       0.8811266 , 0.90473617, 0.92603615, 0.96218627, 0.95939524])]
real metric: [array([0.91356908, 0.96596756, 0.87845101, 0.83502476, 0.86792924,
       0.81800008, 0.92281706, 0.82059032, 0.86938376, 0.90177879]), array([0.91722498, 0.9637314 , 0.88208681, 0.84527881, 0.85739189,
       0.79764763, 0.91734426, 0.81057846, 0.86543932, 0.90104171]), array([0.92254412, 0.96720065, 0.86992174, 0.833386  , 0.86588023,
       0.80050305, 0.91981558, 0.81912734, 0.87837092, 0.89569682]), array([0.91829021, 0.96828958, 0.87838372, 0.82937102, 0.86607835,
       0.80127532, 0.91590159, 0.82321328, 0.86577193, 0.90191642]), array([0.92861678, 0.96150251, 0.87600831, 0.8408135 , 0.86170202,
       0.81244995, 0.91214646, 0.82896545, 0.86249894, 0.90709765])]

estim_algorithm = doc-model, mode = classification, metric = auc, confidence_scores = entropy-conf, class_specific = False
test err: [0.04539489224617327, 0.04589302962560018, 0.04750957493057353, 0.04682865424303902, 0.04347736558661062]
estimated metric: [array([0.84556549, 0.85060677, 0.84646638, 0.8471129 , 0.84743456,
       0.84772807, 0.84882989, 0.84830319, 0.84800519, 0.84856829]), array([0.8454929 , 0.8504479 , 0.84650319, 0.84719036, 0.84740378,
       0.84765114, 0.84885164, 0.84826876, 0.84807899, 0.84815706]), array([0.84543203, 0.85053178, 0.84645791, 0.84715894, 0.8475393 ,
       0.84771182, 0.84887649, 0.84861957, 0.8478181 , 0.84815264]), array([0.84548961, 0.85060021, 0.84648648, 0.8471088 , 0.84739571,
       0.84764792, 0.84889313, 0.84853063, 0.8484423 , 0.84846556]), array([0.8455054 , 0.85085515, 0.84649526, 0.84711294, 0.8474481 ,
       0.8475904 , 0.84881866, 0.8483709 , 0.84807077, 0.84845101])]
real metric: [array([0.91356908, 0.96596756, 0.87845101, 0.83502476, 0.86792924,
       0.81800008, 0.92281706, 0.82059032, 0.86938376, 0.90177879]), array([0.91722498, 0.9637314 , 0.88208681, 0.84527881, 0.85739189,
       0.79764763, 0.91734426, 0.81057846, 0.86543932, 0.90104171]), array([0.92254412, 0.96720065, 0.86992174, 0.833386  , 0.86588023,
       0.80050305, 0.91981558, 0.81912734, 0.87837092, 0.89569682]), array([0.91829021, 0.96828958, 0.87838372, 0.82937102, 0.86607835,
       0.80127532, 0.91590159, 0.82321328, 0.86577193, 0.90191642]), array([0.92861678, 0.96150251, 0.87600831, 0.8408135 , 0.86170202,
       0.81244995, 0.91214646, 0.82896545, 0.86249894, 0.90709765])]

estim_algorithm = doc-model, mode = classification, metric = auc, confidence_scores = entropy-conf, class_specific = True
test err: [0.0879817997147248, 0.09155174660671349, 0.09006943234963728, 0.09053000327199137, 0.08812996694172065]
estimated metric: [array([0.97482692, 0.99703551, 0.96617881, 0.94785887, 0.97402159,
       0.95088544, 0.97703721, 0.95766574, 0.96116917, 0.96665037]), array([0.97479136, 0.99706643, 0.96625979, 0.94795374, 0.97403412,
       0.9508428 , 0.97711381, 0.95766719, 0.96127944, 0.96627407]), array([0.97469954, 0.99704685, 0.96617565, 0.94789934, 0.97413345,
       0.95087758, 0.9770889 , 0.95798688, 0.96099159, 0.96624099]), array([0.97475361, 0.99704677, 0.96620217, 0.94784415, 0.97398466,
       0.95081258, 0.9770963 , 0.95789882, 0.96160751, 0.96654488]), array([0.9747588 , 0.99702471, 0.96619577, 0.94785184, 0.9740275 ,
       0.95074274, 0.9770131 , 0.95773139, 0.96123035, 0.96652503])]
real metric: [array([0.91356908, 0.96596756, 0.87845101, 0.83502476, 0.86792924,
       0.81800008, 0.92281706, 0.82059032, 0.86938376, 0.90177879]), array([0.91722498, 0.9637314 , 0.88208681, 0.84527881, 0.85739189,
       0.79764763, 0.91734426, 0.81057846, 0.86543932, 0.90104171]), array([0.92254412, 0.96720065, 0.86992174, 0.833386  , 0.86588023,
       0.80050305, 0.91981558, 0.81912734, 0.87837092, 0.89569682]), array([0.91829021, 0.96828958, 0.87838372, 0.82937102, 0.86607835,
       0.80127532, 0.91590159, 0.82321328, 0.86577193, 0.90191642]), array([0.92861678, 0.96150251, 0.87600831, 0.8408135 , 0.86170202,
       0.81244995, 0.91214646, 0.82896545, 0.86249894, 0.90709765])]

estim_algorithm = doc-model, mode = classification, metric = auc, confidence_scores = doctor-conf, class_specific = False
test err: [0.05606337797114301, 0.06236584051474527, 0.05902628127956363, 0.05963054394147699, 0.058302879357649204]
estimated metric: [array([0.81341464, 0.97082059, 0.8205453 , 0.84151597, 0.88847483,
       0.86141345, 0.95119488, 0.9579604 , 0.96632286, 0.9663622 ]), array([0.80746151, 0.97065796, 0.81813524, 0.84095653, 0.88609587,
       0.85783855, 0.95067992, 0.96004649, 0.96674718, 0.96672981]), array([0.80612724, 0.97095203, 0.81695567, 0.83926983, 0.88632727,
       0.85944189, 0.95069402, 0.9607324 , 0.96664578, 0.96679722]), array([0.81803305, 0.97133775, 0.82458391, 0.84517165, 0.88930008,
       0.86336853, 0.95162442, 0.95946108, 0.96848481, 0.96531765]), array([0.8111526 , 0.97132201, 0.82131961, 0.84214325, 0.8864647 ,
       0.85474416, 0.94997013, 0.96214722, 0.9672622 , 0.96399872])]
real metric: [array([0.91356908, 0.96596756, 0.87845101, 0.83502476, 0.86792924,
       0.81800008, 0.92281706, 0.82059032, 0.86938376, 0.90177879]), array([0.91722498, 0.9637314 , 0.88208681, 0.84527881, 0.85739189,
       0.79764763, 0.91734426, 0.81057846, 0.86543932, 0.90104171]), array([0.92254412, 0.96720065, 0.86992174, 0.833386  , 0.86588023,
       0.80050305, 0.91981558, 0.81912734, 0.87837092, 0.89569682]), array([0.91829021, 0.96828958, 0.87838372, 0.82937102, 0.86607835,
       0.80127532, 0.91590159, 0.82321328, 0.86577193, 0.90191642]), array([0.92861678, 0.96150251, 0.87600831, 0.8408135 , 0.86170202,
       0.81244995, 0.91214646, 0.82896545, 0.86249894, 0.90709765])]

estim_algorithm = doc-model, mode = classification, metric = auc, confidence_scores = doctor-conf, class_specific = True
test err: [0.07279815502179207, 0.07472015102430053, 0.07399145114457584, 0.07675309316359248, 0.07256245095790297]
estimated metric: [array([0.95757463, 0.97545942, 0.95116803, 0.94527941, 0.95923901,
       0.94084893, 0.95075147, 0.95876175, 0.95080971, 0.93160084]), array([0.95164361, 0.97487372, 0.94872803, 0.94465682, 0.96082241,
       0.93721679, 0.95056607, 0.94844979, 0.94834947, 0.93966009]), array([0.94973294, 0.97494218, 0.94696188, 0.94273463, 0.96190365,
       0.9387447 , 0.95033701, 0.94684052, 0.95642552, 0.94373792]), array([0.96211715, 0.97540888, 0.95542697, 0.94894325, 0.96207314,
       0.94292285, 0.9514348 , 0.94652451, 0.95580013, 0.93537067]), array([0.95494376, 0.9758369 , 0.95177073, 0.94570637, 0.96086362,
       0.93391834, 0.94982558, 0.95174031, 0.95418709, 0.93863338])]
real metric: [array([0.91356908, 0.96596756, 0.87845101, 0.83502476, 0.86792924,
       0.81800008, 0.92281706, 0.82059032, 0.86938376, 0.90177879]), array([0.91722498, 0.9637314 , 0.88208681, 0.84527881, 0.85739189,
       0.79764763, 0.91734426, 0.81057846, 0.86543932, 0.90104171]), array([0.92254412, 0.96720065, 0.86992174, 0.833386  , 0.86588023,
       0.80050305, 0.91981558, 0.81912734, 0.87837092, 0.89569682]), array([0.91829021, 0.96828958, 0.87838372, 0.82937102, 0.86607835,
       0.80127532, 0.91590159, 0.82321328, 0.86577193, 0.90191642]), array([0.92861678, 0.96150251, 0.87600831, 0.8408135 , 0.86170202,
       0.81244995, 0.91214646, 0.82896545, 0.86249894, 0.90709765])]

