estim_algorithm = ac-model, mode = classification, metric = auc, confidence_scores = max_class_probability-conf, class_specific = False
test err: [0.10261150182709691, 0.10482896242986958, 0.10144097474207922, 0.1034184464604048, 0.10262699519702215]
estimated metric: [array([0.97747749, 0.9834741 , 0.9745793 , 0.97691818, 0.97742349,
       0.97777818, 0.97693434, 0.97852061, 0.97682225, 0.98002333]), array([0.97747704, 0.9836084 , 0.9745761 , 0.97578607, 0.97746184,
       0.97922415, 0.97669405, 0.97943175, 0.97754234, 0.97849983]), array([0.9785621 , 0.98396141, 0.97471194, 0.9772981 , 0.97823505,
       0.97709295, 0.97758371, 0.97924379, 0.9796826 , 0.97944618]), array([0.97702295, 0.98365589, 0.97444559, 0.97731118, 0.97781407,
       0.9770228 , 0.97717456, 0.97862502, 0.97807852, 0.97894742]), array([0.97752247, 0.98352603, 0.97419891, 0.97568499, 0.97633626,
       0.97989295, 0.97735531, 0.979816  , 0.97796019, 0.97977318])]
real metric: [array([0.92004357, 0.96773797, 0.84279354, 0.81304157, 0.84315628,
       0.76799853, 0.91427036, 0.85127121, 0.90186795, 0.93165528]), array([0.91935648, 0.97025633, 0.82925736, 0.80162104, 0.83459034,
       0.77564452, 0.91158448, 0.86273835, 0.90166443, 0.92529862]), array([0.92561791, 0.97178427, 0.84573287, 0.80332031, 0.83493485,
       0.77598065, 0.91880058, 0.85851393, 0.90683415, 0.92988859]), array([0.91696413, 0.97265185, 0.82582893, 0.81492004, 0.83436484,
       0.76989733, 0.92148036, 0.8657038 , 0.89030992, 0.93379233]), array([0.92087809, 0.97093109, 0.83250001, 0.80494378, 0.83865282,
       0.76849121, 0.91479268, 0.86421634, 0.90374097, 0.93664937])]

estim_algorithm = ac-model, mode = classification, metric = auc, confidence_scores = energy-conf, class_specific = False
test err: [0.07404813254208788, 0.07235977469719222, 0.08600490496433902, 0.08819091456982839, 0.10170683630541015]
estimated metric: [array([0.76792011, 0.90810921, 0.80237127, 0.72472542, 0.86621088,
       0.79322204, 0.82446863, 0.75685497, 0.83372008, 0.83230853]), array([0.80544481, 0.91314193, 0.81392423, 0.78937284, 0.74954314,
       0.73473529, 0.76192462, 0.74315512, 0.77376972, 0.92340249]), array([0.83835598, 0.91772702, 0.85977497, 0.7364994 , 0.78398695,
       0.72341837, 0.75193139, 0.78325588, 0.73081755, 0.81367574]), array([0.78268405, 0.9078828 , 0.74161871, 0.73924138, 0.76277852,
       0.70393753, 0.79815368, 0.7898584 , 0.7811956 , 0.85665371]), array([0.78123058, 0.85848193, 0.7823471 , 0.72308643, 0.74153129,
       0.83625581, 0.76607467, 0.71435729, 0.76599718, 0.90489489])]
real metric: [array([0.92004357, 0.96773797, 0.84279354, 0.81304157, 0.84315628,
       0.76799853, 0.91427036, 0.85127121, 0.90186795, 0.93165528]), array([0.91935648, 0.97025633, 0.82925736, 0.80162104, 0.83459034,
       0.77564452, 0.91158448, 0.86273835, 0.90166443, 0.92529862]), array([0.92561791, 0.97178427, 0.84573287, 0.80332031, 0.83493485,
       0.77598065, 0.91880058, 0.85851393, 0.90683415, 0.92988859]), array([0.91696413, 0.97265185, 0.82582893, 0.81492004, 0.83436484,
       0.76989733, 0.92148036, 0.8657038 , 0.89030992, 0.93379233]), array([0.92087809, 0.97093109, 0.83250001, 0.80494378, 0.83865282,
       0.76849121, 0.91479268, 0.86421634, 0.90374097, 0.93664937])]

estim_algorithm = ac-model, mode = classification, metric = auc, confidence_scores = entropy-conf, class_specific = False
test err: [0.09751803739813489, 0.09963657027255826, 0.09648748197436954, 0.09832539481941507, 0.09720537019385499]
estimated metric: [array([0.97183804, 0.97901667, 0.969027  , 0.97051844, 0.97192727,
       0.97461527, 0.97005887, 0.9744657 , 0.97292765, 0.97462172]), array([0.97123857, 0.97970869, 0.96896321, 0.96950695, 0.97245596,
       0.97347738, 0.9694132 , 0.97481648, 0.97398527, 0.97481194]), array([0.97265441, 0.98011524, 0.96915382, 0.97128014, 0.97337098,
       0.97319875, 0.97094455, 0.9758456 , 0.9736102 , 0.97610923]), array([0.97159991, 0.97960275, 0.96847608, 0.97172199, 0.97145935,
       0.97174841, 0.97011151, 0.9761769 , 0.97293788, 0.97533268]), array([0.97175786, 0.9792055 , 0.96788062, 0.9704741 , 0.97106481,
       0.9749279 , 0.97025348, 0.97522041, 0.97257178, 0.97449359])]
real metric: [array([0.92004357, 0.96773797, 0.84279354, 0.81304157, 0.84315628,
       0.76799853, 0.91427036, 0.85127121, 0.90186795, 0.93165528]), array([0.91935648, 0.97025633, 0.82925736, 0.80162104, 0.83459034,
       0.77564452, 0.91158448, 0.86273835, 0.90166443, 0.92529862]), array([0.92561791, 0.97178427, 0.84573287, 0.80332031, 0.83493485,
       0.77598065, 0.91880058, 0.85851393, 0.90683415, 0.92988859]), array([0.91696413, 0.97265185, 0.82582893, 0.81492004, 0.83436484,
       0.76989733, 0.92148036, 0.8657038 , 0.89030992, 0.93379233]), array([0.92087809, 0.97093109, 0.83250001, 0.80494378, 0.83865282,
       0.76849121, 0.91479268, 0.86421634, 0.90374097, 0.93664937])]

estim_algorithm = ac-model, mode = classification, metric = auc, confidence_scores = doctor-conf, class_specific = False
test err: [0.10755276971446462, 0.10962007565465748, 0.10620815383039281, 0.10817695061570891, 0.10737485670238804]
estimated metric: [array([0.98269072, 0.98760235, 0.97992959, 0.98154113, 0.98249708,
       0.98216532, 0.98243754, 0.98401563, 0.98205048, 0.98443412]), array([0.98269665, 0.98777302, 0.98026564, 0.98057688, 0.98295227,
       0.98274712, 0.98234733, 0.98344188, 0.98192692, 0.98348499]), array([0.98365767, 0.98831066, 0.97998246, 0.9822828 , 0.98280434,
       0.9840097 , 0.9831541 , 0.98416115, 0.9818165 , 0.98331025]), array([0.98253201, 0.98751394, 0.97996459, 0.98260218, 0.98249356,
       0.98215495, 0.98273421, 0.98310239, 0.98121752, 0.98336768]), array([0.98303511, 0.98769776, 0.97970411, 0.98103761, 0.98141812,
       0.982664  , 0.98277618, 0.98489718, 0.98246489, 0.98384994])]
real metric: [array([0.92004357, 0.96773797, 0.84279354, 0.81304157, 0.84315628,
       0.76799853, 0.91427036, 0.85127121, 0.90186795, 0.93165528]), array([0.91935648, 0.97025633, 0.82925736, 0.80162104, 0.83459034,
       0.77564452, 0.91158448, 0.86273835, 0.90166443, 0.92529862]), array([0.92561791, 0.97178427, 0.84573287, 0.80332031, 0.83493485,
       0.77598065, 0.91880058, 0.85851393, 0.90683415, 0.92988859]), array([0.91696413, 0.97265185, 0.82582893, 0.81492004, 0.83436484,
       0.76989733, 0.92148036, 0.8657038 , 0.89030992, 0.93379233]), array([0.92087809, 0.97093109, 0.83250001, 0.80494378, 0.83865282,
       0.76849121, 0.91479268, 0.86421634, 0.90374097, 0.93664937])]

estim_algorithm = ts-model, mode = classification, metric = auc, confidence_scores = max_class_probability-conf, class_specific = False
test err: [0.06269367960387962, 0.06438510736671778, 0.06214821907445436, 0.06563097960658423, 0.06235294090103288]
estimated metric: [array([0.93081345, 0.94225585, 0.9245926 , 0.92886899, 0.92975113,
       0.93704593, 0.91589779, 0.93359445, 0.94408675, 0.94290187]), array([0.93451857, 0.94285843, 0.92727701, 0.93058696, 0.92593065,
       0.93019886, 0.91412044, 0.93672616, 0.93653622, 0.94231393]), array([0.92970828, 0.94347109, 0.9258342 , 0.93001385, 0.93144211,
       0.93948493, 0.91500146, 0.93568253, 0.93740076, 0.94062648]), array([0.93049464, 0.94208667, 0.92308153, 0.92675483, 0.9293585 ,
       0.93739629, 0.91597871, 0.94019904, 0.94382828, 0.94091119]), array([0.93001571, 0.94131138, 0.92401305, 0.9217647 , 0.92669892,
       0.95372467, 0.91567851, 0.92879687, 0.93630216, 0.94178037])]
real metric: [array([0.92004357, 0.96773797, 0.84279354, 0.81304157, 0.84315628,
       0.76799853, 0.91427036, 0.85127121, 0.90186795, 0.93165528]), array([0.91935648, 0.97025633, 0.82925736, 0.80162104, 0.83459034,
       0.77564452, 0.91158448, 0.86273835, 0.90166443, 0.92529862]), array([0.92561791, 0.97178427, 0.84573287, 0.80332031, 0.83493485,
       0.77598065, 0.91880058, 0.85851393, 0.90683415, 0.92988859]), array([0.91696413, 0.97265185, 0.82582893, 0.81492004, 0.83436484,
       0.76989733, 0.92148036, 0.8657038 , 0.89030992, 0.93379233]), array([0.92087809, 0.97093109, 0.83250001, 0.80494378, 0.83865282,
       0.76849121, 0.91479268, 0.86421634, 0.90374097, 0.93664937])]

estim_algorithm = ts-model, mode = classification, metric = auc, confidence_scores = max_class_probability-conf, class_specific = True
test err: [0.07631215347349855, 0.07351853188962672, 0.07183148718633997, 0.06999247151738339, 0.07498870018291356]
estimated metric: [array([0.95854509, 0.97623786, 0.93937495, 0.93017483, 0.95644626,
       0.92307187, 0.96299599, 0.96841056, 0.95009046, 0.95160994]), array([0.95643944, 0.97646688, 0.93740705, 0.93342347, 0.95583131,
       0.88072212, 0.96261734, 0.96938496, 0.93912414, 0.95578055]), array([0.95932898, 0.97715937, 0.93874729, 0.92119847, 0.95822737,
       0.90646531, 0.96441434, 0.96975268, 0.94320309, 0.95122606]), array([0.95803528, 0.97671557, 0.93162839, 0.91967778, 0.95836041,
       0.87383465, 0.96344396, 0.96853518, 0.94420895, 0.95139808]), array([0.95827281, 0.97633272, 0.93673828, 0.90762668, 0.95443987,
       0.94839378, 0.96340373, 0.96947701, 0.93590646, 0.955092  ])]
real metric: [array([0.92004357, 0.96773797, 0.84279354, 0.81304157, 0.84315628,
       0.76799853, 0.91427036, 0.85127121, 0.90186795, 0.93165528]), array([0.91935648, 0.97025633, 0.82925736, 0.80162104, 0.83459034,
       0.77564452, 0.91158448, 0.86273835, 0.90166443, 0.92529862]), array([0.92561791, 0.97178427, 0.84573287, 0.80332031, 0.83493485,
       0.77598065, 0.91880058, 0.85851393, 0.90683415, 0.92988859]), array([0.91696413, 0.97265185, 0.82582893, 0.81492004, 0.83436484,
       0.76989733, 0.92148036, 0.8657038 , 0.89030992, 0.93379233]), array([0.92087809, 0.97093109, 0.83250001, 0.80494378, 0.83865282,
       0.76849121, 0.91479268, 0.86421634, 0.90374097, 0.93664937])]

estim_algorithm = ts-model, mode = classification, metric = auc, confidence_scores = energy-conf, class_specific = False
test err: [0.050811106055013024, 0.04823952175682154, 0.051160700834887454, 0.034375642648598215, 0.0475168002754211]
estimated metric: [array([0.87355885, 0.94797063, 0.89210373, 0.84750981, 0.94107462,
       0.91011264, 0.88997871, 0.91512247, 0.9305216 , 0.9304037 ]), array([0.89545427, 0.94699227, 0.89888803, 0.89835986, 0.87190055,
       0.87959785, 0.85156631, 0.86871327, 0.88444556, 0.96968257]), array([0.91515152, 0.9463919 , 0.92530216, 0.85903265, 0.88922513,
       0.86327476, 0.85120777, 0.90923211, 0.84634098, 0.90981051]), array([0.88145355, 0.95043313, 0.84805085, 0.86515061, 0.87339287,
       0.84082523, 0.86968777, 0.8982288 , 0.89513644, 0.94826693]), array([0.86985195, 0.93304714, 0.87262226, 0.85014231, 0.8554575 ,
       0.93332212, 0.85660313, 0.87173287, 0.88278305, 0.96928691])]
real metric: [array([0.92004357, 0.96773797, 0.84279354, 0.81304157, 0.84315628,
       0.76799853, 0.91427036, 0.85127121, 0.90186795, 0.93165528]), array([0.91935648, 0.97025633, 0.82925736, 0.80162104, 0.83459034,
       0.77564452, 0.91158448, 0.86273835, 0.90166443, 0.92529862]), array([0.92561791, 0.97178427, 0.84573287, 0.80332031, 0.83493485,
       0.77598065, 0.91880058, 0.85851393, 0.90683415, 0.92988859]), array([0.91696413, 0.97265185, 0.82582893, 0.81492004, 0.83436484,
       0.76989733, 0.92148036, 0.8657038 , 0.89030992, 0.93379233]), array([0.92087809, 0.97093109, 0.83250001, 0.80494378, 0.83865282,
       0.76849121, 0.91479268, 0.86421634, 0.90374097, 0.93664937])]

estim_algorithm = ts-model, mode = classification, metric = auc, confidence_scores = energy-conf, class_specific = True
test err: [0.08662964159266733, 0.08819193367991007, 0.08361195635997763, 0.0804465124866701, 0.0853165037250495]
estimated metric: [array([0.99571272, 0.99570993, 0.94917539, 0.92506627, 0.9743001 ,
       0.93939221, 0.97530574, 0.96924673, 0.96217279, 0.92925977]), array([0.99582758, 0.99582962, 0.94649592, 0.93901655, 0.97448563,
       0.92134143, 0.97545037, 0.94658125, 0.93875447, 0.98014844]), array([0.99585728, 0.99578927, 0.97720877, 0.92759991, 0.97479762,
       0.91632235, 0.97540823, 0.97140443, 0.92756663, 0.914204  ]), array([0.99580565, 0.99580085, 0.9317179 , 0.93233783, 0.97468174,
       0.9100938 , 0.97553553, 0.95840154, 0.93936729, 0.93663653]), array([0.99575109, 0.99575595, 0.93633782, 0.92637642, 0.97428623,
       0.94930672, 0.97543061, 0.95347603, 0.93978136, 0.96245914])]
real metric: [array([0.92004357, 0.96773797, 0.84279354, 0.81304157, 0.84315628,
       0.76799853, 0.91427036, 0.85127121, 0.90186795, 0.93165528]), array([0.91935648, 0.97025633, 0.82925736, 0.80162104, 0.83459034,
       0.77564452, 0.91158448, 0.86273835, 0.90166443, 0.92529862]), array([0.92561791, 0.97178427, 0.84573287, 0.80332031, 0.83493485,
       0.77598065, 0.91880058, 0.85851393, 0.90683415, 0.92988859]), array([0.91696413, 0.97265185, 0.82582893, 0.81492004, 0.83436484,
       0.76989733, 0.92148036, 0.8657038 , 0.89030992, 0.93379233]), array([0.92087809, 0.97093109, 0.83250001, 0.80494378, 0.83865282,
       0.76849121, 0.91479268, 0.86421634, 0.90374097, 0.93664937])]

estim_algorithm = ts-model, mode = classification, metric = auc, confidence_scores = entropy-conf, class_specific = False
test err: [0.0633503594071224, 0.0653892138338862, 0.06312755129684575, 0.0663194824468748, 0.06313663284334156]
estimated metric: [array([0.93090813, 0.94289384, 0.92477163, 0.92984011, 0.93144752,
       0.9353858 , 0.91759617, 0.93594267, 0.94523308, 0.94363265]), array([0.93395995, 0.94357494, 0.92806136, 0.93280785, 0.92909498,
       0.93315323, 0.91598873, 0.93584458, 0.9374591 , 0.94259658]), array([0.93357115, 0.94408189, 0.92732899, 0.93183185, 0.93280668,
       0.94144408, 0.91718965, 0.93618479, 0.93717536, 0.94244256]), array([0.93156828, 0.94312695, 0.92444729, 0.92864718, 0.93029353,
       0.93933286, 0.91825031, 0.94018371, 0.94569416, 0.9420542 ]), array([0.93035982, 0.94226397, 0.92558262, 0.92354924, 0.92909052,
       0.95266649, 0.91790514, 0.93202519, 0.93605122, 0.94033422])]
real metric: [array([0.92004357, 0.96773797, 0.84279354, 0.81304157, 0.84315628,
       0.76799853, 0.91427036, 0.85127121, 0.90186795, 0.93165528]), array([0.91935648, 0.97025633, 0.82925736, 0.80162104, 0.83459034,
       0.77564452, 0.91158448, 0.86273835, 0.90166443, 0.92529862]), array([0.92561791, 0.97178427, 0.84573287, 0.80332031, 0.83493485,
       0.77598065, 0.91880058, 0.85851393, 0.90683415, 0.92988859]), array([0.91696413, 0.97265185, 0.82582893, 0.81492004, 0.83436484,
       0.76989733, 0.92148036, 0.8657038 , 0.89030992, 0.93379233]), array([0.92087809, 0.97093109, 0.83250001, 0.80494378, 0.83865282,
       0.76849121, 0.91479268, 0.86421634, 0.90374097, 0.93664937])]

estim_algorithm = ts-model, mode = classification, metric = auc, confidence_scores = entropy-conf, class_specific = True
test err: [0.075508931780458, 0.07171768466235467, 0.07128508469820684, 0.06722709771995437, 0.07313945639287864]
estimated metric: [array([0.95682348, 0.9747617 , 0.94733365, 0.92775549, 0.95604574,
       0.92113507, 0.96171846, 0.95922092, 0.95011669, 0.95401437]), array([0.95443488, 0.9751582 , 0.9345102 , 0.94318775, 0.95428631,
       0.87185398, 0.96146474, 0.95972431, 0.93962302, 0.95494539]), array([0.95724099, 0.97579308, 0.95468484, 0.91925403, 0.95692753,
       0.9018297 , 0.9631667 , 0.95888269, 0.9442913 , 0.9521881 ]), array([0.95625956, 0.9753921 , 0.92575314, 0.91865686, 0.95734281,
       0.86311554, 0.96226615, 0.96136468, 0.9446021 , 0.95343156]), array([0.95641591, 0.97500283, 0.93395946, 0.90843847, 0.95380213,
       0.94832559, 0.96222347, 0.96083771, 0.93615115, 0.95203419])]
real metric: [array([0.92004357, 0.96773797, 0.84279354, 0.81304157, 0.84315628,
       0.76799853, 0.91427036, 0.85127121, 0.90186795, 0.93165528]), array([0.91935648, 0.97025633, 0.82925736, 0.80162104, 0.83459034,
       0.77564452, 0.91158448, 0.86273835, 0.90166443, 0.92529862]), array([0.92561791, 0.97178427, 0.84573287, 0.80332031, 0.83493485,
       0.77598065, 0.91880058, 0.85851393, 0.90683415, 0.92988859]), array([0.91696413, 0.97265185, 0.82582893, 0.81492004, 0.83436484,
       0.76989733, 0.92148036, 0.8657038 , 0.89030992, 0.93379233]), array([0.92087809, 0.97093109, 0.83250001, 0.80494378, 0.83865282,
       0.76849121, 0.91479268, 0.86421634, 0.90374097, 0.93664937])]

estim_algorithm = ts-model, mode = classification, metric = auc, confidence_scores = doctor-conf, class_specific = False
test err: [0.06783799143666469, 0.068661558890781, 0.06679066938230002, 0.06788054725279716, 0.06848502130917446]
estimated metric: [array([0.93994277, 0.94683983, 0.93479496, 0.93600362, 0.93699474,
       0.94026218, 0.93184401, 0.93781978, 0.94116762, 0.94475038]), array([0.93849471, 0.94800752, 0.93610443, 0.9351461 , 0.93558641,
       0.93278532, 0.93027965, 0.93462842, 0.94149209, 0.94160527]), array([0.94062939, 0.94828635, 0.93823544, 0.93894574, 0.93876253,
       0.9367729 , 0.9311858 , 0.93898425, 0.93749833, 0.94301823]), array([0.93580058, 0.94788942, 0.93433512, 0.9341969 , 0.93647733,
       0.9308652 , 0.93142885, 0.9395385 , 0.94168729, 0.94297496]), array([0.93901592, 0.94675659, 0.93497714, 0.93361743, 0.93534382,
       0.95233389, 0.93065771, 0.9367715 , 0.939747  , 0.94307654])]
real metric: [array([0.92004357, 0.96773797, 0.84279354, 0.81304157, 0.84315628,
       0.76799853, 0.91427036, 0.85127121, 0.90186795, 0.93165528]), array([0.91935648, 0.97025633, 0.82925736, 0.80162104, 0.83459034,
       0.77564452, 0.91158448, 0.86273835, 0.90166443, 0.92529862]), array([0.92561791, 0.97178427, 0.84573287, 0.80332031, 0.83493485,
       0.77598065, 0.91880058, 0.85851393, 0.90683415, 0.92988859]), array([0.91696413, 0.97265185, 0.82582893, 0.81492004, 0.83436484,
       0.76989733, 0.92148036, 0.8657038 , 0.89030992, 0.93379233]), array([0.92087809, 0.97093109, 0.83250001, 0.80494378, 0.83865282,
       0.76849121, 0.91479268, 0.86421634, 0.90374097, 0.93664937])]

estim_algorithm = ts-model, mode = classification, metric = auc, confidence_scores = doctor-conf, class_specific = True
test err: [0.07547652103726472, 0.07458947534704269, 0.07130963632022831, 0.0707212010445019, 0.07471157748582898]
estimated metric: [array([0.95371068, 0.97462873, 0.93974653, 0.92833428, 0.95943388,
       0.93259371, 0.96268201, 0.95562578, 0.95062316, 0.9512227 ]), array([0.95391595, 0.97531636, 0.94122339, 0.93457599, 0.95784924,
       0.89957303, 0.9627986 , 0.95636457, 0.94216916, 0.9541204 ]), array([0.95666502, 0.97577474, 0.94032417, 0.9229816 , 0.95976058,
       0.91446773, 0.96404834, 0.95902505, 0.94652323, 0.94493401]), array([0.95411136, 0.97466366, 0.93471091, 0.92261158, 0.95928517,
       0.88975153, 0.96322335, 0.95901231, 0.94494983, 0.95080584]), array([0.95427296, 0.97474923, 0.93908939, 0.91431495, 0.9575694 ,
       0.94994169, 0.96330342, 0.95587616, 0.94028756, 0.95350734])]
real metric: [array([0.92004357, 0.96773797, 0.84279354, 0.81304157, 0.84315628,
       0.76799853, 0.91427036, 0.85127121, 0.90186795, 0.93165528]), array([0.91935648, 0.97025633, 0.82925736, 0.80162104, 0.83459034,
       0.77564452, 0.91158448, 0.86273835, 0.90166443, 0.92529862]), array([0.92561791, 0.97178427, 0.84573287, 0.80332031, 0.83493485,
       0.77598065, 0.91880058, 0.85851393, 0.90683415, 0.92988859]), array([0.91696413, 0.97265185, 0.82582893, 0.81492004, 0.83436484,
       0.76989733, 0.92148036, 0.8657038 , 0.89030992, 0.93379233]), array([0.92087809, 0.97093109, 0.83250001, 0.80494378, 0.83865282,
       0.76849121, 0.91479268, 0.86421634, 0.90374097, 0.93664937])]

estim_algorithm = doc-model, mode = classification, metric = auc, confidence_scores = max_class_probability-conf, class_specific = False
test err: [0.05099571131368826, 0.05324652707440751, 0.05283397489721895, 0.053729305745192434, 0.054508707649911926]
estimated metric: [array([0.8541616 , 0.8608779 , 0.85107932, 0.85383299, 0.85427274,
       0.85492336, 0.85090614, 0.85574553, 0.85405762, 0.85720757]), array([0.85396945, 0.8611325 , 0.85078161, 0.85261058, 0.85428398,
       0.85756606, 0.85050042, 0.85654314, 0.8547298 , 0.85568708]), array([0.85529912, 0.86116344, 0.85137074, 0.85409018, 0.85480393,
       0.85425963, 0.85148281, 0.85642362, 0.8567316 , 0.85655488]), array([0.85338266, 0.86089019, 0.85087294, 0.85433224, 0.85448918,
       0.854114  , 0.85116827, 0.85575378, 0.85515145, 0.8560602 ]), array([0.85391792, 0.86104878, 0.85077443, 0.85287961, 0.85308375,
       0.85693008, 0.85110729, 0.85707226, 0.85513853, 0.85691674])]
real metric: [array([0.92004357, 0.96773797, 0.84279354, 0.81304157, 0.84315628,
       0.76799853, 0.91427036, 0.85127121, 0.90186795, 0.93165528]), array([0.91935648, 0.97025633, 0.82925736, 0.80162104, 0.83459034,
       0.77564452, 0.91158448, 0.86273835, 0.90166443, 0.92529862]), array([0.92561791, 0.97178427, 0.84573287, 0.80332031, 0.83493485,
       0.77598065, 0.91880058, 0.85851393, 0.90683415, 0.92988859]), array([0.91696413, 0.97265185, 0.82582893, 0.81492004, 0.83436484,
       0.76989733, 0.92148036, 0.8657038 , 0.89030992, 0.93379233]), array([0.92087809, 0.97093109, 0.83250001, 0.80494378, 0.83865282,
       0.76849121, 0.91479268, 0.86421634, 0.90374097, 0.93664937])]

estim_algorithm = doc-model, mode = classification, metric = auc, confidence_scores = max_class_probability-conf, class_specific = True
test err: [0.080341275083399, 0.08266843962950082, 0.07926064367800198, 0.08124065265356271, 0.08043589338406729]
estimated metric: [array([0.96917098, 0.98017479, 0.94715384, 0.93823964, 0.96153168,
       0.93568852, 0.96602389, 0.95975162, 0.94388361, 0.95563043]), array([0.96927864, 0.98040256, 0.94727695, 0.93725845, 0.96165666,
       0.93725262, 0.96588109, 0.96076232, 0.94467947, 0.95424758]), array([0.97036346, 0.98074117, 0.94735843, 0.93870414, 0.96240646,
       0.93513224, 0.96679112, 0.96056263, 0.9467653 , 0.9551896 ]), array([0.96882067, 0.98043741, 0.94713276, 0.93875802, 0.96200253,
       0.93502863, 0.96637209, 0.95993368, 0.94518835, 0.9546459 ]), array([0.96930694, 0.98028729, 0.94684142, 0.93719488, 0.96048427,
       0.93788557, 0.96652618, 0.96113582, 0.94504259, 0.95545031])]
real metric: [array([0.92004357, 0.96773797, 0.84279354, 0.81304157, 0.84315628,
       0.76799853, 0.91427036, 0.85127121, 0.90186795, 0.93165528]), array([0.91935648, 0.97025633, 0.82925736, 0.80162104, 0.83459034,
       0.77564452, 0.91158448, 0.86273835, 0.90166443, 0.92529862]), array([0.92561791, 0.97178427, 0.84573287, 0.80332031, 0.83493485,
       0.77598065, 0.91880058, 0.85851393, 0.90683415, 0.92988859]), array([0.91696413, 0.97265185, 0.82582893, 0.81492004, 0.83436484,
       0.76989733, 0.92148036, 0.8657038 , 0.89030992, 0.93379233]), array([0.92087809, 0.97093109, 0.83250001, 0.80494378, 0.83865282,
       0.76849121, 0.91479268, 0.86421634, 0.90374097, 0.93664937])]

estim_algorithm = doc-model, mode = classification, metric = auc, confidence_scores = energy-conf, class_specific = False
test err: [0.06770767234473045, 0.06951406295453734, 0.06579999710622933, 0.06927561163478063, 0.06389644612473755]
estimated metric: [array([0.93568957, 0.94381454, 0.92738353, 0.92366551, 0.93942031,
       0.94664254, 0.91209508, 0.95082441, 0.94811498, 0.95106511]), array([0.93330638, 0.94478409, 0.91920708, 0.93560455, 0.93657707,
       0.94209909, 0.90933206, 0.94964999, 0.9491218 , 0.95202116]), array([0.93374447, 0.94260501, 0.92746576, 0.9364198 , 0.93829393,
       0.93079201, 0.9090401 , 0.94911963, 0.93715607, 0.94689181]), array([0.93846711, 0.94273798, 0.93193077, 0.93845674, 0.94098986,
       0.91136423, 0.91308672, 0.94906893, 0.94533983, 0.95061245]), array([0.93016393, 0.9438579 , 0.92812172, 0.92320512, 0.93084418,
       0.95499431, 0.91183085, 0.91961269, 0.94309264, 0.94896743])]
real metric: [array([0.92004357, 0.96773797, 0.84279354, 0.81304157, 0.84315628,
       0.76799853, 0.91427036, 0.85127121, 0.90186795, 0.93165528]), array([0.91935648, 0.97025633, 0.82925736, 0.80162104, 0.83459034,
       0.77564452, 0.91158448, 0.86273835, 0.90166443, 0.92529862]), array([0.92561791, 0.97178427, 0.84573287, 0.80332031, 0.83493485,
       0.77598065, 0.91880058, 0.85851393, 0.90683415, 0.92988859]), array([0.91696413, 0.97265185, 0.82582893, 0.81492004, 0.83436484,
       0.76989733, 0.92148036, 0.8657038 , 0.89030992, 0.93379233]), array([0.92087809, 0.97093109, 0.83250001, 0.80494378, 0.83865282,
       0.76849121, 0.91479268, 0.86421634, 0.90374097, 0.93664937])]

estim_algorithm = doc-model, mode = classification, metric = auc, confidence_scores = energy-conf, class_specific = True
test err: [0.06508619544709408, 0.06576668667254658, 0.06004883195461426, 0.045838358047578645, 0.06134440385755789]
estimated metric: [array([0.95500003, 0.97886686, 0.90365158, 0.84215678, 0.96212688,
       0.87890672, 0.97439034, 0.97091318, 0.96902767, 0.89365239]), array([0.96110783, 0.97950072, 0.91626661, 0.91019364, 0.96268393,
       0.81784376, 0.97465333, 0.96758069, 0.92957754, 0.97027076]), array([0.95410978, 0.97988347, 0.95587458, 0.85552245, 0.96390346,
       0.80601717, 0.97549733, 0.96906266, 0.88557277, 0.8758472 ]), array([0.95034637, 0.97944008, 0.84276388, 0.85771507, 0.96205202,
       0.78617676, 0.97478539, 0.96514937, 0.93778913, 0.91950562]), array([0.95173125, 0.97891812, 0.88337586, 0.84130226, 0.96225296,
       0.92429893, 0.97444747, 0.96733983, 0.92148421, 0.96408949])]
real metric: [array([0.92004357, 0.96773797, 0.84279354, 0.81304157, 0.84315628,
       0.76799853, 0.91427036, 0.85127121, 0.90186795, 0.93165528]), array([0.91935648, 0.97025633, 0.82925736, 0.80162104, 0.83459034,
       0.77564452, 0.91158448, 0.86273835, 0.90166443, 0.92529862]), array([0.92561791, 0.97178427, 0.84573287, 0.80332031, 0.83493485,
       0.77598065, 0.91880058, 0.85851393, 0.90683415, 0.92988859]), array([0.91696413, 0.97265185, 0.82582893, 0.81492004, 0.83436484,
       0.76989733, 0.92148036, 0.8657038 , 0.89030992, 0.93379233]), array([0.92087809, 0.97093109, 0.83250001, 0.80494378, 0.83865282,
       0.76849121, 0.91479268, 0.86421634, 0.90374097, 0.93664937])]

estim_algorithm = doc-model, mode = classification, metric = auc, confidence_scores = entropy-conf, class_specific = False
test err: [0.05111044961307569, 0.052280829562831185, 0.05277784820292821, 0.052505052158481544, 0.05374175710044023]
estimated metric: [array([0.85677949, 0.86434566, 0.85396051, 0.85590897, 0.85699139,
       0.86017384, 0.85201037, 0.86001817, 0.8599369 , 0.86018995]), array([0.85610551, 0.86501761, 0.85380602, 0.85519275, 0.85749583,
       0.85906223, 0.85118053, 0.86035193, 0.8595838 , 0.86029457]), array([0.85727235, 0.86539608, 0.85408964, 0.85669165, 0.858533  ,
       0.85872293, 0.85273643, 0.86131107, 0.85916797, 0.86143986]), array([0.85639232, 0.86456116, 0.85357535, 0.85733337, 0.85632164,
       0.85731143, 0.85195111, 0.86158596, 0.85993316, 0.86095881]), array([0.85659665, 0.86422893, 0.8527156 , 0.85612773, 0.85621467,
       0.86044109, 0.85233502, 0.86219507, 0.85821745, 0.86112912])]
real metric: [array([0.92004357, 0.96773797, 0.84279354, 0.81304157, 0.84315628,
       0.76799853, 0.91427036, 0.85127121, 0.90186795, 0.93165528]), array([0.91935648, 0.97025633, 0.82925736, 0.80162104, 0.83459034,
       0.77564452, 0.91158448, 0.86273835, 0.90166443, 0.92529862]), array([0.92561791, 0.97178427, 0.84573287, 0.80332031, 0.83493485,
       0.77598065, 0.91880058, 0.85851393, 0.90683415, 0.92988859]), array([0.91696413, 0.97265185, 0.82582893, 0.81492004, 0.83436484,
       0.76989733, 0.92148036, 0.8657038 , 0.89030992, 0.93379233]), array([0.92087809, 0.97093109, 0.83250001, 0.80494378, 0.83865282,
       0.76849121, 0.91479268, 0.86421634, 0.90374097, 0.93664937])]

estim_algorithm = doc-model, mode = classification, metric = auc, confidence_scores = entropy-conf, class_specific = True
test err: [0.07741772097111979, 0.07963014226319821, 0.07646154397460689, 0.07832614763292045, 0.07719228873209104]
estimated metric: [array([0.96524413, 0.97682738, 0.94341839, 0.93463471, 0.95887772,
       0.93497955, 0.9609917 , 0.95787548, 0.94250905, 0.95265537]), array([0.96470615, 0.97781541, 0.94342419, 0.93376899, 0.95946671,
       0.93388432, 0.9604094 , 0.95830165, 0.94361047, 0.95292607]), array([0.96610664, 0.97821151, 0.9436149 , 0.93544778, 0.9603744 ,
       0.93360512, 0.96193802, 0.95930355, 0.94322158, 0.95420006]), array([0.96508341, 0.9777652 , 0.94291778, 0.93597953, 0.95848336,
       0.93218604, 0.96112337, 0.95963448, 0.94258164, 0.95342019]), array([0.96520342, 0.97732043, 0.9423033 , 0.9347178 , 0.95805369,
       0.93536378, 0.96126628, 0.95870928, 0.94219387, 0.95258737])]
real metric: [array([0.92004357, 0.96773797, 0.84279354, 0.81304157, 0.84315628,
       0.76799853, 0.91427036, 0.85127121, 0.90186795, 0.93165528]), array([0.91935648, 0.97025633, 0.82925736, 0.80162104, 0.83459034,
       0.77564452, 0.91158448, 0.86273835, 0.90166443, 0.92529862]), array([0.92561791, 0.97178427, 0.84573287, 0.80332031, 0.83493485,
       0.77598065, 0.91880058, 0.85851393, 0.90683415, 0.92988859]), array([0.91696413, 0.97265185, 0.82582893, 0.81492004, 0.83436484,
       0.76989733, 0.92148036, 0.8657038 , 0.89030992, 0.93379233]), array([0.92087809, 0.97093109, 0.83250001, 0.80494378, 0.83865282,
       0.76849121, 0.91479268, 0.86421634, 0.90374097, 0.93664937])]

estim_algorithm = doc-model, mode = classification, metric = auc, confidence_scores = doctor-conf, class_specific = False
test err: [0.05321778617158492, 0.0554235041759389, 0.056926876292628326, 0.05612387290310798, 0.0565563222473615]
estimated metric: [array([0.84223803, 0.84804149, 0.83878537, 0.84127325, 0.84202572,
       0.84346761, 0.8398932 , 0.8450052 , 0.84318925, 0.84514079]), array([0.84216532, 0.84830214, 0.83915245, 0.84047692, 0.84233734,
       0.84402655, 0.83944835, 0.84440268, 0.84296481, 0.84426034]), array([0.84325832, 0.84883011, 0.83885576, 0.84192029, 0.84240135,
       0.84518576, 0.84029962, 0.84505372, 0.84275954, 0.84411805]), array([0.84238509, 0.84797042, 0.83902128, 0.8423161 , 0.84201399,
       0.84320872, 0.84020883, 0.84412083, 0.84242071, 0.84410675]), array([0.84282374, 0.84834893, 0.83843301, 0.84093774, 0.84088128,
       0.8439641 , 0.84012507, 0.84589541, 0.84351478, 0.8445657 ])]
real metric: [array([0.92004357, 0.96773797, 0.84279354, 0.81304157, 0.84315628,
       0.76799853, 0.91427036, 0.85127121, 0.90186795, 0.93165528]), array([0.91935648, 0.97025633, 0.82925736, 0.80162104, 0.83459034,
       0.77564452, 0.91158448, 0.86273835, 0.90166443, 0.92529862]), array([0.92561791, 0.97178427, 0.84573287, 0.80332031, 0.83493485,
       0.77598065, 0.91880058, 0.85851393, 0.90683415, 0.92988859]), array([0.91696413, 0.97265185, 0.82582893, 0.81492004, 0.83436484,
       0.76989733, 0.92148036, 0.8657038 , 0.89030992, 0.93379233]), array([0.92087809, 0.97093109, 0.83250001, 0.80494378, 0.83865282,
       0.76849121, 0.91479268, 0.86421634, 0.90374097, 0.93664937])]

estim_algorithm = doc-model, mode = classification, metric = auc, confidence_scores = doctor-conf, class_specific = True
test err: [0.08321718389442644, 0.08534433215500731, 0.08190326602633279, 0.08391503811091558, 0.08307544830419772]
estimated metric: [array([0.97382867, 0.98347367, 0.95086186, 0.94140788, 0.96451631,
       0.93729452, 0.96901659, 0.96329743, 0.9455922 , 0.95671898]), array([0.97389121, 0.98369973, 0.95129803, 0.94051527, 0.96500746,
       0.937974  , 0.96895846, 0.96277803, 0.94550017, 0.95583292]), array([0.97484435, 0.98423605, 0.95097453, 0.94215876, 0.96485772,
       0.93917445, 0.96972848, 0.96348251, 0.94532583, 0.95565808]), array([0.97374315, 0.98342833, 0.95105236, 0.94248075, 0.96454246,
       0.93740111, 0.96938618, 0.96247084, 0.94483919, 0.95571953]), array([0.97423871, 0.98360562, 0.95065072, 0.94096374, 0.96343291,
       0.93784441, 0.96939325, 0.96422645, 0.94601035, 0.95618466])]
real metric: [array([0.92004357, 0.96773797, 0.84279354, 0.81304157, 0.84315628,
       0.76799853, 0.91427036, 0.85127121, 0.90186795, 0.93165528]), array([0.91935648, 0.97025633, 0.82925736, 0.80162104, 0.83459034,
       0.77564452, 0.91158448, 0.86273835, 0.90166443, 0.92529862]), array([0.92561791, 0.97178427, 0.84573287, 0.80332031, 0.83493485,
       0.77598065, 0.91880058, 0.85851393, 0.90683415, 0.92988859]), array([0.91696413, 0.97265185, 0.82582893, 0.81492004, 0.83436484,
       0.76989733, 0.92148036, 0.8657038 , 0.89030992, 0.93379233]), array([0.92087809, 0.97093109, 0.83250001, 0.80494378, 0.83865282,
       0.76849121, 0.91479268, 0.86421634, 0.90374097, 0.93664937])]

