estim_algorithm = moval-ensemble-cls-precision, mode = classification, metric = precision
test err: [0.38096763296266556, 0.3867170699647285, 0.395316837627148, 0.38756759792142426, 0.39675796169848887]
estimated metric: [array([0.14185006, 0.64455312, 0.49031556, 0.75332444, 0.56675279,
       0.48361772, 0.29183062, 0.36300282, 0.26785159, 0.24809028]), array([0.14250219, 0.6497861 , 0.48131259, 0.75417845, 0.56591627,
       0.48188796, 0.287885  , 0.34972144, 0.27783414, 0.26002874]), array([0.14552737, 0.64558694, 0.47562221, 0.75053524, 0.56278766,
       0.48174052, 0.2975316 , 0.30416437, 0.28190874, 0.24876082]), array([0.14242266, 0.63608681, 0.4617528 , 0.76093989, 0.55873216,
       0.49768664, 0.29876481, 0.35981674, 0.29157731, 0.24409551]), array([0.13577295, 0.64449902, 0.45938691, 0.7597569 , 0.56191777,
       0.46474264, 0.30904879, 0.35411045, 0.26053017, 0.2238933 ])]
real metric: [array([0.42905866, 0.7704698 , 0.51895044, 0.2931197 , 0.62820513,
       0.69309463, 0.94767442, 0.96218487, 0.94117647, 0.95652174]), array([0.42698192, 0.80347594, 0.48367953, 0.26534379, 0.62752294,
       0.70694087, 0.95266272, 0.96888889, 0.92546584, 0.97959184]), array([0.42799462, 0.77432432, 0.51246261, 0.27264325, 0.61213235,
       0.72519084, 0.95530726, 0.98378378, 0.92771084, 1.        ]), array([0.42817488, 0.74965229, 0.46900826, 0.27704844, 0.65595463,
       0.70289855, 0.97191011, 0.95744681, 0.94767442, 1.        ]), array([0.42714571, 0.75951087, 0.54449153, 0.27120939, 0.66236162,
       0.67847411, 0.91534392, 0.95258621, 0.95302013, 1.        ])]

