estim_algorithm = ac-model, mode = classification, metric = sensitivity, confidence_scores = max_class_probability-conf, class_specific = False
test err: [0.398056193184026, 0.40576743237447943, 0.3915610545962782, 0.4122194624368244, 0.40113011703972834]
estimated metric: [array([0.15228095, 0.19243506, 0.15655945, 0.15131771, 0.16259953,
       0.1649573 , 0.17084066, 0.17602056, 0.17507116, 0.17837887]), array([0.1530973 , 0.193137  , 0.1569027 , 0.15197817, 0.16463379,
       0.16667922, 0.17395052, 0.17621811, 0.17461747, 0.17812532]), array([0.15265205, 0.19422501, 0.15619962, 0.15159571, 0.16289516,
       0.1648978 , 0.17466065, 0.17662845, 0.17871406, 0.17682144]), array([0.15284529, 0.19184702, 0.15698119, 0.15162126, 0.16317321,
       0.16521075, 0.17267942, 0.17880902, 0.17529188, 0.17660824]), array([0.15282485, 0.19178772, 0.15744815, 0.15174484, 0.1640725 ,
       0.16524492, 0.17244752, 0.17731871, 0.17260772, 0.17527576])]
real metric: [array([0.91489362, 0.87862797, 0.68475073, 0.85507246, 0.53371593,
       0.39586207, 0.30235988, 0.45810056, 0.30670471, 0.33093525]), array([0.91242938, 0.84573003, 0.71130952, 0.89956332, 0.53508772,
       0.41340782, 0.30677291, 0.47142857, 0.32850941, 0.32277526]), array([0.89518414, 0.86389685, 0.67867868, 0.87815126, 0.52340426,
       0.37988827, 0.32112676, 0.43131462, 0.31314623, 0.32010944]), array([0.92867982, 0.88705234, 0.71327684, 0.89807976, 0.54442877,
       0.41740413, 0.32751678, 0.44632768, 0.32763533, 0.31686047]), array([0.92363112, 0.87045124, 0.72984441, 0.88858322, 0.50212766,
       0.37793103, 0.31369661, 0.44060773, 0.3128655 , 0.33233533])]

estim_algorithm = ac-model, mode = classification, metric = sensitivity, confidence_scores = energy-conf, class_specific = False
test err: [0.18423690297195977, 0.1808904263701226, 0.17501761658626552, 0.1867605157669257, 0.19576430524087965]
estimated metric: [array([0.5958454 , 0.337009  , 0.60053816, 0.53581209, 0.56520743,
       0.52846912, 0.56036532, 0.41015547, 0.38388012, 0.29993085]), array([0.59804126, 0.33359918, 0.60201005, 0.53252791, 0.55888631,
       0.51134173, 0.54908681, 0.40247589, 0.37837771, 0.29959224]), array([0.59479279, 0.32714217, 0.61448815, 0.53526563, 0.56871767,
       0.52717439, 0.54584672, 0.40603755, 0.36099619, 0.30460198]), array([0.59975549, 0.33809313, 0.60279204, 0.54260631, 0.57729314,
       0.5305335 , 0.5614558 , 0.37125934, 0.38056632, 0.30102919]), array([0.5990415 , 0.33945691, 0.59507363, 0.53411218, 0.56512824,
       0.52294491, 0.56170038, 0.39573706, 0.39281816, 0.30035962])]
real metric: [array([0.91489362, 0.87862797, 0.68475073, 0.85507246, 0.53371593,
       0.39586207, 0.30235988, 0.45810056, 0.30670471, 0.33093525]), array([0.91242938, 0.84573003, 0.71130952, 0.89956332, 0.53508772,
       0.41340782, 0.30677291, 0.47142857, 0.32850941, 0.32277526]), array([0.89518414, 0.86389685, 0.67867868, 0.87815126, 0.52340426,
       0.37988827, 0.32112676, 0.43131462, 0.31314623, 0.32010944]), array([0.92867982, 0.88705234, 0.71327684, 0.89807976, 0.54442877,
       0.41740413, 0.32751678, 0.44632768, 0.32763533, 0.31686047]), array([0.92363112, 0.87045124, 0.72984441, 0.88858322, 0.50212766,
       0.37793103, 0.31369661, 0.44060773, 0.3128655 , 0.33233533])]

estim_algorithm = ac-model, mode = classification, metric = sensitivity, confidence_scores = entropy-conf, class_specific = False
test err: [0.5530295783864421, 0.5614938045764057, 0.5472277745559315, 0.5675504783904575, 0.5561581911546738]
estimated metric: [array([0.00793655, 0.01977203, 0.0098072 , 0.00915815, 0.01222666,
       0.0122389 , 0.01457597, 0.01472658, 0.0146156 , 0.01566976]), array([0.00812586, 0.01995421, 0.00984461, 0.00920274, 0.01262829,
       0.01224859, 0.01524651, 0.01481608, 0.01445161, 0.0155574 ]), array([0.00805988, 0.02027262, 0.00991013, 0.00917489, 0.01241589,
       0.01219653, 0.01520886, 0.01474005, 0.01541223, 0.01523168]), array([0.00803868, 0.01965608, 0.00983728, 0.00920603, 0.01255617,
       0.01237123, 0.01500069, 0.01515533, 0.0146046 , 0.01533104]), array([0.00803858, 0.01961889, 0.00986598, 0.00921591, 0.01257671,
       0.01228335, 0.01501265, 0.01479141, 0.01396239, 0.01512608])]
real metric: [array([0.91489362, 0.87862797, 0.68475073, 0.85507246, 0.53371593,
       0.39586207, 0.30235988, 0.45810056, 0.30670471, 0.33093525]), array([0.91242938, 0.84573003, 0.71130952, 0.89956332, 0.53508772,
       0.41340782, 0.30677291, 0.47142857, 0.32850941, 0.32277526]), array([0.89518414, 0.86389685, 0.67867868, 0.87815126, 0.52340426,
       0.37988827, 0.32112676, 0.43131462, 0.31314623, 0.32010944]), array([0.92867982, 0.88705234, 0.71327684, 0.89807976, 0.54442877,
       0.41740413, 0.32751678, 0.44632768, 0.32763533, 0.31686047]), array([0.92363112, 0.87045124, 0.72984441, 0.88858322, 0.50212766,
       0.37793103, 0.31369661, 0.44060773, 0.3128655 , 0.33233533])]

estim_algorithm = ac-model, mode = classification, metric = sensitivity, confidence_scores = doctor-conf, class_specific = False
test err: [0.26640832119414926, 0.2689353044740693, 0.26174394928154204, 0.2746143865802156, 0.26234981812160885]
estimated metric: [array([0.20551332, 0.62565449, 0.26439289, 0.23453485, 0.34300854,
       0.34920006, 0.42994312, 0.44607182, 0.44300522, 0.47848735]), array([0.2122657 , 0.63296434, 0.26609829, 0.23652984, 0.35773911,
       0.352441  , 0.45407719, 0.4488099 , 0.43767254, 0.47355273]), array([0.20970042, 0.644099  , 0.26680507, 0.23525725, 0.34886389,
       0.34787143, 0.45399499, 0.44743112, 0.47316065, 0.4619434 ]), array([0.20923007, 0.62164975, 0.26624102, 0.23597026, 0.35274473,
       0.35357616, 0.44316885, 0.46476295, 0.44317157, 0.46387109]), array([0.20928478, 0.62029682, 0.26755043, 0.23656413, 0.35452117,
       0.35135999, 0.44349996, 0.45035762, 0.41952996, 0.45662444])]
real metric: [array([0.91489362, 0.87862797, 0.68475073, 0.85507246, 0.53371593,
       0.39586207, 0.30235988, 0.45810056, 0.30670471, 0.33093525]), array([0.91242938, 0.84573003, 0.71130952, 0.89956332, 0.53508772,
       0.41340782, 0.30677291, 0.47142857, 0.32850941, 0.32277526]), array([0.89518414, 0.86389685, 0.67867868, 0.87815126, 0.52340426,
       0.37988827, 0.32112676, 0.43131462, 0.31314623, 0.32010944]), array([0.92867982, 0.88705234, 0.71327684, 0.89807976, 0.54442877,
       0.41740413, 0.32751678, 0.44632768, 0.32763533, 0.31686047]), array([0.92363112, 0.87045124, 0.72984441, 0.88858322, 0.50212766,
       0.37793103, 0.31369661, 0.44060773, 0.3128655 , 0.33233533])]

estim_algorithm = ts-model, mode = classification, metric = sensitivity, confidence_scores = max_class_probability-conf, class_specific = False
test err: [0.26845422467094926, 0.2720306027882239, 0.27631558658567995, 0.27621459652537955, 0.28033005077740386]
estimated metric: [array([0.60809423, 0.83202219, 0.63690345, 0.58538061, 0.66955283,
       0.69650818, 0.70699477, 0.76200971, 0.74073981, 0.76547104]), array([0.61552879, 0.8335953 , 0.64044029, 0.59428057, 0.68952736,
       0.71812441, 0.73418106, 0.76322868, 0.73939465, 0.76864426]), array([0.61079916, 0.8399113 , 0.62990218, 0.58879718, 0.67013946,
       0.69581421, 0.74490012, 0.76866569, 0.76731371, 0.75881117]), array([0.61390652, 0.82571152, 0.64109731, 0.58907323, 0.67248754,
       0.69705719, 0.72994755, 0.78331442, 0.74569806, 0.75651418]), array([0.61416061, 0.82681804, 0.64744029, 0.59062068, 0.68484716,
       0.69763819, 0.72568574, 0.77641334, 0.72439628, 0.74041329])]
real metric: [array([0.91489362, 0.87862797, 0.68475073, 0.85507246, 0.53371593,
       0.39586207, 0.30235988, 0.45810056, 0.30670471, 0.33093525]), array([0.91242938, 0.84573003, 0.71130952, 0.89956332, 0.53508772,
       0.41340782, 0.30677291, 0.47142857, 0.32850941, 0.32277526]), array([0.89518414, 0.86389685, 0.67867868, 0.87815126, 0.52340426,
       0.37988827, 0.32112676, 0.43131462, 0.31314623, 0.32010944]), array([0.92867982, 0.88705234, 0.71327684, 0.89807976, 0.54442877,
       0.41740413, 0.32751678, 0.44632768, 0.32763533, 0.31686047]), array([0.92363112, 0.87045124, 0.72984441, 0.88858322, 0.50212766,
       0.37793103, 0.31369661, 0.44060773, 0.3128655 , 0.33233533])]

estim_algorithm = ts-model, mode = classification, metric = sensitivity, confidence_scores = max_class_probability-conf, class_specific = True
test err: [0.1413828399792127, 0.14672909271532766, 0.15447749575648456, 0.13784052147018083, 0.14611521004031267]
estimated metric: [array([0.96538005, 0.97069065, 0.77411819, 0.78504792, 0.71720905,
       0.59368015, 0.63542353, 0.60015506, 0.42451269, 0.46858519]), array([0.96411907, 0.96812711, 0.77709299, 0.79641208, 0.73738534,
       0.61201753, 0.6613881 , 0.60128197, 0.42317657, 0.46700163]), array([0.9597161 , 0.9699975 , 0.7655126 , 0.79050029, 0.71752658,
       0.59279402, 0.670059  , 0.60516755, 0.44331256, 0.45978733]), array([0.9672707 , 0.96286964, 0.77645774, 0.79230077, 0.72031582,
       0.59473708, 0.65426739, 0.62156503, 0.42651779, 0.45780719]), array([0.96374196, 0.96586101, 0.78431616, 0.7921948 , 0.73369778,
       0.59518841, 0.6511073 , 0.61163633, 0.41269305, 0.45001233])]
real metric: [array([0.91489362, 0.87862797, 0.68475073, 0.85507246, 0.53371593,
       0.39586207, 0.30235988, 0.45810056, 0.30670471, 0.33093525]), array([0.91242938, 0.84573003, 0.71130952, 0.89956332, 0.53508772,
       0.41340782, 0.30677291, 0.47142857, 0.32850941, 0.32277526]), array([0.89518414, 0.86389685, 0.67867868, 0.87815126, 0.52340426,
       0.37988827, 0.32112676, 0.43131462, 0.31314623, 0.32010944]), array([0.92867982, 0.88705234, 0.71327684, 0.89807976, 0.54442877,
       0.41740413, 0.32751678, 0.44632768, 0.32763533, 0.31686047]), array([0.92363112, 0.87045124, 0.72984441, 0.88858322, 0.50212766,
       0.37793103, 0.31369661, 0.44060773, 0.3128655 , 0.33233533])]

estim_algorithm = ts-model, mode = classification, metric = sensitivity, confidence_scores = energy-conf, class_specific = False
test err: [0.23980540309632037, 0.2292725647007253, 0.24247937830028343, 0.23485243601680686, 0.24191629597544612]
estimated metric: [array([0.8212496 , 0.56138804, 0.81997016, 0.75715532, 0.78659058,
       0.74749484, 0.77974009, 0.63326185, 0.60940429, 0.52522026]), array([0.82312252, 0.55793797, 0.8213865 , 0.7550793 , 0.78119291,
       0.73409266, 0.76873882, 0.62617823, 0.6039384 , 0.52490642]), array([0.81992843, 0.55141023, 0.83120354, 0.75665876, 0.78939326,
       0.74900523, 0.76765116, 0.62965545, 0.58634364, 0.52997494]), array([0.82490547, 0.562498  , 0.82125967, 0.76430371, 0.79776962,
       0.75062757, 0.78262158, 0.59510478, 0.60609301, 0.52639338]), array([0.8239069 , 0.56387001, 0.8136562 , 0.75531206, 0.78680428,
       0.74570126, 0.78001578, 0.61856026, 0.61848748, 0.52576937])]
real metric: [array([0.91489362, 0.87862797, 0.68475073, 0.85507246, 0.53371593,
       0.39586207, 0.30235988, 0.45810056, 0.30670471, 0.33093525]), array([0.91242938, 0.84573003, 0.71130952, 0.89956332, 0.53508772,
       0.41340782, 0.30677291, 0.47142857, 0.32850941, 0.32277526]), array([0.89518414, 0.86389685, 0.67867868, 0.87815126, 0.52340426,
       0.37988827, 0.32112676, 0.43131462, 0.31314623, 0.32010944]), array([0.92867982, 0.88705234, 0.71327684, 0.89807976, 0.54442877,
       0.41740413, 0.32751678, 0.44632768, 0.32763533, 0.31686047]), array([0.92363112, 0.87045124, 0.72984441, 0.88858322, 0.50212766,
       0.37793103, 0.31369661, 0.44060773, 0.3128655 , 0.33233533])]

estim_algorithm = ts-model, mode = classification, metric = sensitivity, confidence_scores = energy-conf, class_specific = True
test err: [0.19866961488002208, 0.19490680467157753, 0.20660895604966947, 0.18978514234042038, 0.20122381951011875]
estimated metric: [array([0.9460204 , 0.98452343, 0.8124173 , 0.73982258, 0.82524781,
       0.64003527, 0.78903489, 0.65406889, 0.47963701, 0.54641197]), array([0.9466074 , 0.98403508, 0.81400113, 0.73751103, 0.82071736,
       0.62350251, 0.77824074, 0.64711145, 0.47415035, 0.54610036]), array([0.94410386, 0.98303018, 0.82410895, 0.73933197, 0.82798027,
       0.63889457, 0.77727599, 0.65077352, 0.45667669, 0.55117547]), array([0.94718591, 0.98510542, 0.81385051, 0.74690702, 0.83572255,
       0.64171016, 0.7922577 , 0.61611244, 0.47632428, 0.54759185]), array([0.94779577, 0.98532496, 0.80616496, 0.73796313, 0.82627529,
       0.63505254, 0.78951864, 0.63936688, 0.48863773, 0.54697199])]
real metric: [array([0.91489362, 0.87862797, 0.68475073, 0.85507246, 0.53371593,
       0.39586207, 0.30235988, 0.45810056, 0.30670471, 0.33093525]), array([0.91242938, 0.84573003, 0.71130952, 0.89956332, 0.53508772,
       0.41340782, 0.30677291, 0.47142857, 0.32850941, 0.32277526]), array([0.89518414, 0.86389685, 0.67867868, 0.87815126, 0.52340426,
       0.37988827, 0.32112676, 0.43131462, 0.31314623, 0.32010944]), array([0.92867982, 0.88705234, 0.71327684, 0.89807976, 0.54442877,
       0.41740413, 0.32751678, 0.44632768, 0.32763533, 0.31686047]), array([0.92363112, 0.87045124, 0.72984441, 0.88858322, 0.50212766,
       0.37793103, 0.31369661, 0.44060773, 0.3128655 , 0.33233533])]

estim_algorithm = ts-model, mode = classification, metric = sensitivity, confidence_scores = entropy-conf, class_specific = False
test err: [0.2755285503289826, 0.27939634158731774, 0.28328218648590786, 0.28383519889187203, 0.28776396646284425]
estimated metric: [array([0.58243444, 0.84067746, 0.62339734, 0.55772916, 0.66214532,
       0.70092761, 0.70512029, 0.76644772, 0.7460388 , 0.77317777]), array([0.59259385, 0.84090628, 0.6270989 , 0.5673995 , 0.68610084,
       0.72420966, 0.7353942 , 0.76804369, 0.74273322, 0.77442979]), array([0.58790084, 0.84808002, 0.61699022, 0.56121798, 0.66390368,
       0.70129589, 0.74575275, 0.77278714, 0.77274257, 0.76360754]), array([0.58880829, 0.8338984 , 0.62975852, 0.5605388 , 0.66701429,
       0.70397939, 0.73302742, 0.7899294 , 0.74898119, 0.7615087 ]), array([0.58956002, 0.83508253, 0.63536833, 0.56300265, 0.68028981,
       0.7056534 , 0.72831362, 0.77925888, 0.72495025, 0.74924111])]
real metric: [array([0.91489362, 0.87862797, 0.68475073, 0.85507246, 0.53371593,
       0.39586207, 0.30235988, 0.45810056, 0.30670471, 0.33093525]), array([0.91242938, 0.84573003, 0.71130952, 0.89956332, 0.53508772,
       0.41340782, 0.30677291, 0.47142857, 0.32850941, 0.32277526]), array([0.89518414, 0.86389685, 0.67867868, 0.87815126, 0.52340426,
       0.37988827, 0.32112676, 0.43131462, 0.31314623, 0.32010944]), array([0.92867982, 0.88705234, 0.71327684, 0.89807976, 0.54442877,
       0.41740413, 0.32751678, 0.44632768, 0.32763533, 0.31686047]), array([0.92363112, 0.87045124, 0.72984441, 0.88858322, 0.50212766,
       0.37793103, 0.31369661, 0.44060773, 0.3128655 , 0.33233533])]

estim_algorithm = ts-model, mode = classification, metric = sensitivity, confidence_scores = entropy-conf, class_specific = True
test err: [0.13584112736390874, 0.14181694361461164, 0.14982723949050678, 0.13359037214299205, 0.1404676963003005]
estimated metric: [array([0.96518001, 0.97121541, 0.77052649, 0.77888065, 0.70577859,
       0.59105078, 0.62130144, 0.5950252 , 0.4105969 , 0.45749535]), array([0.96413382, 0.96882464, 0.77290062, 0.7909053 , 0.72944886,
       0.6115636 , 0.65159826, 0.59680504, 0.40837217, 0.45331502]), array([0.96023231, 0.97085936, 0.76256905, 0.78430279, 0.7072115 ,
       0.59077857, 0.65957033, 0.59997426, 0.43685927, 0.44311852]), array([0.96651309, 0.96590091, 0.77471615, 0.78529469, 0.71073157,
       0.59454232, 0.64438757, 0.6217409 , 0.41237663, 0.44139166]), array([0.96276123, 0.96735586, 0.78106199, 0.78581561, 0.72482983,
       0.59571894, 0.6413344 , 0.60632726, 0.39160247, 0.43440801])]
real metric: [array([0.91489362, 0.87862797, 0.68475073, 0.85507246, 0.53371593,
       0.39586207, 0.30235988, 0.45810056, 0.30670471, 0.33093525]), array([0.91242938, 0.84573003, 0.71130952, 0.89956332, 0.53508772,
       0.41340782, 0.30677291, 0.47142857, 0.32850941, 0.32277526]), array([0.89518414, 0.86389685, 0.67867868, 0.87815126, 0.52340426,
       0.37988827, 0.32112676, 0.43131462, 0.31314623, 0.32010944]), array([0.92867982, 0.88705234, 0.71327684, 0.89807976, 0.54442877,
       0.41740413, 0.32751678, 0.44632768, 0.32763533, 0.31686047]), array([0.92363112, 0.87045124, 0.72984441, 0.88858322, 0.50212766,
       0.37793103, 0.31369661, 0.44060773, 0.3128655 , 0.33233533])]

estim_algorithm = ts-model, mode = classification, metric = sensitivity, confidence_scores = doctor-conf, class_specific = False
test err: [0.32393918248525677, 0.33558157455507925, 0.33534217755091805, 0.33478889737712814, 0.33809001595642374]
estimated metric: [array([0.46618528, 0.88412882, 0.57243957, 0.50143613, 0.71616149,
       0.73890526, 0.77672299, 0.8173712 , 0.77247766, 0.82527493]), array([0.47992963, 0.87973076, 0.57653452, 0.50615921, 0.74630948,
       0.75040979, 0.81783167, 0.82357925, 0.76992396, 0.83106368]), array([0.474518  , 0.88937386, 0.5751522 , 0.50314249, 0.72530908,
       0.73674188, 0.81849993, 0.82136946, 0.80137454, 0.81443807]), array([0.4739814 , 0.87573512, 0.5775284 , 0.50389856, 0.7321908 ,
       0.74723573, 0.8133165 , 0.84195601, 0.77396054, 0.82345729]), array([0.47434802, 0.87804591, 0.58071065, 0.50552847, 0.73781179,
       0.74432686, 0.81416595, 0.82335576, 0.73956365, 0.81217373])]
real metric: [array([0.91489362, 0.87862797, 0.68475073, 0.85507246, 0.53371593,
       0.39586207, 0.30235988, 0.45810056, 0.30670471, 0.33093525]), array([0.91242938, 0.84573003, 0.71130952, 0.89956332, 0.53508772,
       0.41340782, 0.30677291, 0.47142857, 0.32850941, 0.32277526]), array([0.89518414, 0.86389685, 0.67867868, 0.87815126, 0.52340426,
       0.37988827, 0.32112676, 0.43131462, 0.31314623, 0.32010944]), array([0.92867982, 0.88705234, 0.71327684, 0.89807976, 0.54442877,
       0.41740413, 0.32751678, 0.44632768, 0.32763533, 0.31686047]), array([0.92363112, 0.87045124, 0.72984441, 0.88858322, 0.50212766,
       0.37793103, 0.31369661, 0.44060773, 0.3128655 , 0.33233533])]

estim_algorithm = ts-model, mode = classification, metric = sensitivity, confidence_scores = doctor-conf, class_specific = True
test err: [0.13476807108027067, 0.14018385068623748, 0.14918531089072914, 0.13595251570798525, 0.14099232413348356]
estimated metric: [array([0.90725564, 0.9544457 , 0.76508148, 0.73136678, 0.70236948,
       0.61286254, 0.61339887, 0.60502298, 0.4012351 , 0.45297801]), array([0.91576113, 0.94860114, 0.7706819 , 0.73891442, 0.7321067 ,
       0.62142085, 0.64697216, 0.6084584 , 0.39631074, 0.44832722]), array([0.91229729, 0.95185637, 0.76714284, 0.73441538, 0.71199792,
       0.61096302, 0.64743444, 0.60718804, 0.42869231, 0.43729424]), array([0.90896996, 0.9439925 , 0.77219738, 0.73483392, 0.71838316,
       0.61997779, 0.63095949, 0.63099475, 0.40136732, 0.4391994 ]), array([0.90759127, 0.94964205, 0.77722575, 0.73763035, 0.72380039,
       0.6171949 , 0.63136755, 0.61150051, 0.37975713, 0.43230176])]
real metric: [array([0.91489362, 0.87862797, 0.68475073, 0.85507246, 0.53371593,
       0.39586207, 0.30235988, 0.45810056, 0.30670471, 0.33093525]), array([0.91242938, 0.84573003, 0.71130952, 0.89956332, 0.53508772,
       0.41340782, 0.30677291, 0.47142857, 0.32850941, 0.32277526]), array([0.89518414, 0.86389685, 0.67867868, 0.87815126, 0.52340426,
       0.37988827, 0.32112676, 0.43131462, 0.31314623, 0.32010944]), array([0.92867982, 0.88705234, 0.71327684, 0.89807976, 0.54442877,
       0.41740413, 0.32751678, 0.44632768, 0.32763533, 0.31686047]), array([0.92363112, 0.87045124, 0.72984441, 0.88858322, 0.50212766,
       0.37793103, 0.31369661, 0.44060773, 0.3128655 , 0.33233533])]

estim_algorithm = doc-model, mode = classification, metric = sensitivity, confidence_scores = max_class_probability-conf, class_specific = False
test err: [0.2550647722028243, 0.2487435162361503, 0.2587997398111207, 0.25388910613243215, 0.26191521363182313]
estimated metric: [array([0.70880322, 0.74895733, 0.71308171, 0.70783998, 0.71912179,
       0.72147956, 0.72736291, 0.73254282, 0.73159341, 0.73490112]), array([0.70961957, 0.74965927, 0.71342497, 0.70850044, 0.72115606,
       0.72320148, 0.73047277, 0.73274037, 0.73113972, 0.73464757]), array([0.70917432, 0.75074727, 0.71272189, 0.70811798, 0.71941743,
       0.72142006, 0.7311829 , 0.7331507 , 0.73523631, 0.73334369]), array([0.70936756, 0.74836929, 0.71350345, 0.70814353, 0.71969547,
       0.72173301, 0.72920167, 0.73533128, 0.73181413, 0.73313049]), array([0.70934712, 0.74830999, 0.71397042, 0.70826711, 0.72059476,
       0.72176718, 0.72896977, 0.73384097, 0.72912996, 0.73179801])]
real metric: [array([0.91489362, 0.87862797, 0.68475073, 0.85507246, 0.53371593,
       0.39586207, 0.30235988, 0.45810056, 0.30670471, 0.33093525]), array([0.91242938, 0.84573003, 0.71130952, 0.89956332, 0.53508772,
       0.41340782, 0.30677291, 0.47142857, 0.32850941, 0.32277526]), array([0.89518414, 0.86389685, 0.67867868, 0.87815126, 0.52340426,
       0.37988827, 0.32112676, 0.43131462, 0.31314623, 0.32010944]), array([0.92867982, 0.88705234, 0.71327684, 0.89807976, 0.54442877,
       0.41740413, 0.32751678, 0.44632768, 0.32763533, 0.31686047]), array([0.92363112, 0.87045124, 0.72984441, 0.88858322, 0.50212766,
       0.37793103, 0.31369661, 0.44060773, 0.3128655 , 0.33233533])]

estim_algorithm = doc-model, mode = classification, metric = sensitivity, confidence_scores = max_class_probability-conf, class_specific = True
test err: [0.16918959020047253, 0.1702465582363541, 0.18024321523735598, 0.16356807983357222, 0.17273095510228]
estimated metric: [array([0.96763112, 0.96976263, 0.81705558, 0.792124  , 0.79499507,
       0.61596732, 0.71380023, 0.62093441, 0.44464999, 0.4901018 ]), array([0.96844747, 0.97048586, 0.81739883, 0.79278446, 0.79702934,
       0.61768925, 0.71691009, 0.62113196, 0.4441963 , 0.48984825]), array([0.96800222, 0.97153584, 0.81669575, 0.792402  , 0.7952907 ,
       0.61590783, 0.71762023, 0.6215423 , 0.44829289, 0.48854437]), array([0.96819546, 0.96918468, 0.81747732, 0.79242755, 0.79556875,
       0.61622078, 0.71563899, 0.62372287, 0.44487071, 0.48833117]), array([0.96817502, 0.96910093, 0.81794428, 0.79255113, 0.79646804,
       0.61625495, 0.71540709, 0.62223256, 0.44218654, 0.48699869])]
real metric: [array([0.91489362, 0.87862797, 0.68475073, 0.85507246, 0.53371593,
       0.39586207, 0.30235988, 0.45810056, 0.30670471, 0.33093525]), array([0.91242938, 0.84573003, 0.71130952, 0.89956332, 0.53508772,
       0.41340782, 0.30677291, 0.47142857, 0.32850941, 0.32277526]), array([0.89518414, 0.86389685, 0.67867868, 0.87815126, 0.52340426,
       0.37988827, 0.32112676, 0.43131462, 0.31314623, 0.32010944]), array([0.92867982, 0.88705234, 0.71327684, 0.89807976, 0.54442877,
       0.41740413, 0.32751678, 0.44632768, 0.32763533, 0.31686047]), array([0.92363112, 0.87045124, 0.72984441, 0.88858322, 0.50212766,
       0.37793103, 0.31369661, 0.44060773, 0.3128655 , 0.33233533])]

estim_algorithm = doc-model, mode = classification, metric = sensitivity, confidence_scores = energy-conf, class_specific = False
test err: [0.23987300318241106, 0.22934592509609844, 0.24255766858820976, 0.2349390421568942, 0.24197353790039527]
estimated metric: [array([0.82000411, 0.56272501, 0.81919183, 0.75620035, 0.78631147,
       0.74721177, 0.7800252 , 0.63351131, 0.60959613, 0.52564686]), array([0.82193348, 0.55931519, 0.8206386 , 0.75412792, 0.78099624,
       0.73379716, 0.7691229 , 0.62644746, 0.60409372, 0.52530825]), array([0.81872165, 0.55285819, 0.83048934, 0.7557107 , 0.78915095,
       0.74870271, 0.76802426, 0.62990578, 0.58671219, 0.53031799]), array([0.82369156, 0.56380915, 0.82050687, 0.76335717, 0.79757414,
       0.75036019, 0.78297215, 0.5954455 , 0.60628233, 0.52674519]), array([0.82269444, 0.56517293, 0.81290157, 0.75437109, 0.78658799,
       0.74542024, 0.78035999, 0.61883696, 0.61853417, 0.52607563])]
real metric: [array([0.91489362, 0.87862797, 0.68475073, 0.85507246, 0.53371593,
       0.39586207, 0.30235988, 0.45810056, 0.30670471, 0.33093525]), array([0.91242938, 0.84573003, 0.71130952, 0.89956332, 0.53508772,
       0.41340782, 0.30677291, 0.47142857, 0.32850941, 0.32277526]), array([0.89518414, 0.86389685, 0.67867868, 0.87815126, 0.52340426,
       0.37988827, 0.32112676, 0.43131462, 0.31314623, 0.32010944]), array([0.92867982, 0.88705234, 0.71327684, 0.89807976, 0.54442877,
       0.41740413, 0.32751678, 0.44632768, 0.32763533, 0.31686047]), array([0.92363112, 0.87045124, 0.72984441, 0.88858322, 0.50212766,
       0.37793103, 0.31369661, 0.44060773, 0.3128655 , 0.33233533])]

estim_algorithm = doc-model, mode = classification, metric = sensitivity, confidence_scores = energy-conf, class_specific = True
test err: [0.19851834314112077, 0.19476500505854596, 0.20646062452489602, 0.18964151932095566, 0.2010589797734242]
estimated metric: [array([0.94548376, 0.98451932, 0.81232078, 0.73965015, 0.82500906,
       0.64004755, 0.78870939, 0.65401214, 0.47949427, 0.54611557]), array([0.9461317 , 0.98394118, 0.8139161 , 0.73734782, 0.82055519,
       0.62351546, 0.77799604, 0.64706069, 0.47399185, 0.54577696]), array([0.9435925 , 0.98295361, 0.8240334 , 0.73916144, 0.82776698,
       0.63890433, 0.77699951, 0.65071832, 0.45661033, 0.5507867 ]), array([0.94668501, 0.98498965, 0.81376953, 0.7467411 , 0.8355733 ,
       0.64173799, 0.79195576, 0.61615308, 0.47618046, 0.54721391]), array([0.9472826 , 0.98524775, 0.80608933, 0.73780398, 0.82608591,
       0.63507033, 0.78921735, 0.6393313 , 0.4884323 , 0.54654434])]
real metric: [array([0.91489362, 0.87862797, 0.68475073, 0.85507246, 0.53371593,
       0.39586207, 0.30235988, 0.45810056, 0.30670471, 0.33093525]), array([0.91242938, 0.84573003, 0.71130952, 0.89956332, 0.53508772,
       0.41340782, 0.30677291, 0.47142857, 0.32850941, 0.32277526]), array([0.89518414, 0.86389685, 0.67867868, 0.87815126, 0.52340426,
       0.37988827, 0.32112676, 0.43131462, 0.31314623, 0.32010944]), array([0.92867982, 0.88705234, 0.71327684, 0.89807976, 0.54442877,
       0.41740413, 0.32751678, 0.44632768, 0.32763533, 0.31686047]), array([0.92363112, 0.87045124, 0.72984441, 0.88858322, 0.50212766,
       0.37793103, 0.31369661, 0.44060773, 0.3128655 , 0.33233533])]

estim_algorithm = doc-model, mode = classification, metric = sensitivity, confidence_scores = entropy-conf, class_specific = False
test err: [0.25475933069716483, 0.2480376235985678, 0.2581606413652509, 0.2532751917113659, 0.25971765280195586]
estimated metric: [array([0.72154519, 0.73338066, 0.72341584, 0.72276679, 0.72583529,
       0.72584753, 0.72818459, 0.72833521, 0.72822421, 0.72927837]), array([0.7217345 , 0.73356285, 0.72345325, 0.72281138, 0.72623692,
       0.72585722, 0.72885512, 0.72842471, 0.72806023, 0.72916601]), array([0.72166852, 0.73388126, 0.72351877, 0.72278353, 0.72602452,
       0.72580516, 0.72881748, 0.72834867, 0.72902084, 0.72884029]), array([0.72164732, 0.73326472, 0.72344592, 0.72281468, 0.72616481,
       0.72597986, 0.7286093 , 0.72876395, 0.72821321, 0.72893965]), array([0.72164722, 0.73322753, 0.72347462, 0.72282455, 0.72618534,
       0.72589197, 0.72862127, 0.72840004, 0.72757101, 0.72873469])]
real metric: [array([0.91489362, 0.87862797, 0.68475073, 0.85507246, 0.53371593,
       0.39586207, 0.30235988, 0.45810056, 0.30670471, 0.33093525]), array([0.91242938, 0.84573003, 0.71130952, 0.89956332, 0.53508772,
       0.41340782, 0.30677291, 0.47142857, 0.32850941, 0.32277526]), array([0.89518414, 0.86389685, 0.67867868, 0.87815126, 0.52340426,
       0.37988827, 0.32112676, 0.43131462, 0.31314623, 0.32010944]), array([0.92867982, 0.88705234, 0.71327684, 0.89807976, 0.54442877,
       0.41740413, 0.32751678, 0.44632768, 0.32763533, 0.31686047]), array([0.92363112, 0.87045124, 0.72984441, 0.88858322, 0.50212766,
       0.37793103, 0.31369661, 0.44060773, 0.3128655 , 0.33233533])]

estim_algorithm = doc-model, mode = classification, metric = sensitivity, confidence_scores = entropy-conf, class_specific = True
test err: [0.17319214919430798, 0.17361717721658598, 0.18360636493678598, 0.16726313282913863, 0.17675413550030258]
estimated metric: [array([0.97293116, 0.97330757, 0.82067698, 0.79314138, 0.80225054,
       0.61819105, 0.72279671, 0.62348473, 0.44835009, 0.49395228]), array([0.97312048, 0.97348976, 0.82071439, 0.79318596, 0.80265217,
       0.61820074, 0.72346724, 0.62357423, 0.4481861 , 0.49383992]), array([0.9730545 , 0.97380816, 0.82077991, 0.79315811, 0.80243977,
       0.61814868, 0.7234296 , 0.62349819, 0.44914672, 0.4935142 ]), array([0.9730333 , 0.97319163, 0.82070706, 0.79318926, 0.80258006,
       0.61832338, 0.72322143, 0.62391347, 0.44833909, 0.49361357]), array([0.97303319, 0.97315443, 0.82073576, 0.79319914, 0.80260059,
       0.6182355 , 0.72323339, 0.62354956, 0.44769689, 0.4934086 ])]
real metric: [array([0.91489362, 0.87862797, 0.68475073, 0.85507246, 0.53371593,
       0.39586207, 0.30235988, 0.45810056, 0.30670471, 0.33093525]), array([0.91242938, 0.84573003, 0.71130952, 0.89956332, 0.53508772,
       0.41340782, 0.30677291, 0.47142857, 0.32850941, 0.32277526]), array([0.89518414, 0.86389685, 0.67867868, 0.87815126, 0.52340426,
       0.37988827, 0.32112676, 0.43131462, 0.31314623, 0.32010944]), array([0.92867982, 0.88705234, 0.71327684, 0.89807976, 0.54442877,
       0.41740413, 0.32751678, 0.44632768, 0.32763533, 0.31686047]), array([0.92363112, 0.87045124, 0.72984441, 0.88858322, 0.50212766,
       0.37793103, 0.31369661, 0.44060773, 0.3128655 , 0.33233533])]

estim_algorithm = doc-model, mode = classification, metric = sensitivity, confidence_scores = doctor-conf, class_specific = False
test err: [0.29288101032370895, 0.30081897168419436, 0.3019937984382643, 0.3003435409838053, 0.3050868618049447]
estimated metric: [array([0.5572307 , 0.87871039, 0.61611026, 0.58625223, 0.69472591,
       0.70091743, 0.77857748, 0.79754388, 0.77318851, 0.81632924]), array([0.56398307, 0.87967161, 0.61781566, 0.58824722, 0.70945648,
       0.70415837, 0.80261318, 0.80035072, 0.76936915, 0.81302565]), array([0.5614178 , 0.88617171, 0.61852244, 0.58697462, 0.70058126,
       0.69958879, 0.8017676 , 0.79854392, 0.79823635, 0.80283556]), array([0.56094745, 0.8734566 , 0.61795839, 0.58768764, 0.7044621 ,
       0.70529353, 0.79203677, 0.81612884, 0.77372482, 0.80492383]), array([0.56100215, 0.87295932, 0.61926781, 0.58828151, 0.70623854,
       0.70307735, 0.79326085, 0.80184588, 0.75077531, 0.79921918])]
real metric: [array([0.91489362, 0.87862797, 0.68475073, 0.85507246, 0.53371593,
       0.39586207, 0.30235988, 0.45810056, 0.30670471, 0.33093525]), array([0.91242938, 0.84573003, 0.71130952, 0.89956332, 0.53508772,
       0.41340782, 0.30677291, 0.47142857, 0.32850941, 0.32277526]), array([0.89518414, 0.86389685, 0.67867868, 0.87815126, 0.52340426,
       0.37988827, 0.32112676, 0.43131462, 0.31314623, 0.32010944]), array([0.92867982, 0.88705234, 0.71327684, 0.89807976, 0.54442877,
       0.41740413, 0.32751678, 0.44632768, 0.32763533, 0.31686047]), array([0.92363112, 0.87045124, 0.72984441, 0.88858322, 0.50212766,
       0.37793103, 0.31369661, 0.44060773, 0.3128655 , 0.33233533])]

estim_algorithm = doc-model, mode = classification, metric = sensitivity, confidence_scores = doctor-conf, class_specific = True
test err: [0.14616569984825625, 0.1500067439857896, 0.16132265983317737, 0.14315735925847756, 0.14847480453580136]
estimated metric: [array([0.9347538 , 0.96019173, 0.80310176, 0.7672412 , 0.75761682,
       0.61806134, 0.64763263, 0.6108882 , 0.39659278, 0.4509374 ]), array([0.93869423, 0.95726023, 0.80480716, 0.7692362 , 0.77234739,
       0.62130229, 0.67176669, 0.61362627, 0.39144327, 0.4459434 ]), array([0.93755598, 0.96142981, 0.80551394, 0.7679636 , 0.76347217,
       0.61673271, 0.6716845 , 0.6122475 , 0.42671906, 0.4344325 ]), array([0.93641575, 0.95646828, 0.80494989, 0.76867662, 0.76735301,
       0.62243745, 0.66085835, 0.62957933, 0.39710739, 0.43618316]), array([0.9365023 , 0.95834818, 0.8062593 , 0.76927049, 0.76912945,
       0.62022127, 0.66118946, 0.615174  , 0.37306884, 0.42903315])]
real metric: [array([0.91489362, 0.87862797, 0.68475073, 0.85507246, 0.53371593,
       0.39586207, 0.30235988, 0.45810056, 0.30670471, 0.33093525]), array([0.91242938, 0.84573003, 0.71130952, 0.89956332, 0.53508772,
       0.41340782, 0.30677291, 0.47142857, 0.32850941, 0.32277526]), array([0.89518414, 0.86389685, 0.67867868, 0.87815126, 0.52340426,
       0.37988827, 0.32112676, 0.43131462, 0.31314623, 0.32010944]), array([0.92867982, 0.88705234, 0.71327684, 0.89807976, 0.54442877,
       0.41740413, 0.32751678, 0.44632768, 0.32763533, 0.31686047]), array([0.92363112, 0.87045124, 0.72984441, 0.88858322, 0.50212766,
       0.37793103, 0.31369661, 0.44060773, 0.3128655 , 0.33233533])]

estim_algorithm = atc-model, mode = classification, metric = sensitivity, confidence_scores = max_class_probability-conf, class_specific = False
test err: [0.2936767200408492, 0.303177113680574, 0.30871011534031767, 0.312612375555129, 0.31027419348850044]
estimated metric: [array([0.446875  , 0.82791817, 0.56085321, 0.44701527, 0.64047152,
       0.70876289, 0.64220185, 0.77222223, 0.69369371, 0.75641027]), array([0.46266359, 0.83924051, 0.59118728, 0.48390108, 0.68897638,
       0.75906736, 0.72839507, 0.77071824, 0.71367523, 0.75688075]), array([0.46069067, 0.84615385, 0.55569307, 0.4457944 , 0.63218392,
       0.70588236, 0.7427386 , 0.77044026, 0.75576038, 0.76150629]), array([0.45939491, 0.82708585, 0.58703482, 0.43729295, 0.6411215 ,
       0.7251309 , 0.75098815, 0.78070176, 0.71729959, 0.77477478]), array([0.47693453, 0.84840426, 0.5942029 , 0.46441606, 0.67276423,
       0.72440946, 0.72767858, 0.77941177, 0.71171172, 0.73777779])]
real metric: [array([0.91489362, 0.87862797, 0.68475073, 0.85507246, 0.53371593,
       0.39586207, 0.30235988, 0.45810056, 0.30670471, 0.33093525]), array([0.91242938, 0.84573003, 0.71130952, 0.89956332, 0.53508772,
       0.41340782, 0.30677291, 0.47142857, 0.32850941, 0.32277526]), array([0.89518414, 0.86389685, 0.67867868, 0.87815126, 0.52340426,
       0.37988827, 0.32112676, 0.43131462, 0.31314623, 0.32010944]), array([0.92867982, 0.88705234, 0.71327684, 0.89807976, 0.54442877,
       0.41740413, 0.32751678, 0.44632768, 0.32763533, 0.31686047]), array([0.92363112, 0.87045124, 0.72984441, 0.88858322, 0.50212766,
       0.37793103, 0.31369661, 0.44060773, 0.3128655 , 0.33233533])]

estim_algorithm = atc-model, mode = classification, metric = sensitivity, confidence_scores = max_class_probability-conf, class_specific = True
test err: [0.09704922699476137, 0.1068940667070625, 0.11642479623879756, 0.09220524671182898, 0.09953211386171117]
estimated metric: [array([0.92578125, 0.96269555, 0.73274781, 0.75242943, 0.62082515,
       0.55670104, 0.53669727, 0.52500001, 0.36036039, 0.45299148]), array([0.92840647, 0.94936709, 0.7380661 , 0.76948204, 0.67322835,
       0.59844561, 0.61728397, 0.54972377, 0.34188037, 0.38990828]), array([0.92578986, 0.95769231, 0.73267327, 0.75280374, 0.61302683,
       0.53743317, 0.61825728, 0.55974844, 0.41935487, 0.40167367]), array([0.92356688, 0.93349456, 0.74429772, 0.76384288, 0.61495328,
       0.58638745, 0.56521741, 0.62573101, 0.34177218, 0.35135138]), array([0.90922619, 0.9481383 , 0.75966184, 0.76368613, 0.64024391,
       0.55118111, 0.56696431, 0.56764707, 0.31981985, 0.38222225])]
real metric: [array([0.91489362, 0.87862797, 0.68475073, 0.85507246, 0.53371593,
       0.39586207, 0.30235988, 0.45810056, 0.30670471, 0.33093525]), array([0.91242938, 0.84573003, 0.71130952, 0.89956332, 0.53508772,
       0.41340782, 0.30677291, 0.47142857, 0.32850941, 0.32277526]), array([0.89518414, 0.86389685, 0.67867868, 0.87815126, 0.52340426,
       0.37988827, 0.32112676, 0.43131462, 0.31314623, 0.32010944]), array([0.92867982, 0.88705234, 0.71327684, 0.89807976, 0.54442877,
       0.41740413, 0.32751678, 0.44632768, 0.32763533, 0.31686047]), array([0.92363112, 0.87045124, 0.72984441, 0.88858322, 0.50212766,
       0.37793103, 0.31369661, 0.44060773, 0.3128655 , 0.33233533])]

estim_algorithm = atc-model, mode = classification, metric = sensitivity, confidence_scores = energy-conf, class_specific = False
test err: [0.25550696835117387, 0.24339706035058542, 0.25698438811967117, 0.24857821936358274, 0.2583800075691198]
estimated metric: [array([0.98515625, 0.32851986, 0.96988708, 0.80240629, 0.9410609 ,
       0.74484537, 0.82110093, 0.51666668, 0.56756759, 0.33333336]), array([0.98383372, 0.31898735, 0.96940025, 0.81054596, 0.9488189 ,
       0.74352332, 0.79423869, 0.51104974, 0.51709404, 0.29357801]), array([0.98824394, 0.28076924, 0.98267327, 0.80420561, 0.95019157,
       0.73796792, 0.76763486, 0.50314467, 0.46082952, 0.38493726]), array([0.97691083, 0.32889965, 0.96518607, 0.81590156, 0.96448598,
       0.75916231, 0.85770752, 0.42982458, 0.535865  , 0.28828832]), array([0.98065476, 0.34308512, 0.96859903, 0.8015511 , 0.95934959,
       0.74015749, 0.83482144, 0.50000001, 0.5810811 , 0.33777781])]
real metric: [array([0.91489362, 0.87862797, 0.68475073, 0.85507246, 0.53371593,
       0.39586207, 0.30235988, 0.45810056, 0.30670471, 0.33093525]), array([0.91242938, 0.84573003, 0.71130952, 0.89956332, 0.53508772,
       0.41340782, 0.30677291, 0.47142857, 0.32850941, 0.32277526]), array([0.89518414, 0.86389685, 0.67867868, 0.87815126, 0.52340426,
       0.37988827, 0.32112676, 0.43131462, 0.31314623, 0.32010944]), array([0.92867982, 0.88705234, 0.71327684, 0.89807976, 0.54442877,
       0.41740413, 0.32751678, 0.44632768, 0.32763533, 0.31686047]), array([0.92363112, 0.87045124, 0.72984441, 0.88858322, 0.50212766,
       0.37793103, 0.31369661, 0.44060773, 0.3128655 , 0.33233533])]

estim_algorithm = atc-model, mode = classification, metric = sensitivity, confidence_scores = energy-conf, class_specific = True
test err: [0.23267221081763148, 0.23285311052730262, 0.2303058986737659, 0.22809880502315968, 0.24339207030909282]
estimated metric: [array([0.85703125, 0.99037304, 0.82434128, 0.74271171, 0.82514735,
       0.68041238, 0.82568808, 0.66666668, 0.5810811 , 0.65384617]), array([0.86528099, 0.9886076 , 0.81150551, 0.74708353, 0.84251969,
       0.70466322, 0.82304527, 0.68508288, 0.53418805, 0.67431194]), array([0.85525349, 0.98846154, 0.84405941, 0.74018692, 0.80076629,
       0.70588236, 0.79668051, 0.69811322, 0.47004611, 0.65271968]), array([0.87101911, 0.99395405, 0.80912365, 0.76194984, 0.85794393,
       0.7251309 , 0.86561265, 0.58187136, 0.535865  , 0.69819821]), array([0.86383929, 0.99202128, 0.80676329, 0.73494526, 0.85365854,
       0.68241471, 0.85267858, 0.66470589, 0.60810813, 0.64000002])]
real metric: [array([0.91489362, 0.87862797, 0.68475073, 0.85507246, 0.53371593,
       0.39586207, 0.30235988, 0.45810056, 0.30670471, 0.33093525]), array([0.91242938, 0.84573003, 0.71130952, 0.89956332, 0.53508772,
       0.41340782, 0.30677291, 0.47142857, 0.32850941, 0.32277526]), array([0.89518414, 0.86389685, 0.67867868, 0.87815126, 0.52340426,
       0.37988827, 0.32112676, 0.43131462, 0.31314623, 0.32010944]), array([0.92867982, 0.88705234, 0.71327684, 0.89807976, 0.54442877,
       0.41740413, 0.32751678, 0.44632768, 0.32763533, 0.31686047]), array([0.92363112, 0.87045124, 0.72984441, 0.88858322, 0.50212766,
       0.37793103, 0.31369661, 0.44060773, 0.3128655 , 0.33233533])]

estim_algorithm = atc-model, mode = classification, metric = sensitivity, confidence_scores = entropy-conf, class_specific = False
test err: [0.38786540559203697, 0.39195562228501996, 0.3983563418834771, 0.39705017843527124, 0.4069109265224518]
estimated metric: [array([0.20390626, 0.87484958, 0.57841908, 0.35215178, 0.79371317,
       0.8685567 , 0.80733946, 0.84444445, 0.74774776, 0.82051283]), array([0.25096228, 0.8607595 , 0.57894737, 0.34717686, 0.8484252 ,
       0.86787565, 0.85185186, 0.8480663 , 0.72649574, 0.79357799]), array([0.23659075, 0.87820513, 0.5779703 , 0.34813084, 0.82375479,
       0.87165776, 0.86307055, 0.81446541, 0.79262674, 0.80334729]), array([0.23726115, 0.86336155, 0.5882353 , 0.36725036, 0.82429907,
       0.89267016, 0.86561265, 0.83918129, 0.74261604, 0.81531532]), array([0.22991072, 0.87234043, 0.57971015, 0.35857665, 0.84349594,
       0.88976378, 0.88839286, 0.83529412, 0.69819821, 0.81777779])]
real metric: [array([0.91489362, 0.87862797, 0.68475073, 0.85507246, 0.53371593,
       0.39586207, 0.30235988, 0.45810056, 0.30670471, 0.33093525]), array([0.91242938, 0.84573003, 0.71130952, 0.89956332, 0.53508772,
       0.41340782, 0.30677291, 0.47142857, 0.32850941, 0.32277526]), array([0.89518414, 0.86389685, 0.67867868, 0.87815126, 0.52340426,
       0.37988827, 0.32112676, 0.43131462, 0.31314623, 0.32010944]), array([0.92867982, 0.88705234, 0.71327684, 0.89807976, 0.54442877,
       0.41740413, 0.32751678, 0.44632768, 0.32763533, 0.31686047]), array([0.92363112, 0.87045124, 0.72984441, 0.88858322, 0.50212766,
       0.37793103, 0.31369661, 0.44060773, 0.3128655 , 0.33233533])]

estim_algorithm = atc-model, mode = classification, metric = sensitivity, confidence_scores = entropy-conf, class_specific = True
test err: [0.1381333128456076, 0.15258208967182035, 0.149235773339641, 0.14466928480618008, 0.14263932153382702]
estimated metric: [array([0.8578125 , 0.96510229, 0.73525722, 0.60666358, 0.6502947 ,
       0.69329898, 0.53669727, 0.5638889 , 0.3693694 , 0.45299148]), array([0.87528868, 0.9556962 , 0.75397797, 0.60382641, 0.72047245,
       0.68911918, 0.654321  , 0.58287294, 0.36324789, 0.40825691]), array([0.86774431, 0.95384615, 0.72648515, 0.58785047, 0.66475096,
       0.66042782, 0.62655603, 0.57861637, 0.41474657, 0.38075316]), array([0.85987261, 0.93591294, 0.74669868, 0.58920966, 0.69906543,
       0.69371729, 0.6047431 , 0.63742691, 0.36708863, 0.36486489]), array([0.86830357, 0.95079787, 0.75120773, 0.60082117, 0.68089432,
       0.67716536, 0.58928573, 0.60294119, 0.31531535, 0.39555558])]
real metric: [array([0.91489362, 0.87862797, 0.68475073, 0.85507246, 0.53371593,
       0.39586207, 0.30235988, 0.45810056, 0.30670471, 0.33093525]), array([0.91242938, 0.84573003, 0.71130952, 0.89956332, 0.53508772,
       0.41340782, 0.30677291, 0.47142857, 0.32850941, 0.32277526]), array([0.89518414, 0.86389685, 0.67867868, 0.87815126, 0.52340426,
       0.37988827, 0.32112676, 0.43131462, 0.31314623, 0.32010944]), array([0.92867982, 0.88705234, 0.71327684, 0.89807976, 0.54442877,
       0.41740413, 0.32751678, 0.44632768, 0.32763533, 0.31686047]), array([0.92363112, 0.87045124, 0.72984441, 0.88858322, 0.50212766,
       0.37793103, 0.31369661, 0.44060773, 0.3128655 , 0.33233533])]

estim_algorithm = atc-model, mode = classification, metric = sensitivity, confidence_scores = doctor-conf, class_specific = False
test err: [0.3750128132078784, 0.384400979525924, 0.3863027211225394, 0.391704438230148, 0.3982901772285973]
estimated metric: [array([0.23984376, 0.86281589, 0.57967378, 0.30310042, 0.74852653,
       0.84278351, 0.75688075, 0.82222223, 0.74324325, 0.81623932]), array([0.28945343, 0.8556962 , 0.5887393 , 0.29678022, 0.82086615,
       0.8626943 , 0.82304527, 0.83701658, 0.72649574, 0.79357799]), array([0.27259369, 0.87692308, 0.58663367, 0.30373832, 0.77203066,
       0.84759359, 0.84647304, 0.80503145, 0.78801844, 0.79079499]), array([0.26671975, 0.85610641, 0.58343338, 0.31377189, 0.79065421,
       0.87696335, 0.84584981, 0.82748539, 0.73839664, 0.81081082]), array([0.26562501, 0.86702128, 0.60265701, 0.30748175, 0.81300813,
       0.87401575, 0.87053572, 0.82352942, 0.70720722, 0.80444445])]
real metric: [array([0.91489362, 0.87862797, 0.68475073, 0.85507246, 0.53371593,
       0.39586207, 0.30235988, 0.45810056, 0.30670471, 0.33093525]), array([0.91242938, 0.84573003, 0.71130952, 0.89956332, 0.53508772,
       0.41340782, 0.30677291, 0.47142857, 0.32850941, 0.32277526]), array([0.89518414, 0.86389685, 0.67867868, 0.87815126, 0.52340426,
       0.37988827, 0.32112676, 0.43131462, 0.31314623, 0.32010944]), array([0.92867982, 0.88705234, 0.71327684, 0.89807976, 0.54442877,
       0.41740413, 0.32751678, 0.44632768, 0.32763533, 0.31686047]), array([0.92363112, 0.87045124, 0.72984441, 0.88858322, 0.50212766,
       0.37793103, 0.31369661, 0.44060773, 0.3128655 , 0.33233533])]

estim_algorithm = atc-model, mode = classification, metric = sensitivity, confidence_scores = doctor-conf, class_specific = True
test err: [0.12285939139081892, 0.13311631015642025, 0.13284091421371497, 0.12436931021194153, 0.12352326864809607]
estimated metric: [array([0.86640625, 0.95186522, 0.71518194, 0.63211476, 0.64243616,
       0.63402063, 0.53211011, 0.55000001, 0.3738739 , 0.44871797]), array([0.88529638, 0.9443038 , 0.73194615, 0.63882408, 0.70472442,
       0.67357514, 0.61316874, 0.56629835, 0.35897439, 0.38532113]), array([0.88317414, 0.94230769, 0.7029703 , 0.62102804, 0.64367817,
       0.63368985, 0.60580914, 0.56603775, 0.42396316, 0.37238496]), array([0.87101911, 0.92623942, 0.72989196, 0.62186465, 0.67476636,
       0.64921467, 0.55731227, 0.62573101, 0.37130804, 0.35585588]), array([0.875     , 0.9375    , 0.7294686 , 0.62773723, 0.66260163,
       0.62992127, 0.55803573, 0.58529413, 0.31981985, 0.38222225])]
real metric: [array([0.91489362, 0.87862797, 0.68475073, 0.85507246, 0.53371593,
       0.39586207, 0.30235988, 0.45810056, 0.30670471, 0.33093525]), array([0.91242938, 0.84573003, 0.71130952, 0.89956332, 0.53508772,
       0.41340782, 0.30677291, 0.47142857, 0.32850941, 0.32277526]), array([0.89518414, 0.86389685, 0.67867868, 0.87815126, 0.52340426,
       0.37988827, 0.32112676, 0.43131462, 0.31314623, 0.32010944]), array([0.92867982, 0.88705234, 0.71327684, 0.89807976, 0.54442877,
       0.41740413, 0.32751678, 0.44632768, 0.32763533, 0.31686047]), array([0.92363112, 0.87045124, 0.72984441, 0.88858322, 0.50212766,
       0.37793103, 0.31369661, 0.44060773, 0.3128655 , 0.33233533])]

estim_algorithm = ts-atc-model, mode = classification, metric = sensitivity, confidence_scores = max_class_probability-conf, class_specific = False
test err: [0.26689604963954416, 0.27821513475187903, 0.2761872851627958, 0.2849951380472075, 0.27799927125977913]
estimated metric: [array([0.53671875, 0.8267148 , 0.58720201, 0.52521981, 0.63261297,
       0.6829897 , 0.6376147 , 0.76666667, 0.67567569, 0.74358975]), array([0.55504234, 0.82911393, 0.60342718, 0.55436304, 0.66929135,
       0.73316063, 0.69547326, 0.76519338, 0.72222223, 0.74770643]), array([0.54592212, 0.83205128, 0.58539604, 0.53551402, 0.62260537,
       0.66844921, 0.71369296, 0.76415095, 0.73271891, 0.73221758]), array([0.54299363, 0.81862153, 0.60864346, 0.50875533, 0.63177571,
       0.70680629, 0.72332017, 0.78070176, 0.69620254, 0.74324325]), array([0.56696429, 0.8231383 , 0.61835749, 0.53786497, 0.65040651,
       0.68766405, 0.70982144, 0.77647059, 0.67567569, 0.69333335])]
real metric: [array([0.91489362, 0.87862797, 0.68475073, 0.85507246, 0.53371593,
       0.39586207, 0.30235988, 0.45810056, 0.30670471, 0.33093525]), array([0.91242938, 0.84573003, 0.71130952, 0.89956332, 0.53508772,
       0.41340782, 0.30677291, 0.47142857, 0.32850941, 0.32277526]), array([0.89518414, 0.86389685, 0.67867868, 0.87815126, 0.52340426,
       0.37988827, 0.32112676, 0.43131462, 0.31314623, 0.32010944]), array([0.92867982, 0.88705234, 0.71327684, 0.89807976, 0.54442877,
       0.41740413, 0.32751678, 0.44632768, 0.32763533, 0.31686047]), array([0.92363112, 0.87045124, 0.72984441, 0.88858322, 0.50212766,
       0.37793103, 0.31369661, 0.44060773, 0.3128655 , 0.33233533])]

estim_algorithm = ts-atc-model, mode = classification, metric = sensitivity, confidence_scores = max_class_probability-conf, class_specific = True
test err: [0.09866010513910424, 0.10647579004729157, 0.11458139889165839, 0.08872446989885725, 0.09414784661585458]
estimated metric: [array([0.9640625 , 0.96510229, 0.75031368, 0.80240629, 0.63654225,
       0.54123713, 0.54128442, 0.51944446, 0.36036039, 0.46153848]), array([0.96381832, 0.95696203, 0.74908201, 0.82781148, 0.67322835,
       0.59585493, 0.60905351, 0.53867405, 0.35470088, 0.3990826 ]), array([0.96032329, 0.95897436, 0.74009901, 0.82383178, 0.63218392,
       0.51871659, 0.60580914, 0.55345913, 0.44700463, 0.40167367]), array([0.96894904, 0.94437727, 0.73709484, 0.83057265, 0.63177571,
       0.55497383, 0.55731227, 0.62865498, 0.35443041, 0.35135138]), array([0.95982143, 0.95212766, 0.76086957, 0.81797445, 0.65650407,
       0.52755907, 0.54910716, 0.56176472, 0.32882886, 0.37777781])]
real metric: [array([0.91489362, 0.87862797, 0.68475073, 0.85507246, 0.53371593,
       0.39586207, 0.30235988, 0.45810056, 0.30670471, 0.33093525]), array([0.91242938, 0.84573003, 0.71130952, 0.89956332, 0.53508772,
       0.41340782, 0.30677291, 0.47142857, 0.32850941, 0.32277526]), array([0.89518414, 0.86389685, 0.67867868, 0.87815126, 0.52340426,
       0.37988827, 0.32112676, 0.43131462, 0.31314623, 0.32010944]), array([0.92867982, 0.88705234, 0.71327684, 0.89807976, 0.54442877,
       0.41740413, 0.32751678, 0.44632768, 0.32763533, 0.31686047]), array([0.92363112, 0.87045124, 0.72984441, 0.88858322, 0.50212766,
       0.37793103, 0.31369661, 0.44060773, 0.3128655 , 0.33233533])]

estim_algorithm = ts-atc-model, mode = classification, metric = sensitivity, confidence_scores = energy-conf, class_specific = False
test err: [0.25601526753113607, 0.24316897973384455, 0.25783077853480285, 0.24884132284257338, 0.2586564086354196]
estimated metric: [array([0.98515625, 0.32972323, 0.97114178, 0.80703378, 0.9410609 ,
       0.75000001, 0.82110093, 0.51666668, 0.57207209, 0.33333336]), array([0.98383372, 0.31772153, 0.96940025, 0.81194587, 0.9507874 ,
       0.74352332, 0.79012347, 0.51104974, 0.51709404, 0.29357801]), array([0.98824394, 0.28076924, 0.98514852, 0.80700935, 0.95019157,
       0.73796792, 0.76763486, 0.50314467, 0.46543781, 0.38912136]), array([0.97691083, 0.32889965, 0.96878752, 0.81874113, 0.96635514,
       0.75916231, 0.85770752, 0.42982458, 0.535865  , 0.28828832]), array([0.98139881, 0.3444149 , 0.97342995, 0.80565694, 0.95934959,
       0.74278216, 0.83482144, 0.50000001, 0.5810811 , 0.33777781])]
real metric: [array([0.91489362, 0.87862797, 0.68475073, 0.85507246, 0.53371593,
       0.39586207, 0.30235988, 0.45810056, 0.30670471, 0.33093525]), array([0.91242938, 0.84573003, 0.71130952, 0.89956332, 0.53508772,
       0.41340782, 0.30677291, 0.47142857, 0.32850941, 0.32277526]), array([0.89518414, 0.86389685, 0.67867868, 0.87815126, 0.52340426,
       0.37988827, 0.32112676, 0.43131462, 0.31314623, 0.32010944]), array([0.92867982, 0.88705234, 0.71327684, 0.89807976, 0.54442877,
       0.41740413, 0.32751678, 0.44632768, 0.32763533, 0.31686047]), array([0.92363112, 0.87045124, 0.72984441, 0.88858322, 0.50212766,
       0.37793103, 0.31369661, 0.44060773, 0.3128655 , 0.33233533])]

estim_algorithm = ts-atc-model, mode = classification, metric = sensitivity, confidence_scores = energy-conf, class_specific = True
test err: [0.2321416905621581, 0.23288169831081137, 0.22950176000802397, 0.2274094652672042, 0.2432075479320439]
estimated metric: [array([0.86015625, 0.99037304, 0.82308658, 0.74363721, 0.82514735,
       0.68041238, 0.82568808, 0.66666668, 0.5810811 , 0.65384617]), array([0.86682063, 0.9886076 , 0.80905753, 0.74708353, 0.84251969,
       0.70466322, 0.82304527, 0.68508288, 0.53846156, 0.67431194]), array([0.86039677, 0.98974359, 0.84034654, 0.74065421, 0.80076629,
       0.70588236, 0.79668051, 0.69811322, 0.47004611, 0.65271968]), array([0.87738854, 0.99395405, 0.80672269, 0.7624231 , 0.85607477,
       0.7251309 , 0.86561265, 0.58187136, 0.54008441, 0.69819821]), array([0.86607143, 0.99069149, 0.80555556, 0.73540146, 0.8495935 ,
       0.68241471, 0.85267858, 0.66764707, 0.61261263, 0.64000002])]
real metric: [array([0.91489362, 0.87862797, 0.68475073, 0.85507246, 0.53371593,
       0.39586207, 0.30235988, 0.45810056, 0.30670471, 0.33093525]), array([0.91242938, 0.84573003, 0.71130952, 0.89956332, 0.53508772,
       0.41340782, 0.30677291, 0.47142857, 0.32850941, 0.32277526]), array([0.89518414, 0.86389685, 0.67867868, 0.87815126, 0.52340426,
       0.37988827, 0.32112676, 0.43131462, 0.31314623, 0.32010944]), array([0.92867982, 0.88705234, 0.71327684, 0.89807976, 0.54442877,
       0.41740413, 0.32751678, 0.44632768, 0.32763533, 0.31686047]), array([0.92363112, 0.87045124, 0.72984441, 0.88858322, 0.50212766,
       0.37793103, 0.31369661, 0.44060773, 0.3128655 , 0.33233533])]

estim_algorithm = ts-atc-model, mode = classification, metric = sensitivity, confidence_scores = entropy-conf, class_specific = False
test err: [0.27204081553041054, 0.2843437210044032, 0.2855892999889726, 0.29352016916880824, 0.2866925690542025]
estimated metric: [array([0.52265625, 0.83152828, 0.57967378, 0.50023138, 0.63261297,
       0.69329898, 0.62844038, 0.76666667, 0.67567569, 0.75213676]), array([0.53271748, 0.83544304, 0.6009792 , 0.53523099, 0.66732284,
       0.7357513 , 0.69958849, 0.77071824, 0.72649574, 0.75688075]), array([0.52828803, 0.83846154, 0.56930694, 0.5093458 , 0.62068966,
       0.68449199, 0.70954358, 0.76415095, 0.74654379, 0.74895399]), array([0.52468153, 0.82708585, 0.59783914, 0.47846664, 0.62990655,
       0.71204189, 0.7193676 , 0.78070176, 0.71308018, 0.76126127]), array([0.55282738, 0.83244681, 0.60748793, 0.51779197, 0.64430895,
       0.69291339, 0.70982144, 0.77941177, 0.6891892 , 0.7288889 ])]
real metric: [array([0.91489362, 0.87862797, 0.68475073, 0.85507246, 0.53371593,
       0.39586207, 0.30235988, 0.45810056, 0.30670471, 0.33093525]), array([0.91242938, 0.84573003, 0.71130952, 0.89956332, 0.53508772,
       0.41340782, 0.30677291, 0.47142857, 0.32850941, 0.32277526]), array([0.89518414, 0.86389685, 0.67867868, 0.87815126, 0.52340426,
       0.37988827, 0.32112676, 0.43131462, 0.31314623, 0.32010944]), array([0.92867982, 0.88705234, 0.71327684, 0.89807976, 0.54442877,
       0.41740413, 0.32751678, 0.44632768, 0.32763533, 0.31686047]), array([0.92363112, 0.87045124, 0.72984441, 0.88858322, 0.50212766,
       0.37793103, 0.31369661, 0.44060773, 0.3128655 , 0.33233533])]

estim_algorithm = ts-atc-model, mode = classification, metric = sensitivity, confidence_scores = entropy-conf, class_specific = True
test err: [0.10142294978440058, 0.10746585945937462, 0.11451346257030455, 0.09029625130352507, 0.0953196729161363]
estimated metric: [array([0.96171875, 0.97713598, 0.75407779, 0.79037483, 0.62278979,
       0.55412372, 0.54128442, 0.52222224, 0.36486489, 0.45726498]), array([0.95919938, 0.96708861, 0.74908201, 0.81801213, 0.66338583,
       0.60362695, 0.60905351, 0.54419891, 0.35042738, 0.39449544]), array([0.95297575, 0.96666667, 0.74504951, 0.80607477, 0.61111112,
       0.52673798, 0.60580914, 0.55660379, 0.43317975, 0.40167367]), array([0.96417197, 0.96251512, 0.73589436, 0.8154283 , 0.61495328,
       0.56020944, 0.55731227, 0.62865498, 0.35443041, 0.35135138]), array([0.953125  , 0.96542553, 0.76690822, 0.80520073, 0.64024391,
       0.53018374, 0.54910716, 0.56176472, 0.32432435, 0.38222225])]
real metric: [array([0.91489362, 0.87862797, 0.68475073, 0.85507246, 0.53371593,
       0.39586207, 0.30235988, 0.45810056, 0.30670471, 0.33093525]), array([0.91242938, 0.84573003, 0.71130952, 0.89956332, 0.53508772,
       0.41340782, 0.30677291, 0.47142857, 0.32850941, 0.32277526]), array([0.89518414, 0.86389685, 0.67867868, 0.87815126, 0.52340426,
       0.37988827, 0.32112676, 0.43131462, 0.31314623, 0.32010944]), array([0.92867982, 0.88705234, 0.71327684, 0.89807976, 0.54442877,
       0.41740413, 0.32751678, 0.44632768, 0.32763533, 0.31686047]), array([0.92363112, 0.87045124, 0.72984441, 0.88858322, 0.50212766,
       0.37793103, 0.31369661, 0.44060773, 0.3128655 , 0.33233533])]

estim_algorithm = ts-atc-model, mode = classification, metric = sensitivity, confidence_scores = doctor-conf, class_specific = False
test err: [0.3621165857059002, 0.3740934457190201, 0.37355706236281444, 0.38232261888265995, 0.38298068051601836]
estimated metric: [array([0.29531251, 0.85920578, 0.56587203, 0.27626099, 0.72495089,
       0.81185567, 0.72935781, 0.80833334, 0.73423425, 0.80341881]), array([0.32332564, 0.85443038, 0.59730723, 0.27858143, 0.7972441 ,
       0.84715026, 0.80246914, 0.81491713, 0.73076924, 0.79357799]), array([0.32035269, 0.87307692, 0.57549505, 0.27429907, 0.73563219,
       0.82887701, 0.81742739, 0.78616353, 0.77880185, 0.78661089]), array([0.30573249, 0.85126965, 0.5882353 , 0.2811169 , 0.76074767,
       0.85078534, 0.82608696, 0.82456141, 0.73417723, 0.80630632]), array([0.30133929, 0.8643617 , 0.60024155, 0.28010949, 0.78252033,
       0.84251969, 0.82142858, 0.82058824, 0.6891892 , 0.78666668])]
real metric: [array([0.91489362, 0.87862797, 0.68475073, 0.85507246, 0.53371593,
       0.39586207, 0.30235988, 0.45810056, 0.30670471, 0.33093525]), array([0.91242938, 0.84573003, 0.71130952, 0.89956332, 0.53508772,
       0.41340782, 0.30677291, 0.47142857, 0.32850941, 0.32277526]), array([0.89518414, 0.86389685, 0.67867868, 0.87815126, 0.52340426,
       0.37988827, 0.32112676, 0.43131462, 0.31314623, 0.32010944]), array([0.92867982, 0.88705234, 0.71327684, 0.89807976, 0.54442877,
       0.41740413, 0.32751678, 0.44632768, 0.32763533, 0.31686047]), array([0.92363112, 0.87045124, 0.72984441, 0.88858322, 0.50212766,
       0.37793103, 0.31369661, 0.44060773, 0.3128655 , 0.33233533])]

estim_algorithm = ts-atc-model, mode = classification, metric = sensitivity, confidence_scores = doctor-conf, class_specific = True
test err: [0.11682406664408415, 0.12246481191317193, 0.1238297681323983, 0.11319773974710257, 0.11690007686640687]
estimated metric: [array([0.88203125, 0.95788207, 0.70263488, 0.66080518, 0.63457761,
       0.62628867, 0.53669727, 0.54722223, 0.3738739 , 0.45299148]), array([0.89222479, 0.95189873, 0.72215423, 0.67522165, 0.68700788,
       0.64248706, 0.59670784, 0.56629835, 0.36324789, 0.38532113]), array([0.88831741, 0.94615385, 0.70173268, 0.66448598, 0.63026821,
       0.60160429, 0.59336101, 0.56603775, 0.43778804, 0.37238496]), array([0.88057325, 0.93228537, 0.71188476, 0.65735921, 0.65233646,
       0.61518326, 0.5533597 , 0.62865498, 0.37130804, 0.35585588]), array([0.87872024, 0.94015958, 0.71980677, 0.66833942, 0.65650407,
       0.59580054, 0.56696431, 0.58235295, 0.31981985, 0.38222225])]
real metric: [array([0.91489362, 0.87862797, 0.68475073, 0.85507246, 0.53371593,
       0.39586207, 0.30235988, 0.45810056, 0.30670471, 0.33093525]), array([0.91242938, 0.84573003, 0.71130952, 0.89956332, 0.53508772,
       0.41340782, 0.30677291, 0.47142857, 0.32850941, 0.32277526]), array([0.89518414, 0.86389685, 0.67867868, 0.87815126, 0.52340426,
       0.37988827, 0.32112676, 0.43131462, 0.31314623, 0.32010944]), array([0.92867982, 0.88705234, 0.71327684, 0.89807976, 0.54442877,
       0.41740413, 0.32751678, 0.44632768, 0.32763533, 0.31686047]), array([0.92363112, 0.87045124, 0.72984441, 0.88858322, 0.50212766,
       0.37793103, 0.31369661, 0.44060773, 0.3128655 , 0.33233533])]

