estim_algorithm = moval-ensemble-cls-sensitivity, mode = classification, metric = sensitivity
test err: [0.1336723283890152, 0.12258979309332134, 0.12605938640691638, 0.11867607455428153, 0.11738136899081966]
estimated metric: [array([0.89425619, 0.8851413 , 0.51155116, 0.53884182, 0.26611035,
       0.3494624 , 0.63670412, 0.57317075, 0.29317278, 0.37834943]), array([0.87120686, 0.87172371, 0.5316947 , 0.5340351 , 0.28558053,
       0.3380727 , 0.65722892, 0.62867648, 0.18565411, 0.39373604]), array([0.89426049, 0.8895202 , 0.48631031, 0.57448379, 0.27186408,
       0.28205132, 0.65033452, 0.6287263 , 0.23684221, 0.43004117]), array([0.8898892 , 0.87826641, 0.51427373, 0.54855073, 0.26544945,
       0.30258903, 0.65840708, 0.61808369, 0.15853669, 0.38747348]), array([0.88524209, 0.87295477, 0.50589778, 0.52537724, 0.2830866 ,
       0.3416667 , 0.63085738, 0.5710692 , 0.19871803, 0.38446413])]
real metric: [array([0.80177515, 0.86482759, 0.51408451, 0.33333333, 0.50146628,
       0.2084507 , 0.82881598, 0.31830986, 0.10541311, 0.38313609]), array([0.82518519, 0.86338028, 0.47687861, 0.33086053, 0.49135447,
       0.22343324, 0.83261183, 0.3423913 , 0.09985528, 0.34807418]), array([0.8178025 , 0.87724138, 0.47181009, 0.34191702, 0.49719101,
       0.228739  , 0.84422809, 0.33821376, 0.0915493 , 0.41358936]), array([0.82284041, 0.85034965, 0.52102102, 0.30204082, 0.4978903 ,
       0.23098592, 0.85501355, 0.33878158, 0.10313901, 0.38428571]), array([0.81547619, 0.86388889, 0.48051948, 0.34462445, 0.51640514,
       0.21961326, 0.83053221, 0.32780083, 0.13616398, 0.41244573])]

