estim_algorithm = ac-model, mode = classification, metric = f1score, confidence_scores = max_class_probability-conf, class_specific = False
test err: [0.36496494918595235, 0.35200884818764167, 0.35796091252630136, 0.3570644063799916, 0.3674160783265539]
estimated metric: [array([0.93960316, 0.95688634, 0.8883261 , 0.88152287, 0.90518137,
       0.90485899, 0.91541356, 0.92153943, 0.89852854, 0.92485057]), array([0.93823629, 0.95814923, 0.88600949, 0.8803058 , 0.90187037,
       0.89982943, 0.91569253, 0.91601518, 0.8854679 , 0.92170129]), array([0.94026379, 0.95362773, 0.89079105, 0.88526421, 0.91044981,
       0.89467503, 0.91907244, 0.91711321, 0.89672129, 0.91365162]), array([0.94138224, 0.95832247, 0.89064036, 0.86699423, 0.91128488,
       0.89171301, 0.9140389 , 0.91059849, 0.89868422, 0.92405087]), array([0.93899264, 0.9554602 , 0.89387997, 0.88301284, 0.9041503 ,
       0.88299846, 0.91341543, 0.92436979, 0.90842035, 0.9230906 ])]
real metric: [array([0.54602888, 0.82424242, 0.54084864, 0.50031192, 0.53333333,
       0.4570273 , 0.65338078, 0.52760736, 0.34687157, 0.55740922]), array([0.55606199, 0.81099196, 0.56983931, 0.49580374, 0.53736875,
       0.47947761, 0.67208672, 0.55474453, 0.33566434, 0.5711501 ]), array([0.56308851, 0.77800134, 0.53349574, 0.51728395, 0.55880729,
       0.5128694 , 0.65368567, 0.55489022, 0.33012048, 0.53977845]), array([0.540446  , 0.804     , 0.55662651, 0.52745849, 0.54265403,
       0.49025641, 0.67132867, 0.58546169, 0.32845894, 0.49037487]), array([0.57344508, 0.77944325, 0.51403061, 0.48992443, 0.54251012,
       0.48336595, 0.63768116, 0.55952381, 0.32018561, 0.55351977])]

estim_algorithm = ac-model, mode = classification, metric = f1score, confidence_scores = energy-conf, class_specific = False
test err: [0.17932746946458814, 0.19441857054223552, 0.18969802109326891, 0.19127748279094642, 0.18425148983136355]
estimated metric: [array([0.37697725, 0.45887519, 0.33034026, 0.30029953, 0.34348795,
       0.37414459, 0.38494631, 0.39529474, 0.36867324, 0.40435102]), array([0.38144195, 0.45785064, 0.33462329, 0.30501704, 0.33843767,
       0.36386176, 0.3867413 , 0.38439037, 0.382954  , 0.39826462]), array([0.38508614, 0.45657531, 0.3302043 , 0.30204031, 0.3490829 ,
       0.36356792, 0.38659098, 0.3910195 , 0.37283544, 0.39346796]), array([0.38273212, 0.46394943, 0.33579746, 0.29212933, 0.34353996,
       0.36011457, 0.37903557, 0.38003521, 0.37191131, 0.40195056]), array([0.37645692, 0.45496518, 0.3338951 , 0.30303625, 0.34215435,
       0.34786251, 0.38766328, 0.39225309, 0.37144975, 0.40390674])]
real metric: [array([0.54602888, 0.82424242, 0.54084864, 0.50031192, 0.53333333,
       0.4570273 , 0.65338078, 0.52760736, 0.34687157, 0.55740922]), array([0.55606199, 0.81099196, 0.56983931, 0.49580374, 0.53736875,
       0.47947761, 0.67208672, 0.55474453, 0.33566434, 0.5711501 ]), array([0.56308851, 0.77800134, 0.53349574, 0.51728395, 0.55880729,
       0.5128694 , 0.65368567, 0.55489022, 0.33012048, 0.53977845]), array([0.540446  , 0.804     , 0.55662651, 0.52745849, 0.54265403,
       0.49025641, 0.67132867, 0.58546169, 0.32845894, 0.49037487]), array([0.57344508, 0.77944325, 0.51403061, 0.48992443, 0.54251012,
       0.48336595, 0.63768116, 0.55952381, 0.32018561, 0.55351977])]

estim_algorithm = ac-model, mode = classification, metric = f1score, confidence_scores = entropy-conf, class_specific = False
test err: [0.3499027567486597, 0.33794955436029617, 0.34309869635158774, 0.34193122229739126, 0.3520807155043649]
estimated metric: [array([0.92655514, 0.94649305, 0.87173245, 0.86100262, 0.88581139,
       0.89081385, 0.89924226, 0.90601593, 0.88666598, 0.91175633]), array([0.92608906, 0.94899523, 0.87173472, 0.85949356, 0.88304495,
       0.8850873 , 0.9020064 , 0.90065179, 0.87932467, 0.9062569 ]), array([0.92900825, 0.94471869, 0.87324458, 0.86312492, 0.89185596,
       0.8812672 , 0.90560187, 0.90244809, 0.88242809, 0.89931037]), array([0.92772733, 0.94882538, 0.87383915, 0.84737986, 0.89151123,
       0.87725889, 0.90053088, 0.896898  , 0.88275381, 0.9096533 ]), array([0.92677519, 0.94393351, 0.87636674, 0.86125751, 0.88448549,
       0.87007503, 0.89996797, 0.90718465, 0.89597371, 0.90841718])]
real metric: [array([0.54602888, 0.82424242, 0.54084864, 0.50031192, 0.53333333,
       0.4570273 , 0.65338078, 0.52760736, 0.34687157, 0.55740922]), array([0.55606199, 0.81099196, 0.56983931, 0.49580374, 0.53736875,
       0.47947761, 0.67208672, 0.55474453, 0.33566434, 0.5711501 ]), array([0.56308851, 0.77800134, 0.53349574, 0.51728395, 0.55880729,
       0.5128694 , 0.65368567, 0.55489022, 0.33012048, 0.53977845]), array([0.540446  , 0.804     , 0.55662651, 0.52745849, 0.54265403,
       0.49025641, 0.67132867, 0.58546169, 0.32845894, 0.49037487]), array([0.57344508, 0.77944325, 0.51403061, 0.48992443, 0.54251012,
       0.48336595, 0.63768116, 0.55952381, 0.32018561, 0.55351977])]

estim_algorithm = ac-model, mode = classification, metric = f1score, confidence_scores = doctor-conf, class_specific = False
test err: [0.4090312794717509, 0.3974285978626023, 0.40237938147719277, 0.40192705247911975, 0.4116335690583403]
estimated metric: [array([0.97018458, 0.97872229, 0.94531326, 0.94078185, 0.95197594,
       0.95395632, 0.95813178, 0.9623836 , 0.95296464, 0.96295998]), array([0.96975738, 0.97924414, 0.94460302, 0.93917667, 0.951538  ,
       0.95005791, 0.95901508, 0.9582239 , 0.94533917, 0.96051973]), array([0.97105028, 0.97713728, 0.94610222, 0.94283369, 0.95588752,
       0.94878646, 0.95998314, 0.95801789, 0.94759786, 0.95841853]), array([0.9711862 , 0.98008953, 0.94638426, 0.93236504, 0.95499125,
       0.94530321, 0.95796364, 0.95495013, 0.94979818, 0.96330469]), array([0.97053572, 0.97860319, 0.94735715, 0.94192213, 0.95176228,
       0.94190289, 0.95759876, 0.96164938, 0.95583695, 0.96279704])]
real metric: [array([0.54602888, 0.82424242, 0.54084864, 0.50031192, 0.53333333,
       0.4570273 , 0.65338078, 0.52760736, 0.34687157, 0.55740922]), array([0.55606199, 0.81099196, 0.56983931, 0.49580374, 0.53736875,
       0.47947761, 0.67208672, 0.55474453, 0.33566434, 0.5711501 ]), array([0.56308851, 0.77800134, 0.53349574, 0.51728395, 0.55880729,
       0.5128694 , 0.65368567, 0.55489022, 0.33012048, 0.53977845]), array([0.540446  , 0.804     , 0.55662651, 0.52745849, 0.54265403,
       0.49025641, 0.67132867, 0.58546169, 0.32845894, 0.49037487]), array([0.57344508, 0.77944325, 0.51403061, 0.48992443, 0.54251012,
       0.48336595, 0.63768116, 0.55952381, 0.32018561, 0.55351977])]

estim_algorithm = ts-model, mode = classification, metric = f1score, confidence_scores = max_class_probability-conf, class_specific = False
test err: [0.22009162463688953, 0.20954050478552455, 0.2135417788138189, 0.21217047153701474, 0.22184963169103886]
estimated metric: [array([0.81285598, 0.86014431, 0.72391789, 0.69705798, 0.74466033,
       0.7554305 , 0.77160671, 0.78372987, 0.74785505, 0.79071906]), array([0.81533898, 0.86660989, 0.72558688, 0.70246733, 0.73747499,
       0.74933873, 0.77377523, 0.77360595, 0.74809744, 0.78629865]), array([0.82022244, 0.85757078, 0.72441029, 0.70303641, 0.7498205 ,
       0.74258778, 0.77824064, 0.78045588, 0.74831585, 0.77277828]), array([0.81759579, 0.86520881, 0.72788689, 0.68409312, 0.75020565,
       0.73864973, 0.77069526, 0.76979469, 0.74681267, 0.78782772]), array([0.8124492 , 0.85619722, 0.73064162, 0.69947141, 0.74216929,
       0.72851366, 0.77211004, 0.78328589, 0.76124086, 0.78604693])]
real metric: [array([0.54602888, 0.82424242, 0.54084864, 0.50031192, 0.53333333,
       0.4570273 , 0.65338078, 0.52760736, 0.34687157, 0.55740922]), array([0.55606199, 0.81099196, 0.56983931, 0.49580374, 0.53736875,
       0.47947761, 0.67208672, 0.55474453, 0.33566434, 0.5711501 ]), array([0.56308851, 0.77800134, 0.53349574, 0.51728395, 0.55880729,
       0.5128694 , 0.65368567, 0.55489022, 0.33012048, 0.53977845]), array([0.540446  , 0.804     , 0.55662651, 0.52745849, 0.54265403,
       0.49025641, 0.67132867, 0.58546169, 0.32845894, 0.49037487]), array([0.57344508, 0.77944325, 0.51403061, 0.48992443, 0.54251012,
       0.48336595, 0.63768116, 0.55952381, 0.32018561, 0.55351977])]

estim_algorithm = ts-model, mode = classification, metric = f1score, confidence_scores = max_class_probability-conf, class_specific = True
test err: [0.11400752255963378, 0.10141938835726912, 0.09964122477231215, 0.10188609630924902, 0.1071659047386689]
estimated metric: [array([0.61750812, 0.71332292, 0.63254139, 0.60952446, 0.72234397,
       0.61736358, 0.72982579, 0.67739385, 0.48978317, 0.59569039]), array([0.62200226, 0.71767712, 0.63552267, 0.61681018, 0.71488224,
       0.61108439, 0.73190384, 0.66649866, 0.50142215, 0.59294974]), array([0.62697944, 0.71094522, 0.63186435, 0.61587768, 0.7274236 ,
       0.60654112, 0.7360119 , 0.67328892, 0.49396029, 0.58142854]), array([0.62448835, 0.71861649, 0.63649696, 0.59820055, 0.7275484 ,
       0.60207253, 0.72804064, 0.66216652, 0.49316462, 0.59436449]), array([0.61726705, 0.71003455, 0.63809912, 0.6128036 , 0.71973886,
       0.59338833, 0.7309557 , 0.67523763, 0.49541254, 0.59353406])]
real metric: [array([0.54602888, 0.82424242, 0.54084864, 0.50031192, 0.53333333,
       0.4570273 , 0.65338078, 0.52760736, 0.34687157, 0.55740922]), array([0.55606199, 0.81099196, 0.56983931, 0.49580374, 0.53736875,
       0.47947761, 0.67208672, 0.55474453, 0.33566434, 0.5711501 ]), array([0.56308851, 0.77800134, 0.53349574, 0.51728395, 0.55880729,
       0.5128694 , 0.65368567, 0.55489022, 0.33012048, 0.53977845]), array([0.540446  , 0.804     , 0.55662651, 0.52745849, 0.54265403,
       0.49025641, 0.67132867, 0.58546169, 0.32845894, 0.49037487]), array([0.57344508, 0.77944325, 0.51403061, 0.48992443, 0.54251012,
       0.48336595, 0.63768116, 0.55952381, 0.32018561, 0.55351977])]

estim_algorithm = ts-model, mode = classification, metric = f1score, confidence_scores = energy-conf, class_specific = False
test err: [0.28602601552116624, 0.2762729988016281, 0.28041940123764836, 0.28062703216611434, 0.28897672084038417]
estimated metric: [array([0.83013467, 0.84290932, 0.82940517, 0.82631973, 0.83118809,
       0.83661701, 0.83726578, 0.83854423, 0.83487615, 0.84006144]), array([0.83062956, 0.84171511, 0.82993785, 0.82677886, 0.83062672,
       0.83476857, 0.8374411 , 0.83733085, 0.83768743, 0.83900297]), array([0.83081398, 0.84255462, 0.82940942, 0.8261346 , 0.83199535,
       0.83519956, 0.83693106, 0.8381153 , 0.83614279, 0.83891839]), array([0.83069648, 0.84356456, 0.83016557, 0.8255309 , 0.83083452,
       0.834923  , 0.83591077, 0.83652201, 0.83571968, 0.83946843]), array([0.82994677, 0.84229836, 0.82968915, 0.82667006, 0.83112638,
       0.83288099, 0.83766314, 0.83840307, 0.83432349, 0.84039561])]
real metric: [array([0.54602888, 0.82424242, 0.54084864, 0.50031192, 0.53333333,
       0.4570273 , 0.65338078, 0.52760736, 0.34687157, 0.55740922]), array([0.55606199, 0.81099196, 0.56983931, 0.49580374, 0.53736875,
       0.47947761, 0.67208672, 0.55474453, 0.33566434, 0.5711501 ]), array([0.56308851, 0.77800134, 0.53349574, 0.51728395, 0.55880729,
       0.5128694 , 0.65368567, 0.55489022, 0.33012048, 0.53977845]), array([0.540446  , 0.804     , 0.55662651, 0.52745849, 0.54265403,
       0.49025641, 0.67132867, 0.58546169, 0.32845894, 0.49037487]), array([0.57344508, 0.77944325, 0.51403061, 0.48992443, 0.54251012,
       0.48336595, 0.63768116, 0.55952381, 0.32018561, 0.55351977])]

estim_algorithm = ts-model, mode = classification, metric = f1score, confidence_scores = energy-conf, class_specific = True
test err: [0.16517645972286998, 0.15342853881959337, 0.15292949630033278, 0.15544760385735262, 0.16115515978960762]
estimated metric: [array([0.67376198, 0.79110616, 0.74752179, 0.67791223, 0.81232563,
       0.6612057 , 0.80135326, 0.7321755 , 0.54353695, 0.63165431]), array([0.67473397, 0.78962409, 0.74828199, 0.67874862, 0.81171831,
       0.65781706, 0.80155875, 0.73030905, 0.55246085, 0.629486  ]), array([0.67519522, 0.79067885, 0.74750803, 0.6776735 , 0.81319418,
       0.65857876, 0.80098139, 0.73144457, 0.54713656, 0.62892496]), array([0.67493092, 0.79194224, 0.74854917, 0.67649437, 0.81194833,
       0.65788849, 0.79979433, 0.72902752, 0.54630735, 0.6305434 ]), array([0.67343644, 0.79036925, 0.74790488, 0.67852241, 0.81225411,
       0.65402702, 0.80182249, 0.73191564, 0.54260005, 0.63232911])]
real metric: [array([0.54602888, 0.82424242, 0.54084864, 0.50031192, 0.53333333,
       0.4570273 , 0.65338078, 0.52760736, 0.34687157, 0.55740922]), array([0.55606199, 0.81099196, 0.56983931, 0.49580374, 0.53736875,
       0.47947761, 0.67208672, 0.55474453, 0.33566434, 0.5711501 ]), array([0.56308851, 0.77800134, 0.53349574, 0.51728395, 0.55880729,
       0.5128694 , 0.65368567, 0.55489022, 0.33012048, 0.53977845]), array([0.540446  , 0.804     , 0.55662651, 0.52745849, 0.54265403,
       0.49025641, 0.67132867, 0.58546169, 0.32845894, 0.49037487]), array([0.57344508, 0.77944325, 0.51403061, 0.48992443, 0.54251012,
       0.48336595, 0.63768116, 0.55952381, 0.32018561, 0.55351977])]

estim_algorithm = ts-model, mode = classification, metric = f1score, confidence_scores = entropy-conf, class_specific = False
test err: [0.21526591899245534, 0.20477345299971433, 0.20869888337853268, 0.20728658302012698, 0.21640006984781426]
estimated metric: [array([0.80410125, 0.85445131, 0.71716944, 0.68421255, 0.73369297,
       0.75670212, 0.77002523, 0.77845876, 0.75216973, 0.78873725]), array([0.80814302, 0.86178899, 0.72109786, 0.68965895, 0.72791334,
       0.74708035, 0.77320481, 0.76562338, 0.75494958, 0.78146328]), array([0.81361858, 0.85233225, 0.7179022 , 0.68895611, 0.73933923,
       0.74256145, 0.77707475, 0.77472602, 0.74919567, 0.77330362]), array([0.8090931 , 0.86047558, 0.72340331, 0.67228289, 0.73766579,
       0.73802595, 0.77074663, 0.76395419, 0.74862249, 0.78566152]), array([0.80424416, 0.8499947 , 0.72403263, 0.6865174 , 0.7318397 ,
       0.72698928, 0.77150091, 0.77485496, 0.76408677, 0.78356999])]
real metric: [array([0.54602888, 0.82424242, 0.54084864, 0.50031192, 0.53333333,
       0.4570273 , 0.65338078, 0.52760736, 0.34687157, 0.55740922]), array([0.55606199, 0.81099196, 0.56983931, 0.49580374, 0.53736875,
       0.47947761, 0.67208672, 0.55474453, 0.33566434, 0.5711501 ]), array([0.56308851, 0.77800134, 0.53349574, 0.51728395, 0.55880729,
       0.5128694 , 0.65368567, 0.55489022, 0.33012048, 0.53977845]), array([0.540446  , 0.804     , 0.55662651, 0.52745849, 0.54265403,
       0.49025641, 0.67132867, 0.58546169, 0.32845894, 0.49037487]), array([0.57344508, 0.77944325, 0.51403061, 0.48992443, 0.54251012,
       0.48336595, 0.63768116, 0.55952381, 0.32018561, 0.55351977])]

estim_algorithm = ts-model, mode = classification, metric = f1score, confidence_scores = entropy-conf, class_specific = True
test err: [0.100065447973739, 0.09023197596172768, 0.08583912442474173, 0.08806589412036817, 0.09241270672174698]
estimated metric: [array([0.59216965, 0.69314991, 0.62046096, 0.59287741, 0.71382184,
       0.60134151, 0.72741819, 0.66827713, 0.45236425, 0.56365003]), array([0.59946374, 0.69884497, 0.62556603, 0.60095747, 0.70779028,
       0.59102261, 0.73036323, 0.65196466, 0.4712996 , 0.55835797]), array([0.60523021, 0.69005252, 0.62054763, 0.5987667 , 0.71943924,
       0.58733081, 0.73391777, 0.66294791, 0.45644481, 0.54983706]), array([0.60155765, 0.69923354, 0.62769682, 0.58212716, 0.71747063,
       0.58289743, 0.72688561, 0.64954847, 0.45759834, 0.563176  ]), array([0.59223125, 0.68833929, 0.62683847, 0.59651899, 0.71193777,
       0.56984237, 0.72923127, 0.66184127, 0.45656806, 0.56220021])]
real metric: [array([0.54602888, 0.82424242, 0.54084864, 0.50031192, 0.53333333,
       0.4570273 , 0.65338078, 0.52760736, 0.34687157, 0.55740922]), array([0.55606199, 0.81099196, 0.56983931, 0.49580374, 0.53736875,
       0.47947761, 0.67208672, 0.55474453, 0.33566434, 0.5711501 ]), array([0.56308851, 0.77800134, 0.53349574, 0.51728395, 0.55880729,
       0.5128694 , 0.65368567, 0.55489022, 0.33012048, 0.53977845]), array([0.540446  , 0.804     , 0.55662651, 0.52745849, 0.54265403,
       0.49025641, 0.67132867, 0.58546169, 0.32845894, 0.49037487]), array([0.57344508, 0.77944325, 0.51403061, 0.48992443, 0.54251012,
       0.48336595, 0.63768116, 0.55952381, 0.32018561, 0.55351977])]

estim_algorithm = ts-model, mode = classification, metric = f1score, confidence_scores = doctor-conf, class_specific = False
test err: [0.20611360177803553, 0.19380446999524087, 0.1991509166565804, 0.19702372622891956, 0.2058359671210679]
estimated metric: [array([0.78997655, 0.84587273, 0.69945567, 0.65824521, 0.7171243 ,
       0.75709202, 0.77044057, 0.77096531, 0.75039863, 0.78862646]), array([0.79461155, 0.85332938, 0.70476827, 0.66287507, 0.71334002,
       0.74087241, 0.77451436, 0.75201079, 0.74836055, 0.77655133]), array([0.80110331, 0.84327885, 0.7027137 , 0.66168099, 0.72585063,
       0.7376083 , 0.77891516, 0.76670812, 0.74249295, 0.77317821]), array([0.79549797, 0.85223948, 0.71022252, 0.64229439, 0.7209579 ,
       0.73226465, 0.77189214, 0.75226717, 0.7456924 , 0.78397426]), array([0.79071628, 0.83993155, 0.70897881, 0.65998085, 0.71704524,
       0.71330653, 0.7718774 , 0.76434573, 0.76343198, 0.7823751 ])]
real metric: [array([0.54602888, 0.82424242, 0.54084864, 0.50031192, 0.53333333,
       0.4570273 , 0.65338078, 0.52760736, 0.34687157, 0.55740922]), array([0.55606199, 0.81099196, 0.56983931, 0.49580374, 0.53736875,
       0.47947761, 0.67208672, 0.55474453, 0.33566434, 0.5711501 ]), array([0.56308851, 0.77800134, 0.53349574, 0.51728395, 0.55880729,
       0.5128694 , 0.65368567, 0.55489022, 0.33012048, 0.53977845]), array([0.540446  , 0.804     , 0.55662651, 0.52745849, 0.54265403,
       0.49025641, 0.67132867, 0.58546169, 0.32845894, 0.49037487]), array([0.57344508, 0.77944325, 0.51403061, 0.48992443, 0.54251012,
       0.48336595, 0.63768116, 0.55952381, 0.32018561, 0.55351977])]

estim_algorithm = ts-model, mode = classification, metric = f1score, confidence_scores = doctor-conf, class_specific = True
test err: [0.08301256035924229, 0.07420095354329262, 0.06902462221710984, 0.06188916211505496, 0.07573330635694545]
estimated metric: [array([0.56454134, 0.67180204, 0.5910714 , 0.5583102 , 0.69958819,
       0.57635956, 0.72070379, 0.64570752, 0.38532344, 0.51591966]), array([0.5735927 , 0.68152228, 0.59842336, 0.56701704, 0.6956461 ,
       0.5586092 , 0.72457236, 0.61711785, 0.42027962, 0.51282147]), array([0.57981184, 0.66791182, 0.59491849, 0.56436006, 0.70843615,
       0.5538382 , 0.72912912, 0.63852692, 0.39127505, 0.49567631]), array([0.57524393, 0.67928756, 0.60494246, 0.54426605, 0.70332641,
       0.54673802, 0.72031527, 0.61781814, 0.39664022, 0.5179543 ]), array([0.56253493, 0.6634077 , 0.60322934, 0.56303012, 0.69975358,
       0.52248265, 0.72222064, 0.63374107, 0.3960469 , 0.51641501])]
real metric: [array([0.54602888, 0.82424242, 0.54084864, 0.50031192, 0.53333333,
       0.4570273 , 0.65338078, 0.52760736, 0.34687157, 0.55740922]), array([0.55606199, 0.81099196, 0.56983931, 0.49580374, 0.53736875,
       0.47947761, 0.67208672, 0.55474453, 0.33566434, 0.5711501 ]), array([0.56308851, 0.77800134, 0.53349574, 0.51728395, 0.55880729,
       0.5128694 , 0.65368567, 0.55489022, 0.33012048, 0.53977845]), array([0.540446  , 0.804     , 0.55662651, 0.52745849, 0.54265403,
       0.49025641, 0.67132867, 0.58546169, 0.32845894, 0.49037487]), array([0.57344508, 0.77944325, 0.51403061, 0.48992443, 0.54251012,
       0.48336595, 0.63768116, 0.55952381, 0.32018561, 0.55351977])]

estim_algorithm = doc-model, mode = classification, metric = f1score, confidence_scores = max_class_probability-conf, class_specific = False
test err: [0.25888312720293216, 0.2452330237843801, 0.2515752097907418, 0.25037236120988515, 0.2611494784064605]
estimated metric: [array([0.83880965, 0.85950256, 0.77703734, 0.76879875, 0.79740535,
       0.79701636, 0.80973991, 0.81711358, 0.78937341, 0.82109581]), array([0.83717039, 0.86101208, 0.7742331 , 0.76732383, 0.79340919,
       0.79094473, 0.81007588, 0.81046443, 0.77357735, 0.81730831]), array([0.8396018 , 0.85560597, 0.78001986, 0.77333069, 0.8037591 ,
       0.78471668, 0.81414505, 0.81178657, 0.78718986, 0.80761756]), array([0.84094269, 0.86121913, 0.77983757, 0.75117096, 0.80476565,
       0.78113507, 0.80808412, 0.80393833, 0.78956147, 0.82013425]), array([0.83807751, 0.85779749, 0.7837555 , 0.77060394, 0.79616117,
       0.77058652, 0.807333  , 0.82051774, 0.80131228, 0.81897943])]
real metric: [array([0.54602888, 0.82424242, 0.54084864, 0.50031192, 0.53333333,
       0.4570273 , 0.65338078, 0.52760736, 0.34687157, 0.55740922]), array([0.55606199, 0.81099196, 0.56983931, 0.49580374, 0.53736875,
       0.47947761, 0.67208672, 0.55474453, 0.33566434, 0.5711501 ]), array([0.56308851, 0.77800134, 0.53349574, 0.51728395, 0.55880729,
       0.5128694 , 0.65368567, 0.55489022, 0.33012048, 0.53977845]), array([0.540446  , 0.804     , 0.55662651, 0.52745849, 0.54265403,
       0.49025641, 0.67132867, 0.58546169, 0.32845894, 0.49037487]), array([0.57344508, 0.77944325, 0.51403061, 0.48992443, 0.54251012,
       0.48336595, 0.63768116, 0.55952381, 0.32018561, 0.55351977])]

estim_algorithm = doc-model, mode = classification, metric = f1score, confidence_scores = max_class_probability-conf, class_specific = True
test err: [0.14199258754766225, 0.12413862277757395, 0.1292125716575055, 0.12838048980851707, 0.13945951095735837]
estimated metric: [array([0.67343992, 0.79945874, 0.68589898, 0.63587145, 0.77896714,
       0.65903318, 0.76720056, 0.70810286, 0.51258422, 0.63686288]), array([0.67112759, 0.80117846, 0.68263135, 0.63405002, 0.77484729,
       0.65137883, 0.76756097, 0.70016761, 0.49043942, 0.63156674]), array([0.67431979, 0.79514029, 0.68932222, 0.64130878, 0.78551669,
       0.64356017, 0.77192558, 0.70186865, 0.51250544, 0.61867915]), array([0.6760032 , 0.80136066, 0.68910255, 0.61432016, 0.78655415,
       0.63918654, 0.76542421, 0.69256221, 0.51574535, 0.6353328 ]), array([0.67231644, 0.79756926, 0.69363237, 0.63795845, 0.7776845 ,
       0.62608901, 0.7646212 , 0.71216229, 0.53202129, 0.63417011])]
real metric: [array([0.54602888, 0.82424242, 0.54084864, 0.50031192, 0.53333333,
       0.4570273 , 0.65338078, 0.52760736, 0.34687157, 0.55740922]), array([0.55606199, 0.81099196, 0.56983931, 0.49580374, 0.53736875,
       0.47947761, 0.67208672, 0.55474453, 0.33566434, 0.5711501 ]), array([0.56308851, 0.77800134, 0.53349574, 0.51728395, 0.55880729,
       0.5128694 , 0.65368567, 0.55489022, 0.33012048, 0.53977845]), array([0.540446  , 0.804     , 0.55662651, 0.52745849, 0.54265403,
       0.49025641, 0.67132867, 0.58546169, 0.32845894, 0.49037487]), array([0.57344508, 0.77944325, 0.51403061, 0.48992443, 0.54251012,
       0.48336595, 0.63768116, 0.55952381, 0.32018561, 0.55351977])]

estim_algorithm = doc-model, mode = classification, metric = f1score, confidence_scores = energy-conf, class_specific = False
test err: [0.24958367625102146, 0.23976447305619059, 0.24359649241220077, 0.2432296153649874, 0.25161910132537474]
estimated metric: [array([0.8005331 , 0.84230381, 0.77494767, 0.75895815, 0.78221629,
       0.79913056, 0.80498353, 0.80932783, 0.79599795, 0.81449929]), array([0.80304055, 0.84325139, 0.77710695, 0.76174326, 0.77954565,
       0.79343653, 0.80540324, 0.80299084, 0.80269541, 0.81161995]), array([0.80492637, 0.84088295, 0.77495138, 0.76017759, 0.7847663 ,
       0.79312431, 0.80581595, 0.80746566, 0.79749831, 0.80837715]), array([0.80368757, 0.84439355, 0.77787116, 0.75491038, 0.78220179,
       0.79128514, 0.80173814, 0.80168474, 0.79749144, 0.81409786]), array([0.80035475, 0.84016655, 0.77690456, 0.76056458, 0.78170307,
       0.78485293, 0.80608208, 0.8068743 , 0.79711053, 0.81520747])]
real metric: [array([0.54602888, 0.82424242, 0.54084864, 0.50031192, 0.53333333,
       0.4570273 , 0.65338078, 0.52760736, 0.34687157, 0.55740922]), array([0.55606199, 0.81099196, 0.56983931, 0.49580374, 0.53736875,
       0.47947761, 0.67208672, 0.55474453, 0.33566434, 0.5711501 ]), array([0.56308851, 0.77800134, 0.53349574, 0.51728395, 0.55880729,
       0.5128694 , 0.65368567, 0.55489022, 0.33012048, 0.53977845]), array([0.540446  , 0.804     , 0.55662651, 0.52745849, 0.54265403,
       0.49025641, 0.67132867, 0.58546169, 0.32845894, 0.49037487]), array([0.57344508, 0.77944325, 0.51403061, 0.48992443, 0.54251012,
       0.48336595, 0.63768116, 0.55952381, 0.32018561, 0.55351977])]

estim_algorithm = doc-model, mode = classification, metric = f1score, confidence_scores = energy-conf, class_specific = True
test err: [0.13642577395290723, 0.12414252314350413, 0.12137966412687536, 0.12504978214503099, 0.12964478748377323]
estimated metric: [array([0.64038995, 0.73238485, 0.69298651, 0.64296392, 0.76544536,
       0.63278191, 0.77142762, 0.69323369, 0.5005772 , 0.595413  ]), array([0.64352443, 0.73195095, 0.69552103, 0.64608867, 0.76271873,
       0.62551771, 0.77211925, 0.68574194, 0.51265047, 0.59069906]), array([0.64608494, 0.73078201, 0.69295564, 0.64419006, 0.76814311,
       0.62531035, 0.77235854, 0.69047308, 0.50409424, 0.58698705]), array([0.64443073, 0.7354132 , 0.69627116, 0.63787832, 0.76543921,
       0.62287418, 0.76801027, 0.68320621, 0.50331324, 0.59355332]), array([0.64002483, 0.72978776, 0.69511928, 0.64481508, 0.76487355,
       0.6142442 , 0.77274577, 0.69116429, 0.50292318, 0.59506876])]
real metric: [array([0.54602888, 0.82424242, 0.54084864, 0.50031192, 0.53333333,
       0.4570273 , 0.65338078, 0.52760736, 0.34687157, 0.55740922]), array([0.55606199, 0.81099196, 0.56983931, 0.49580374, 0.53736875,
       0.47947761, 0.67208672, 0.55474453, 0.33566434, 0.5711501 ]), array([0.56308851, 0.77800134, 0.53349574, 0.51728395, 0.55880729,
       0.5128694 , 0.65368567, 0.55489022, 0.33012048, 0.53977845]), array([0.540446  , 0.804     , 0.55662651, 0.52745849, 0.54265403,
       0.49025641, 0.67132867, 0.58546169, 0.32845894, 0.49037487]), array([0.57344508, 0.77944325, 0.51403061, 0.48992443, 0.54251012,
       0.48336595, 0.63768116, 0.55952381, 0.32018561, 0.55351977])]

estim_algorithm = doc-model, mode = classification, metric = f1score, confidence_scores = entropy-conf, class_specific = False
test err: [0.2525794901179622, 0.2401879456529116, 0.24553500659115501, 0.24404302459781455, 0.25454100856497697]
estimated metric: [array([0.83436617, 0.85783829, 0.76943784, 0.75667203, 0.78616653,
       0.79210138, 0.80208998, 0.81010774, 0.78718074, 0.81689563]), array([0.83381658, 0.86077872, 0.76944054, 0.75486473, 0.78288241,
       0.78530708, 0.80536284, 0.8037591 , 0.77846367, 0.8103928 ]), array([0.83725816, 0.85575243, 0.77123638, 0.75919166, 0.79333713,
       0.78077122, 0.80961787, 0.80588569, 0.78214993, 0.80217064]), array([0.83574822, 0.86057916, 0.77194344, 0.74041241, 0.79292837,
       0.77600891, 0.80361594, 0.79931313, 0.78253671, 0.81440957]), array([0.83462563, 0.85482922, 0.77494851, 0.75696688, 0.7845927 ,
       0.767466  , 0.80295483, 0.81149022, 0.79821799, 0.81294792])]
real metric: [array([0.54602888, 0.82424242, 0.54084864, 0.50031192, 0.53333333,
       0.4570273 , 0.65338078, 0.52760736, 0.34687157, 0.55740922]), array([0.55606199, 0.81099196, 0.56983931, 0.49580374, 0.53736875,
       0.47947761, 0.67208672, 0.55474453, 0.33566434, 0.5711501 ]), array([0.56308851, 0.77800134, 0.53349574, 0.51728395, 0.55880729,
       0.5128694 , 0.65368567, 0.55489022, 0.33012048, 0.53977845]), array([0.540446  , 0.804     , 0.55662651, 0.52745849, 0.54265403,
       0.49025641, 0.67132867, 0.58546169, 0.32845894, 0.49037487]), array([0.57344508, 0.77944325, 0.51403061, 0.48992443, 0.54251012,
       0.48336595, 0.63768116, 0.55952381, 0.32018561, 0.55351977])]

estim_algorithm = doc-model, mode = classification, metric = f1score, confidence_scores = entropy-conf, class_specific = True
test err: [0.13619148086723223, 0.11967127907417038, 0.12181232508768089, 0.12226203635090609, 0.1316114329940501]
estimated metric: [array([0.66406558, 0.7912266 , 0.68086452, 0.63111882, 0.76676639,
       0.64999379, 0.76017577, 0.70400876, 0.50190404, 0.63282031]), array([0.66308692, 0.79459318, 0.68093095, 0.62895094, 0.76337631,
       0.64135082, 0.76365288, 0.69647388, 0.49077745, 0.62391096]), array([0.66752962, 0.78886127, 0.68296173, 0.63405042, 0.77416733,
       0.63561444, 0.76822981, 0.6992475 , 0.49732471, 0.61215747]), array([0.66565577, 0.79426748, 0.68378188, 0.6115007 , 0.77374548,
       0.6297109 , 0.76178176, 0.69125107, 0.50052167, 0.62800422]), array([0.66417629, 0.78782691, 0.68724031, 0.63121234, 0.76516004,
       0.61922235, 0.76112938, 0.7057358 , 0.52138549, 0.62665522])]
real metric: [array([0.54602888, 0.82424242, 0.54084864, 0.50031192, 0.53333333,
       0.4570273 , 0.65338078, 0.52760736, 0.34687157, 0.55740922]), array([0.55606199, 0.81099196, 0.56983931, 0.49580374, 0.53736875,
       0.47947761, 0.67208672, 0.55474453, 0.33566434, 0.5711501 ]), array([0.56308851, 0.77800134, 0.53349574, 0.51728395, 0.55880729,
       0.5128694 , 0.65368567, 0.55489022, 0.33012048, 0.53977845]), array([0.540446  , 0.804     , 0.55662651, 0.52745849, 0.54265403,
       0.49025641, 0.67132867, 0.58546169, 0.32845894, 0.49037487]), array([0.57344508, 0.77944325, 0.51403061, 0.48992443, 0.54251012,
       0.48336595, 0.63768116, 0.55952381, 0.32018561, 0.55351977])]

estim_algorithm = doc-model, mode = classification, metric = f1score, confidence_scores = doctor-conf, class_specific = False
test err: [0.27769803935686516, 0.2655648232141402, 0.2707225159568848, 0.2700031843468903, 0.28010625071615414]
estimated metric: [array([0.84216146, 0.85294277, 0.81062725, 0.8050347 , 0.8191043 ,
       0.82160725, 0.82690347, 0.83229105, 0.82034861, 0.83302096]), array([0.84162142, 0.85374913, 0.80972396, 0.80289701, 0.81853738,
       0.81665762, 0.82802317, 0.82702025, 0.81067733, 0.82992998]), array([0.84325568, 0.85094292, 0.81163049, 0.80747301, 0.82405748,
       0.81504231, 0.82928646, 0.82675908, 0.81353181, 0.82726699]), array([0.84342745, 0.85466724, 0.81198909, 0.79413498, 0.82292047,
       0.81061448, 0.8266903 , 0.8228683 , 0.8163277 , 0.83345745]), array([0.84260532, 0.85279252, 0.81322585, 0.80631295, 0.81886715,
       0.80628846, 0.82635491, 0.8313611 , 0.82406942, 0.83281463])]
real metric: [array([0.54602888, 0.82424242, 0.54084864, 0.50031192, 0.53333333,
       0.4570273 , 0.65338078, 0.52760736, 0.34687157, 0.55740922]), array([0.55606199, 0.81099196, 0.56983931, 0.49580374, 0.53736875,
       0.47947761, 0.67208672, 0.55474453, 0.33566434, 0.5711501 ]), array([0.56308851, 0.77800134, 0.53349574, 0.51728395, 0.55880729,
       0.5128694 , 0.65368567, 0.55489022, 0.33012048, 0.53977845]), array([0.540446  , 0.804     , 0.55662651, 0.52745849, 0.54265403,
       0.49025641, 0.67132867, 0.58546169, 0.32845894, 0.49037487]), array([0.57344508, 0.77944325, 0.51403061, 0.48992443, 0.54251012,
       0.48336595, 0.63768116, 0.55952381, 0.32018561, 0.55351977])]

estim_algorithm = doc-model, mode = classification, metric = f1score, confidence_scores = doctor-conf, class_specific = True
test err: [0.16104266018267502, 0.145624579595879, 0.15103438228273597, 0.1500706172830859, 0.1609902882821657]
estimated metric: [array([0.68023942, 0.81199583, 0.72647676, 0.65996347, 0.80351094,
       0.66906673, 0.78699858, 0.73191237, 0.55231915, 0.6505116 ]), array([0.67952278, 0.81287979, 0.72553324, 0.65726207, 0.80291444,
       0.66239052, 0.78812893, 0.72569404, 0.53919852, 0.64591049]), array([0.68153764, 0.80981298, 0.72766055, 0.66277618, 0.80858428,
       0.66032623, 0.78953648, 0.72547799, 0.54444079, 0.64221175]), array([0.68177207, 0.81380824, 0.72804179, 0.64628125, 0.807414  ,
       0.6546639 , 0.78670372, 0.72088078, 0.54772246, 0.65048359]), array([0.68068755, 0.81179726, 0.72948002, 0.66124608, 0.80326843,
       0.64924545, 0.78639832, 0.7308277 , 0.56072179, 0.64986009])]
real metric: [array([0.54602888, 0.82424242, 0.54084864, 0.50031192, 0.53333333,
       0.4570273 , 0.65338078, 0.52760736, 0.34687157, 0.55740922]), array([0.55606199, 0.81099196, 0.56983931, 0.49580374, 0.53736875,
       0.47947761, 0.67208672, 0.55474453, 0.33566434, 0.5711501 ]), array([0.56308851, 0.77800134, 0.53349574, 0.51728395, 0.55880729,
       0.5128694 , 0.65368567, 0.55489022, 0.33012048, 0.53977845]), array([0.540446  , 0.804     , 0.55662651, 0.52745849, 0.54265403,
       0.49025641, 0.67132867, 0.58546169, 0.32845894, 0.49037487]), array([0.57344508, 0.77944325, 0.51403061, 0.48992443, 0.54251012,
       0.48336595, 0.63768116, 0.55952381, 0.32018561, 0.55351977])]

estim_algorithm = atc-model, mode = classification, metric = f1score, confidence_scores = max_class_probability-conf, class_specific = False
test err: [0.18875773424386488, 0.17724285351995483, 0.1892708519250444, 0.17878775609176928, 0.1927051754896329]
estimated metric: [array([0.83000377, 0.88921714, 0.6568915 , 0.63950807, 0.71680376,
       0.70023982, 0.74537445, 0.75744681, 0.65993267, 0.77922078]), array([0.82389449, 0.88592593, 0.64927536, 0.62826421, 0.69616909,
       0.70377734, 0.76135425, 0.77179963, 0.65413535, 0.7810219 ]), array([0.82797885, 0.87572254, 0.67037552, 0.6516854 , 0.7334526 ,
       0.69767442, 0.78114478, 0.75697212, 0.70454547, 0.73517787]), array([0.83211144, 0.87765568, 0.65517242, 0.59446254, 0.73443456,
       0.67699116, 0.75484415, 0.74480152, 0.68363638, 0.77083334]), array([0.82939633, 0.86651054, 0.66766244, 0.63287251, 0.7115022 ,
       0.65671643, 0.7467742 , 0.77712032, 0.71595332, 0.77617329])]
real metric: [array([0.54602888, 0.82424242, 0.54084864, 0.50031192, 0.53333333,
       0.4570273 , 0.65338078, 0.52760736, 0.34687157, 0.55740922]), array([0.55606199, 0.81099196, 0.56983931, 0.49580374, 0.53736875,
       0.47947761, 0.67208672, 0.55474453, 0.33566434, 0.5711501 ]), array([0.56308851, 0.77800134, 0.53349574, 0.51728395, 0.55880729,
       0.5128694 , 0.65368567, 0.55489022, 0.33012048, 0.53977845]), array([0.540446  , 0.804     , 0.55662651, 0.52745849, 0.54265403,
       0.49025641, 0.67132867, 0.58546169, 0.32845894, 0.49037487]), array([0.57344508, 0.77944325, 0.51403061, 0.48992443, 0.54251012,
       0.48336595, 0.63768116, 0.55952381, 0.32018561, 0.55351977])]

estim_algorithm = atc-model, mode = classification, metric = f1score, confidence_scores = max_class_probability-conf, class_specific = True
test err: [0.07196937557894477, 0.056832821683483206, 0.054947854385392826, 0.06362937206724062, 0.048716943794221354]
estimated metric: [array([0.5748393 , 0.64137308, 0.51056911, 0.5656402 , 0.64179105,
       0.55851065, 0.6802595 , 0.62910799, 0.30638301, 0.59100643]), array([0.58118858, 0.67605634, 0.51828299, 0.56430869, 0.62726009,
       0.59784947, 0.68421053, 0.60042284, 0.35023044, 0.57872341]), array([0.60164969, 0.63268893, 0.51090343, 0.57369255, 0.65057179,
       0.56410257, 0.69431921, 0.63157896, 0.33170735, 0.51508122]), array([0.59461844, 0.65496049, 0.50598564, 0.54099747, 0.66933868,
       0.54501218, 0.68153435, 0.62809918, 0.26794262, 0.5644769 ]), array([0.56920257, 0.64044944, 0.52926629, 0.5621971 , 0.64148443,
       0.51415095, 0.66952055, 0.64035089, 0.33333337, 0.55437101])]
real metric: [array([0.54602888, 0.82424242, 0.54084864, 0.50031192, 0.53333333,
       0.4570273 , 0.65338078, 0.52760736, 0.34687157, 0.55740922]), array([0.55606199, 0.81099196, 0.56983931, 0.49580374, 0.53736875,
       0.47947761, 0.67208672, 0.55474453, 0.33566434, 0.5711501 ]), array([0.56308851, 0.77800134, 0.53349574, 0.51728395, 0.55880729,
       0.5128694 , 0.65368567, 0.55489022, 0.33012048, 0.53977845]), array([0.540446  , 0.804     , 0.55662651, 0.52745849, 0.54265403,
       0.49025641, 0.67132867, 0.58546169, 0.32845894, 0.49037487]), array([0.57344508, 0.77944325, 0.51403061, 0.48992443, 0.54251012,
       0.48336595, 0.63768116, 0.55952381, 0.32018561, 0.55351977])]

estim_algorithm = atc-model, mode = classification, metric = f1score, confidence_scores = energy-conf, class_specific = False
test err: [0.14648089940705716, 0.1325284757812426, 0.1401828248100025, 0.14156029107838503, 0.14055201861145844]
estimated metric: [array([0.72943103, 0.81853889, 0.58313999, 0.50253808, 0.6264151 ,
       0.71867613, 0.75197196, 0.73318873, 0.69508198, 0.78148149]), array([0.73876872, 0.83501162, 0.58035035, 0.52640264, 0.6263048 ,
       0.68282829, 0.74476988, 0.67600001, 0.72597866, 0.77205883]), array([0.74093491, 0.81039755, 0.58265382, 0.53061225, 0.64367816,
       0.67976425, 0.76239316, 0.73427992, 0.6946565 , 0.76447877]), array([0.7316879 , 0.83053435, 0.60089686, 0.49257642, 0.65132025,
       0.6621924 , 0.74957699, 0.70058709, 0.69784174, 0.76569038]), array([0.7204918 , 0.79801325, 0.59305994, 0.51170569, 0.64597094,
       0.64806868, 0.74576271, 0.70563675, 0.72093024, 0.76950999])]
real metric: [array([0.54602888, 0.82424242, 0.54084864, 0.50031192, 0.53333333,
       0.4570273 , 0.65338078, 0.52760736, 0.34687157, 0.55740922]), array([0.55606199, 0.81099196, 0.56983931, 0.49580374, 0.53736875,
       0.47947761, 0.67208672, 0.55474453, 0.33566434, 0.5711501 ]), array([0.56308851, 0.77800134, 0.53349574, 0.51728395, 0.55880729,
       0.5128694 , 0.65368567, 0.55489022, 0.33012048, 0.53977845]), array([0.540446  , 0.804     , 0.55662651, 0.52745849, 0.54265403,
       0.49025641, 0.67132867, 0.58546169, 0.32845894, 0.49037487]), array([0.57344508, 0.77944325, 0.51403061, 0.48992443, 0.54251012,
       0.48336595, 0.63768116, 0.55952381, 0.32018561, 0.55351977])]

estim_algorithm = atc-model, mode = classification, metric = f1score, confidence_scores = energy-conf, class_specific = True
test err: [0.06451719339762768, 0.058713161046486086, 0.05779363650713386, 0.062288449668480704, 0.05466342239918372]
estimated metric: [array([0.50840942, 0.62522852, 0.49589491, 0.47413794, 0.6080306 ,
       0.49861497, 0.67780873, 0.59952039, 0.32773112, 0.45176472]), array([0.52600875, 0.64504505, 0.48578392, 0.48644068, 0.60789845,
       0.49422634, 0.66903283, 0.5288889 , 0.41592923, 0.46788992]), array([0.5407595 , 0.62300885, 0.49803614, 0.49498328, 0.6340836 ,
       0.46224258, 0.68721668, 0.57534248, 0.30693073, 0.40000001]), array([0.53044281, 0.63214286, 0.51428572, 0.45478962, 0.63186813,
       0.40533335, 0.66846847, 0.5145414 , 0.34703199, 0.43085108]), array([0.50693448, 0.61052632, 0.50960736, 0.47472151, 0.62967915,
       0.42105265, 0.67519182, 0.56148493, 0.32487313, 0.45558088])]
real metric: [array([0.54602888, 0.82424242, 0.54084864, 0.50031192, 0.53333333,
       0.4570273 , 0.65338078, 0.52760736, 0.34687157, 0.55740922]), array([0.55606199, 0.81099196, 0.56983931, 0.49580374, 0.53736875,
       0.47947761, 0.67208672, 0.55474453, 0.33566434, 0.5711501 ]), array([0.56308851, 0.77800134, 0.53349574, 0.51728395, 0.55880729,
       0.5128694 , 0.65368567, 0.55489022, 0.33012048, 0.53977845]), array([0.540446  , 0.804     , 0.55662651, 0.52745849, 0.54265403,
       0.49025641, 0.67132867, 0.58546169, 0.32845894, 0.49037487]), array([0.57344508, 0.77944325, 0.51403061, 0.48992443, 0.54251012,
       0.48336595, 0.63768116, 0.55952381, 0.32018561, 0.55351977])]

estim_algorithm = atc-model, mode = classification, metric = f1score, confidence_scores = entropy-conf, class_specific = False
test err: [0.18439707944333422, 0.1711352449850117, 0.1789129975844201, 0.1726683681950159, 0.18909094303374535]
estimated metric: [array([0.82690854, 0.88921714, 0.64597192, 0.61067504, 0.70921986,
       0.69397591, 0.73870682, 0.74408603, 0.69078948, 0.78148149]), array([0.81931464, 0.88592593, 0.64436364, 0.61978362, 0.68136273,
       0.70634921, 0.75      , 0.76029963, 0.66417912, 0.76296297]), array([0.83035714, 0.87246377, 0.64876325, 0.62490451, 0.71971067,
       0.66666667, 0.77184054, 0.752     , 0.71428573, 0.73015874]), array([0.82608696, 0.87929773, 0.64347826, 0.58408532, 0.72061657,
       0.66517858, 0.75274262, 0.7352381 , 0.68363638, 0.77338878]), array([0.82010582, 0.86915888, 0.66964952, 0.61693862, 0.69923858,
       0.6509636 , 0.74170041, 0.76984127, 0.73076924, 0.77617329])]
real metric: [array([0.54602888, 0.82424242, 0.54084864, 0.50031192, 0.53333333,
       0.4570273 , 0.65338078, 0.52760736, 0.34687157, 0.55740922]), array([0.55606199, 0.81099196, 0.56983931, 0.49580374, 0.53736875,
       0.47947761, 0.67208672, 0.55474453, 0.33566434, 0.5711501 ]), array([0.56308851, 0.77800134, 0.53349574, 0.51728395, 0.55880729,
       0.5128694 , 0.65368567, 0.55489022, 0.33012048, 0.53977845]), array([0.540446  , 0.804     , 0.55662651, 0.52745849, 0.54265403,
       0.49025641, 0.67132867, 0.58546169, 0.32845894, 0.49037487]), array([0.57344508, 0.77944325, 0.51403061, 0.48992443, 0.54251012,
       0.48336595, 0.63768116, 0.55952381, 0.32018561, 0.55351977])]

estim_algorithm = atc-model, mode = classification, metric = f1score, confidence_scores = entropy-conf, class_specific = True
test err: [0.069768628987254, 0.05634078078066078, 0.05518069690768067, 0.05642112318902415, 0.04457653421642984]
estimated metric: [array([0.57221711, 0.64014467, 0.48844885, 0.55155483, 0.63414634,
       0.55466668, 0.6802595 , 0.61611375, 0.31355935, 0.5940171 ]), array([0.58118858, 0.67954346, 0.4979855 , 0.54796748, 0.61958042,
       0.59784947, 0.68189807, 0.59745764, 0.35779819, 0.57872341]), array([0.60232784, 0.63148637, 0.5015674 , 0.56115108, 0.64367816,
       0.56102785, 0.69196026, 0.62555067, 0.33980586, 0.50117097]), array([0.59337749, 0.65849387, 0.4975923 , 0.5335599 , 0.66398391,
       0.54146343, 0.67562724, 0.59915613, 0.29245286, 0.5644769 ]), array([0.56854654, 0.64044944, 0.51580699, 0.55166803, 0.63333334,
       0.51063831, 0.66149871, 0.62222223, 0.35000003, 0.55744682])]
real metric: [array([0.54602888, 0.82424242, 0.54084864, 0.50031192, 0.53333333,
       0.4570273 , 0.65338078, 0.52760736, 0.34687157, 0.55740922]), array([0.55606199, 0.81099196, 0.56983931, 0.49580374, 0.53736875,
       0.47947761, 0.67208672, 0.55474453, 0.33566434, 0.5711501 ]), array([0.56308851, 0.77800134, 0.53349574, 0.51728395, 0.55880729,
       0.5128694 , 0.65368567, 0.55489022, 0.33012048, 0.53977845]), array([0.540446  , 0.804     , 0.55662651, 0.52745849, 0.54265403,
       0.49025641, 0.67132867, 0.58546169, 0.32845894, 0.49037487]), array([0.57344508, 0.77944325, 0.51403061, 0.48992443, 0.54251012,
       0.48336595, 0.63768116, 0.55952381, 0.32018561, 0.55351977])]

estim_algorithm = atc-model, mode = classification, metric = f1score, confidence_scores = doctor-conf, class_specific = False
test err: [0.18737438399159925, 0.176783813383958, 0.18753301213514706, 0.17794517588949504, 0.19125800691084255]
estimated metric: [array([0.82912109, 0.88839616, 0.65393094, 0.63636364, 0.71680376,
       0.70023982, 0.74426808, 0.75479745, 0.65993267, 0.77695168]), array([0.82435052, 0.88675056, 0.64731495, 0.62826421, 0.69184891,
       0.70119523, 0.75930521, 0.77179963, 0.65917604, 0.7810219 ]), array([0.82797885, 0.87490962, 0.66852368, 0.64457832, 0.7319403 ,
       0.69260701, 0.78011795, 0.75697212, 0.70454547, 0.73517787]), array([0.83082569, 0.87683285, 0.65323741, 0.59102041, 0.73282443,
       0.67405766, 0.75589226, 0.74480152, 0.68363638, 0.77338878]), array([0.8271976 , 0.8673947 , 0.66666667, 0.62865948, 0.70825457,
       0.65384616, 0.7447496 , 0.77952756, 0.71595332, 0.77396022])]
real metric: [array([0.54602888, 0.82424242, 0.54084864, 0.50031192, 0.53333333,
       0.4570273 , 0.65338078, 0.52760736, 0.34687157, 0.55740922]), array([0.55606199, 0.81099196, 0.56983931, 0.49580374, 0.53736875,
       0.47947761, 0.67208672, 0.55474453, 0.33566434, 0.5711501 ]), array([0.56308851, 0.77800134, 0.53349574, 0.51728395, 0.55880729,
       0.5128694 , 0.65368567, 0.55489022, 0.33012048, 0.53977845]), array([0.540446  , 0.804     , 0.55662651, 0.52745849, 0.54265403,
       0.49025641, 0.67132867, 0.58546169, 0.32845894, 0.49037487]), array([0.57344508, 0.77944325, 0.51403061, 0.48992443, 0.54251012,
       0.48336595, 0.63768116, 0.55952381, 0.32018561, 0.55351977])]

estim_algorithm = atc-model, mode = classification, metric = f1score, confidence_scores = doctor-conf, class_specific = True
test err: [0.06937942428114233, 0.053455363822875676, 0.054231979423257824, 0.058495848064393986, 0.04371083368587435]
estimated metric: [array([0.57549335, 0.66192171, 0.50570963, 0.56331169, 0.64094586,
       0.55851065, 0.67903525, 0.62264152, 0.30638301, 0.59100643]), array([0.58516099, 0.70567986, 0.51355662, 0.55735057, 0.62439025,
       0.59482759, 0.68421053, 0.60042284, 0.35023044, 0.57872341]), array([0.60435836, 0.65862069, 0.5015674 , 0.56687898, 0.64799491,
       0.56410257, 0.69431921, 0.63157896, 0.34782612, 0.51508122]), array([0.59585721, 0.68497854, 0.50120096, 0.53976312, 0.66933868,
       0.54501218, 0.67799643, 0.61377871, 0.27619051, 0.5644769 ]), array([0.57312614, 0.66421343, 0.52317881, 0.55636659, 0.63696809,
       0.51415095, 0.66723842, 0.62831859, 0.34170858, 0.55437101])]
real metric: [array([0.54602888, 0.82424242, 0.54084864, 0.50031192, 0.53333333,
       0.4570273 , 0.65338078, 0.52760736, 0.34687157, 0.55740922]), array([0.55606199, 0.81099196, 0.56983931, 0.49580374, 0.53736875,
       0.47947761, 0.67208672, 0.55474453, 0.33566434, 0.5711501 ]), array([0.56308851, 0.77800134, 0.53349574, 0.51728395, 0.55880729,
       0.5128694 , 0.65368567, 0.55489022, 0.33012048, 0.53977845]), array([0.540446  , 0.804     , 0.55662651, 0.52745849, 0.54265403,
       0.49025641, 0.67132867, 0.58546169, 0.32845894, 0.49037487]), array([0.57344508, 0.77944325, 0.51403061, 0.48992443, 0.54251012,
       0.48336595, 0.63768116, 0.55952381, 0.32018561, 0.55351977])]

estim_algorithm = ts-atc-model, mode = classification, metric = f1score, confidence_scores = max_class_probability-conf, class_specific = False
test err: [0.16692004212138262, 0.15278160464769233, 0.16006415110880085, 0.1600841788043766, 0.16363844080961015]
estimated metric: [array([0.8056945 , 0.87171793, 0.60895976, 0.56796117, 0.67153285,
       0.70023982, 0.72970562, 0.74137932, 0.68211922, 0.77695168]), array([0.80063291, 0.87761194, 0.62232077, 0.57005605, 0.65531335,
       0.67748479, 0.7244898 , 0.72692308, 0.6886447 , 0.76752768]), array([0.81447964, 0.85923754, 0.62049062, 0.57932123, 0.68156425,
       0.66135459, 0.74956822, 0.74446681, 0.70454547, 0.7276342 ]), array([0.80674157, 0.86937269, 0.62150221, 0.56286428, 0.69718771,
       0.65315316, 0.73350472, 0.72796935, 0.70250897, 0.76310273]), array([0.79923077, 0.84853291, 0.63295019, 0.56103477, 0.66969501,
       0.62144421, 0.72622951, 0.74493928, 0.72093024, 0.76502733])]
real metric: [array([0.54602888, 0.82424242, 0.54084864, 0.50031192, 0.53333333,
       0.4570273 , 0.65338078, 0.52760736, 0.34687157, 0.55740922]), array([0.55606199, 0.81099196, 0.56983931, 0.49580374, 0.53736875,
       0.47947761, 0.67208672, 0.55474453, 0.33566434, 0.5711501 ]), array([0.56308851, 0.77800134, 0.53349574, 0.51728395, 0.55880729,
       0.5128694 , 0.65368567, 0.55489022, 0.33012048, 0.53977845]), array([0.540446  , 0.804     , 0.55662651, 0.52745849, 0.54265403,
       0.49025641, 0.67132867, 0.58546169, 0.32845894, 0.49037487]), array([0.57344508, 0.77944325, 0.51403061, 0.48992443, 0.54251012,
       0.48336595, 0.63768116, 0.55952381, 0.32018561, 0.55351977])]

estim_algorithm = ts-atc-model, mode = classification, metric = f1score, confidence_scores = max_class_probability-conf, class_specific = True
test err: [0.07032120102314614, 0.05787156115874438, 0.0566089149741142, 0.05004081545650545, 0.049269398823606966]
estimated metric: [array([0.52960682, 0.63891403, 0.47078465, 0.47413794, 0.635     ,
       0.5469169 , 0.67903525, 0.61938535, 0.33472806, 0.47331788]), array([0.54719694, 0.6642984 , 0.45695365, 0.4890017 , 0.62247034,
       0.54464287, 0.6760812 , 0.57019439, 0.38009053, 0.48181819]), array([0.55827914, 0.63268893, 0.47770701, 0.49119866, 0.6428115 ,
       0.5198238 , 0.69431921, 0.62251656, 0.31527097, 0.4197531 ]), array([0.55181818, 0.66317627, 0.47058824, 0.46167558, 0.66398391,
       0.49748745, 0.68738899, 0.57510731, 0.34703199, 0.46753248]), array([0.53358384, 0.63405457, 0.48685327, 0.47341338, 0.63606121,
       0.47457628, 0.67065869, 0.6129754 , 0.32487313, 0.48322149])]
real metric: [array([0.54602888, 0.82424242, 0.54084864, 0.50031192, 0.53333333,
       0.4570273 , 0.65338078, 0.52760736, 0.34687157, 0.55740922]), array([0.55606199, 0.81099196, 0.56983931, 0.49580374, 0.53736875,
       0.47947761, 0.67208672, 0.55474453, 0.33566434, 0.5711501 ]), array([0.56308851, 0.77800134, 0.53349574, 0.51728395, 0.55880729,
       0.5128694 , 0.65368567, 0.55489022, 0.33012048, 0.53977845]), array([0.540446  , 0.804     , 0.55662651, 0.52745849, 0.54265403,
       0.49025641, 0.67132867, 0.58546169, 0.32845894, 0.49037487]), array([0.57344508, 0.77944325, 0.51403061, 0.48992443, 0.54251012,
       0.48336595, 0.63768116, 0.55952381, 0.32018561, 0.55351977])]

estim_algorithm = ts-atc-model, mode = classification, metric = f1score, confidence_scores = energy-conf, class_specific = False
test err: [0.1828100954588689, 0.15580893506991117, 0.16135635204164886, 0.1655967020411718, 0.16737788326961905]
estimated metric: [array([0.6568585 , 0.75496689, 0.63893017, 0.55863193, 0.67072429,
       0.80353201, 0.80737019, 0.77568135, 0.72843451, 0.78148149]), array([0.67540411, 0.78513732, 0.64436364, 0.56430869, 0.68312208,
       0.75334609, 0.79614767, 0.69428008, 0.73049646, 0.76296297]), array([0.67615985, 0.76213206, 0.65067043, 0.57594937, 0.69372694,
       0.75092937, 0.81116585, 0.73170732, 0.70454547, 0.76685935]), array([0.69104355, 0.78122514, 0.66571632, 0.54468803, 0.67288475,
       0.76446281, 0.79346939, 0.71566732, 0.72982457, 0.78850103]), array([0.66581197, 0.75150473, 0.64848485, 0.57257418, 0.69509867,
       0.71690428, 0.78403756, 0.72689939, 0.72093024, 0.78928572])]
real metric: [array([0.54602888, 0.82424242, 0.54084864, 0.50031192, 0.53333333,
       0.4570273 , 0.65338078, 0.52760736, 0.34687157, 0.55740922]), array([0.55606199, 0.81099196, 0.56983931, 0.49580374, 0.53736875,
       0.47947761, 0.67208672, 0.55474453, 0.33566434, 0.5711501 ]), array([0.56308851, 0.77800134, 0.53349574, 0.51728395, 0.55880729,
       0.5128694 , 0.65368567, 0.55489022, 0.33012048, 0.53977845]), array([0.540446  , 0.804     , 0.55662651, 0.52745849, 0.54265403,
       0.49025641, 0.67132867, 0.58546169, 0.32845894, 0.49037487]), array([0.57344508, 0.77944325, 0.51403061, 0.48992443, 0.54251012,
       0.48336595, 0.63768116, 0.55952381, 0.32018561, 0.55351977])]

estim_algorithm = ts-atc-model, mode = classification, metric = f1score, confidence_scores = energy-conf, class_specific = True
test err: [0.055927982472289396, 0.06438417254430007, 0.0651829714351676, 0.06756725202324862, 0.06412162423626093]
estimated metric: [array([0.52890995, 0.62018349, 0.54140128, 0.45818816, 0.62295082,
       0.46458925, 0.67903525, 0.57560977, 0.32067513, 0.45901641]), array([0.54580336, 0.61764706, 0.56283732, 0.47350428, 0.63579821,
       0.42891568, 0.66903283, 0.52232144, 0.42290751, 0.4319249 ]), array([0.54591322, 0.61071429, 0.55041699, 0.47586791, 0.64540817,
       0.42622952, 0.67520586, 0.59142213, 0.34782612, 0.37974685]), array([0.54520548, 0.6185753 , 0.57966616, 0.43375681, 0.6262069 ,
       0.40957448, 0.64775847, 0.51121077, 0.3839286 , 0.43915345]), array([0.51474786, 0.60786194, 0.55312247, 0.47993169, 0.64953887,
       0.40909092, 0.67292912, 0.55477857, 0.29896911, 0.43418015])]
real metric: [array([0.54602888, 0.82424242, 0.54084864, 0.50031192, 0.53333333,
       0.4570273 , 0.65338078, 0.52760736, 0.34687157, 0.55740922]), array([0.55606199, 0.81099196, 0.56983931, 0.49580374, 0.53736875,
       0.47947761, 0.67208672, 0.55474453, 0.33566434, 0.5711501 ]), array([0.56308851, 0.77800134, 0.53349574, 0.51728395, 0.55880729,
       0.5128694 , 0.65368567, 0.55489022, 0.33012048, 0.53977845]), array([0.540446  , 0.804     , 0.55662651, 0.52745849, 0.54265403,
       0.49025641, 0.67132867, 0.58546169, 0.32845894, 0.49037487]), array([0.57344508, 0.77944325, 0.51403061, 0.48992443, 0.54251012,
       0.48336595, 0.63768116, 0.55952381, 0.32018561, 0.55351977])]

estim_algorithm = ts-atc-model, mode = classification, metric = f1score, confidence_scores = entropy-conf, class_specific = False
test err: [0.14719700622339366, 0.13769402254658547, 0.14193780123313707, 0.14747914031314965, 0.14281200619156015]
estimated metric: [array([0.78607744, 0.85453161, 0.57984496, 0.51882846, 0.62121212,
       0.69082126, 0.71131222, 0.72210066, 0.69508198, 0.77922078]), array([0.79251294, 0.86404834, 0.59320755, 0.52640264, 0.61958042,
       0.67209777, 0.70242215, 0.67864272, 0.74825176, 0.76296297]), array([0.78703704, 0.84826055, 0.58684405, 0.53300734, 0.63496144,
       0.66666667, 0.72084806, 0.73170732, 0.70943397, 0.74263262]), array([0.78767123, 0.86602517, 0.5935387 , 0.50043441, 0.65405406,
       0.63781322, 0.71923744, 0.7131783 , 0.72535212, 0.76050421]), array([0.77856025, 0.83185841, 0.59748428, 0.51170569, 0.62876254,
       0.60310422, 0.69849246, 0.71900827, 0.75000001, 0.76277373])]
real metric: [array([0.54602888, 0.82424242, 0.54084864, 0.50031192, 0.53333333,
       0.4570273 , 0.65338078, 0.52760736, 0.34687157, 0.55740922]), array([0.55606199, 0.81099196, 0.56983931, 0.49580374, 0.53736875,
       0.47947761, 0.67208672, 0.55474453, 0.33566434, 0.5711501 ]), array([0.56308851, 0.77800134, 0.53349574, 0.51728395, 0.55880729,
       0.5128694 , 0.65368567, 0.55489022, 0.33012048, 0.53977845]), array([0.540446  , 0.804     , 0.55662651, 0.52745849, 0.54265403,
       0.49025641, 0.67132867, 0.58546169, 0.32845894, 0.49037487]), array([0.57344508, 0.77944325, 0.51403061, 0.48992443, 0.54251012,
       0.48336595, 0.63768116, 0.55952381, 0.32018561, 0.55351977])]

estim_algorithm = ts-atc-model, mode = classification, metric = f1score, confidence_scores = entropy-conf, class_specific = True
test err: [0.06493687875085626, 0.05509155936938337, 0.05523152770098557, 0.049366172043762306, 0.04901043186804767]
estimated metric: [array([0.51198466, 0.63644606, 0.47078465, 0.47018151, 0.6       ,
       0.51098902, 0.6704015 , 0.59277109, 0.31355935, 0.46620048]), array([0.53029569, 0.66192171, 0.47463176, 0.48387097, 0.60198301,
       0.50800916, 0.65107914, 0.54824562, 0.39461886, 0.48181819]), array([0.5451792 , 0.63508772, 0.47891806, 0.48993289, 0.61448141,
       0.47272728, 0.6884058 , 0.5945946 , 0.30693073, 0.42364533]), array([0.53584559, 0.64544651, 0.5       , 0.45755139, 0.6374829 ,
       0.44675326, 0.67681289, 0.55652175, 0.32407411, 0.46354168]), array([0.51686461, 0.63405457, 0.50335571, 0.46419327, 0.62231183,
       0.44444446, 0.65687122, 0.56812934, 0.29896911, 0.46952597])]
real metric: [array([0.54602888, 0.82424242, 0.54084864, 0.50031192, 0.53333333,
       0.4570273 , 0.65338078, 0.52760736, 0.34687157, 0.55740922]), array([0.55606199, 0.81099196, 0.56983931, 0.49580374, 0.53736875,
       0.47947761, 0.67208672, 0.55474453, 0.33566434, 0.5711501 ]), array([0.56308851, 0.77800134, 0.53349574, 0.51728395, 0.55880729,
       0.5128694 , 0.65368567, 0.55489022, 0.33012048, 0.53977845]), array([0.540446  , 0.804     , 0.55662651, 0.52745849, 0.54265403,
       0.49025641, 0.67132867, 0.58546169, 0.32845894, 0.49037487]), array([0.57344508, 0.77944325, 0.51403061, 0.48992443, 0.54251012,
       0.48336595, 0.63768116, 0.55952381, 0.32018561, 0.55351977])]

estim_algorithm = ts-atc-model, mode = classification, metric = f1score, confidence_scores = doctor-conf, class_specific = False
test err: [0.13941859916629756, 0.12564525262249157, 0.1361462358082975, 0.14296174820029312, 0.13714444424580483]
estimated metric: [array([0.76776499, 0.84040093, 0.56538763, 0.51010101, 0.6       ,
       0.68765134, 0.72172352, 0.71648352, 0.69934642, 0.77238806]), array([0.7788965 , 0.85103132, 0.58143075, 0.51290592, 0.60691602,
       0.65567011, 0.70242215, 0.65720082, 0.73943663, 0.75373135]), array([0.77465986, 0.84139985, 0.58265382, 0.52337982, 0.6189857 ,
       0.65868264, 0.72535212, 0.72392639, 0.71428573, 0.74015749]), array([0.76655052, 0.85927029, 0.58716981, 0.47929516, 0.64212679,
       0.63157896, 0.71923744, 0.70312501, 0.71631207, 0.76569038]), array([0.76405384, 0.82714055, 0.57848606, 0.4978903 , 0.62231183,
       0.60000001, 0.70175439, 0.71369295, 0.75471699, 0.76502733])]
real metric: [array([0.54602888, 0.82424242, 0.54084864, 0.50031192, 0.53333333,
       0.4570273 , 0.65338078, 0.52760736, 0.34687157, 0.55740922]), array([0.55606199, 0.81099196, 0.56983931, 0.49580374, 0.53736875,
       0.47947761, 0.67208672, 0.55474453, 0.33566434, 0.5711501 ]), array([0.56308851, 0.77800134, 0.53349574, 0.51728395, 0.55880729,
       0.5128694 , 0.65368567, 0.55489022, 0.33012048, 0.53977845]), array([0.540446  , 0.804     , 0.55662651, 0.52745849, 0.54265403,
       0.49025641, 0.67132867, 0.58546169, 0.32845894, 0.49037487]), array([0.57344508, 0.77944325, 0.51403061, 0.48992443, 0.54251012,
       0.48336595, 0.63768116, 0.55952381, 0.32018561, 0.55351977])]

estim_algorithm = ts-atc-model, mode = classification, metric = f1score, confidence_scores = doctor-conf, class_specific = True
test err: [0.06617486279387257, 0.05329203715139112, 0.055604968878310165, 0.058876505297918304, 0.05261745092834501]
estimated metric: [array([0.50840942, 0.64014467, 0.47966805, 0.46487425, 0.60447285,
       0.51506851, 0.68513389, 0.59615386, 0.32773112, 0.46261683]), array([0.52815534, 0.66192171, 0.48701299, 0.48515692, 0.61570828,
       0.50458717, 0.6678508 , 0.54824562, 0.39461886, 0.48181819]), array([0.5407595 , 0.63508772, 0.48374307, 0.48993289, 0.62790698,
       0.47619049, 0.69666967, 0.5882353 , 0.30693073, 0.43137256]), array([0.53449862, 0.64664311, 0.5       , 0.44644465, 0.65040651,
       0.43455499, 0.68971631, 0.54385966, 0.36199098, 0.45953004]), array([0.51404094, 0.63147974, 0.50084034, 0.47079038, 0.63242162,
       0.43672458, 0.67065869, 0.57471265, 0.29896911, 0.47297298])]
real metric: [array([0.54602888, 0.82424242, 0.54084864, 0.50031192, 0.53333333,
       0.4570273 , 0.65338078, 0.52760736, 0.34687157, 0.55740922]), array([0.55606199, 0.81099196, 0.56983931, 0.49580374, 0.53736875,
       0.47947761, 0.67208672, 0.55474453, 0.33566434, 0.5711501 ]), array([0.56308851, 0.77800134, 0.53349574, 0.51728395, 0.55880729,
       0.5128694 , 0.65368567, 0.55489022, 0.33012048, 0.53977845]), array([0.540446  , 0.804     , 0.55662651, 0.52745849, 0.54265403,
       0.49025641, 0.67132867, 0.58546169, 0.32845894, 0.49037487]), array([0.57344508, 0.77944325, 0.51403061, 0.48992443, 0.54251012,
       0.48336595, 0.63768116, 0.55952381, 0.32018561, 0.55351977])]

