estim_algorithm = ac-model, mode = classification, metric = precision, confidence_scores = max_class_probability-conf, class_specific = False
test err: [0.6090093757135907, 0.6093352809770598, 0.6007408053030825, 0.6087866962985944, 0.605267464002194]
estimated metric: [array([0.31989627, 0.17240641, 0.19039645, 0.46084498, 0.11390679,
       0.07880032, 0.02311739, 0.08974618, 0.03014794, 0.02003776]), array([0.31748132, 0.19024115, 0.17821507, 0.46141987, 0.10564303,
       0.07722634, 0.02886668, 0.08643948, 0.03468932, 0.0220467 ]), array([0.3061669 , 0.18573136, 0.19196401, 0.46070091, 0.10933611,
       0.07749954, 0.0232049 , 0.08789307, 0.03789518, 0.02271759]), array([0.30294497, 0.17721663, 0.19208093, 0.46281771, 0.11671744,
       0.07702928, 0.0286566 , 0.0882572 , 0.03691912, 0.02285153]), array([0.3095729 , 0.17582427, 0.18787088, 0.4653452 , 0.10793571,
       0.07919766, 0.03052365, 0.08927883, 0.03548519, 0.01743931])]
real metric: [array([0.41486658, 0.79376855, 0.51843318, 0.24782789, 0.69591837,
       0.71076923, 0.95789474, 0.87430168, 0.94957983, 1.        ]), array([0.38864071, 0.83378016, 0.53341584, 0.26146221, 0.66519824,
       0.6918239 , 0.97478992, 0.8797654 , 0.97794118, 0.98888889]), array([0.39933333, 0.80769231, 0.52445961, 0.25144748, 0.68085106,
       0.6625387 , 0.95789474, 0.85959885, 0.95918367, 0.98901099]), array([0.42528736, 0.77648766, 0.53583618, 0.26980198, 0.6812749 ,
       0.72012579, 0.97457627, 0.86894587, 0.96551724, 0.98947368]), array([0.40735874, 0.82944606, 0.52158693, 0.27269011, 0.69098712,
       0.70090634, 0.936     , 0.87114846, 0.95      , 0.98571429])]

estim_algorithm = ac-model, mode = classification, metric = precision, confidence_scores = energy-conf, class_specific = False
test err: [0.5089110870710963, 0.5051831014195229, 0.4981431744786141, 0.49584089346478316, 0.49929999747074716]
estimated metric: [array([0.76904054, 0.45616895, 0.62526949, 0.84994778, 0.47075581,
       0.34452535, 0.14109992, 0.33685154, 0.12524333, 0.08160679]), array([0.76840366, 0.48377521, 0.60418721, 0.84938866, 0.44854871,
       0.33719612, 0.176031  , 0.32063682, 0.13942303, 0.09320655]), array([0.76079201, 0.47957205, 0.62945728, 0.85148325, 0.4601076 ,
       0.34978268, 0.14595436, 0.33051847, 0.14477684, 0.0911187 ]), array([0.75624877, 0.45984569, 0.62896589, 0.84981066, 0.47361763,
       0.34164775, 0.17117494, 0.32525932, 0.14887553, 0.10167142]), array([0.76247774, 0.45988976, 0.62360922, 0.85292038, 0.45798828,
       0.35842629, 0.1796446 , 0.33773949, 0.14368089, 0.07120456])]
real metric: [array([0.41486658, 0.79376855, 0.51843318, 0.24782789, 0.69591837,
       0.71076923, 0.95789474, 0.87430168, 0.94957983, 1.        ]), array([0.38864071, 0.83378016, 0.53341584, 0.26146221, 0.66519824,
       0.6918239 , 0.97478992, 0.8797654 , 0.97794118, 0.98888889]), array([0.39933333, 0.80769231, 0.52445961, 0.25144748, 0.68085106,
       0.6625387 , 0.95789474, 0.85959885, 0.95918367, 0.98901099]), array([0.42528736, 0.77648766, 0.53583618, 0.26980198, 0.6812749 ,
       0.72012579, 0.97457627, 0.86894587, 0.96551724, 0.98947368]), array([0.40735874, 0.82944606, 0.52158693, 0.27269011, 0.69098712,
       0.70090634, 0.936     , 0.87114846, 0.95      , 0.98571429])]

estim_algorithm = ac-model, mode = classification, metric = precision, confidence_scores = entropy-conf, class_specific = False
test err: [0.7068278653988169, 0.7152205458023345, 0.703912174940674, 0.7107263737547507, 0.7094545979482583]
estimated metric: [array([9.79854028e-01, 2.45202132e-01, 1.46502597e-08, 1.90225397e-08,
       1.38536674e-08, 1.35499630e-08, 1.31499142e-08, 1.35969690e-08,
       1.31911702e-08, 1.31259861e-08]), array([9.80130955e-01, 2.46350391e-01, 1.45227450e-08, 1.90424035e-08,
       1.37892232e-08, 1.35393821e-08, 1.31923878e-08, 1.35656828e-08,
       1.32204986e-08, 1.31451705e-08]), array([9.81057150e-01, 2.35279368e-01, 1.46769765e-08, 1.90280811e-08,
       1.38186321e-08, 1.35499465e-08, 1.31513715e-08, 1.35813640e-08,
       1.32378747e-08, 1.31461644e-08]), array([9.81267114e-01, 2.30755479e-01, 1.46772937e-08, 1.90436655e-08,
       1.38791947e-08, 1.35388537e-08, 1.31912132e-08, 1.35858818e-08,
       1.32358945e-08, 1.31551397e-08]), array([9.80845421e-01, 2.37419904e-01, 1.46275806e-08, 1.91301501e-08,
       1.38126517e-08, 1.35618245e-08, 1.32001611e-08, 1.35967574e-08,
       1.32260881e-08, 1.31092975e-08])]
real metric: [array([0.41486658, 0.79376855, 0.51843318, 0.24782789, 0.69591837,
       0.71076923, 0.95789474, 0.87430168, 0.94957983, 1.        ]), array([0.38864071, 0.83378016, 0.53341584, 0.26146221, 0.66519824,
       0.6918239 , 0.97478992, 0.8797654 , 0.97794118, 0.98888889]), array([0.39933333, 0.80769231, 0.52445961, 0.25144748, 0.68085106,
       0.6625387 , 0.95789474, 0.85959885, 0.95918367, 0.98901099]), array([0.42528736, 0.77648766, 0.53583618, 0.26980198, 0.6812749 ,
       0.72012579, 0.97457627, 0.86894587, 0.96551724, 0.98947368]), array([0.40735874, 0.82944606, 0.52158693, 0.27269011, 0.69098712,
       0.70090634, 0.936     , 0.87114846, 0.95      , 0.98571429])]

estim_algorithm = ac-model, mode = classification, metric = precision, confidence_scores = doctor-conf, class_specific = False
test err: [0.5320011661670471, 0.5351002243772931, 0.5212056198621063, 0.5246889738973891, 0.527309067520066]
estimated metric: [array([0.44066553, 0.42977475, 0.31632546, 0.61088371, 0.24069635,
       0.17773042, 0.06055334, 0.21950461, 0.07483093, 0.05009281]), array([0.43724508, 0.46464673, 0.30100512, 0.61053974, 0.2244471 ,
       0.17406424, 0.0719536 , 0.21706663, 0.08680145, 0.05229829]), array([0.42386727, 0.45493821, 0.31927441, 0.61427822, 0.23294846,
       0.17329773, 0.06142218, 0.21917241, 0.09890023, 0.05658479]), array([0.42225657, 0.44059456, 0.31862323, 0.6175358 , 0.24569379,
       0.17586823, 0.07165301, 0.21845446, 0.09326264, 0.05196255]), array([0.43131678, 0.4366222 , 0.31209532, 0.61317818, 0.22472799,
       0.1768672 , 0.07819493, 0.21586094, 0.08935509, 0.04342098])]
real metric: [array([0.41486658, 0.79376855, 0.51843318, 0.24782789, 0.69591837,
       0.71076923, 0.95789474, 0.87430168, 0.94957983, 1.        ]), array([0.38864071, 0.83378016, 0.53341584, 0.26146221, 0.66519824,
       0.6918239 , 0.97478992, 0.8797654 , 0.97794118, 0.98888889]), array([0.39933333, 0.80769231, 0.52445961, 0.25144748, 0.68085106,
       0.6625387 , 0.95789474, 0.85959885, 0.95918367, 0.98901099]), array([0.42528736, 0.77648766, 0.53583618, 0.26980198, 0.6812749 ,
       0.72012579, 0.97457627, 0.86894587, 0.96551724, 0.98947368]), array([0.40735874, 0.82944606, 0.52158693, 0.27269011, 0.69098712,
       0.70090634, 0.936     , 0.87114846, 0.95      , 0.98571429])]

estim_algorithm = ts-model, mode = classification, metric = precision, confidence_scores = max_class_probability-conf, class_specific = False
test err: [0.4498878157334435, 0.44377888594436854, 0.43738647521180896, 0.43356702345224846, 0.4415359420386532]
estimated metric: [array([0.81274211, 0.66143117, 0.68279135, 0.88921515, 0.53937062,
       0.4472866 , 0.17021118, 0.48245237, 0.22650461, 0.15971864]), array([0.81008127, 0.68654704, 0.66421681, 0.88932545, 0.51695412,
       0.44232752, 0.20962447, 0.47388128, 0.25479909, 0.17037006]), array([0.80117025, 0.67891333, 0.68197334, 0.88834895, 0.52533357,
       0.43691938, 0.17267755, 0.47561447, 0.27278606, 0.17691333]), array([0.80118524, 0.66970572, 0.6853064 , 0.89067551, 0.54834384,
       0.44097037, 0.2089889 , 0.47868735, 0.26755314, 0.1727235 ]), array([0.80292408, 0.66439076, 0.67649456, 0.88974729, 0.52047641,
       0.44090968, 0.21787336, 0.47888819, 0.25469261, 0.13914202])]
real metric: [array([0.41486658, 0.79376855, 0.51843318, 0.24782789, 0.69591837,
       0.71076923, 0.95789474, 0.87430168, 0.94957983, 1.        ]), array([0.38864071, 0.83378016, 0.53341584, 0.26146221, 0.66519824,
       0.6918239 , 0.97478992, 0.8797654 , 0.97794118, 0.98888889]), array([0.39933333, 0.80769231, 0.52445961, 0.25144748, 0.68085106,
       0.6625387 , 0.95789474, 0.85959885, 0.95918367, 0.98901099]), array([0.42528736, 0.77648766, 0.53583618, 0.26980198, 0.6812749 ,
       0.72012579, 0.97457627, 0.86894587, 0.96551724, 0.98947368]), array([0.40735874, 0.82944606, 0.52158693, 0.27269011, 0.69098712,
       0.70090634, 0.936     , 0.87114846, 0.95      , 0.98571429])]

estim_algorithm = ts-model, mode = classification, metric = precision, confidence_scores = max_class_probability-conf, class_specific = True
test err: [0.3788131425644307, 0.3731659667681034, 0.3634851742454609, 0.3596182018402698, 0.3662020376790812]
estimated metric: [array([0.83854524, 0.75364468, 0.79755908, 0.92777278, 0.68982928,
       0.59597959, 0.30128057, 0.61903371, 0.35070068, 0.26638191]), array([0.8349305 , 0.77112519, 0.78490992, 0.92741015, 0.67217681,
       0.58952477, 0.3495707 , 0.60631111, 0.38050734, 0.28900106]), array([0.82955979, 0.77075852, 0.8023557 , 0.93029996, 0.68460813,
       0.59867571, 0.30495227, 0.61712661, 0.40437478, 0.29591171]), array([0.83137601, 0.76435703, 0.80537931, 0.93256468, 0.70267651,
       0.59953479, 0.35713068, 0.62299075, 0.4056951 , 0.30903226]), array([0.83049621, 0.75832733, 0.79674791, 0.93031856, 0.68066701,
       0.60223144, 0.36377119, 0.62019804, 0.39038254, 0.24253126])]
real metric: [array([0.41486658, 0.79376855, 0.51843318, 0.24782789, 0.69591837,
       0.71076923, 0.95789474, 0.87430168, 0.94957983, 1.        ]), array([0.38864071, 0.83378016, 0.53341584, 0.26146221, 0.66519824,
       0.6918239 , 0.97478992, 0.8797654 , 0.97794118, 0.98888889]), array([0.39933333, 0.80769231, 0.52445961, 0.25144748, 0.68085106,
       0.6625387 , 0.95789474, 0.85959885, 0.95918367, 0.98901099]), array([0.42528736, 0.77648766, 0.53583618, 0.26980198, 0.6812749 ,
       0.72012579, 0.97457627, 0.86894587, 0.96551724, 0.98947368]), array([0.40735874, 0.82944606, 0.52158693, 0.27269011, 0.69098712,
       0.70090634, 0.936     , 0.87114846, 0.95      , 0.98571429])]

estim_algorithm = ts-model, mode = classification, metric = precision, confidence_scores = energy-conf, class_specific = False
test err: [0.40197523619361314, 0.3972971026173938, 0.38914611600067966, 0.3869367220748089, 0.3884848790547277]
estimated metric: [array([0.89635865, 0.73022599, 0.81390784, 0.94031847, 0.70218393,
       0.59126994, 0.30457371, 0.59667647, 0.3028491 , 0.21668934]), array([0.89513165, 0.75190635, 0.80023823, 0.93990125, 0.68327155,
       0.58326479, 0.35938094, 0.57954942, 0.32979891, 0.23994369]), array([0.89179815, 0.74973311, 0.8171018 , 0.9405956 , 0.69417155,
       0.59532994, 0.31174137, 0.59084019, 0.34483798, 0.23955113]), array([0.88900801, 0.73394398, 0.81588736, 0.94047412, 0.70580798,
       0.58697871, 0.35465124, 0.58676474, 0.34676477, 0.25563289]), array([0.89298567, 0.73438229, 0.81259312, 0.94162802, 0.69172211,
       0.60226344, 0.3683764 , 0.59742704, 0.33860009, 0.19362311])]
real metric: [array([0.41486658, 0.79376855, 0.51843318, 0.24782789, 0.69591837,
       0.71076923, 0.95789474, 0.87430168, 0.94957983, 1.        ]), array([0.38864071, 0.83378016, 0.53341584, 0.26146221, 0.66519824,
       0.6918239 , 0.97478992, 0.8797654 , 0.97794118, 0.98888889]), array([0.39933333, 0.80769231, 0.52445961, 0.25144748, 0.68085106,
       0.6625387 , 0.95789474, 0.85959885, 0.95918367, 0.98901099]), array([0.42528736, 0.77648766, 0.53583618, 0.26980198, 0.6812749 ,
       0.72012579, 0.97457627, 0.86894587, 0.96551724, 0.98947368]), array([0.40735874, 0.82944606, 0.52158693, 0.27269011, 0.69098712,
       0.70090634, 0.936     , 0.87114846, 0.95      , 0.98571429])]

estim_algorithm = ts-model, mode = classification, metric = precision, confidence_scores = energy-conf, class_specific = True
test err: [0.3926676547959387, 0.3872349522103666, 0.37735034799551903, 0.37299411959459333, 0.380725712734157]
estimated metric: [array([0.6530584 , 0.71278071, 0.74620151, 0.87911076, 0.62402524,
       0.52400368, 0.24344952, 0.54805035, 0.28728373, 0.21320562]), array([0.66471429, 0.73108075, 0.73346683, 0.88067848, 0.6072623 ,
       0.51993269, 0.28840262, 0.53733143, 0.31656057, 0.23460863]), array([0.65797264, 0.7326461 , 0.7550172 , 0.8871826 , 0.6223419 ,
       0.53106493, 0.24986069, 0.55028928, 0.34011097, 0.24188498]), array([0.65248594, 0.71899294, 0.75409493, 0.88630739, 0.63654229,
       0.52593649, 0.29162032, 0.55047103, 0.33593141, 0.24892848]), array([0.64828661, 0.71901625, 0.74614619, 0.88458126, 0.61512591,
       0.53166842, 0.30007072, 0.55044303, 0.32439812, 0.19360097])]
real metric: [array([0.41486658, 0.79376855, 0.51843318, 0.24782789, 0.69591837,
       0.71076923, 0.95789474, 0.87430168, 0.94957983, 1.        ]), array([0.38864071, 0.83378016, 0.53341584, 0.26146221, 0.66519824,
       0.6918239 , 0.97478992, 0.8797654 , 0.97794118, 0.98888889]), array([0.39933333, 0.80769231, 0.52445961, 0.25144748, 0.68085106,
       0.6625387 , 0.95789474, 0.85959885, 0.95918367, 0.98901099]), array([0.42528736, 0.77648766, 0.53583618, 0.26980198, 0.6812749 ,
       0.72012579, 0.97457627, 0.86894587, 0.96551724, 0.98947368]), array([0.40735874, 0.82944606, 0.52158693, 0.27269011, 0.69098712,
       0.70090634, 0.936     , 0.87114846, 0.95      , 0.98571429])]

estim_algorithm = ts-model, mode = classification, metric = precision, confidence_scores = entropy-conf, class_specific = False
test err: [0.4533104674848462, 0.447368786157014, 0.4406823247944775, 0.4370842983404666, 0.4453991795577144]
estimated metric: [array([0.79928444, 0.6514879 , 0.66708305, 0.88046503, 0.52328807,
       0.43638951, 0.16270603, 0.47059653, 0.21723845, 0.1531261 ]), array([0.79570827, 0.67740014, 0.64812444, 0.88065324, 0.50051331,
       0.4317983 , 0.19908855, 0.46265709, 0.24537753, 0.16263207]), array([0.7867771 , 0.67005026, 0.66644179, 0.87976866, 0.50947307,
       0.42612468, 0.16480331, 0.46425265, 0.26402703, 0.1689632 ]), array([0.78718179, 0.66059701, 0.66926905, 0.8824529 , 0.53240622,
       0.43048357, 0.19939463, 0.46738864, 0.2589113 , 0.16435529]), array([0.78854432, 0.65467168, 0.66011563, 0.8808818 , 0.50348798,
       0.42927777, 0.20785005, 0.46649391, 0.24376094, 0.13257412])]
real metric: [array([0.41486658, 0.79376855, 0.51843318, 0.24782789, 0.69591837,
       0.71076923, 0.95789474, 0.87430168, 0.94957983, 1.        ]), array([0.38864071, 0.83378016, 0.53341584, 0.26146221, 0.66519824,
       0.6918239 , 0.97478992, 0.8797654 , 0.97794118, 0.98888889]), array([0.39933333, 0.80769231, 0.52445961, 0.25144748, 0.68085106,
       0.6625387 , 0.95789474, 0.85959885, 0.95918367, 0.98901099]), array([0.42528736, 0.77648766, 0.53583618, 0.26980198, 0.6812749 ,
       0.72012579, 0.97457627, 0.86894587, 0.96551724, 0.98947368]), array([0.40735874, 0.82944606, 0.52158693, 0.27269011, 0.69098712,
       0.70090634, 0.936     , 0.87114846, 0.95      , 0.98571429])]

estim_algorithm = ts-model, mode = classification, metric = precision, confidence_scores = entropy-conf, class_specific = True
test err: [0.3923150875168461, 0.3744290648199279, 0.3722860316454212, 0.3776361896702785, 0.371161594131017]
estimated metric: [array([6.43915598e-08, 9.26388126e-01, 7.88639685e-01, 9.16139506e-01,
       6.78079277e-01, 5.82824398e-01, 2.89961813e-01, 6.06133084e-01,
       3.38424533e-01, 2.55894085e-01]), array([6.47694826e-08, 9.31176677e-01, 7.76226253e-01, 9.16210337e-01,
       6.60908116e-01, 5.77202032e-01, 3.38131967e-01, 5.94145373e-01,
       3.68630018e-01, 2.78695069e-01]), array([6.56342513e-08, 9.28580903e-01, 7.95121926e-01, 9.19117611e-01,
       6.74811468e-01, 5.87816909e-01, 2.95498337e-01, 6.06438856e-01,
       3.93583971e-01, 2.86622469e-01]), array([6.71252459e-08, 9.28168863e-01, 7.98822019e-01, 9.21446060e-01,
       6.93973782e-01, 5.89576439e-01, 3.47702838e-01, 6.13239403e-01,
       3.95774486e-01, 3.00281080e-01]), array([6.57831767e-08, 9.25996293e-01, 7.89684013e-01, 9.19401791e-01,
       6.71233548e-01, 5.91870240e-01, 3.53862861e-01, 6.10001771e-01,
       3.80182506e-01, 2.34707014e-01])]
real metric: [array([0.41486658, 0.79376855, 0.51843318, 0.24782789, 0.69591837,
       0.71076923, 0.95789474, 0.87430168, 0.94957983, 1.        ]), array([0.38864071, 0.83378016, 0.53341584, 0.26146221, 0.66519824,
       0.6918239 , 0.97478992, 0.8797654 , 0.97794118, 0.98888889]), array([0.39933333, 0.80769231, 0.52445961, 0.25144748, 0.68085106,
       0.6625387 , 0.95789474, 0.85959885, 0.95918367, 0.98901099]), array([0.42528736, 0.77648766, 0.53583618, 0.26980198, 0.6812749 ,
       0.72012579, 0.97457627, 0.86894587, 0.96551724, 0.98947368]), array([0.40735874, 0.82944606, 0.52158693, 0.27269011, 0.69098712,
       0.70090634, 0.936     , 0.87114846, 0.95      , 0.98571429])]

estim_algorithm = ts-model, mode = classification, metric = precision, confidence_scores = doctor-conf, class_specific = False
test err: [0.4464567049654047, 0.4411765058812815, 0.43320893937090094, 0.4306719200121347, 0.4384883331708269]
estimated metric: [array([0.7542231 , 0.64192848, 0.63019584, 0.86065272, 0.52128402,
       0.43078415, 0.16975174, 0.46690519, 0.20322577, 0.14773001]), array([0.75103772, 0.66845336, 0.61280511, 0.86199574, 0.49916789,
       0.4248558 , 0.20359552, 0.45992944, 0.23085612, 0.1558843 ]), array([0.74257003, 0.66165831, 0.63378778, 0.86212073, 0.51147446,
       0.42366279, 0.1735298 , 0.46371524, 0.24959417, 0.16428428]), array([0.74117079, 0.65114295, 0.63482728, 0.86447899, 0.52929236,
       0.42800539, 0.20247167, 0.46402041, 0.24679228, 0.15750871]), array([0.7417802 , 0.64546544, 0.62400472, 0.86162111, 0.49958123,
       0.42696268, 0.21441634, 0.46060853, 0.22945316, 0.12860181])]
real metric: [array([0.41486658, 0.79376855, 0.51843318, 0.24782789, 0.69591837,
       0.71076923, 0.95789474, 0.87430168, 0.94957983, 1.        ]), array([0.38864071, 0.83378016, 0.53341584, 0.26146221, 0.66519824,
       0.6918239 , 0.97478992, 0.8797654 , 0.97794118, 0.98888889]), array([0.39933333, 0.80769231, 0.52445961, 0.25144748, 0.68085106,
       0.6625387 , 0.95789474, 0.85959885, 0.95918367, 0.98901099]), array([0.42528736, 0.77648766, 0.53583618, 0.26980198, 0.6812749 ,
       0.72012579, 0.97457627, 0.86894587, 0.96551724, 0.98947368]), array([0.40735874, 0.82944606, 0.52158693, 0.27269011, 0.69098712,
       0.70090634, 0.936     , 0.87114846, 0.95      , 0.98571429])]

estim_algorithm = ts-model, mode = classification, metric = precision, confidence_scores = doctor-conf, class_specific = True
test err: [0.39232786554616883, 0.38536417056786465, 0.3766373149869042, 0.3712156363996638, 0.38039606546750715]
estimated metric: [array([0.65378258, 0.71421453, 0.7465534 , 0.87835825, 0.62435355,
       0.52446732, 0.24379206, 0.54851074, 0.2876645 , 0.21351762]), array([0.64370506, 0.73462961, 0.73229422, 0.87887957, 0.60554262,
       0.51843743, 0.28717489, 0.53584198, 0.31526609, 0.23301344]), array([0.63997309, 0.7329508 , 0.75292975, 0.88394151, 0.61944941,
       0.52826151, 0.24775743, 0.54750286, 0.33758989, 0.2384892 ]), array([0.64203182, 0.72194502, 0.75498414, 0.88704039, 0.63721238,
       0.52711609, 0.29261312, 0.55165878, 0.3370033 , 0.2498272 ]), array([0.64101352, 0.71771176, 0.74548072, 0.88269941, 0.61388885,
       0.5307342 , 0.29933397, 0.54957423, 0.32362926, 0.19292723])]
real metric: [array([0.41486658, 0.79376855, 0.51843318, 0.24782789, 0.69591837,
       0.71076923, 0.95789474, 0.87430168, 0.94957983, 1.        ]), array([0.38864071, 0.83378016, 0.53341584, 0.26146221, 0.66519824,
       0.6918239 , 0.97478992, 0.8797654 , 0.97794118, 0.98888889]), array([0.39933333, 0.80769231, 0.52445961, 0.25144748, 0.68085106,
       0.6625387 , 0.95789474, 0.85959885, 0.95918367, 0.98901099]), array([0.42528736, 0.77648766, 0.53583618, 0.26980198, 0.6812749 ,
       0.72012579, 0.97457627, 0.86894587, 0.96551724, 0.98947368]), array([0.40735874, 0.82944606, 0.52158693, 0.27269011, 0.69098712,
       0.70090634, 0.936     , 0.87114846, 0.95      , 0.98571429])]

estim_algorithm = doc-model, mode = classification, metric = precision, confidence_scores = max_class_probability-conf, class_specific = False
test err: [0.42059065014553576, 0.4139427162474846, 0.40738559102755617, 0.40280351083604327, 0.4099437852478577]
estimated metric: [array([0.86681969, 0.7109422 , 0.76060654, 0.92246323, 0.62923312,
       0.52477058, 0.23712005, 0.55203036, 0.28288404, 0.20810734]), array([0.86622921, 0.73379371, 0.74563488, 0.92273794, 0.6100284 ,
       0.51932445, 0.28105304, 0.54007771, 0.31184082, 0.22772565]), array([0.85954715, 0.72834356, 0.76320922, 0.92257328, 0.61880302,
       0.52269998, 0.23735872, 0.54572964, 0.32965792, 0.2304108 ]), array([0.8575051 , 0.71649281, 0.76338838, 0.92291266, 0.63565685,
       0.51931071, 0.27946662, 0.54733716, 0.32610134, 0.23688142]), array([0.86159867, 0.71493561, 0.7577714 , 0.92370866, 0.61614233,
       0.52871374, 0.29133309, 0.55101299, 0.31763551, 0.18643411])]
real metric: [array([0.41486658, 0.79376855, 0.51843318, 0.24782789, 0.69591837,
       0.71076923, 0.95789474, 0.87430168, 0.94957983, 1.        ]), array([0.38864071, 0.83378016, 0.53341584, 0.26146221, 0.66519824,
       0.6918239 , 0.97478992, 0.8797654 , 0.97794118, 0.98888889]), array([0.39933333, 0.80769231, 0.52445961, 0.25144748, 0.68085106,
       0.6625387 , 0.95789474, 0.85959885, 0.95918367, 0.98901099]), array([0.42528736, 0.77648766, 0.53583618, 0.26980198, 0.6812749 ,
       0.72012579, 0.97457627, 0.86894587, 0.96551724, 0.98947368]), array([0.40735874, 0.82944606, 0.52158693, 0.27269011, 0.69098712,
       0.70090634, 0.936     , 0.87114846, 0.95      , 0.98571429])]

estim_algorithm = doc-model, mode = classification, metric = precision, confidence_scores = max_class_probability-conf, class_specific = True
test err: [0.3754572646858417, 0.37075122002673166, 0.3610090475337291, 0.35769016966921613, 0.361937807498396]
estimated metric: [array([0.85619672, 0.76244317, 0.80519457, 0.93315315, 0.69999969,
       0.60747628, 0.31147511, 0.63028134, 0.3617018 , 0.27586179]), array([0.85512113, 0.78042728, 0.79380157, 0.93342959, 0.68385171,
       0.60240209, 0.36182683, 0.61900215, 0.39319244, 0.30011344]), array([0.84991538, 0.78013375, 0.81075598, 0.93606063, 0.69611756,
       0.61154169, 0.31648385, 0.62976688, 0.41740813, 0.30725255]), array([0.84815251, 0.7717665 , 0.81181645, 0.93715129, 0.71129291,
       0.60947905, 0.36673632, 0.63270938, 0.41576219, 0.31798412]), array([0.85027846, 0.76746731, 0.80480883, 0.9358698 , 0.69154944,
       0.61427211, 0.37554552, 0.63202716, 0.40247333, 0.25193529])]
real metric: [array([0.41486658, 0.79376855, 0.51843318, 0.24782789, 0.69591837,
       0.71076923, 0.95789474, 0.87430168, 0.94957983, 1.        ]), array([0.38864071, 0.83378016, 0.53341584, 0.26146221, 0.66519824,
       0.6918239 , 0.97478992, 0.8797654 , 0.97794118, 0.98888889]), array([0.39933333, 0.80769231, 0.52445961, 0.25144748, 0.68085106,
       0.6625387 , 0.95789474, 0.85959885, 0.95918367, 0.98901099]), array([0.42528736, 0.77648766, 0.53583618, 0.26980198, 0.6812749 ,
       0.72012579, 0.97457627, 0.86894587, 0.96551724, 0.98947368]), array([0.40735874, 0.82944606, 0.52158693, 0.27269011, 0.69098712,
       0.70090634, 0.936     , 0.87114846, 0.95      , 0.98571429])]

estim_algorithm = doc-model, mode = classification, metric = precision, confidence_scores = energy-conf, class_specific = False
test err: [0.4021846663418323, 0.39750968681222243, 0.3893476047222314, 0.3871558046178327, 0.3886938292472955]
estimated metric: [array([0.89603295, 0.72973441, 0.81335907, 0.94012344, 0.70150516,
       0.59048794, 0.30394983, 0.59598008, 0.3021625 , 0.2161272 ]), array([0.89481367, 0.7514544 , 0.79966999, 0.93971229, 0.68258155,
       0.58248744, 0.35869549, 0.57889365, 0.32911211, 0.23930999]), array([0.89147224, 0.7492851 , 0.81657913, 0.94041411, 0.69350536,
       0.59456728, 0.31113696, 0.59018333, 0.34418563, 0.23896426]), array([0.88867197, 0.7335029 , 0.81536118, 0.94028769, 0.70514768,
       0.58622508, 0.35398955, 0.58609548, 0.34607665, 0.25494693]), array([0.89265095, 0.73390843, 0.81204511, 0.94143945, 0.69102002,
       0.60148754, 0.36769151, 0.59672517, 0.33788883, 0.19310801])]
real metric: [array([0.41486658, 0.79376855, 0.51843318, 0.24782789, 0.69591837,
       0.71076923, 0.95789474, 0.87430168, 0.94957983, 1.        ]), array([0.38864071, 0.83378016, 0.53341584, 0.26146221, 0.66519824,
       0.6918239 , 0.97478992, 0.8797654 , 0.97794118, 0.98888889]), array([0.39933333, 0.80769231, 0.52445961, 0.25144748, 0.68085106,
       0.6625387 , 0.95789474, 0.85959885, 0.95918367, 0.98901099]), array([0.42528736, 0.77648766, 0.53583618, 0.26980198, 0.6812749 ,
       0.72012579, 0.97457627, 0.86894587, 0.96551724, 0.98947368]), array([0.40735874, 0.82944606, 0.52158693, 0.27269011, 0.69098712,
       0.70090634, 0.936     , 0.87114846, 0.95      , 0.98571429])]

estim_algorithm = doc-model, mode = classification, metric = precision, confidence_scores = energy-conf, class_specific = True
test err: [0.3926949288482231, 0.38725723137941814, 0.37752894045445157, 0.37305711303910927, 0.38084867386320226]
estimated metric: [array([0.65372289, 0.71275573, 0.74626255, 0.87921734, 0.62413163,
       0.5241168 , 0.24353306, 0.54816268, 0.2873766 , 0.21328171]), array([0.66543125, 0.73107995, 0.7335732 , 0.88080519, 0.60739207,
       0.52006852, 0.28851431, 0.53746671, 0.31667832, 0.23470636]), array([0.65973387, 0.73214437, 0.75511311, 0.88729774, 0.62246378,
       0.53119407, 0.24995791, 0.55041761, 0.34022737, 0.2419801 ]), array([0.65344444, 0.71887672, 0.75418489, 0.88641855, 0.63664608,
       0.52605788, 0.29172091, 0.5505915 , 0.33604003, 0.24901952]), array([0.64964069, 0.71869094, 0.74621572, 0.88468929, 0.61523854,
       0.53178689, 0.30017066, 0.55056076, 0.3245024 , 0.19367525])]
real metric: [array([0.41486658, 0.79376855, 0.51843318, 0.24782789, 0.69591837,
       0.71076923, 0.95789474, 0.87430168, 0.94957983, 1.        ]), array([0.38864071, 0.83378016, 0.53341584, 0.26146221, 0.66519824,
       0.6918239 , 0.97478992, 0.8797654 , 0.97794118, 0.98888889]), array([0.39933333, 0.80769231, 0.52445961, 0.25144748, 0.68085106,
       0.6625387 , 0.95789474, 0.85959885, 0.95918367, 0.98901099]), array([0.42528736, 0.77648766, 0.53583618, 0.26980198, 0.6812749 ,
       0.72012579, 0.97457627, 0.86894587, 0.96551724, 0.98947368]), array([0.40735874, 0.82944606, 0.52158693, 0.27269011, 0.69098712,
       0.70090634, 0.936     , 0.87114846, 0.95      , 0.98571429])]

estim_algorithm = doc-model, mode = classification, metric = precision, confidence_scores = entropy-conf, class_specific = False
test err: [0.4163403160859997, 0.4096187416453314, 0.40310095306706273, 0.39840411248740987, 0.4054629484131812]
estimated metric: [array([0.8725437 , 0.71700688, 0.76965991, 0.92573793, 0.64045686,
       0.53548897, 0.24594845, 0.56113619, 0.29063689, 0.21496888]), array([0.87194415, 0.73942413, 0.75498797, 0.92594588, 0.62145767,
       0.52986024, 0.2906969 , 0.54868903, 0.31958023, 0.23565129]), array([0.86556957, 0.73416405, 0.77228623, 0.92582843, 0.63019713,
       0.5339166 , 0.24606314, 0.55470709, 0.33729016, 0.23786643]), array([0.86346911, 0.72210978, 0.77228487, 0.92608688, 0.64651353,
       0.52994803, 0.28896264, 0.55615217, 0.33403149, 0.24555799]), array([0.86765249, 0.7209966 , 0.7670624 , 0.926988  , 0.6278594 ,
       0.5402072 , 0.30119249, 0.56034861, 0.32597196, 0.19306364])]
real metric: [array([0.41486658, 0.79376855, 0.51843318, 0.24782789, 0.69591837,
       0.71076923, 0.95789474, 0.87430168, 0.94957983, 1.        ]), array([0.38864071, 0.83378016, 0.53341584, 0.26146221, 0.66519824,
       0.6918239 , 0.97478992, 0.8797654 , 0.97794118, 0.98888889]), array([0.39933333, 0.80769231, 0.52445961, 0.25144748, 0.68085106,
       0.6625387 , 0.95789474, 0.85959885, 0.95918367, 0.98901099]), array([0.42528736, 0.77648766, 0.53583618, 0.26980198, 0.6812749 ,
       0.72012579, 0.97457627, 0.86894587, 0.96551724, 0.98947368]), array([0.40735874, 0.82944606, 0.52158693, 0.27269011, 0.69098712,
       0.70090634, 0.936     , 0.87114846, 0.95      , 0.98571429])]

estim_algorithm = doc-model, mode = classification, metric = precision, confidence_scores = entropy-conf, class_specific = True
test err: [0.38757423601240343, 0.37053239418968315, 0.3678503777710687, 0.3749400413054482, 0.36616381823093347]
estimated metric: [array([4.69770221e-08, 9.29791954e-01, 7.96519100e-01, 9.20824696e-01,
       6.88452101e-01, 5.94430717e-01, 2.99929045e-01, 6.17516495e-01,
       3.49238264e-01, 2.65127533e-01]), array([4.77929000e-04, 9.34752001e-01, 7.84975134e-01, 9.21178515e-01,
       6.72261973e-01, 5.89618308e-01, 3.49658617e-01, 6.06403373e-01,
       3.80598483e-01, 2.89080517e-01]), array([4.86932992e-04, 9.33119111e-01, 8.03876897e-01, 9.24195007e-01,
       6.86681734e-01, 6.00985021e-01, 3.06995308e-01, 6.19397251e-01,
       4.06694140e-01, 2.97920142e-01]), array([4.90014048e-08, 9.30056064e-01, 8.05429508e-01, 9.25401190e-01,
       7.02743465e-01, 5.99611751e-01, 3.57204304e-01, 6.23066036e-01,
       4.05772415e-01, 3.09100746e-01]), array([4.79406822e-08, 9.29540601e-01, 7.97744525e-01, 9.24039882e-01,
       6.82005688e-01, 6.03707504e-01, 3.65199421e-01, 6.21649321e-01,
       3.91850903e-01, 2.43665792e-01])]
real metric: [array([0.41486658, 0.79376855, 0.51843318, 0.24782789, 0.69591837,
       0.71076923, 0.95789474, 0.87430168, 0.94957983, 1.        ]), array([0.38864071, 0.83378016, 0.53341584, 0.26146221, 0.66519824,
       0.6918239 , 0.97478992, 0.8797654 , 0.97794118, 0.98888889]), array([0.39933333, 0.80769231, 0.52445961, 0.25144748, 0.68085106,
       0.6625387 , 0.95789474, 0.85959885, 0.95918367, 0.98901099]), array([0.42528736, 0.77648766, 0.53583618, 0.26980198, 0.6812749 ,
       0.72012579, 0.97457627, 0.86894587, 0.96551724, 0.98947368]), array([0.40735874, 0.82944606, 0.52158693, 0.27269011, 0.69098712,
       0.70090634, 0.936     , 0.87114846, 0.95      , 0.98571429])]

estim_algorithm = doc-model, mode = classification, metric = precision, confidence_scores = doctor-conf, class_specific = False
test err: [0.44010824761597833, 0.434317904645449, 0.4262659553559162, 0.42338337940066956, 0.4307045473296508]
estimated metric: [array([0.80736163, 0.67266402, 0.68188561, 0.89039817, 0.55671911,
       0.45494696, 0.19559827, 0.49950749, 0.23212239, 0.16810944]), array([0.8071767 , 0.6984237 , 0.66568949, 0.89155647, 0.53672498,
       0.44991112, 0.23101445, 0.49233467, 0.26116281, 0.18034079]), array([0.79851856, 0.69255325, 0.68644866, 0.89171199, 0.54752218,
       0.45197519, 0.19755235, 0.49688618, 0.28126347, 0.18779694]), array([0.79601512, 0.68147021, 0.68657003, 0.89234591, 0.56462201,
       0.45195485, 0.23041718, 0.49775618, 0.27551054, 0.18484219]), array([0.79912516, 0.67689389, 0.67764678, 0.89192388, 0.53926626,
       0.45629602, 0.24252771, 0.49617317, 0.26373341, 0.1493264 ])]
real metric: [array([0.41486658, 0.79376855, 0.51843318, 0.24782789, 0.69591837,
       0.71076923, 0.95789474, 0.87430168, 0.94957983, 1.        ]), array([0.38864071, 0.83378016, 0.53341584, 0.26146221, 0.66519824,
       0.6918239 , 0.97478992, 0.8797654 , 0.97794118, 0.98888889]), array([0.39933333, 0.80769231, 0.52445961, 0.25144748, 0.68085106,
       0.6625387 , 0.95789474, 0.85959885, 0.95918367, 0.98901099]), array([0.42528736, 0.77648766, 0.53583618, 0.26980198, 0.6812749 ,
       0.72012579, 0.97457627, 0.86894587, 0.96551724, 0.98947368]), array([0.40735874, 0.82944606, 0.52158693, 0.27269011, 0.69098712,
       0.70090634, 0.936     , 0.87114846, 0.95      , 0.98571429])]

estim_algorithm = doc-model, mode = classification, metric = precision, confidence_scores = doctor-conf, class_specific = True
test err: [0.391159739098935, 0.38431408254082394, 0.37536227179646403, 0.370227078112356, 0.379148139896866]
estimated metric: [array([0.65597884, 0.71678664, 0.74937537, 0.88365113, 0.6279652 ,
       0.52819933, 0.24656241, 0.55221517, 0.29074171, 0.21604222]), array([0.65002436, 0.73711683, 0.73542699, 0.88369055, 0.60965665,
       0.52244076, 0.29046959, 0.53982905, 0.31873896, 0.23641815]), array([0.64515684, 0.73564438, 0.75589083, 0.88851828, 0.62345269,
       0.53224241, 0.25074808, 0.55145926, 0.3411731 , 0.24275321]), array([0.64692473, 0.72409067, 0.7575418 , 0.89099071, 0.64085214,
       0.53059072, 0.29549348, 0.55508814, 0.34011052, 0.25243669]), array([0.64415169, 0.72020974, 0.74843588, 0.88784245, 0.61799233,
       0.53468623, 0.3026234 , 0.55344147, 0.32706105, 0.1955009 ])]
real metric: [array([0.41486658, 0.79376855, 0.51843318, 0.24782789, 0.69591837,
       0.71076923, 0.95789474, 0.87430168, 0.94957983, 1.        ]), array([0.38864071, 0.83378016, 0.53341584, 0.26146221, 0.66519824,
       0.6918239 , 0.97478992, 0.8797654 , 0.97794118, 0.98888889]), array([0.39933333, 0.80769231, 0.52445961, 0.25144748, 0.68085106,
       0.6625387 , 0.95789474, 0.85959885, 0.95918367, 0.98901099]), array([0.42528736, 0.77648766, 0.53583618, 0.26980198, 0.6812749 ,
       0.72012579, 0.97457627, 0.86894587, 0.96551724, 0.98947368]), array([0.40735874, 0.82944606, 0.52158693, 0.27269011, 0.69098712,
       0.70090634, 0.936     , 0.87114846, 0.95      , 0.98571429])]

