estim_algorithm = ac-model, mode = classification, metric = sensitivity, confidence_scores = max_class_probability-conf, class_specific = False
test err: [0.23619177564317048, 0.2417135293731104, 0.2472552838078979, 0.24580703570730514, 0.23987585776596218]
estimated metric: [array([0.90191417, 0.93705435, 0.84060347, 0.82397024, 0.86083614,
       0.8798189 , 0.90043299, 0.8873502 , 0.85139518, 0.8775076 ]), array([0.90822045, 0.93695061, 0.8361926 , 0.82413287, 0.86303131,
       0.87000518, 0.89883852, 0.88174119, 0.8665579 , 0.89344783]), array([0.90745153, 0.93022758, 0.84677169, 0.83956411, 0.85481917,
       0.86466862, 0.89963801, 0.8991837 , 0.84294672, 0.90430326]), array([0.90281443, 0.92519807, 0.84396301, 0.82665136, 0.86908894,
       0.86350812, 0.8801412 , 0.86692352, 0.86267414, 0.87992482]), array([0.90345832, 0.92386009, 0.8443252 , 0.83154548, 0.86276508,
       0.86064037, 0.88192876, 0.89752401, 0.86245722, 0.9104027 ])]
real metric: [array([0.94518519, 0.95314592, 0.59435364, 0.58275382, 0.72093023,
       0.56609195, 0.7879617 , 0.56559767, 0.29411765, 0.50755287]), array([0.95596591, 0.95419847, 0.60269865, 0.55274889, 0.67146974,
       0.56111111, 0.76435935, 0.56187767, 0.34352256, 0.52401747]), array([0.95500726, 0.95042493, 0.59885387, 0.55359765, 0.69571429,
       0.54269175, 0.73840206, 0.59007092, 0.27419355, 0.55357143]), array([0.93889717, 0.94887218, 0.57714286, 0.56033287, 0.71703704,
       0.55330634, 0.7140825 , 0.56564246, 0.30701754, 0.5       ]), array([0.92565598, 0.96092619, 0.60401722, 0.56776034, 0.71571429,
       0.5744382 , 0.75739645, 0.55524476, 0.30609418, 0.53142857])]

estim_algorithm = ac-model, mode = classification, metric = sensitivity, confidence_scores = energy-conf, class_specific = False
test err: [0.3900005196229543, 0.386751855351515, 0.3817572017405471, 0.37868001537970636, 0.38959245247013263]
estimated metric: [array([0.25106202, 0.38886233, 0.19925416, 0.18593134, 0.22345973,
       0.25100939, 0.27188621, 0.28689794, 0.25451021, 0.3048121 ]), array([0.2518944 , 0.39205662, 0.19885495, 0.18111684, 0.22048149,
       0.23934565, 0.27793793, 0.2972172 , 0.26042806, 0.30511814]), array([0.2565172 , 0.37433035, 0.20172102, 0.1951314 , 0.2133771 ,
       0.24664461, 0.27848629, 0.30569923, 0.24541941, 0.31762907]), array([0.24747443, 0.37022318, 0.20356037, 0.18436831, 0.22423056,
       0.23724608, 0.26348934, 0.28194363, 0.26649106, 0.31650386]), array([0.25230938, 0.36422084, 0.20536079, 0.18412831, 0.21515041,
       0.23819182, 0.26298027, 0.29074072, 0.26484914, 0.32481998])]
real metric: [array([0.94518519, 0.95314592, 0.59435364, 0.58275382, 0.72093023,
       0.56609195, 0.7879617 , 0.56559767, 0.29411765, 0.50755287]), array([0.95596591, 0.95419847, 0.60269865, 0.55274889, 0.67146974,
       0.56111111, 0.76435935, 0.56187767, 0.34352256, 0.52401747]), array([0.95500726, 0.95042493, 0.59885387, 0.55359765, 0.69571429,
       0.54269175, 0.73840206, 0.59007092, 0.27419355, 0.55357143]), array([0.93889717, 0.94887218, 0.57714286, 0.56033287, 0.71703704,
       0.55330634, 0.7140825 , 0.56564246, 0.30701754, 0.5       ]), array([0.92565598, 0.96092619, 0.60401722, 0.56776034, 0.71571429,
       0.5744382 , 0.75739645, 0.55524476, 0.30609418, 0.53142857])]

estim_algorithm = ac-model, mode = classification, metric = sensitivity, confidence_scores = entropy-conf, class_specific = False
test err: [0.22027220686299512, 0.2259913609344272, 0.2320382686877156, 0.2317433279923033, 0.2246844901137544]
estimated metric: [array([0.8814963 , 0.92630157, 0.81223274, 0.79290173, 0.83809501,
       0.85657571, 0.87738703, 0.86556109, 0.83025004, 0.85854504]), array([0.8897555 , 0.92693213, 0.81058783, 0.79198015, 0.83649199,
       0.84888872, 0.87849015, 0.86603153, 0.84009243, 0.8756795 ]), array([0.8901385 , 0.91898346, 0.8193088 , 0.80955456, 0.82545696,
       0.84182936, 0.87848314, 0.88141825, 0.82776123, 0.88735567]), array([0.88235715, 0.91176547, 0.81786653, 0.79633373, 0.8423976 ,
       0.84454442, 0.85864775, 0.8456013 , 0.84553967, 0.86741718]), array([0.88379749, 0.90964202, 0.820739  , 0.79905751, 0.83359125,
       0.83625261, 0.86074463, 0.87585431, 0.84492926, 0.89462766])]
real metric: [array([0.94518519, 0.95314592, 0.59435364, 0.58275382, 0.72093023,
       0.56609195, 0.7879617 , 0.56559767, 0.29411765, 0.50755287]), array([0.95596591, 0.95419847, 0.60269865, 0.55274889, 0.67146974,
       0.56111111, 0.76435935, 0.56187767, 0.34352256, 0.52401747]), array([0.95500726, 0.95042493, 0.59885387, 0.55359765, 0.69571429,
       0.54269175, 0.73840206, 0.59007092, 0.27419355, 0.55357143]), array([0.93889717, 0.94887218, 0.57714286, 0.56033287, 0.71703704,
       0.55330634, 0.7140825 , 0.56564246, 0.30701754, 0.5       ]), array([0.92565598, 0.96092619, 0.60401722, 0.56776034, 0.71571429,
       0.5744382 , 0.75739645, 0.55524476, 0.30609418, 0.53142857])]

estim_algorithm = ac-model, mode = classification, metric = sensitivity, confidence_scores = doctor-conf, class_specific = False
test err: [0.264672723842624, 0.27105709963484237, 0.27706082207787935, 0.27574106311361446, 0.269816999575143]
estimated metric: [array([0.93459985, 0.95923429, 0.88830834, 0.87473022, 0.90168565,
       0.91637614, 0.92956367, 0.92078103, 0.90259758, 0.91537043]), array([0.93997541, 0.95698842, 0.88904303, 0.87857714, 0.9046537 ,
       0.91265928, 0.92985695, 0.92021677, 0.91002714, 0.92856198]), array([0.93918178, 0.95404856, 0.89214084, 0.89117449, 0.90165216,
       0.90805065, 0.93049225, 0.93527564, 0.9007769 , 0.93869171]), array([0.93438601, 0.94888382, 0.89394774, 0.87808267, 0.91109987,
       0.91040102, 0.9174161 , 0.90771081, 0.90908101, 0.91971022]), array([0.93583884, 0.94771181, 0.89234962, 0.88256222, 0.90175802,
       0.90505115, 0.92087221, 0.93167432, 0.90999892, 0.9426003 ])]
real metric: [array([0.94518519, 0.95314592, 0.59435364, 0.58275382, 0.72093023,
       0.56609195, 0.7879617 , 0.56559767, 0.29411765, 0.50755287]), array([0.95596591, 0.95419847, 0.60269865, 0.55274889, 0.67146974,
       0.56111111, 0.76435935, 0.56187767, 0.34352256, 0.52401747]), array([0.95500726, 0.95042493, 0.59885387, 0.55359765, 0.69571429,
       0.54269175, 0.73840206, 0.59007092, 0.27419355, 0.55357143]), array([0.93889717, 0.94887218, 0.57714286, 0.56033287, 0.71703704,
       0.55330634, 0.7140825 , 0.56564246, 0.30701754, 0.5       ]), array([0.92565598, 0.96092619, 0.60401722, 0.56776034, 0.71571429,
       0.5744382 , 0.75739645, 0.55524476, 0.30609418, 0.53142857])]

estim_algorithm = ts-model, mode = classification, metric = sensitivity, confidence_scores = max_class_probability-conf, class_specific = False
test err: [0.1339482827971036, 0.12141282675855794, 0.12800835808638328, 0.12760355372470275, 0.13351469146948686]
estimated metric: [array([0.69134261, 0.80340454, 0.58738502, 0.56127525, 0.62634133,
       0.6570562 , 0.69615176, 0.6850531 , 0.6274718 , 0.68483189]), array([0.69930879, 0.80729544, 0.58021431, 0.55052602, 0.62121161,
       0.63854134, 0.70069545, 0.68451949, 0.63987291, 0.69953394]), array([0.70467601, 0.7909514 , 0.59451777, 0.57598223, 0.60413417,
       0.64185062, 0.70118937, 0.70537987, 0.61719645, 0.71086604]), array([0.68868184, 0.78012124, 0.59124383, 0.55802313, 0.62950934,
       0.63249543, 0.67120562, 0.66383641, 0.64196674, 0.69792173]), array([0.69547474, 0.77861272, 0.59931236, 0.55898817, 0.62071828,
       0.62764173, 0.67154454, 0.69588615, 0.64879564, 0.72320946])]
real metric: [array([0.94518519, 0.95314592, 0.59435364, 0.58275382, 0.72093023,
       0.56609195, 0.7879617 , 0.56559767, 0.29411765, 0.50755287]), array([0.95596591, 0.95419847, 0.60269865, 0.55274889, 0.67146974,
       0.56111111, 0.76435935, 0.56187767, 0.34352256, 0.52401747]), array([0.95500726, 0.95042493, 0.59885387, 0.55359765, 0.69571429,
       0.54269175, 0.73840206, 0.59007092, 0.27419355, 0.55357143]), array([0.93889717, 0.94887218, 0.57714286, 0.56033287, 0.71703704,
       0.55330634, 0.7140825 , 0.56564246, 0.30701754, 0.5       ]), array([0.92565598, 0.96092619, 0.60401722, 0.56776034, 0.71571429,
       0.5744382 , 0.75739645, 0.55524476, 0.30609418, 0.53142857])]

estim_algorithm = ts-model, mode = classification, metric = sensitivity, confidence_scores = max_class_probability-conf, class_specific = True
test err: [0.06156167916113642, 0.06190842737891583, 0.06368873755906526, 0.056602697375325785, 0.06747030365842344]
estimated metric: [array([0.93493584, 0.9674542 , 0.72219546, 0.73075516, 0.71173382,
       0.54915088, 0.7166907 , 0.58570767, 0.42231379, 0.43805149]), array([0.93903317, 0.96533756, 0.71575198, 0.72570346, 0.70731038,
       0.53007745, 0.72079207, 0.58721198, 0.42929998, 0.44056622]), array([0.93753691, 0.96252126, 0.73021173, 0.74674712, 0.6909574 ,
       0.53913414, 0.72127514, 0.60754517, 0.40986981, 0.44934998]), array([0.93545379, 0.96066971, 0.72612017, 0.73170497, 0.71547714,
       0.52546778, 0.69130732, 0.56951954, 0.43086399, 0.44946052]), array([0.93587935, 0.95992458, 0.73224413, 0.73439498, 0.707056  ,
       0.5235948 , 0.69169698, 0.59547808, 0.43773556, 0.45988792])]
real metric: [array([0.94518519, 0.95314592, 0.59435364, 0.58275382, 0.72093023,
       0.56609195, 0.7879617 , 0.56559767, 0.29411765, 0.50755287]), array([0.95596591, 0.95419847, 0.60269865, 0.55274889, 0.67146974,
       0.56111111, 0.76435935, 0.56187767, 0.34352256, 0.52401747]), array([0.95500726, 0.95042493, 0.59885387, 0.55359765, 0.69571429,
       0.54269175, 0.73840206, 0.59007092, 0.27419355, 0.55357143]), array([0.93889717, 0.94887218, 0.57714286, 0.56033287, 0.71703704,
       0.55330634, 0.7140825 , 0.56564246, 0.30701754, 0.5       ]), array([0.92565598, 0.96092619, 0.60401722, 0.56776034, 0.71571429,
       0.5744382 , 0.75739645, 0.55524476, 0.30609418, 0.53142857])]

estim_algorithm = ts-model, mode = classification, metric = sensitivity, confidence_scores = energy-conf, class_specific = False
test err: [0.1712360805587804, 0.16916013006438063, 0.16784149137740445, 0.1698358694586122, 0.16536362376563205]
estimated metric: [array([0.71298287, 0.75882783, 0.70434568, 0.70223535, 0.70991469,
       0.71871632, 0.72235084, 0.73050312, 0.72396289, 0.73991826]), array([0.71247807, 0.75954129, 0.70485382, 0.70136349, 0.70915151,
       0.71620135, 0.72412427, 0.73607815, 0.72498157, 0.7380374 ]), array([0.71356261, 0.75421758, 0.70473081, 0.70437066, 0.70847693,
       0.71807435, 0.72429517, 0.73642886, 0.72043967, 0.74282819]), array([0.71215381, 0.75350678, 0.70557168, 0.70202564, 0.70974089,
       0.71554832, 0.72144321, 0.73144892, 0.72741295, 0.74302765]), array([0.71306467, 0.75096791, 0.70537299, 0.70191879, 0.70721154,
       0.7167028 , 0.72107017, 0.73091727, 0.72601024, 0.74431881])]
real metric: [array([0.94518519, 0.95314592, 0.59435364, 0.58275382, 0.72093023,
       0.56609195, 0.7879617 , 0.56559767, 0.29411765, 0.50755287]), array([0.95596591, 0.95419847, 0.60269865, 0.55274889, 0.67146974,
       0.56111111, 0.76435935, 0.56187767, 0.34352256, 0.52401747]), array([0.95500726, 0.95042493, 0.59885387, 0.55359765, 0.69571429,
       0.54269175, 0.73840206, 0.59007092, 0.27419355, 0.55357143]), array([0.93889717, 0.94887218, 0.57714286, 0.56033287, 0.71703704,
       0.55330634, 0.7140825 , 0.56564246, 0.30701754, 0.5       ]), array([0.92565598, 0.96092619, 0.60401722, 0.56776034, 0.71571429,
       0.5744382 , 0.75739645, 0.55524476, 0.30609418, 0.53142857])]

estim_algorithm = ts-model, mode = classification, metric = sensitivity, confidence_scores = energy-conf, class_specific = True
test err: [0.08490947081281539, 0.08881819189848625, 0.09635683483495366, 0.08923165397174095, 0.0830908069156056]
estimated metric: [array([0.93880752, 0.96507105, 0.79974649, 0.76935945, 0.7923773 ,
       0.60626664, 0.75835688, 0.61460894, 0.49945946, 0.46433909]), array([0.9384662 , 0.96511656, 0.80018651, 0.76858137, 0.79169875,
       0.60312744, 0.75995477, 0.62134627, 0.5011901 , 0.46135974]), array([0.9392763 , 0.96295638, 0.80008012, 0.77130958, 0.79117232,
       0.60557809, 0.76016777, 0.62216355, 0.49397398, 0.4691868 ]), array([0.93819198, 0.96280285, 0.80079585, 0.76919169, 0.79224033,
       0.60234838, 0.7574493 , 0.61574977, 0.50452081, 0.47005384]), array([0.93885011, 0.96144986, 0.80063314, 0.76908862, 0.79003857,
       0.60377226, 0.75711844, 0.61518815, 0.50295021, 0.47291828])]
real metric: [array([0.94518519, 0.95314592, 0.59435364, 0.58275382, 0.72093023,
       0.56609195, 0.7879617 , 0.56559767, 0.29411765, 0.50755287]), array([0.95596591, 0.95419847, 0.60269865, 0.55274889, 0.67146974,
       0.56111111, 0.76435935, 0.56187767, 0.34352256, 0.52401747]), array([0.95500726, 0.95042493, 0.59885387, 0.55359765, 0.69571429,
       0.54269175, 0.73840206, 0.59007092, 0.27419355, 0.55357143]), array([0.93889717, 0.94887218, 0.57714286, 0.56033287, 0.71703704,
       0.55330634, 0.7140825 , 0.56564246, 0.30701754, 0.5       ]), array([0.92565598, 0.96092619, 0.60401722, 0.56776034, 0.71571429,
       0.5744382 , 0.75739645, 0.55524476, 0.30609418, 0.53142857])]

estim_algorithm = ts-model, mode = classification, metric = sensitivity, confidence_scores = entropy-conf, class_specific = False
test err: [0.13987602370575963, 0.1275909916206593, 0.13121575302611307, 0.13160570369042707, 0.13958692078822682]
estimated metric: [array([0.67928723, 0.80271361, 0.5697782 , 0.54041682, 0.61212121,
       0.64849335, 0.68467748, 0.67817734, 0.62619325, 0.68392049]), array([0.6889014 , 0.80619721, 0.56452322, 0.52890723, 0.6036726 ,
       0.62879766, 0.69071736, 0.67956899, 0.639776  , 0.69977409]), array([0.69590037, 0.78919717, 0.57641551, 0.55914735, 0.58610488,
       0.63178908, 0.69162416, 0.69944859, 0.6224862 , 0.7142513 ]), array([0.67676102, 0.77744658, 0.57495708, 0.53730219, 0.61484057,
       0.62474224, 0.66143882, 0.65431565, 0.64752736, 0.70181978]), array([0.68530463, 0.77360022, 0.58493115, 0.53688872, 0.60215868,
       0.61679304, 0.66142132, 0.68711957, 0.64777366, 0.7242229 ])]
real metric: [array([0.94518519, 0.95314592, 0.59435364, 0.58275382, 0.72093023,
       0.56609195, 0.7879617 , 0.56559767, 0.29411765, 0.50755287]), array([0.95596591, 0.95419847, 0.60269865, 0.55274889, 0.67146974,
       0.56111111, 0.76435935, 0.56187767, 0.34352256, 0.52401747]), array([0.95500726, 0.95042493, 0.59885387, 0.55359765, 0.69571429,
       0.54269175, 0.73840206, 0.59007092, 0.27419355, 0.55357143]), array([0.93889717, 0.94887218, 0.57714286, 0.56033287, 0.71703704,
       0.55330634, 0.7140825 , 0.56564246, 0.30701754, 0.5       ]), array([0.92565598, 0.96092619, 0.60401722, 0.56776034, 0.71571429,
       0.5744382 , 0.75739645, 0.55524476, 0.30609418, 0.53142857])]

estim_algorithm = ts-model, mode = classification, metric = sensitivity, confidence_scores = entropy-conf, class_specific = True
test err: [0.06228989360058971, 0.06301786798061555, 0.06459109953807426, 0.05955303269549674, 0.06844906638979487]
estimated metric: [array([0.9321128 , 0.9654788 , 0.71465787, 0.72067776, 0.71036114,
       0.52392208, 0.70786468, 0.57514828, 0.40241927, 0.41897559]), array([0.93687064, 0.9641923 , 0.71115216, 0.71561366, 0.70334388,
       0.50135431, 0.71343781, 0.5784367 , 0.41296138, 0.42279651]), array([0.93633023, 0.96111009, 0.7219879 , 0.73863743, 0.68665035,
       0.51215659, 0.71433822, 0.5991532 , 0.39169438, 0.43544247]), array([0.93234913, 0.95816404, 0.72029926, 0.72232778, 0.71302899,
       0.49819944, 0.68465914, 0.55486689, 0.41916724, 0.43692446]), array([0.93327737, 0.95756485, 0.72781267, 0.7232247 , 0.70102685,
       0.49448795, 0.68466441, 0.58358507, 0.41891278, 0.4457091 ])]
real metric: [array([0.94518519, 0.95314592, 0.59435364, 0.58275382, 0.72093023,
       0.56609195, 0.7879617 , 0.56559767, 0.29411765, 0.50755287]), array([0.95596591, 0.95419847, 0.60269865, 0.55274889, 0.67146974,
       0.56111111, 0.76435935, 0.56187767, 0.34352256, 0.52401747]), array([0.95500726, 0.95042493, 0.59885387, 0.55359765, 0.69571429,
       0.54269175, 0.73840206, 0.59007092, 0.27419355, 0.55357143]), array([0.93889717, 0.94887218, 0.57714286, 0.56033287, 0.71703704,
       0.55330634, 0.7140825 , 0.56564246, 0.30701754, 0.5       ]), array([0.92565598, 0.96092619, 0.60401722, 0.56776034, 0.71571429,
       0.5744382 , 0.75739645, 0.55524476, 0.30609418, 0.53142857])]

estim_algorithm = ts-model, mode = classification, metric = sensitivity, confidence_scores = doctor-conf, class_specific = False
test err: [0.14806584135693132, 0.13755506362684639, 0.13901935021924255, 0.1408256909595825, 0.1494880949048275]
estimated metric: [array([0.66460723, 0.80196083, 0.53275828, 0.49842556, 0.5861237 ,
       0.63578776, 0.67116674, 0.66724367, 0.60797915, 0.67371982]), array([0.6795102 , 0.8054167 , 0.52705897, 0.48472407, 0.57354228,
       0.61034436, 0.674549  , 0.6652679 , 0.63520392, 0.69862346]), array([0.6885992 , 0.78530594, 0.54053996, 0.52416916, 0.54972728,
       0.60574137, 0.67802738, 0.6869488 , 0.60989241, 0.72250745]), array([0.66533417, 0.77236345, 0.53913763, 0.49415205, 0.58768425,
       0.60450463, 0.63995538, 0.62724039, 0.64656597, 0.69817457]), array([0.67401448, 0.76448833, 0.55077043, 0.49370499, 0.57203093,
       0.58969086, 0.63869174, 0.6723571 , 0.63221883, 0.7300503 ])]
real metric: [array([0.94518519, 0.95314592, 0.59435364, 0.58275382, 0.72093023,
       0.56609195, 0.7879617 , 0.56559767, 0.29411765, 0.50755287]), array([0.95596591, 0.95419847, 0.60269865, 0.55274889, 0.67146974,
       0.56111111, 0.76435935, 0.56187767, 0.34352256, 0.52401747]), array([0.95500726, 0.95042493, 0.59885387, 0.55359765, 0.69571429,
       0.54269175, 0.73840206, 0.59007092, 0.27419355, 0.55357143]), array([0.93889717, 0.94887218, 0.57714286, 0.56033287, 0.71703704,
       0.55330634, 0.7140825 , 0.56564246, 0.30701754, 0.5       ]), array([0.92565598, 0.96092619, 0.60401722, 0.56776034, 0.71571429,
       0.5744382 , 0.75739645, 0.55524476, 0.30609418, 0.53142857])]

estim_algorithm = ts-model, mode = classification, metric = sensitivity, confidence_scores = doctor-conf, class_specific = True
test err: [0.06340970103868451, 0.06204395651911206, 0.06703803404940509, 0.06685061714019776, 0.07130530247028131]
estimated metric: [array([0.92928412, 0.96469875, 0.70181577, 0.69451158, 0.69350834,
       0.48730538, 0.6922877 , 0.55804063, 0.35466078, 0.39011228]), array([0.9350878 , 0.96243255, 0.70133752, 0.69481443, 0.68291304,
       0.45249154, 0.69527974, 0.56100984, 0.37713641, 0.39701865]), array([0.93440276, 0.96006623, 0.70911078, 0.72381227, 0.66329491,
       0.46318732, 0.69896356, 0.58430722, 0.33996024, 0.41680112]), array([0.92910029, 0.95562185, 0.71001317, 0.70197501, 0.69687242,
       0.44588134, 0.66273689, 0.5241797 , 0.38097984, 0.41691311]), array([0.93067682, 0.95465211, 0.71613516, 0.70312326, 0.67977592,
       0.43962192, 0.66103684, 0.56710115, 0.37956341, 0.4295912 ])]
real metric: [array([0.94518519, 0.95314592, 0.59435364, 0.58275382, 0.72093023,
       0.56609195, 0.7879617 , 0.56559767, 0.29411765, 0.50755287]), array([0.95596591, 0.95419847, 0.60269865, 0.55274889, 0.67146974,
       0.56111111, 0.76435935, 0.56187767, 0.34352256, 0.52401747]), array([0.95500726, 0.95042493, 0.59885387, 0.55359765, 0.69571429,
       0.54269175, 0.73840206, 0.59007092, 0.27419355, 0.55357143]), array([0.93889717, 0.94887218, 0.57714286, 0.56033287, 0.71703704,
       0.55330634, 0.7140825 , 0.56564246, 0.30701754, 0.5       ]), array([0.92565598, 0.96092619, 0.60401722, 0.56776034, 0.71571429,
       0.5744382 , 0.75739645, 0.55524476, 0.30609418, 0.53142857])]

estim_algorithm = doc-model, mode = classification, metric = sensitivity, confidence_scores = max_class_probability-conf, class_specific = False
test err: [0.15087718481047557, 0.1451393919077259, 0.14834796581936754, 0.1473457633498299, 0.15072008640731946]
estimated metric: [array([0.72771841, 0.76285858, 0.66640771, 0.64977447, 0.68664037,
       0.70562313, 0.72623723, 0.71315444, 0.67719942, 0.70331184]), array([0.73402468, 0.76275485, 0.66199684, 0.64993711, 0.68883555,
       0.69580942, 0.72464275, 0.70754542, 0.69236215, 0.71925206]), array([0.73325577, 0.75603181, 0.67257593, 0.66536835, 0.6806234 ,
       0.69047285, 0.72544225, 0.72498794, 0.66875096, 0.7301075 ]), array([0.72861866, 0.75100231, 0.66976725, 0.6524556 , 0.69489318,
       0.68931235, 0.70594544, 0.69272776, 0.68847839, 0.70572906]), array([0.72926255, 0.74966432, 0.67012944, 0.65734972, 0.68856931,
       0.68644461, 0.70773299, 0.72332824, 0.68826147, 0.73620693])]
real metric: [array([0.94518519, 0.95314592, 0.59435364, 0.58275382, 0.72093023,
       0.56609195, 0.7879617 , 0.56559767, 0.29411765, 0.50755287]), array([0.95596591, 0.95419847, 0.60269865, 0.55274889, 0.67146974,
       0.56111111, 0.76435935, 0.56187767, 0.34352256, 0.52401747]), array([0.95500726, 0.95042493, 0.59885387, 0.55359765, 0.69571429,
       0.54269175, 0.73840206, 0.59007092, 0.27419355, 0.55357143]), array([0.93889717, 0.94887218, 0.57714286, 0.56033287, 0.71703704,
       0.55330634, 0.7140825 , 0.56564246, 0.30701754, 0.5       ]), array([0.92565598, 0.96092619, 0.60401722, 0.56776034, 0.71571429,
       0.5744382 , 0.75739645, 0.55524476, 0.30609418, 0.53142857])]

estim_algorithm = doc-model, mode = classification, metric = sensitivity, confidence_scores = max_class_probability-conf, class_specific = True
test err: [0.0735514433897932, 0.07457634884127698, 0.08030517663464859, 0.07269161160899026, 0.07181091008333552]
estimated metric: [array([0.93240574, 0.96597448, 0.76339305, 0.74651844, 0.74790384,
       0.61158837, 0.74936097, 0.60664332, 0.45395406, 0.44240328]), array([0.93705246, 0.96424909, 0.75898218, 0.74668107, 0.75009901,
       0.60177465, 0.74776649, 0.60101775, 0.46898299, 0.45791994]), array([0.93641578, 0.96085265, 0.76956127, 0.76211231, 0.74188687,
       0.59643809, 0.74856599, 0.61837039, 0.44513181, 0.46808151]), array([0.93282157, 0.95883886, 0.76675258, 0.74919956, 0.75615664,
       0.59541983, 0.72906918, 0.58621563, 0.46638172, 0.4437597 ]), array([0.93357276, 0.95722145, 0.76711478, 0.75409368, 0.74983278,
       0.59245896, 0.73085674, 0.6167107 , 0.46540101, 0.47382363])]
real metric: [array([0.94518519, 0.95314592, 0.59435364, 0.58275382, 0.72093023,
       0.56609195, 0.7879617 , 0.56559767, 0.29411765, 0.50755287]), array([0.95596591, 0.95419847, 0.60269865, 0.55274889, 0.67146974,
       0.56111111, 0.76435935, 0.56187767, 0.34352256, 0.52401747]), array([0.95500726, 0.95042493, 0.59885387, 0.55359765, 0.69571429,
       0.54269175, 0.73840206, 0.59007092, 0.27419355, 0.55357143]), array([0.93889717, 0.94887218, 0.57714286, 0.56033287, 0.71703704,
       0.55330634, 0.7140825 , 0.56564246, 0.30701754, 0.5       ]), array([0.92565598, 0.96092619, 0.60401722, 0.56776034, 0.71571429,
       0.5744382 , 0.75739645, 0.55524476, 0.30609418, 0.53142857])]

estim_algorithm = doc-model, mode = classification, metric = sensitivity, confidence_scores = energy-conf, class_specific = False
test err: [0.14973879196896328, 0.13925444568195128, 0.14660574526109865, 0.14882101970530254, 0.1480672261644486]
estimated metric: [array([0.67614993, 0.79167508, 0.62414973, 0.61090867, 0.64708141,
       0.67439487, 0.69440153, 0.70415718, 0.67729493, 0.71903505]), array([0.67704448, 0.79336208, 0.62266544, 0.60614914, 0.6443535 ,
       0.66193546, 0.69891563, 0.70910807, 0.6826972 , 0.7236477 ]), array([0.68169111, 0.77999092, 0.62622347, 0.62049233, 0.63727527,
       0.67000295, 0.69927178, 0.71950187, 0.6698229 , 0.73167366]), array([0.67236775, 0.77662718, 0.62788475, 0.60978424, 0.64828574,
       0.66032422, 0.68366083, 0.69422125, 0.68915438, 0.73233605]), array([0.67724344, 0.77142774, 0.63007064, 0.60913924, 0.64009345,
       0.6602626 , 0.68436749, 0.70813741, 0.68697439, 0.73851047])]
real metric: [array([0.94518519, 0.95314592, 0.59435364, 0.58275382, 0.72093023,
       0.56609195, 0.7879617 , 0.56559767, 0.29411765, 0.50755287]), array([0.95596591, 0.95419847, 0.60269865, 0.55274889, 0.67146974,
       0.56111111, 0.76435935, 0.56187767, 0.34352256, 0.52401747]), array([0.95500726, 0.95042493, 0.59885387, 0.55359765, 0.69571429,
       0.54269175, 0.73840206, 0.59007092, 0.27419355, 0.55357143]), array([0.93889717, 0.94887218, 0.57714286, 0.56033287, 0.71703704,
       0.55330634, 0.7140825 , 0.56564246, 0.30701754, 0.5       ]), array([0.92565598, 0.96092619, 0.60401722, 0.56776034, 0.71571429,
       0.5744382 , 0.75739645, 0.55524476, 0.30609418, 0.53142857])]

estim_algorithm = doc-model, mode = classification, metric = sensitivity, confidence_scores = energy-conf, class_specific = True
test err: [0.06614251090852716, 0.06923044810597709, 0.06912146421441408, 0.06097635751631649, 0.06713720322352161]
estimated metric: [array([0.92477729, 0.96217004, 0.73934178, 0.72812801, 0.74097972,
       0.55292996, 0.72393813, 0.58638063, 0.44885053, 0.438673  ]), array([0.92793679, 0.96252411, 0.73798762, 0.7226031 , 0.73783888,
       0.54089617, 0.72802152, 0.59380652, 0.45476083, 0.43929996]), array([0.93073181, 0.95879163, 0.74205407, 0.73722896, 0.73116269,
       0.54863144, 0.72844435, 0.6031703 , 0.43975972, 0.4518418 ]), array([0.9247317 , 0.95549652, 0.74292248, 0.726657  , 0.74210149,
       0.53898401, 0.71303453, 0.57918504, 0.46067834, 0.45076811]), array([0.92791239, 0.95216468, 0.74618633, 0.72603704, 0.735476  ,
       0.53973215, 0.71366382, 0.59077905, 0.45918946, 0.45835023])]
real metric: [array([0.94518519, 0.95314592, 0.59435364, 0.58275382, 0.72093023,
       0.56609195, 0.7879617 , 0.56559767, 0.29411765, 0.50755287]), array([0.95596591, 0.95419847, 0.60269865, 0.55274889, 0.67146974,
       0.56111111, 0.76435935, 0.56187767, 0.34352256, 0.52401747]), array([0.95500726, 0.95042493, 0.59885387, 0.55359765, 0.69571429,
       0.54269175, 0.73840206, 0.59007092, 0.27419355, 0.55357143]), array([0.93889717, 0.94887218, 0.57714286, 0.56033287, 0.71703704,
       0.55330634, 0.7140825 , 0.56564246, 0.30701754, 0.5       ]), array([0.92565598, 0.96092619, 0.60401722, 0.56776034, 0.71571429,
       0.5744382 , 0.75739645, 0.55524476, 0.30609418, 0.53142857])]

estim_algorithm = doc-model, mode = classification, metric = sensitivity, confidence_scores = entropy-conf, class_specific = False
test err: [0.14699886869665563, 0.13923896458070545, 0.14610818511832396, 0.14580012677181678, 0.14846977574745898]
estimated metric: [array([0.72168071, 0.76648597, 0.65241714, 0.63308613, 0.67827942,
       0.69676012, 0.71757143, 0.70576633, 0.67043445, 0.69878663]), array([0.72993991, 0.76711653, 0.65077224, 0.63216455, 0.67667639,
       0.68907313, 0.71867455, 0.70621594, 0.68027684, 0.71586391]), array([0.73034506, 0.75916786, 0.65949321, 0.64973896, 0.66564137,
       0.68201377, 0.71866754, 0.72160266, 0.66794564, 0.72754008]), array([0.72255726, 0.75194987, 0.65805094, 0.63651813, 0.682582  ,
       0.68477802, 0.69883215, 0.68580298, 0.68572408, 0.70760158]), array([0.72398793, 0.74988604, 0.6609234 , 0.63924192, 0.67377566,
       0.67643702, 0.70092904, 0.71603872, 0.68511367, 0.73481206])]
real metric: [array([0.94518519, 0.95314592, 0.59435364, 0.58275382, 0.72093023,
       0.56609195, 0.7879617 , 0.56559767, 0.29411765, 0.50755287]), array([0.95596591, 0.95419847, 0.60269865, 0.55274889, 0.67146974,
       0.56111111, 0.76435935, 0.56187767, 0.34352256, 0.52401747]), array([0.95500726, 0.95042493, 0.59885387, 0.55359765, 0.69571429,
       0.54269175, 0.73840206, 0.59007092, 0.27419355, 0.55357143]), array([0.93889717, 0.94887218, 0.57714286, 0.56033287, 0.71703704,
       0.55330634, 0.7140825 , 0.56564246, 0.30701754, 0.5       ]), array([0.92565598, 0.96092619, 0.60401722, 0.56776034, 0.71571429,
       0.5744382 , 0.75739645, 0.55524476, 0.30609418, 0.53142857])]

estim_algorithm = doc-model, mode = classification, metric = sensitivity, confidence_scores = entropy-conf, class_specific = True
test err: [0.07061028185341503, 0.0713124341424751, 0.075828435412205, 0.0679989722197239, 0.06755202434947695]
estimated metric: [array([0.92662183, 0.96495342, 0.74956909, 0.73578045, 0.74404203,
       0.60057157, 0.74087513, 0.60396911, 0.44697339, 0.43596814]), array([0.93273154, 0.96333069, 0.74792418, 0.73485887, 0.742439  ,
       0.59291136, 0.74197825, 0.60427279, 0.45763772, 0.45225613]), array([0.93292635, 0.95949269, 0.75664515, 0.75243328, 0.73140398,
       0.58580262, 0.74197124, 0.61952885, 0.44349995, 0.46419672]), array([0.9271459 , 0.95635236, 0.75520288, 0.73921245, 0.74834462,
       0.58879132, 0.72213585, 0.58386291, 0.46261574, 0.44484588]), array([0.92806095, 0.95359911, 0.75807535, 0.74193624, 0.73953827,
       0.58034326, 0.72423274, 0.61396025, 0.46118921, 0.47057769])]
real metric: [array([0.94518519, 0.95314592, 0.59435364, 0.58275382, 0.72093023,
       0.56609195, 0.7879617 , 0.56559767, 0.29411765, 0.50755287]), array([0.95596591, 0.95419847, 0.60269865, 0.55274889, 0.67146974,
       0.56111111, 0.76435935, 0.56187767, 0.34352256, 0.52401747]), array([0.95500726, 0.95042493, 0.59885387, 0.55359765, 0.69571429,
       0.54269175, 0.73840206, 0.59007092, 0.27419355, 0.55357143]), array([0.93889717, 0.94887218, 0.57714286, 0.56033287, 0.71703704,
       0.55330634, 0.7140825 , 0.56564246, 0.30701754, 0.5       ]), array([0.92565598, 0.96092619, 0.60401722, 0.56776034, 0.71571429,
       0.5744382 , 0.75739645, 0.55524476, 0.30609418, 0.53142857])]

estim_algorithm = doc-model, mode = classification, metric = sensitivity, confidence_scores = doctor-conf, class_specific = False
test err: [0.1581571198900225, 0.15562112292468352, 0.1559940340759923, 0.15544076942307827, 0.15693170476148763]
estimated metric: [array([0.72994196, 0.75431629, 0.68411882, 0.67013471, 0.69766803,
       0.71164196, 0.72497288, 0.71696492, 0.69767958, 0.71117493]), array([0.73505741, 0.75227136, 0.68482237, 0.67371848, 0.69990318,
       0.70796977, 0.72517777, 0.7161947 , 0.70527943, 0.72375219]), array([0.73457779, 0.7491429 , 0.68750429, 0.68640614, 0.69673416,
       0.70313265, 0.72607484, 0.73069963, 0.6958589 , 0.7342593 ]), array([0.72992823, 0.74417328, 0.68928603, 0.67409924, 0.70626971,
       0.70603597, 0.71271927, 0.7032316 , 0.70451819, 0.71488032]), array([0.73109079, 0.74345577, 0.68769193, 0.67827256, 0.69748447,
       0.70069982, 0.71595421, 0.72716512, 0.70508092, 0.73768231])]
real metric: [array([0.94518519, 0.95314592, 0.59435364, 0.58275382, 0.72093023,
       0.56609195, 0.7879617 , 0.56559767, 0.29411765, 0.50755287]), array([0.95596591, 0.95419847, 0.60269865, 0.55274889, 0.67146974,
       0.56111111, 0.76435935, 0.56187767, 0.34352256, 0.52401747]), array([0.95500726, 0.95042493, 0.59885387, 0.55359765, 0.69571429,
       0.54269175, 0.73840206, 0.59007092, 0.27419355, 0.55357143]), array([0.93889717, 0.94887218, 0.57714286, 0.56033287, 0.71703704,
       0.55330634, 0.7140825 , 0.56564246, 0.30701754, 0.5       ]), array([0.92565598, 0.96092619, 0.60401722, 0.56776034, 0.71571429,
       0.5744382 , 0.75739645, 0.55524476, 0.30609418, 0.53142857])]

estim_algorithm = doc-model, mode = classification, metric = sensitivity, confidence_scores = doctor-conf, class_specific = True
test err: [0.07851422585122429, 0.08083980398735952, 0.0885198313881107, 0.08086486290672383, 0.07681867532785955]
estimated metric: [array([0.93084877, 0.96481607, 0.77827495, 0.74886756, 0.76405116,
       0.61512417, 0.75487655, 0.61054466, 0.47785465, 0.4523745 ]), array([0.93622184, 0.9622328 , 0.778952  , 0.75258418, 0.76660822,
       0.61103812, 0.75512399, 0.60973049, 0.48630093, 0.46441852]), array([0.93543312, 0.9598114 , 0.78184854, 0.76521267, 0.7635729 ,
       0.60602476, 0.75594434, 0.6236007 , 0.47456289, 0.47457646]), array([0.93063492, 0.95522963, 0.78367667, 0.75262133, 0.77302254,
       0.60934331, 0.74261017, 0.59609029, 0.48626588, 0.45503965]), array([0.93208771, 0.95395455, 0.7820274 , 0.75677791, 0.76397098,
       0.60411862, 0.74594364, 0.62021   , 0.48499204, 0.47692598])]
real metric: [array([0.94518519, 0.95314592, 0.59435364, 0.58275382, 0.72093023,
       0.56609195, 0.7879617 , 0.56559767, 0.29411765, 0.50755287]), array([0.95596591, 0.95419847, 0.60269865, 0.55274889, 0.67146974,
       0.56111111, 0.76435935, 0.56187767, 0.34352256, 0.52401747]), array([0.95500726, 0.95042493, 0.59885387, 0.55359765, 0.69571429,
       0.54269175, 0.73840206, 0.59007092, 0.27419355, 0.55357143]), array([0.93889717, 0.94887218, 0.57714286, 0.56033287, 0.71703704,
       0.55330634, 0.7140825 , 0.56564246, 0.30701754, 0.5       ]), array([0.92565598, 0.96092619, 0.60401722, 0.56776034, 0.71571429,
       0.5744382 , 0.75739645, 0.55524476, 0.30609418, 0.53142857])]

estim_algorithm = atc-model, mode = classification, metric = sensitivity, confidence_scores = max_class_probability-conf, class_specific = False
test err: [0.12700878797680595, 0.12052321196818534, 0.11855339664625912, 0.12386082467693775, 0.13608389240990357]
estimated metric: [array([0.70736563, 0.81231954, 0.52941177, 0.49631812, 0.60000001,
       0.64365672, 0.70921053, 0.65446225, 0.54090911, 0.63471504]), array([0.71734893, 0.81534091, 0.52215191, 0.48611112, 0.60477454,
       0.62794919, 0.71613833, 0.67699116, 0.57200002, 0.67924529]), array([0.72062663, 0.7936345 , 0.56344412, 0.51651652, 0.55612245,
       0.6097561 , 0.70079788, 0.67948719, 0.51690824, 0.69905214]), array([0.70844327, 0.77263582, 0.54428342, 0.49929677, 0.60796916,
       0.59380379, 0.65129683, 0.62526767, 0.60964914, 0.66341464]), array([0.70481145, 0.7800995 , 0.57032458, 0.50074295, 0.59084968,
       0.58680556, 0.64688857, 0.68666667, 0.57872342, 0.73809524])]
real metric: [array([0.94518519, 0.95314592, 0.59435364, 0.58275382, 0.72093023,
       0.56609195, 0.7879617 , 0.56559767, 0.29411765, 0.50755287]), array([0.95596591, 0.95419847, 0.60269865, 0.55274889, 0.67146974,
       0.56111111, 0.76435935, 0.56187767, 0.34352256, 0.52401747]), array([0.95500726, 0.95042493, 0.59885387, 0.55359765, 0.69571429,
       0.54269175, 0.73840206, 0.59007092, 0.27419355, 0.55357143]), array([0.93889717, 0.94887218, 0.57714286, 0.56033287, 0.71703704,
       0.55330634, 0.7140825 , 0.56564246, 0.30701754, 0.5       ]), array([0.92565598, 0.96092619, 0.60401722, 0.56776034, 0.71571429,
       0.5744382 , 0.75739645, 0.55524476, 0.30609418, 0.53142857])]

estim_algorithm = atc-model, mode = classification, metric = sensitivity, confidence_scores = max_class_probability-conf, class_specific = True
test err: [0.05613741165630522, 0.04935872296673953, 0.06724804634729391, 0.0573042462197233, 0.07348910881563035]
estimated metric: [array([0.93297943, 0.9653513 , 0.70433437, 0.69219441, 0.6607595 ,
       0.55783583, 0.68947369, 0.58352404, 0.33636367, 0.41709846]), array([0.94022092, 0.96212121, 0.68987342, 0.70833334, 0.6525199 ,
       0.53901997, 0.7074928 , 0.59734514, 0.32800003, 0.44575473]), array([0.9308094 , 0.9661191 , 0.72507553, 0.72072072, 0.61352041,
       0.52908068, 0.69148937, 0.61965813, 0.31884061, 0.43127963]), array([0.93733509, 0.95573441, 0.70370371, 0.69620254, 0.64781491,
       0.50946645, 0.62680116, 0.54817988, 0.3157895 , 0.42439026]), array([0.93172952, 0.95522388, 0.69551778, 0.73551263, 0.64705883,
       0.49652779, 0.63675833, 0.6088889 , 0.39148939, 0.47380954])]
real metric: [array([0.94518519, 0.95314592, 0.59435364, 0.58275382, 0.72093023,
       0.56609195, 0.7879617 , 0.56559767, 0.29411765, 0.50755287]), array([0.95596591, 0.95419847, 0.60269865, 0.55274889, 0.67146974,
       0.56111111, 0.76435935, 0.56187767, 0.34352256, 0.52401747]), array([0.95500726, 0.95042493, 0.59885387, 0.55359765, 0.69571429,
       0.54269175, 0.73840206, 0.59007092, 0.27419355, 0.55357143]), array([0.93889717, 0.94887218, 0.57714286, 0.56033287, 0.71703704,
       0.55330634, 0.7140825 , 0.56564246, 0.30701754, 0.5       ]), array([0.92565598, 0.96092619, 0.60401722, 0.56776034, 0.71571429,
       0.5744382 , 0.75739645, 0.55524476, 0.30609418, 0.53142857])]

estim_algorithm = atc-model, mode = classification, metric = sensitivity, confidence_scores = energy-conf, class_specific = False
test err: [0.17779024875855032, 0.17614121959458853, 0.17366817676619548, 0.1785767325522487, 0.18777012194928777]
estimated metric: [array([0.6084937 , 0.79018287, 0.41795667, 0.41089839, 0.50379747,
       0.60074628, 0.64078948, 0.63386729, 0.57272729, 0.69170985]), array([0.62118259, 0.79640152, 0.40348102, 0.37191359, 0.48938993,
       0.53901997, 0.63112392, 0.62831859, 0.65200001, 0.70047171]), array([0.64817233, 0.7936345 , 0.44712992, 0.42642644, 0.46045919,
       0.55347093, 0.6356383 , 0.66239317, 0.64251209, 0.75829384]), array([0.61081794, 0.75955735, 0.43800323, 0.39521801, 0.51542417,
       0.535284  , 0.57636888, 0.58886511, 0.67105265, 0.7195122 ]), array([0.63394018, 0.74427861, 0.46831531, 0.38484399, 0.50718955,
       0.54340279, 0.58900145, 0.66000001, 0.62553193, 0.75000001])]
real metric: [array([0.94518519, 0.95314592, 0.59435364, 0.58275382, 0.72093023,
       0.56609195, 0.7879617 , 0.56559767, 0.29411765, 0.50755287]), array([0.95596591, 0.95419847, 0.60269865, 0.55274889, 0.67146974,
       0.56111111, 0.76435935, 0.56187767, 0.34352256, 0.52401747]), array([0.95500726, 0.95042493, 0.59885387, 0.55359765, 0.69571429,
       0.54269175, 0.73840206, 0.59007092, 0.27419355, 0.55357143]), array([0.93889717, 0.94887218, 0.57714286, 0.56033287, 0.71703704,
       0.55330634, 0.7140825 , 0.56564246, 0.30701754, 0.5       ]), array([0.92565598, 0.96092619, 0.60401722, 0.56776034, 0.71571429,
       0.5744382 , 0.75739645, 0.55524476, 0.30609418, 0.53142857])]

estim_algorithm = atc-model, mode = classification, metric = sensitivity, confidence_scores = energy-conf, class_specific = True
test err: [0.07577759630121494, 0.06522917399980355, 0.07140152723781426, 0.07672224656852959, 0.07593366441481061]
estimated metric: [array([0.90909091, 0.97978826, 0.61145511, 0.61413844, 0.64683545,
       0.4085821 , 0.63684211, 0.51487415, 0.3727273 , 0.37305701]), array([0.92527615, 0.97537879, 0.60917722, 0.60493828, 0.62068966,
       0.37749547, 0.629683  , 0.53982302, 0.36400003, 0.39386794]), array([0.92493473, 0.96817248, 0.6283988 , 0.65315316, 0.60204082,
       0.40150095, 0.6356383 , 0.56410257, 0.28985511, 0.39573461]), array([0.90831135, 0.96579477, 0.61030596, 0.61744023, 0.63881749,
       0.37693633, 0.57636888, 0.4796574 , 0.37280705, 0.41463416]), array([0.92002601, 0.95920398, 0.62905719, 0.60921249, 0.62483661,
       0.37500001, 0.58755428, 0.52444446, 0.37872343, 0.40952382])]
real metric: [array([0.94518519, 0.95314592, 0.59435364, 0.58275382, 0.72093023,
       0.56609195, 0.7879617 , 0.56559767, 0.29411765, 0.50755287]), array([0.95596591, 0.95419847, 0.60269865, 0.55274889, 0.67146974,
       0.56111111, 0.76435935, 0.56187767, 0.34352256, 0.52401747]), array([0.95500726, 0.95042493, 0.59885387, 0.55359765, 0.69571429,
       0.54269175, 0.73840206, 0.59007092, 0.27419355, 0.55357143]), array([0.93889717, 0.94887218, 0.57714286, 0.56033287, 0.71703704,
       0.55330634, 0.7140825 , 0.56564246, 0.30701754, 0.5       ]), array([0.92565598, 0.96092619, 0.60401722, 0.56776034, 0.71571429,
       0.5744382 , 0.75739645, 0.55524476, 0.30609418, 0.53142857])]

estim_algorithm = atc-model, mode = classification, metric = sensitivity, confidence_scores = entropy-conf, class_specific = False
test err: [0.1290660801437682, 0.12310048576519864, 0.11971908206147042, 0.127110357878103, 0.13864950663820147]
estimated metric: [array([0.70205707, 0.81231954, 0.52941177, 0.49631812, 0.59113925,
       0.63059702, 0.70657895, 0.64988559, 0.55454547, 0.64248706]), array([0.71345029, 0.82007576, 0.52373418, 0.46913581, 0.5928382 ,
       0.62794919, 0.70893372, 0.6681416 , 0.58000002, 0.67216982]), array([0.71932115, 0.79671458, 0.56193354, 0.50300301, 0.55229592,
       0.60225141, 0.69680851, 0.67521368, 0.51690824, 0.70142181]), array([0.70712401, 0.77263582, 0.54106281, 0.48945148, 0.60025707,
       0.58864028, 0.6426513 , 0.63169166, 0.60526318, 0.66829269]), array([0.70156047, 0.77810945, 0.56877899, 0.48736999, 0.58039216,
       0.58854167, 0.64688857, 0.67333334, 0.58297874, 0.7404762 ])]
real metric: [array([0.94518519, 0.95314592, 0.59435364, 0.58275382, 0.72093023,
       0.56609195, 0.7879617 , 0.56559767, 0.29411765, 0.50755287]), array([0.95596591, 0.95419847, 0.60269865, 0.55274889, 0.67146974,
       0.56111111, 0.76435935, 0.56187767, 0.34352256, 0.52401747]), array([0.95500726, 0.95042493, 0.59885387, 0.55359765, 0.69571429,
       0.54269175, 0.73840206, 0.59007092, 0.27419355, 0.55357143]), array([0.93889717, 0.94887218, 0.57714286, 0.56033287, 0.71703704,
       0.55330634, 0.7140825 , 0.56564246, 0.30701754, 0.5       ]), array([0.92565598, 0.96092619, 0.60401722, 0.56776034, 0.71571429,
       0.5744382 , 0.75739645, 0.55524476, 0.30609418, 0.53142857])]

estim_algorithm = atc-model, mode = classification, metric = sensitivity, confidence_scores = entropy-conf, class_specific = True
test err: [0.05684643398243303, 0.051782254781090796, 0.06640725304070512, 0.05698175898189077, 0.06955571798036943]
estimated metric: [array([0.90776377, 0.97016362, 0.67801858, 0.68777615, 0.67468355,
       0.5466418 , 0.67894737, 0.58352404, 0.33636367, 0.41709846]), array([0.92007797, 0.96496212, 0.67088608, 0.7021605 , 0.66047746,
       0.52450092, 0.69164266, 0.59734514, 0.32400003, 0.44575473]), array([0.9229765 , 0.96714579, 0.68882176, 0.72822823, 0.61862245,
       0.51969982, 0.67021277, 0.61752138, 0.31400969, 0.43838864]), array([0.91029024, 0.95975855, 0.68276973, 0.68635725, 0.66066838,
       0.49053357, 0.61095101, 0.55460386, 0.30263161, 0.4390244 ]), array([0.91677503, 0.96119403, 0.67078826, 0.71322437, 0.66143791,
       0.47916668, 0.62228655, 0.6088889 , 0.39148939, 0.48095239])]
real metric: [array([0.94518519, 0.95314592, 0.59435364, 0.58275382, 0.72093023,
       0.56609195, 0.7879617 , 0.56559767, 0.29411765, 0.50755287]), array([0.95596591, 0.95419847, 0.60269865, 0.55274889, 0.67146974,
       0.56111111, 0.76435935, 0.56187767, 0.34352256, 0.52401747]), array([0.95500726, 0.95042493, 0.59885387, 0.55359765, 0.69571429,
       0.54269175, 0.73840206, 0.59007092, 0.27419355, 0.55357143]), array([0.93889717, 0.94887218, 0.57714286, 0.56033287, 0.71703704,
       0.55330634, 0.7140825 , 0.56564246, 0.30701754, 0.5       ]), array([0.92565598, 0.96092619, 0.60401722, 0.56776034, 0.71571429,
       0.5744382 , 0.75739645, 0.55524476, 0.30609418, 0.53142857])]

estim_algorithm = atc-model, mode = classification, metric = sensitivity, confidence_scores = doctor-conf, class_specific = False
test err: [0.12668284746040853, 0.12095819482885237, 0.11949159521922903, 0.12421224258766488, 0.1353723733870647]
estimated metric: [array([0.70736563, 0.81231954, 0.52941177, 0.49779088, 0.60000001,
       0.64738807, 0.70789474, 0.65217392, 0.53636366, 0.63471504]), array([0.7179987 , 0.81534091, 0.52215191, 0.48456791, 0.60477454,
       0.62976407, 0.71613833, 0.67699116, 0.57600002, 0.6768868 ]), array([0.72193212, 0.79466119, 0.56193354, 0.51351352, 0.55612245,
       0.6097561 , 0.70079788, 0.67948719, 0.52173915, 0.70142181]), array([0.7091029 , 0.77263582, 0.54106281, 0.4978903 , 0.60668381,
       0.59380379, 0.65273776, 0.627409  , 0.60964914, 0.66097562]), array([0.70546164, 0.7800995 , 0.57187018, 0.50074295, 0.59084968,
       0.58333334, 0.64833575, 0.68666667, 0.57872342, 0.73809524])]
real metric: [array([0.94518519, 0.95314592, 0.59435364, 0.58275382, 0.72093023,
       0.56609195, 0.7879617 , 0.56559767, 0.29411765, 0.50755287]), array([0.95596591, 0.95419847, 0.60269865, 0.55274889, 0.67146974,
       0.56111111, 0.76435935, 0.56187767, 0.34352256, 0.52401747]), array([0.95500726, 0.95042493, 0.59885387, 0.55359765, 0.69571429,
       0.54269175, 0.73840206, 0.59007092, 0.27419355, 0.55357143]), array([0.93889717, 0.94887218, 0.57714286, 0.56033287, 0.71703704,
       0.55330634, 0.7140825 , 0.56564246, 0.30701754, 0.5       ]), array([0.92565598, 0.96092619, 0.60401722, 0.56776034, 0.71571429,
       0.5744382 , 0.75739645, 0.55524476, 0.30609418, 0.53142857])]

estim_algorithm = atc-model, mode = classification, metric = sensitivity, confidence_scores = doctor-conf, class_specific = True
test err: [0.059451838934367285, 0.05411009583925852, 0.06814247929625757, 0.061678883769993184, 0.0753649494609805]
estimated metric: [array([0.91041805, 0.96342637, 0.70743035, 0.68335788, 0.65949368,
       0.55783583, 0.68026316, 0.58352404, 0.33636367, 0.40932644]), array([0.9194282 , 0.9592803 , 0.69936709, 0.70370371, 0.65517242,
       0.53901997, 0.69164266, 0.60176992, 0.32800003, 0.43867926]), array([0.92362924, 0.95687885, 0.72205438, 0.71321322, 0.61352041,
       0.52720451, 0.67420213, 0.61965813, 0.31884061, 0.42890997]), array([0.91292876, 0.95774648, 0.70531401, 0.6933896 , 0.64910026,
       0.50774528, 0.61095101, 0.55032121, 0.32017547, 0.42439026]), array([0.91742523, 0.95522388, 0.69551778, 0.72808321, 0.64967321,
       0.49652779, 0.62373372, 0.61111112, 0.39574471, 0.46666668])]
real metric: [array([0.94518519, 0.95314592, 0.59435364, 0.58275382, 0.72093023,
       0.56609195, 0.7879617 , 0.56559767, 0.29411765, 0.50755287]), array([0.95596591, 0.95419847, 0.60269865, 0.55274889, 0.67146974,
       0.56111111, 0.76435935, 0.56187767, 0.34352256, 0.52401747]), array([0.95500726, 0.95042493, 0.59885387, 0.55359765, 0.69571429,
       0.54269175, 0.73840206, 0.59007092, 0.27419355, 0.55357143]), array([0.93889717, 0.94887218, 0.57714286, 0.56033287, 0.71703704,
       0.55330634, 0.7140825 , 0.56564246, 0.30701754, 0.5       ]), array([0.92565598, 0.96092619, 0.60401722, 0.56776034, 0.71571429,
       0.5744382 , 0.75739645, 0.55524476, 0.30609418, 0.53142857])]

estim_algorithm = ts-atc-model, mode = classification, metric = sensitivity, confidence_scores = max_class_probability-conf, class_specific = False
test err: [0.14245915015774074, 0.1407904366210476, 0.13965909411499294, 0.14418409000654636, 0.15656974180285838]
estimated metric: [array([0.65627074, 0.80846968, 0.48916409, 0.45802652, 0.56455697,
       0.5988806 , 0.68157895, 0.63386729, 0.54090911, 0.6580311 ]), array([0.68421053, 0.81344697, 0.48259494, 0.41666668, 0.5464191 ,
       0.5970962 , 0.67002882, 0.64601771, 0.58800002, 0.67924529]), array([0.68276763, 0.79158111, 0.52567977, 0.45945947, 0.51275511,
       0.58348969, 0.67154256, 0.66880343, 0.53623191, 0.72037915]), array([0.67744064, 0.76961771, 0.50080516, 0.44585092, 0.55526993,
       0.56626507, 0.61239194, 0.60813705, 0.62280703, 0.67560976]), array([0.66970091, 0.76616916, 0.52550233, 0.45319466, 0.54379086,
       0.56423612, 0.61649783, 0.66444445, 0.59148938, 0.73571429])]
real metric: [array([0.94518519, 0.95314592, 0.59435364, 0.58275382, 0.72093023,
       0.56609195, 0.7879617 , 0.56559767, 0.29411765, 0.50755287]), array([0.95596591, 0.95419847, 0.60269865, 0.55274889, 0.67146974,
       0.56111111, 0.76435935, 0.56187767, 0.34352256, 0.52401747]), array([0.95500726, 0.95042493, 0.59885387, 0.55359765, 0.69571429,
       0.54269175, 0.73840206, 0.59007092, 0.27419355, 0.55357143]), array([0.93889717, 0.94887218, 0.57714286, 0.56033287, 0.71703704,
       0.55330634, 0.7140825 , 0.56564246, 0.30701754, 0.5       ]), array([0.92565598, 0.96092619, 0.60401722, 0.56776034, 0.71571429,
       0.5744382 , 0.75739645, 0.55524476, 0.30609418, 0.53142857])]

estim_algorithm = ts-atc-model, mode = classification, metric = sensitivity, confidence_scores = max_class_probability-conf, class_specific = True
test err: [0.06802301884988375, 0.06141796364459484, 0.07168627202276005, 0.07391204285811678, 0.0821169478331486]
estimated metric: [array([0.94293298, 0.97208855, 0.68111456, 0.68041238, 0.65063292,
       0.46455225, 0.67368421, 0.56292907, 0.34545458, 0.37305701]), array([0.94866797, 0.96401515, 0.67405064, 0.70370371, 0.65649868,
       0.42286752, 0.66570606, 0.57300886, 0.34400003, 0.41273586]), array([0.93668407, 0.9661191 , 0.68882176, 0.72222223, 0.60969388,
       0.43339588, 0.66888298, 0.60470086, 0.27536235, 0.40995262]), array([0.94525066, 0.96579477, 0.68599034, 0.69620254, 0.65809769,
       0.41652325, 0.60518733, 0.51177731, 0.34649126, 0.42682928]), array([0.93823147, 0.96019901, 0.67851623, 0.72659733, 0.64313726,
       0.41145834, 0.60926194, 0.57333334, 0.36170215, 0.41428573])]
real metric: [array([0.94518519, 0.95314592, 0.59435364, 0.58275382, 0.72093023,
       0.56609195, 0.7879617 , 0.56559767, 0.29411765, 0.50755287]), array([0.95596591, 0.95419847, 0.60269865, 0.55274889, 0.67146974,
       0.56111111, 0.76435935, 0.56187767, 0.34352256, 0.52401747]), array([0.95500726, 0.95042493, 0.59885387, 0.55359765, 0.69571429,
       0.54269175, 0.73840206, 0.59007092, 0.27419355, 0.55357143]), array([0.93889717, 0.94887218, 0.57714286, 0.56033287, 0.71703704,
       0.55330634, 0.7140825 , 0.56564246, 0.30701754, 0.5       ]), array([0.92565598, 0.96092619, 0.60401722, 0.56776034, 0.71571429,
       0.5744382 , 0.75739645, 0.55524476, 0.30609418, 0.53142857])]

estim_algorithm = ts-atc-model, mode = classification, metric = sensitivity, confidence_scores = energy-conf, class_specific = False
test err: [0.20166830478861936, 0.1930154553682947, 0.19376778607220263, 0.19762713408437227, 0.19908708212723897]
estimated metric: [array([0.55009954, 0.77478345, 0.40557276, 0.39027983, 0.47848102,
       0.60447762, 0.61447369, 0.63844394, 0.6318182 , 0.70466322]), array([0.56920078, 0.78977273, 0.39873419, 0.36882717, 0.46021221,
       0.53720509, 0.62247839, 0.62831859, 0.68400001, 0.73113208]), array([0.58812011, 0.76180698, 0.42296073, 0.42342343, 0.4489796 ,
       0.5553471 , 0.61569149, 0.65598291, 0.6714976 , 0.78436019]), array([0.55013193, 0.74849095, 0.42190017, 0.38255978, 0.4807198 ,
       0.54905336, 0.57925073, 0.59743042, 0.71491229, 0.7390244 ]), array([0.57282185, 0.72835821, 0.44976817, 0.38930164, 0.49934641,
       0.54166667, 0.58321274, 0.63111112, 0.64680853, 0.76428572])]
real metric: [array([0.94518519, 0.95314592, 0.59435364, 0.58275382, 0.72093023,
       0.56609195, 0.7879617 , 0.56559767, 0.29411765, 0.50755287]), array([0.95596591, 0.95419847, 0.60269865, 0.55274889, 0.67146974,
       0.56111111, 0.76435935, 0.56187767, 0.34352256, 0.52401747]), array([0.95500726, 0.95042493, 0.59885387, 0.55359765, 0.69571429,
       0.54269175, 0.73840206, 0.59007092, 0.27419355, 0.55357143]), array([0.93889717, 0.94887218, 0.57714286, 0.56033287, 0.71703704,
       0.55330634, 0.7140825 , 0.56564246, 0.30701754, 0.5       ]), array([0.92565598, 0.96092619, 0.60401722, 0.56776034, 0.71571429,
       0.5744382 , 0.75739645, 0.55524476, 0.30609418, 0.53142857])]

estim_algorithm = ts-atc-model, mode = classification, metric = sensitivity, confidence_scores = energy-conf, class_specific = True
test err: [0.09728264625294511, 0.08331153024078287, 0.08801226200682341, 0.08422865963717796, 0.08585971618730234]
estimated metric: [array([0.88387525, 0.9759384 , 0.62848298, 0.55375553, 0.59113925,
       0.35261195, 0.61578948, 0.47368422, 0.35454548, 0.34974095]), array([0.90188434, 0.97253788, 0.58386077, 0.56327161, 0.56498674,
       0.33393831, 0.62536024, 0.50663718, 0.37200003, 0.34905662]), array([0.90339426, 0.97022587, 0.59969789, 0.60210211, 0.56505103,
       0.36022515, 0.61702128, 0.51282052, 0.32367153, 0.35545025]), array([0.89973615, 0.96076459, 0.60225443, 0.56540085, 0.59640103,
       0.32702239, 0.57925073, 0.43897217, 0.35964915, 0.40000001]), array([0.89791938, 0.95522388, 0.61051005, 0.5616642 , 0.5882353 ,
       0.32465279, 0.58465992, 0.49111112, 0.36595747, 0.39285716])]
real metric: [array([0.94518519, 0.95314592, 0.59435364, 0.58275382, 0.72093023,
       0.56609195, 0.7879617 , 0.56559767, 0.29411765, 0.50755287]), array([0.95596591, 0.95419847, 0.60269865, 0.55274889, 0.67146974,
       0.56111111, 0.76435935, 0.56187767, 0.34352256, 0.52401747]), array([0.95500726, 0.95042493, 0.59885387, 0.55359765, 0.69571429,
       0.54269175, 0.73840206, 0.59007092, 0.27419355, 0.55357143]), array([0.93889717, 0.94887218, 0.57714286, 0.56033287, 0.71703704,
       0.55330634, 0.7140825 , 0.56564246, 0.30701754, 0.5       ]), array([0.92565598, 0.96092619, 0.60401722, 0.56776034, 0.71571429,
       0.5744382 , 0.75739645, 0.55524476, 0.30609418, 0.53142857])]

estim_algorithm = ts-atc-model, mode = classification, metric = sensitivity, confidence_scores = entropy-conf, class_specific = False
test err: [0.16179159872818366, 0.15369582528855633, 0.15029834552485427, 0.15589048442947534, 0.169919547731402]
estimated metric: [array([0.63238222, 0.80846968, 0.45820434, 0.42562593, 0.53924051,
       0.62500001, 0.65      , 0.63615561, 0.55909093, 0.66062177]), array([0.6660169 , 0.80681818, 0.44462026, 0.39351853, 0.52254643,
       0.55898367, 0.64553315, 0.6261062 , 0.62000002, 0.69575472]), array([0.67428199, 0.79671458, 0.49395771, 0.45345346, 0.48852041,
       0.57223265, 0.65558511, 0.66452992, 0.55555558, 0.74170617]), array([0.64841689, 0.76559356, 0.47665057, 0.42475388, 0.54113111,
       0.54733219, 0.5907781 , 0.58886511, 0.62280703, 0.70487806]), array([0.65474643, 0.76417911, 0.49149924, 0.41307579, 0.52418301,
       0.55034723, 0.60057888, 0.66222223, 0.59148938, 0.73095239])]
real metric: [array([0.94518519, 0.95314592, 0.59435364, 0.58275382, 0.72093023,
       0.56609195, 0.7879617 , 0.56559767, 0.29411765, 0.50755287]), array([0.95596591, 0.95419847, 0.60269865, 0.55274889, 0.67146974,
       0.56111111, 0.76435935, 0.56187767, 0.34352256, 0.52401747]), array([0.95500726, 0.95042493, 0.59885387, 0.55359765, 0.69571429,
       0.54269175, 0.73840206, 0.59007092, 0.27419355, 0.55357143]), array([0.93889717, 0.94887218, 0.57714286, 0.56033287, 0.71703704,
       0.55330634, 0.7140825 , 0.56564246, 0.30701754, 0.5       ]), array([0.92565598, 0.96092619, 0.60401722, 0.56776034, 0.71571429,
       0.5744382 , 0.75739645, 0.55524476, 0.30609418, 0.53142857])]

estim_algorithm = ts-atc-model, mode = classification, metric = sensitivity, confidence_scores = entropy-conf, class_specific = True
test err: [0.07123908754307563, 0.062209338858148874, 0.07234548348140397, 0.07151429950298878, 0.07590552134757701]
estimated metric: [array([0.91838089, 0.9653513 , 0.65789474, 0.66273933, 0.66329114,
       0.42723882, 0.65131579, 0.55148742, 0.35000003, 0.38082903]), array([0.92267706, 0.96212121, 0.65348102, 0.66358025, 0.66047746,
       0.38656988, 0.65850145, 0.55752213, 0.33600003, 0.40801888]), array([0.91840731, 0.9650924 , 0.66465257, 0.70870871, 0.625     ,
       0.40712947, 0.65159575, 0.59615385, 0.26570052, 0.40995262]), array([0.91886544, 0.95875252, 0.66022545, 0.66947961, 0.67994859,
       0.38382101, 0.59365995, 0.50107067, 0.33771933, 0.42926831]), array([0.92002601, 0.95721393, 0.67387945, 0.66864785, 0.64575164,
       0.38368057, 0.5991317 , 0.56000001, 0.3489362 , 0.41904763])]
real metric: [array([0.94518519, 0.95314592, 0.59435364, 0.58275382, 0.72093023,
       0.56609195, 0.7879617 , 0.56559767, 0.29411765, 0.50755287]), array([0.95596591, 0.95419847, 0.60269865, 0.55274889, 0.67146974,
       0.56111111, 0.76435935, 0.56187767, 0.34352256, 0.52401747]), array([0.95500726, 0.95042493, 0.59885387, 0.55359765, 0.69571429,
       0.54269175, 0.73840206, 0.59007092, 0.27419355, 0.55357143]), array([0.93889717, 0.94887218, 0.57714286, 0.56033287, 0.71703704,
       0.55330634, 0.7140825 , 0.56564246, 0.30701754, 0.5       ]), array([0.92565598, 0.96092619, 0.60401722, 0.56776034, 0.71571429,
       0.5744382 , 0.75739645, 0.55524476, 0.30609418, 0.53142857])]

estim_algorithm = ts-atc-model, mode = classification, metric = sensitivity, confidence_scores = doctor-conf, class_specific = False
test err: [0.16128442633436463, 0.15280160259923486, 0.15137899043259484, 0.15487922832698692, 0.1681085464201434]
estimated metric: [array([0.63304579, 0.80943215, 0.45820434, 0.42562593, 0.53924051,
       0.62873135, 0.65263158, 0.63615561, 0.55454547, 0.66062177]), array([0.66796621, 0.80681818, 0.45253165, 0.39660495, 0.52519895,
       0.56079856, 0.64841499, 0.63274337, 0.62000002, 0.70047171]), array([0.67493473, 0.79671458, 0.49395771, 0.45045046, 0.49234695,
       0.575985  , 0.65425532, 0.66452992, 0.56038649, 0.74407584]), array([0.64973615, 0.76559356, 0.47987118, 0.42897329, 0.53984576,
       0.55077453, 0.59221903, 0.58672378, 0.627193  , 0.70487806]), array([0.65604682, 0.76716418, 0.49459043, 0.41307579, 0.52287582,
       0.55555556, 0.60347323, 0.65777779, 0.58723406, 0.73571429])]
real metric: [array([0.94518519, 0.95314592, 0.59435364, 0.58275382, 0.72093023,
       0.56609195, 0.7879617 , 0.56559767, 0.29411765, 0.50755287]), array([0.95596591, 0.95419847, 0.60269865, 0.55274889, 0.67146974,
       0.56111111, 0.76435935, 0.56187767, 0.34352256, 0.52401747]), array([0.95500726, 0.95042493, 0.59885387, 0.55359765, 0.69571429,
       0.54269175, 0.73840206, 0.59007092, 0.27419355, 0.55357143]), array([0.93889717, 0.94887218, 0.57714286, 0.56033287, 0.71703704,
       0.55330634, 0.7140825 , 0.56564246, 0.30701754, 0.5       ]), array([0.92565598, 0.96092619, 0.60401722, 0.56776034, 0.71571429,
       0.5744382 , 0.75739645, 0.55524476, 0.30609418, 0.53142857])]

estim_algorithm = ts-atc-model, mode = classification, metric = sensitivity, confidence_scores = doctor-conf, class_specific = True
test err: [0.07089162016043403, 0.059590043899526865, 0.07142304483873439, 0.0706549850198265, 0.07885206797224198]
estimated metric: [array([0.91108162, 0.96150144, 0.66099072, 0.6539028 , 0.65569621,
       0.4347015 , 0.65263158, 0.55148742, 0.35000003, 0.38082903]), array([0.9194282 , 0.95454545, 0.6550633 , 0.64506173, 0.65119364,
       0.39382941, 0.6556196 , 0.5641593 , 0.34800003, 0.41273586]), array([0.92493473, 0.95585216, 0.66616315, 0.70120121, 0.61352041,
       0.41088181, 0.65026596, 0.60683762, 0.27053144, 0.41232229]), array([0.91358839, 0.95372233, 0.66183575, 0.65541491, 0.66323908,
       0.38726335, 0.59365995, 0.50535333, 0.34210529, 0.4390244 ]), array([0.91742523, 0.95124378, 0.68315302, 0.65378901, 0.63660131,
       0.39062501, 0.59768452, 0.56666668, 0.35319152, 0.40714287])]
real metric: [array([0.94518519, 0.95314592, 0.59435364, 0.58275382, 0.72093023,
       0.56609195, 0.7879617 , 0.56559767, 0.29411765, 0.50755287]), array([0.95596591, 0.95419847, 0.60269865, 0.55274889, 0.67146974,
       0.56111111, 0.76435935, 0.56187767, 0.34352256, 0.52401747]), array([0.95500726, 0.95042493, 0.59885387, 0.55359765, 0.69571429,
       0.54269175, 0.73840206, 0.59007092, 0.27419355, 0.55357143]), array([0.93889717, 0.94887218, 0.57714286, 0.56033287, 0.71703704,
       0.55330634, 0.7140825 , 0.56564246, 0.30701754, 0.5       ]), array([0.92565598, 0.96092619, 0.60401722, 0.56776034, 0.71571429,
       0.5744382 , 0.75739645, 0.55524476, 0.30609418, 0.53142857])]

