estim_algorithm = ac-model, mode = classification, metric = auc, confidence_scores = max_class_probability-conf, class_specific = False
test err: [0.04409353855300517, 0.042931515578685464, 0.04233048133025099, 0.043551510764284894, 0.04303400952772947]
estimated metric: [array([0.98308082, 0.98531352, 0.98134739, 0.97500102, 0.98104181,
       0.97910581, 0.97840575, 0.98192139, 0.98084878, 0.97918788]), array([0.9841642 , 0.9856798 , 0.9823989 , 0.97427993, 0.98140247,
       0.97788976, 0.98030966, 0.98234062, 0.98075892, 0.98047705]), array([0.98384093, 0.98536937, 0.98151184, 0.97505657, 0.98142106,
       0.97962509, 0.97965247, 0.981981  , 0.98077474, 0.98011004]), array([0.98331759, 0.98552487, 0.98188463, 0.97523508, 0.98054415,
       0.97991572, 0.97822117, 0.98099889, 0.98002899, 0.9788392 ]), array([0.9837798 , 0.98540349, 0.98243869, 0.97480329, 0.98110246,
       0.97917896, 0.98015176, 0.98288899, 0.98014743, 0.9789983 ])]
real metric: [array([0.96117197, 0.98069303, 0.93447872, 0.89080722, 0.94108521,
       0.89922089, 0.90718154, 0.9459521 , 0.94100376, 0.96272435]), array([0.96339188, 0.98196428, 0.92956139, 0.88937508, 0.93838912,
       0.89723411, 0.91548475, 0.94701658, 0.95226643, 0.96570256]), array([0.95814832, 0.98145316, 0.9370346 , 0.89289623, 0.93602478,
       0.90480411, 0.92171746, 0.94512691, 0.94711615, 0.96171656]), array([0.96307631, 0.98141917, 0.93759219, 0.88765755, 0.9364434 ,
       0.90325664, 0.91158505, 0.9504937 , 0.93816244, 0.95930875]), array([0.96669567, 0.98440128, 0.93599054, 0.89493079, 0.93221108,
       0.90761557, 0.91467163, 0.93863728, 0.94803907, 0.95536015])]

estim_algorithm = ac-model, mode = classification, metric = auc, confidence_scores = energy-conf, class_specific = False
test err: [0.18989620467320162, 0.17137529107567717, 0.18925852648840794, 0.17924303923234444, 0.18281187159336626]
estimated metric: [array([0.72344396, 0.7598442 , 0.78536126, 0.81694959, 0.74040274,
       0.73282989, 0.68821324, 0.75663146, 0.73081725, 0.73086315]), array([0.70573061, 0.78945201, 0.81018938, 0.77255136, 0.75967258,
       0.79427345, 0.7173198 , 0.77148415, 0.82168934, 0.72427057]), array([0.71987036, 0.79731693, 0.78502145, 0.70238872, 0.78600069,
       0.71331322, 0.69744318, 0.78158239, 0.74750659, 0.76300948]), array([0.75038357, 0.81685224, 0.83147032, 0.7353038 , 0.76033024,
       0.74443584, 0.67925859, 0.76413892, 0.77797654, 0.71641473]), array([0.71309365, 0.80213782, 0.79318385, 0.76028111, 0.72654184,
       0.76608594, 0.69911366, 0.8047925 , 0.75912282, 0.72608117])]
real metric: [array([0.96117197, 0.98069303, 0.93447872, 0.89080722, 0.94108521,
       0.89922089, 0.90718154, 0.9459521 , 0.94100376, 0.96272435]), array([0.96339188, 0.98196428, 0.92956139, 0.88937508, 0.93838912,
       0.89723411, 0.91548475, 0.94701658, 0.95226643, 0.96570256]), array([0.95814832, 0.98145316, 0.9370346 , 0.89289623, 0.93602478,
       0.90480411, 0.92171746, 0.94512691, 0.94711615, 0.96171656]), array([0.96307631, 0.98141917, 0.93759219, 0.88765755, 0.9364434 ,
       0.90325664, 0.91158505, 0.9504937 , 0.93816244, 0.95930875]), array([0.96669567, 0.98440128, 0.93599054, 0.89493079, 0.93221108,
       0.90761557, 0.91467163, 0.93863728, 0.94803907, 0.95536015])]

estim_algorithm = ac-model, mode = classification, metric = auc, confidence_scores = entropy-conf, class_specific = False
test err: [0.039724135677110625, 0.038702743005755394, 0.03806902121365814, 0.03949626241132703, 0.03894425305287299]
estimated metric: [array([0.9789274 , 0.98217132, 0.97703875, 0.9681062 , 0.97642703,
       0.97513142, 0.97463709, 0.97703178, 0.97714928, 0.97493988]), array([0.97965519, 0.98246838, 0.97819841, 0.96694352, 0.97805462,
       0.9730035 , 0.97612889, 0.97890643, 0.97693294, 0.97712171]), array([0.97921261, 0.98264956, 0.97730065, 0.96774235, 0.97682419,
       0.97564394, 0.97561036, 0.97824854, 0.97778293, 0.97571336]), array([0.9787793 , 0.98210789, 0.9772913 , 0.96831209, 0.97681798,
       0.97623884, 0.9757554 , 0.97693945, 0.97556476, 0.9761508 ]), array([0.97971922, 0.98210819, 0.97808292, 0.96771723, 0.97682847,
       0.97402619, 0.97510983, 0.97868843, 0.97600547, 0.97512346])]
real metric: [array([0.96117197, 0.98069303, 0.93447872, 0.89080722, 0.94108521,
       0.89922089, 0.90718154, 0.9459521 , 0.94100376, 0.96272435]), array([0.96339188, 0.98196428, 0.92956139, 0.88937508, 0.93838912,
       0.89723411, 0.91548475, 0.94701658, 0.95226643, 0.96570256]), array([0.95814832, 0.98145316, 0.9370346 , 0.89289623, 0.93602478,
       0.90480411, 0.92171746, 0.94512691, 0.94711615, 0.96171656]), array([0.96307631, 0.98141917, 0.93759219, 0.88765755, 0.9364434 ,
       0.90325664, 0.91158505, 0.9504937 , 0.93816244, 0.95930875]), array([0.96669567, 0.98440128, 0.93599054, 0.89493079, 0.93221108,
       0.90761557, 0.91467163, 0.93863728, 0.94803907, 0.95536015])]

estim_algorithm = ac-model, mode = classification, metric = auc, confidence_scores = doctor-conf, class_specific = False
test err: [0.052242348434719935, 0.050806827453008185, 0.05042630247093512, 0.05174415907808015, 0.05114600583693592]
estimated metric: [array([0.99018894, 0.99214371, 0.98877777, 0.98465872, 0.98932412,
       0.98628722, 0.98766295, 0.99012566, 0.98933147, 0.98824172]), array([0.99078509, 0.99276906, 0.98955692, 0.98408046, 0.98939343,
       0.98632092, 0.98812438, 0.99062196, 0.98841351, 0.9883887 ]), array([0.99064642, 0.99228054, 0.98871648, 0.98468725, 0.98912014,
       0.98753049, 0.98955046, 0.99014154, 0.98843796, 0.98919003]), array([0.9901732 , 0.99238654, 0.9887409 , 0.98461619, 0.98897523,
       0.98722083, 0.98810556, 0.98971814, 0.98842131, 0.98807886]), array([0.99084672, 0.99232215, 0.98928003, 0.98473693, 0.98955921,
       0.9874274 , 0.98842715, 0.99105415, 0.98846328, 0.98789612])]
real metric: [array([0.96117197, 0.98069303, 0.93447872, 0.89080722, 0.94108521,
       0.89922089, 0.90718154, 0.9459521 , 0.94100376, 0.96272435]), array([0.96339188, 0.98196428, 0.92956139, 0.88937508, 0.93838912,
       0.89723411, 0.91548475, 0.94701658, 0.95226643, 0.96570256]), array([0.95814832, 0.98145316, 0.9370346 , 0.89289623, 0.93602478,
       0.90480411, 0.92171746, 0.94512691, 0.94711615, 0.96171656]), array([0.96307631, 0.98141917, 0.93759219, 0.88765755, 0.9364434 ,
       0.90325664, 0.91158505, 0.9504937 , 0.93816244, 0.95930875]), array([0.96669567, 0.98440128, 0.93599054, 0.89493079, 0.93221108,
       0.90761557, 0.91467163, 0.93863728, 0.94803907, 0.95536015])]

estim_algorithm = ts-model, mode = classification, metric = auc, confidence_scores = max_class_probability-conf, class_specific = False
test err: [0.021298026829907724, 0.02078618857605328, 0.018409378176338854, 0.020776231852894612, 0.021258428300505217]
estimated metric: [array([0.9427227 , 0.95324656, 0.94542888, 0.92814718, 0.94458705,
       0.94586332, 0.94625212, 0.94911569, 0.951646  , 0.94695064]), array([0.94458906, 0.95406151, 0.94658947, 0.93144909, 0.94613697,
       0.94497472, 0.93790266, 0.95130764, 0.95579183, 0.9493712 ]), array([0.94377718, 0.95394509, 0.94732995, 0.92734292, 0.94702056,
       0.94510599, 0.94586292, 0.9501458 , 0.95119666, 0.94878654]), array([0.94384925, 0.95412041, 0.94736068, 0.92882317, 0.94472591,
       0.94692839, 0.93967089, 0.95092107, 0.94987969, 0.94119109]), array([0.94348148, 0.95475344, 0.94747208, 0.93155808, 0.94677161,
       0.94417676, 0.94744153, 0.95175046, 0.95121742, 0.94392987])]
real metric: [array([0.96117197, 0.98069303, 0.93447872, 0.89080722, 0.94108521,
       0.89922089, 0.90718154, 0.9459521 , 0.94100376, 0.96272435]), array([0.96339188, 0.98196428, 0.92956139, 0.88937508, 0.93838912,
       0.89723411, 0.91548475, 0.94701658, 0.95226643, 0.96570256]), array([0.95814832, 0.98145316, 0.9370346 , 0.89289623, 0.93602478,
       0.90480411, 0.92171746, 0.94512691, 0.94711615, 0.96171656]), array([0.96307631, 0.98141917, 0.93759219, 0.88765755, 0.9364434 ,
       0.90325664, 0.91158505, 0.9504937 , 0.93816244, 0.95930875]), array([0.96669567, 0.98440128, 0.93599054, 0.89493079, 0.93221108,
       0.90761557, 0.91467163, 0.93863728, 0.94803907, 0.95536015])]

estim_algorithm = ts-model, mode = classification, metric = auc, confidence_scores = max_class_probability-conf, class_specific = True
test err: [0.027674172200148693, 0.02829103561395847, 0.025874243888614656, 0.02753371541446461, 0.028728021468684084]
estimated metric: [array([0.97180897, 0.97568123, 0.96157358, 0.93659578, 0.96500413,
       0.9386583 , 0.96873896, 0.97215552, 0.971016  , 0.96980444]), array([0.97250112, 0.97603001, 0.96249569, 0.94010591, 0.96570695,
       0.95056219, 0.97077898, 0.97249318, 0.97006708, 0.97068688]), array([0.97244081, 0.97578481, 0.96242235, 0.93613708, 0.96580887,
       0.93678162, 0.97087064, 0.97229467, 0.97003102, 0.97087216]), array([0.97182995, 0.97612544, 0.96229661, 0.93654753, 0.96587486,
       0.94077056, 0.96935638, 0.97136225, 0.97001007, 0.96957123]), array([0.97260046, 0.97571757, 0.96428685, 0.93921437, 0.96590909,
       0.94741281, 0.97131532, 0.97325715, 0.96911165, 0.96964061])]
real metric: [array([0.96117197, 0.98069303, 0.93447872, 0.89080722, 0.94108521,
       0.89922089, 0.90718154, 0.9459521 , 0.94100376, 0.96272435]), array([0.96339188, 0.98196428, 0.92956139, 0.88937508, 0.93838912,
       0.89723411, 0.91548475, 0.94701658, 0.95226643, 0.96570256]), array([0.95814832, 0.98145316, 0.9370346 , 0.89289623, 0.93602478,
       0.90480411, 0.92171746, 0.94512691, 0.94711615, 0.96171656]), array([0.96307631, 0.98141917, 0.93759219, 0.88765755, 0.9364434 ,
       0.90325664, 0.91158505, 0.9504937 , 0.93816244, 0.95930875]), array([0.96669567, 0.98440128, 0.93599054, 0.89493079, 0.93221108,
       0.90761557, 0.91467163, 0.93863728, 0.94803907, 0.95536015])]

estim_algorithm = ts-model, mode = classification, metric = auc, confidence_scores = energy-conf, class_specific = False
test err: [0.05539033519039875, 0.04555334071142331, 0.048228660442930046, 0.04135526574936932, 0.047377900461977915]
estimated metric: [array([0.85836011, 0.88668948, 0.91012289, 0.92669932, 0.88875761,
       0.88114037, 0.8745848 , 0.89066864, 0.87521092, 0.8899655 ]), array([0.84958667, 0.90495495, 0.91053078, 0.89385041, 0.89017434,
       0.92692897, 0.87768438, 0.9111861 , 0.94226222, 0.88603432]), array([0.85363477, 0.91320121, 0.90437658, 0.85586366, 0.91770265,
       0.8776908 , 0.86520092, 0.92247327, 0.8819085 , 0.91169933]), array([0.87134973, 0.91931901, 0.92818519, 0.8660082 , 0.90688211,
       0.87874061, 0.8689511 , 0.92017451, 0.91408792, 0.88174415]), array([0.8516543 , 0.91160658, 0.90292419, 0.89067958, 0.87708426,
       0.90018046, 0.86812376, 0.9282834 , 0.89559719, 0.87864034])]
real metric: [array([0.96117197, 0.98069303, 0.93447872, 0.89080722, 0.94108521,
       0.89922089, 0.90718154, 0.9459521 , 0.94100376, 0.96272435]), array([0.96339188, 0.98196428, 0.92956139, 0.88937508, 0.93838912,
       0.89723411, 0.91548475, 0.94701658, 0.95226643, 0.96570256]), array([0.95814832, 0.98145316, 0.9370346 , 0.89289623, 0.93602478,
       0.90480411, 0.92171746, 0.94512691, 0.94711615, 0.96171656]), array([0.96307631, 0.98141917, 0.93759219, 0.88765755, 0.9364434 ,
       0.90325664, 0.91158505, 0.9504937 , 0.93816244, 0.95930875]), array([0.96669567, 0.98440128, 0.93599054, 0.89493079, 0.93221108,
       0.90761557, 0.91467163, 0.93863728, 0.94803907, 0.95536015])]

estim_algorithm = ts-model, mode = classification, metric = auc, confidence_scores = energy-conf, class_specific = True
test err: [0.036508911043898494, 0.03988640416200952, 0.03446617336179485, 0.03676134779182659, 0.03648600981136182]
estimated metric: [array([0.99631874, 0.99665737, 0.98056832, 0.97493806, 0.98290861,
       0.94846616, 0.98238563, 0.94586936, 0.95157476, 0.96955542]), array([0.99625889, 0.99659834, 0.98068135, 0.9586648 , 0.9832444 ,
       0.97140772, 0.98243883, 0.95925906, 0.9787892 , 0.97190763]), array([0.99630005, 0.996633  , 0.98048367, 0.94592232, 0.98306325,
       0.94745414, 0.98231926, 0.96541403, 0.95356116, 0.97954913]), array([0.99631626, 0.99664985, 0.98089048, 0.94617651, 0.98351419,
       0.94875428, 0.98238257, 0.96923696, 0.96378721, 0.96890036]), array([0.99634808, 0.9966851 , 0.98108344, 0.95514911, 0.98318127,
       0.953758  , 0.98242793, 0.96826917, 0.96110888, 0.9654022 ])]
real metric: [array([0.96117197, 0.98069303, 0.93447872, 0.89080722, 0.94108521,
       0.89922089, 0.90718154, 0.9459521 , 0.94100376, 0.96272435]), array([0.96339188, 0.98196428, 0.92956139, 0.88937508, 0.93838912,
       0.89723411, 0.91548475, 0.94701658, 0.95226643, 0.96570256]), array([0.95814832, 0.98145316, 0.9370346 , 0.89289623, 0.93602478,
       0.90480411, 0.92171746, 0.94512691, 0.94711615, 0.96171656]), array([0.96307631, 0.98141917, 0.93759219, 0.88765755, 0.9364434 ,
       0.90325664, 0.91158505, 0.9504937 , 0.93816244, 0.95930875]), array([0.96669567, 0.98440128, 0.93599054, 0.89493079, 0.93221108,
       0.90761557, 0.91467163, 0.93863728, 0.94803907, 0.95536015])]

estim_algorithm = ts-model, mode = classification, metric = auc, confidence_scores = entropy-conf, class_specific = False
test err: [0.021549154894157707, 0.02055886798764709, 0.01864555161241995, 0.021060184551510742, 0.02136435606374798]
estimated metric: [array([0.94366818, 0.95341733, 0.94580277, 0.92843718, 0.94522919,
       0.94665886, 0.94708506, 0.94979602, 0.9524211 , 0.94771304]), array([0.94540472, 0.9545815 , 0.94686143, 0.9300609 , 0.94686185,
       0.94569647, 0.93837051, 0.95158024, 0.95443305, 0.95002083]), array([0.94462547, 0.95449757, 0.94776771, 0.92808964, 0.94770475,
       0.94578357, 0.9467232 , 0.95031257, 0.95192636, 0.94932706]), array([0.94463483, 0.95466598, 0.94773318, 0.92951366, 0.94548959,
       0.94789382, 0.94027781, 0.9514362 , 0.95073118, 0.94178607]), array([0.94443878, 0.95504688, 0.94797618, 0.9317256 , 0.94706347,
       0.94423508, 0.94824112, 0.95191534, 0.95199065, 0.94437936])]
real metric: [array([0.96117197, 0.98069303, 0.93447872, 0.89080722, 0.94108521,
       0.89922089, 0.90718154, 0.9459521 , 0.94100376, 0.96272435]), array([0.96339188, 0.98196428, 0.92956139, 0.88937508, 0.93838912,
       0.89723411, 0.91548475, 0.94701658, 0.95226643, 0.96570256]), array([0.95814832, 0.98145316, 0.9370346 , 0.89289623, 0.93602478,
       0.90480411, 0.92171746, 0.94512691, 0.94711615, 0.96171656]), array([0.96307631, 0.98141917, 0.93759219, 0.88765755, 0.9364434 ,
       0.90325664, 0.91158505, 0.9504937 , 0.93816244, 0.95930875]), array([0.96669567, 0.98440128, 0.93599054, 0.89493079, 0.93221108,
       0.90761557, 0.91467163, 0.93863728, 0.94803907, 0.95536015])]

estim_algorithm = ts-model, mode = classification, metric = auc, confidence_scores = entropy-conf, class_specific = True
test err: [0.027064019454304967, 0.026350721801822286, 0.02404173509011017, 0.026190409832543605, 0.02737381742159315]
estimated metric: [array([0.97146651, 0.97521548, 0.96135968, 0.93663245, 0.96364893,
       0.9476185 , 0.96748755, 0.9665771 , 0.96631487, 0.96768281]), array([0.9722041 , 0.9754788 , 0.9620521 , 0.9396626 , 0.96429637,
       0.94909649, 0.96832588, 0.96751809, 0.96438347, 0.96790452]), array([0.97227927, 0.9752722 , 0.96238521, 0.93628639, 0.96495167,
       0.93523306, 0.96769216, 0.96723955, 0.96408804, 0.96866616]), array([0.97150176, 0.97552865, 0.96210771, 0.936064  , 0.96524916,
       0.93934956, 0.96787829, 0.96782587, 0.9646796 , 0.96893364]), array([0.97233761, 0.9753621 , 0.96413648, 0.93900094, 0.96561019,
       0.9459056 , 0.96845751, 0.96874756, 0.96609257, 0.96856233])]
real metric: [array([0.96117197, 0.98069303, 0.93447872, 0.89080722, 0.94108521,
       0.89922089, 0.90718154, 0.9459521 , 0.94100376, 0.96272435]), array([0.96339188, 0.98196428, 0.92956139, 0.88937508, 0.93838912,
       0.89723411, 0.91548475, 0.94701658, 0.95226643, 0.96570256]), array([0.95814832, 0.98145316, 0.9370346 , 0.89289623, 0.93602478,
       0.90480411, 0.92171746, 0.94512691, 0.94711615, 0.96171656]), array([0.96307631, 0.98141917, 0.93759219, 0.88765755, 0.9364434 ,
       0.90325664, 0.91158505, 0.9504937 , 0.93816244, 0.95930875]), array([0.96669567, 0.98440128, 0.93599054, 0.89493079, 0.93221108,
       0.90761557, 0.91467163, 0.93863728, 0.94803907, 0.95536015])]

estim_algorithm = ts-model, mode = classification, metric = auc, confidence_scores = doctor-conf, class_specific = False
test err: [0.02076959885463404, 0.020491476217764638, 0.018062747154871862, 0.020725619641297554, 0.02145229726893936]
estimated metric: [array([0.94225193, 0.95215894, 0.94526278, 0.9308953 , 0.94296881,
       0.9453777 , 0.94156835, 0.94717927, 0.94964201, 0.94564727]), array([0.94389694, 0.95334425, 0.94705159, 0.93272969, 0.94440553,
       0.94439077, 0.93675015, 0.94974628, 0.95185876, 0.94732344]), array([0.94263344, 0.95272386, 0.94672099, 0.92987221, 0.94552688,
       0.94424513, 0.94332802, 0.94857504, 0.94882135, 0.94770263]), array([0.94367434, 0.95264992, 0.94703438, 0.92832613, 0.94356025,
       0.9441261 , 0.93853908, 0.94901953, 0.94995987, 0.93854648]), array([0.94288206, 0.95299365, 0.94745723, 0.93352269, 0.94538063,
       0.94437172, 0.94478079, 0.9508057 , 0.95138218, 0.94166338])]
real metric: [array([0.96117197, 0.98069303, 0.93447872, 0.89080722, 0.94108521,
       0.89922089, 0.90718154, 0.9459521 , 0.94100376, 0.96272435]), array([0.96339188, 0.98196428, 0.92956139, 0.88937508, 0.93838912,
       0.89723411, 0.91548475, 0.94701658, 0.95226643, 0.96570256]), array([0.95814832, 0.98145316, 0.9370346 , 0.89289623, 0.93602478,
       0.90480411, 0.92171746, 0.94512691, 0.94711615, 0.96171656]), array([0.96307631, 0.98141917, 0.93759219, 0.88765755, 0.9364434 ,
       0.90325664, 0.91158505, 0.9504937 , 0.93816244, 0.95930875]), array([0.96669567, 0.98440128, 0.93599054, 0.89493079, 0.93221108,
       0.90761557, 0.91467163, 0.93863728, 0.94803907, 0.95536015])]

estim_algorithm = ts-model, mode = classification, metric = auc, confidence_scores = doctor-conf, class_specific = True
test err: [0.032916962880120096, 0.033578489113966416, 0.03093602280281913, 0.03302128826671843, 0.0331514259270855]
estimated metric: [array([0.97878823, 0.9841705 , 0.9809489 , 0.94855589, 0.96966164,
       0.9434283 , 0.97802636, 0.98162319, 0.96137743, 0.96690798]), array([0.97902879, 0.98432972, 0.98096359, 0.94933345, 0.97060372,
       0.95607364, 0.97746944, 0.98091673, 0.96658369, 0.97086827]), array([0.97871381, 0.98399354, 0.98056548, 0.94577464, 0.97053393,
       0.941439  , 0.9797274 , 0.98115229, 0.96170151, 0.97179691]), array([0.97841555, 0.98439863, 0.98105417, 0.94581526, 0.97140612,
       0.94483093, 0.97836708, 0.98064906, 0.96535708, 0.96891419]), array([0.97894989, 0.98432145, 0.98142998, 0.94893445, 0.97065906,
       0.95357092, 0.9786562 , 0.98208093, 0.96171303, 0.96959175])]
real metric: [array([0.96117197, 0.98069303, 0.93447872, 0.89080722, 0.94108521,
       0.89922089, 0.90718154, 0.9459521 , 0.94100376, 0.96272435]), array([0.96339188, 0.98196428, 0.92956139, 0.88937508, 0.93838912,
       0.89723411, 0.91548475, 0.94701658, 0.95226643, 0.96570256]), array([0.95814832, 0.98145316, 0.9370346 , 0.89289623, 0.93602478,
       0.90480411, 0.92171746, 0.94512691, 0.94711615, 0.96171656]), array([0.96307631, 0.98141917, 0.93759219, 0.88765755, 0.9364434 ,
       0.90325664, 0.91158505, 0.9504937 , 0.93816244, 0.95930875]), array([0.96669567, 0.98440128, 0.93599054, 0.89493079, 0.93221108,
       0.90761557, 0.91467163, 0.93863728, 0.94803907, 0.95536015])]

estim_algorithm = doc-model, mode = classification, metric = auc, confidence_scores = max_class_probability-conf, class_specific = False
test err: [0.05238089831096713, 0.05350350474821043, 0.05411093969699443, 0.05291477203154913, 0.05339990629492682]
estimated metric: [array([0.88634734, 0.88974923, 0.88447236, 0.87653351, 0.88487298,
       0.88275432, 0.88218149, 0.88595355, 0.884698  , 0.88294702]), array([0.88753993, 0.89028964, 0.88578763, 0.87563542, 0.88530022,
       0.88167599, 0.88402963, 0.88634021, 0.8845175 , 0.88423495]), array([0.88724779, 0.88978158, 0.88476993, 0.87646891, 0.88522368,
       0.88344638, 0.88351488, 0.88598221, 0.88457934, 0.88391419]), array([0.88655355, 0.89004263, 0.88501577, 0.87682892, 0.88440376,
       0.88359356, 0.88204344, 0.88495242, 0.88379779, 0.88261563]), array([0.887099  , 0.88983704, 0.88572196, 0.8764566 , 0.88497474,
       0.88295286, 0.88395127, 0.88685685, 0.88393648, 0.88276722])]
real metric: [array([0.96117197, 0.98069303, 0.93447872, 0.89080722, 0.94108521,
       0.89922089, 0.90718154, 0.9459521 , 0.94100376, 0.96272435]), array([0.96339188, 0.98196428, 0.92956139, 0.88937508, 0.93838912,
       0.89723411, 0.91548475, 0.94701658, 0.95226643, 0.96570256]), array([0.95814832, 0.98145316, 0.9370346 , 0.89289623, 0.93602478,
       0.90480411, 0.92171746, 0.94512691, 0.94711615, 0.96171656]), array([0.96307631, 0.98141917, 0.93759219, 0.88765755, 0.9364434 ,
       0.90325664, 0.91158505, 0.9504937 , 0.93816244, 0.95930875]), array([0.96669567, 0.98440128, 0.93599054, 0.89493079, 0.93221108,
       0.90761557, 0.91467163, 0.93863728, 0.94803907, 0.95536015])]

estim_algorithm = doc-model, mode = classification, metric = auc, confidence_scores = max_class_probability-conf, class_specific = True
test err: [0.03369155291966055, 0.032399719932099724, 0.031882870856030435, 0.03311581377287252, 0.03269663269423458]
estimated metric: [array([0.98438663, 0.98388521, 0.97182384, 0.95534032, 0.9713385 ,
       0.95062625, 0.97219441, 0.97233883, 0.96776022, 0.9715401 ]), array([0.98493896, 0.98418358, 0.97283982, 0.95447946, 0.97163281,
       0.94933901, 0.97399902, 0.97268555, 0.96755512, 0.97273002]), array([0.98499186, 0.98391559, 0.97197133, 0.95531944, 0.97168345,
       0.95113482, 0.97340835, 0.97236672, 0.96763687, 0.97243857]), array([0.98449849, 0.98407081, 0.97234292, 0.95558189, 0.97082291,
       0.95140226, 0.97198666, 0.971371  , 0.96690311, 0.97117326]), array([0.98490706, 0.98397473, 0.97292374, 0.95517653, 0.971398  ,
       0.95067488, 0.97393098, 0.97329502, 0.96704679, 0.97133857])]
real metric: [array([0.96117197, 0.98069303, 0.93447872, 0.89080722, 0.94108521,
       0.89922089, 0.90718154, 0.9459521 , 0.94100376, 0.96272435]), array([0.96339188, 0.98196428, 0.92956139, 0.88937508, 0.93838912,
       0.89723411, 0.91548475, 0.94701658, 0.95226643, 0.96570256]), array([0.95814832, 0.98145316, 0.9370346 , 0.89289623, 0.93602478,
       0.90480411, 0.92171746, 0.94512691, 0.94711615, 0.96171656]), array([0.96307631, 0.98141917, 0.93759219, 0.88765755, 0.9364434 ,
       0.90325664, 0.91158505, 0.9504937 , 0.93816244, 0.95930875]), array([0.96669567, 0.98440128, 0.93599054, 0.89493079, 0.93221108,
       0.90761557, 0.91467163, 0.93863728, 0.94803907, 0.95536015])]

estim_algorithm = doc-model, mode = classification, metric = auc, confidence_scores = energy-conf, class_specific = False
test err: [0.020524716306143286, 0.024566662992396383, 0.01897764731515237, 0.02048475916356938, 0.02329528078234374]
estimated metric: [array([0.93969829, 0.95225079, 0.94276085, 0.92948319, 0.94952668,
       0.95151981, 0.92652259, 0.95111732, 0.95290118, 0.95149529]), array([0.93388484, 0.95463448, 0.94635575, 0.92993814, 0.94911131,
       0.94522429, 0.95912942, 0.95891708, 0.95906415, 0.95528548]), array([0.9347213 , 0.95290009, 0.94622867, 0.92571642, 0.94528279,
       0.95189241, 0.93867429, 0.95505381, 0.95343039, 0.9554787 ]), array([0.93614048, 0.95132147, 0.94308125, 0.92522809, 0.95310055,
       0.95027244, 0.91915521, 0.95993004, 0.95994591, 0.95701722]), array([0.94164104, 0.95315363, 0.94637702, 0.93674697, 0.95095269,
       0.95322108, 0.94063045, 0.9585781 , 0.95970223, 0.9528222 ])]
real metric: [array([0.96117197, 0.98069303, 0.93447872, 0.89080722, 0.94108521,
       0.89922089, 0.90718154, 0.9459521 , 0.94100376, 0.96272435]), array([0.96339188, 0.98196428, 0.92956139, 0.88937508, 0.93838912,
       0.89723411, 0.91548475, 0.94701658, 0.95226643, 0.96570256]), array([0.95814832, 0.98145316, 0.9370346 , 0.89289623, 0.93602478,
       0.90480411, 0.92171746, 0.94512691, 0.94711615, 0.96171656]), array([0.96307631, 0.98141917, 0.93759219, 0.88765755, 0.9364434 ,
       0.90325664, 0.91158505, 0.9504937 , 0.93816244, 0.95930875]), array([0.96669567, 0.98440128, 0.93599054, 0.89493079, 0.93221108,
       0.90761557, 0.91467163, 0.93863728, 0.94803907, 0.95536015])]

estim_algorithm = doc-model, mode = classification, metric = auc, confidence_scores = energy-conf, class_specific = True
test err: [0.026361867908859526, 0.0266836040915727, 0.019685910420162323, 0.026130391619176786, 0.02010577594637325]
estimated metric: [array([0.95499684, 0.97550644, 0.94823592, 0.93575769, 0.96428375,
       0.95927589, 0.90163532, 0.87891345, 0.96717234, 0.97426663]), array([0.95679393, 0.9757604 , 0.94622542, 0.93946397, 0.9662044 ,
       0.9645576 , 0.93447154, 0.89688885, 0.96650715, 0.97448983]), array([0.95570583, 0.97585746, 0.94190149, 0.93264485, 0.96435406,
       0.9460154 , 0.91413763, 0.90787554, 0.96414293, 0.97452341]), array([0.95508608, 0.97523433, 0.94227774, 0.9366056 , 0.96325783,
       0.94990099, 0.89391847, 0.88778577, 0.96320324, 0.97392989]), array([0.95610963, 0.97596933, 0.94832009, 0.93773651, 0.96453093,
       0.95523917, 0.91600701, 0.93234232, 0.96807985, 0.97465008])]
real metric: [array([0.96117197, 0.98069303, 0.93447872, 0.89080722, 0.94108521,
       0.89922089, 0.90718154, 0.9459521 , 0.94100376, 0.96272435]), array([0.96339188, 0.98196428, 0.92956139, 0.88937508, 0.93838912,
       0.89723411, 0.91548475, 0.94701658, 0.95226643, 0.96570256]), array([0.95814832, 0.98145316, 0.9370346 , 0.89289623, 0.93602478,
       0.90480411, 0.92171746, 0.94512691, 0.94711615, 0.96171656]), array([0.96307631, 0.98141917, 0.93759219, 0.88765755, 0.9364434 ,
       0.90325664, 0.91158505, 0.9504937 , 0.93816244, 0.95930875]), array([0.96669567, 0.98440128, 0.93599054, 0.89493079, 0.93221108,
       0.90761557, 0.91467163, 0.93863728, 0.94803907, 0.95536015])]

estim_algorithm = doc-model, mode = classification, metric = auc, confidence_scores = entropy-conf, class_specific = False
test err: [0.04733245462265674, 0.048127663450473535, 0.048800366508717684, 0.04745709782801496, 0.048385458784333604]
estimated metric: [array([0.89133576, 0.89595674, 0.88962191, 0.87863579, 0.88972776,
       0.8884557 , 0.88806791, 0.89018742, 0.89061561, 0.88838964]), array([0.89248593, 0.89652829, 0.89103188, 0.87804098, 0.89139057,
       0.88643873, 0.88963512, 0.89254908, 0.89041558, 0.89059335]), array([0.89193101, 0.89641986, 0.89003898, 0.87883254, 0.89018374,
       0.88915653, 0.88915767, 0.89185444, 0.89124712, 0.88921273]), array([0.89131255, 0.89606169, 0.88998619, 0.87904825, 0.89007246,
       0.88963099, 0.88918379, 0.89050768, 0.88904532, 0.8895753 ]), array([0.89225112, 0.89594595, 0.8908439 , 0.87891813, 0.89014892,
       0.88745104, 0.88866079, 0.89238757, 0.88949251, 0.88859855])]
real metric: [array([0.96117197, 0.98069303, 0.93447872, 0.89080722, 0.94108521,
       0.89922089, 0.90718154, 0.9459521 , 0.94100376, 0.96272435]), array([0.96339188, 0.98196428, 0.92956139, 0.88937508, 0.93838912,
       0.89723411, 0.91548475, 0.94701658, 0.95226643, 0.96570256]), array([0.95814832, 0.98145316, 0.9370346 , 0.89289623, 0.93602478,
       0.90480411, 0.92171746, 0.94512691, 0.94711615, 0.96171656]), array([0.96307631, 0.98141917, 0.93759219, 0.88765755, 0.9364434 ,
       0.90325664, 0.91158505, 0.9504937 , 0.93816244, 0.95930875]), array([0.96669567, 0.98440128, 0.93599054, 0.89493079, 0.93221108,
       0.90761557, 0.91467163, 0.93863728, 0.94803907, 0.95536015])]

estim_algorithm = doc-model, mode = classification, metric = auc, confidence_scores = entropy-conf, class_specific = True
test err: [0.03196348026909882, 0.030851023699931923, 0.030261105361740526, 0.031767662771085045, 0.03071878019621266]
estimated metric: [array([0.98271647, 0.9842894 , 0.97002561, 0.95176717, 0.96956037,
       0.94910946, 0.97097122, 0.96971267, 0.96544626, 0.97035496]), array([0.98343792, 0.98469169, 0.97109372, 0.95048007, 0.9710683 ,
       0.9468234 , 0.97234725, 0.97145378, 0.96508603, 0.97241425]), array([0.98344034, 0.98419695, 0.97025254, 0.95136351, 0.96990202,
       0.94958865, 0.97190526, 0.97086655, 0.96603255, 0.97110098]), array([0.98311248, 0.98430948, 0.97024742, 0.95197537, 0.96990514,
       0.95015667, 0.97205594, 0.96956469, 0.96381668, 0.97152794]), array([0.98318318, 0.98457265, 0.97108192, 0.95139108, 0.96994391,
       0.94793009, 0.97144653, 0.97135394, 0.96430083, 0.97053673])]
real metric: [array([0.96117197, 0.98069303, 0.93447872, 0.89080722, 0.94108521,
       0.89922089, 0.90718154, 0.9459521 , 0.94100376, 0.96272435]), array([0.96339188, 0.98196428, 0.92956139, 0.88937508, 0.93838912,
       0.89723411, 0.91548475, 0.94701658, 0.95226643, 0.96570256]), array([0.95814832, 0.98145316, 0.9370346 , 0.89289623, 0.93602478,
       0.90480411, 0.92171746, 0.94512691, 0.94711615, 0.96171656]), array([0.96307631, 0.98141917, 0.93759219, 0.88765755, 0.9364434 ,
       0.90325664, 0.91158505, 0.9504937 , 0.93816244, 0.95930875]), array([0.96669567, 0.98440128, 0.93599054, 0.89493079, 0.93221108,
       0.90761557, 0.91467163, 0.93863728, 0.94803907, 0.95536015])]

estim_algorithm = doc-model, mode = classification, metric = auc, confidence_scores = doctor-conf, class_specific = False
test err: [0.07163519957871818, 0.07289843720198505, 0.07340113242967912, 0.07180633913003182, 0.07210418730349495]
estimated metric: [array([0.86613662, 0.8702636 , 0.86415574, 0.8563787 , 0.86650861,
       0.86316549, 0.86511581, 0.86374099, 0.86701425, 0.86548696]), array([0.86548027, 0.8709051 , 0.86356414, 0.85555655, 0.86669392,
       0.86324319, 0.86549047, 0.86842939, 0.86619903, 0.86583973]), array([0.86676219, 0.87018463, 0.86430844, 0.85741483, 0.8660755 ,
       0.86100293, 0.86654565, 0.86775321, 0.86565779, 0.86632179]), array([0.86625687, 0.87056879, 0.86406528, 0.85646404, 0.86609407,
       0.86377091, 0.86536884, 0.86717307, 0.86575233, 0.8654176 ]), array([0.86715971, 0.87045257, 0.86514521, 0.85674731, 0.86664163,
       0.86436164, 0.86616954, 0.86896411, 0.86618661, 0.86568287])]
real metric: [array([0.96117197, 0.98069303, 0.93447872, 0.89080722, 0.94108521,
       0.89922089, 0.90718154, 0.9459521 , 0.94100376, 0.96272435]), array([0.96339188, 0.98196428, 0.92956139, 0.88937508, 0.93838912,
       0.89723411, 0.91548475, 0.94701658, 0.95226643, 0.96570256]), array([0.95814832, 0.98145316, 0.9370346 , 0.89289623, 0.93602478,
       0.90480411, 0.92171746, 0.94512691, 0.94711615, 0.96171656]), array([0.96307631, 0.98141917, 0.93759219, 0.88765755, 0.9364434 ,
       0.90325664, 0.91158505, 0.9504937 , 0.93816244, 0.95930875]), array([0.96669567, 0.98440128, 0.93599054, 0.89493079, 0.93221108,
       0.90761557, 0.91467163, 0.93863728, 0.94803907, 0.95536015])]

estim_algorithm = doc-model, mode = classification, metric = auc, confidence_scores = doctor-conf, class_specific = True
test err: [0.03823181569692634, 0.03674075992246747, 0.03639516175777988, 0.03764738621811364, 0.037116132045128744]
estimated metric: [array([0.98908042, 0.9890466 , 0.97586005, 0.96145887, 0.97724875,
       0.95367555, 0.97794557, 0.97580781, 0.97050522, 0.97600811]), array([0.9896334 , 0.98962312, 0.97667524, 0.96076468, 0.97726375,
       0.95366125, 0.97829745, 0.97625691, 0.96950316, 0.9761148 ]), array([0.98958494, 0.98915062, 0.97581643, 0.9614693 , 0.97699694,
       0.95485573, 0.97977268, 0.97581461, 0.96957761, 0.97695104]), array([0.98903933, 0.98923226, 0.97580472, 0.96145109, 0.97682786,
       0.95447518, 0.97820676, 0.9752923 , 0.96942784, 0.97571173]), array([0.9897742 , 0.98921734, 0.9764286 , 0.96160318, 0.97743037,
       0.95477252, 0.97862215, 0.97670893, 0.96953271, 0.97562439])]
real metric: [array([0.96117197, 0.98069303, 0.93447872, 0.89080722, 0.94108521,
       0.89922089, 0.90718154, 0.9459521 , 0.94100376, 0.96272435]), array([0.96339188, 0.98196428, 0.92956139, 0.88937508, 0.93838912,
       0.89723411, 0.91548475, 0.94701658, 0.95226643, 0.96570256]), array([0.95814832, 0.98145316, 0.9370346 , 0.89289623, 0.93602478,
       0.90480411, 0.92171746, 0.94512691, 0.94711615, 0.96171656]), array([0.96307631, 0.98141917, 0.93759219, 0.88765755, 0.9364434 ,
       0.90325664, 0.91158505, 0.9504937 , 0.93816244, 0.95930875]), array([0.96669567, 0.98440128, 0.93599054, 0.89493079, 0.93221108,
       0.90761557, 0.91467163, 0.93863728, 0.94803907, 0.95536015])]

