estim_algorithm = ac-model, mode = classification, metric = f1score, confidence_scores = max_class_probability-conf, class_specific = False
test err: [0.46528976928802174, 0.4777272781135166, 0.4637895673399276, 0.4703473814569324, 0.45907688868850294]
estimated metric: [array([0.92374407, 0.9538452 , 0.91339007, 0.90571759, 0.88908195,
       0.89195417, 0.9241116 , 0.92536307, 0.91876331, 0.92365027]), array([0.92458587, 0.9545416 , 0.91346549, 0.9061458 , 0.91826198,
       0.89048148, 0.95001424, 0.92165703, 0.91938117, 0.9167016 ]), array([0.92176054, 0.95408556, 0.91787831, 0.90116812, 0.89706836,
       0.89173808, 0.95292589, 0.94175485, 0.90563275, 0.90585318]), array([0.92206038, 0.95597508, 0.91222354, 0.90731696, 0.89909573,
       0.90031841, 0.92375469, 0.93883365, 0.90160515, 0.93322175]), array([0.92421736, 0.95820296, 0.91276276, 0.90699992, 0.89207372,
       0.89525138, 0.93076058, 0.92466194, 0.9223853 , 0.91847509])]
real metric: [array([0.58587882, 0.70376176, 0.43571429, 0.36024845, 0.46975089,
       0.38949672, 0.27577938, 0.46466809, 0.44801715, 0.38340807]), array([0.57854406, 0.6855792 , 0.43956954, 0.34078001, 0.52591894,
       0.36307692, 0.2797546 , 0.46945338, 0.40517241, 0.35011442]), array([0.57682491, 0.71620553, 0.44812623, 0.36214605, 0.5135895 ,
       0.40990099, 0.29205607, 0.46908316, 0.41887227, 0.34516524]), array([0.60483473, 0.70972644, 0.43116673, 0.37900875, 0.53009709,
       0.38906414, 0.24366707, 0.44101433, 0.40732265, 0.35502959]), array([0.59106874, 0.70962851, 0.45890968, 0.38864943, 0.52416357,
       0.39836568, 0.25030675, 0.48445874, 0.43953488, 0.34993614])]

estim_algorithm = ac-model, mode = classification, metric = f1score, confidence_scores = energy-conf, class_specific = False
test err: [0.10052579976350154, 0.10519187097046027, 0.10334730101120138, 0.11219838137817639, 0.11647084608670062]
estimated metric: [array([0.32964145, 0.46316531, 0.36989321, 0.31808908, 0.39797173,
       0.41145373, 0.4099962 , 0.41876028, 0.36403557, 0.42600942]), array([0.3280542 , 0.44957107, 0.36568483, 0.31413356, 0.42059942,
       0.40140136, 0.44100943, 0.41969901, 0.36963933, 0.42481774]), array([0.32831794, 0.45477358, 0.36989947, 0.31524877, 0.3947859 ,
       0.42211992, 0.44162918, 0.45620335, 0.36989535, 0.40112292]), array([0.33371382, 0.46106661, 0.36533855, 0.31681794, 0.40996034,
       0.42800098, 0.4256502 , 0.44348284, 0.35999602, 0.43836181]), array([0.32842753, 0.46013742, 0.3689246 , 0.32411045, 0.39912057,
       0.41096661, 0.40902866, 0.43125248, 0.36705064, 0.42593191])]
real metric: [array([0.58587882, 0.70376176, 0.43571429, 0.36024845, 0.46975089,
       0.38949672, 0.27577938, 0.46466809, 0.44801715, 0.38340807]), array([0.57854406, 0.6855792 , 0.43956954, 0.34078001, 0.52591894,
       0.36307692, 0.2797546 , 0.46945338, 0.40517241, 0.35011442]), array([0.57682491, 0.71620553, 0.44812623, 0.36214605, 0.5135895 ,
       0.40990099, 0.29205607, 0.46908316, 0.41887227, 0.34516524]), array([0.60483473, 0.70972644, 0.43116673, 0.37900875, 0.53009709,
       0.38906414, 0.24366707, 0.44101433, 0.40732265, 0.35502959]), array([0.59106874, 0.70962851, 0.45890968, 0.38864943, 0.52416357,
       0.39836568, 0.25030675, 0.48445874, 0.43953488, 0.34993614])]

estim_algorithm = ac-model, mode = classification, metric = f1score, confidence_scores = entropy-conf, class_specific = False
test err: [0.45295176062415854, 0.4656825585624655, 0.45267186061566156, 0.4595583729038881, 0.4469696690095252]
estimated metric: [array([0.90937236, 0.94482787, 0.90185734, 0.88652107, 0.88156412,
       0.88560846, 0.91298952, 0.90685691, 0.90694849, 0.90969508]), array([0.90855663, 0.94551669, 0.90219744, 0.88670941, 0.90881854,
       0.88501923, 0.93587486, 0.90624059, 0.90964215, 0.90621353]), array([0.90919104, 0.94482029, 0.90583646, 0.8829139 , 0.88603996,
       0.88956804, 0.94194504, 0.92990617, 0.89768894, 0.89077873]), array([0.90841547, 0.94676104, 0.90152447, 0.88864015, 0.89438829,
       0.8938132 , 0.91356833, 0.92295785, 0.89275822, 0.92368824]), array([0.90915102, 0.94872585, 0.90222808, 0.88954506, 0.8832989 ,
       0.88893097, 0.91721452, 0.90991956, 0.91124348, 0.90446137])]
real metric: [array([0.58587882, 0.70376176, 0.43571429, 0.36024845, 0.46975089,
       0.38949672, 0.27577938, 0.46466809, 0.44801715, 0.38340807]), array([0.57854406, 0.6855792 , 0.43956954, 0.34078001, 0.52591894,
       0.36307692, 0.2797546 , 0.46945338, 0.40517241, 0.35011442]), array([0.57682491, 0.71620553, 0.44812623, 0.36214605, 0.5135895 ,
       0.40990099, 0.29205607, 0.46908316, 0.41887227, 0.34516524]), array([0.60483473, 0.70972644, 0.43116673, 0.37900875, 0.53009709,
       0.38906414, 0.24366707, 0.44101433, 0.40732265, 0.35502959]), array([0.59106874, 0.70962851, 0.45890968, 0.38864943, 0.52416357,
       0.39836568, 0.25030675, 0.48445874, 0.43953488, 0.34993614])]

estim_algorithm = ac-model, mode = classification, metric = f1score, confidence_scores = doctor-conf, class_specific = False
test err: [0.5089084958941144, 0.5196756964009459, 0.5067254208109929, 0.5127809443133553, 0.5022043482634889]
estimated metric: [array([0.96489378, 0.97723287, 0.96022143, 0.95609932, 0.94635455,
       0.94955786, 0.96479445, 0.96420703, 0.96057563, 0.96187165]), array([0.96440069, 0.97787185, 0.96016426, 0.95675203, 0.96229157,
       0.94954055, 0.97856493, 0.96067754, 0.9633142 , 0.96114283]), array([0.96393031, 0.97636303, 0.96230912, 0.95354524, 0.9515708 ,
       0.95112239, 0.97796149, 0.9715816 , 0.95596399, 0.9548762 ]), array([0.96396243, 0.97835042, 0.96024839, 0.95704949, 0.95322804,
       0.95156958, 0.96204976, 0.96927278, 0.95395233, 0.96905774]), array([0.96521923, 0.97937621, 0.96013098, 0.95715677, 0.94876601,
       0.95271552, 0.96761338, 0.96063743, 0.9652933 , 0.96015676])]
real metric: [array([0.58587882, 0.70376176, 0.43571429, 0.36024845, 0.46975089,
       0.38949672, 0.27577938, 0.46466809, 0.44801715, 0.38340807]), array([0.57854406, 0.6855792 , 0.43956954, 0.34078001, 0.52591894,
       0.36307692, 0.2797546 , 0.46945338, 0.40517241, 0.35011442]), array([0.57682491, 0.71620553, 0.44812623, 0.36214605, 0.5135895 ,
       0.40990099, 0.29205607, 0.46908316, 0.41887227, 0.34516524]), array([0.60483473, 0.70972644, 0.43116673, 0.37900875, 0.53009709,
       0.38906414, 0.24366707, 0.44101433, 0.40732265, 0.35502959]), array([0.59106874, 0.70962851, 0.45890968, 0.38864943, 0.52416357,
       0.39836568, 0.25030675, 0.48445874, 0.43953488, 0.34993614])]

estim_algorithm = ts-model, mode = classification, metric = f1score, confidence_scores = max_class_probability-conf, class_specific = False
test err: [0.3272019516485597, 0.3415797661082049, 0.329982395961481, 0.3366024893929715, 0.3226219912162325]
estimated metric: [array([0.77072249, 0.86030284, 0.76887617, 0.72682628, 0.75172868,
       0.75982745, 0.78869639, 0.78529205, 0.77941244, 0.79705833]), array([0.77114456, 0.85827238, 0.76849275, 0.72567312, 0.7897337 ,
       0.75471702, 0.82577742, 0.78664488, 0.78581368, 0.78749161]), array([0.77101036, 0.8603154 , 0.77291198, 0.72304012, 0.75754202,
       0.76703963, 0.83814745, 0.8284031 , 0.76886767, 0.76451617]), array([0.77382159, 0.8634885 , 0.76788626, 0.72878251, 0.76703534,
       0.77522224, 0.79890101, 0.80978145, 0.76181632, 0.8102212 ]), array([0.7705961 , 0.86420249, 0.77055466, 0.73266368, 0.75437821,
       0.76102909, 0.79934139, 0.79824253, 0.78328573, 0.78694814])]
real metric: [array([0.58587882, 0.70376176, 0.43571429, 0.36024845, 0.46975089,
       0.38949672, 0.27577938, 0.46466809, 0.44801715, 0.38340807]), array([0.57854406, 0.6855792 , 0.43956954, 0.34078001, 0.52591894,
       0.36307692, 0.2797546 , 0.46945338, 0.40517241, 0.35011442]), array([0.57682491, 0.71620553, 0.44812623, 0.36214605, 0.5135895 ,
       0.40990099, 0.29205607, 0.46908316, 0.41887227, 0.34516524]), array([0.60483473, 0.70972644, 0.43116673, 0.37900875, 0.53009709,
       0.38906414, 0.24366707, 0.44101433, 0.40732265, 0.35502959]), array([0.59106874, 0.70962851, 0.45890968, 0.38864943, 0.52416357,
       0.39836568, 0.25030675, 0.48445874, 0.43953488, 0.34993614])]

estim_algorithm = ts-model, mode = classification, metric = f1score, confidence_scores = max_class_probability-conf, class_specific = True
test err: [0.20353967794854175, 0.21588881139762012, 0.2067906994465479, 0.2168031864225592, 0.20051148515286257]
estimated metric: [array([0.5693652 , 0.71906258, 0.67910658, 0.63617862, 0.73259121,
       0.63615372, 0.74789461, 0.68220817, 0.504661  , 0.61187146]), array([0.56854718, 0.70980503, 0.6774874 , 0.63411581, 0.77073254,
       0.62771011, 0.78708617, 0.68461122, 0.51134375, 0.60541862]), array([0.56846418, 0.71661811, 0.68158959, 0.63294891, 0.73816846,
       0.64688169, 0.79890786, 0.72888145, 0.50714548, 0.58354976]), array([0.5736344 , 0.71943765, 0.67726373, 0.63692143, 0.74785819,
       0.65409034, 0.76005942, 0.70811372, 0.49822269, 0.62096117]), array([0.56844264, 0.71975393, 0.68066845, 0.64245245, 0.73548929,
       0.63736416, 0.75853358, 0.69806125, 0.50925214, 0.60486689])]
real metric: [array([0.58587882, 0.70376176, 0.43571429, 0.36024845, 0.46975089,
       0.38949672, 0.27577938, 0.46466809, 0.44801715, 0.38340807]), array([0.57854406, 0.6855792 , 0.43956954, 0.34078001, 0.52591894,
       0.36307692, 0.2797546 , 0.46945338, 0.40517241, 0.35011442]), array([0.57682491, 0.71620553, 0.44812623, 0.36214605, 0.5135895 ,
       0.40990099, 0.29205607, 0.46908316, 0.41887227, 0.34516524]), array([0.60483473, 0.70972644, 0.43116673, 0.37900875, 0.53009709,
       0.38906414, 0.24366707, 0.44101433, 0.40732265, 0.35502959]), array([0.59106874, 0.70962851, 0.45890968, 0.38864943, 0.52416357,
       0.39836568, 0.25030675, 0.48445874, 0.43953488, 0.34993614])]

estim_algorithm = ts-model, mode = classification, metric = f1score, confidence_scores = energy-conf, class_specific = False
test err: [0.3858424994533573, 0.39356343615085876, 0.38251259373104174, 0.38941675964939215, 0.3779601135861309]
estimated metric: [array([0.82394857, 0.84352046, 0.83320471, 0.82747885, 0.84175032,
       0.84303495, 0.8417327 , 0.84522946, 0.83058651, 0.84466207]), array([0.82370735, 0.84078881, 0.83241471, 0.82683299, 0.84354305,
       0.8414743 , 0.84505302, 0.84479042, 0.83043632, 0.84455687]), array([0.82360533, 0.84115691, 0.83297591, 0.82719443, 0.8405127 ,
       0.84465072, 0.84412772, 0.84937471, 0.83200047, 0.841497  ]), array([0.82427405, 0.84280384, 0.83227537, 0.82708634, 0.84320646,
       0.84561965, 0.84447118, 0.84864274, 0.8307624 , 0.84595708]), array([0.8236907 , 0.84247028, 0.83277885, 0.82820023, 0.84159639,
       0.84291801, 0.84063455, 0.84648174, 0.83025229, 0.8456002 ])]
real metric: [array([0.58587882, 0.70376176, 0.43571429, 0.36024845, 0.46975089,
       0.38949672, 0.27577938, 0.46466809, 0.44801715, 0.38340807]), array([0.57854406, 0.6855792 , 0.43956954, 0.34078001, 0.52591894,
       0.36307692, 0.2797546 , 0.46945338, 0.40517241, 0.35011442]), array([0.57682491, 0.71620553, 0.44812623, 0.36214605, 0.5135895 ,
       0.40990099, 0.29205607, 0.46908316, 0.41887227, 0.34516524]), array([0.60483473, 0.70972644, 0.43116673, 0.37900875, 0.53009709,
       0.38906414, 0.24366707, 0.44101433, 0.40732265, 0.35502959]), array([0.59106874, 0.70962851, 0.45890968, 0.38864943, 0.52416357,
       0.39836568, 0.25030675, 0.48445874, 0.43953488, 0.34993614])]

estim_algorithm = ts-model, mode = classification, metric = f1score, confidence_scores = energy-conf, class_specific = True
test err: [0.2592977848235062, 0.266850870640556, 0.256206392005306, 0.2635166538533307, 0.25158231580358004]
estimated metric: [array([0.66227709, 0.79205232, 0.75292901, 0.68008194, 0.82364272,
       0.67412676, 0.80644994, 0.74194962, 0.5343419 , 0.64185015]), array([0.66179928, 0.78863348, 0.75184906, 0.67894532, 0.82558883,
       0.67090771, 0.81036644, 0.74126512, 0.53537989, 0.64173704]), array([0.66163016, 0.78911135, 0.75262332, 0.679587  , 0.82231848,
       0.67741781, 0.80927444, 0.74834484, 0.5392519 , 0.63447457]), array([0.66294378, 0.79115409, 0.75165802, 0.67940461, 0.8252143 ,
       0.67933021, 0.80962754, 0.74712362, 0.53467729, 0.64496461]), array([0.66175309, 0.79073756, 0.75234129, 0.68135426, 0.82348899,
       0.67397561, 0.8052003 , 0.74385465, 0.53458494, 0.64355456])]
real metric: [array([0.58587882, 0.70376176, 0.43571429, 0.36024845, 0.46975089,
       0.38949672, 0.27577938, 0.46466809, 0.44801715, 0.38340807]), array([0.57854406, 0.6855792 , 0.43956954, 0.34078001, 0.52591894,
       0.36307692, 0.2797546 , 0.46945338, 0.40517241, 0.35011442]), array([0.57682491, 0.71620553, 0.44812623, 0.36214605, 0.5135895 ,
       0.40990099, 0.29205607, 0.46908316, 0.41887227, 0.34516524]), array([0.60483473, 0.70972644, 0.43116673, 0.37900875, 0.53009709,
       0.38906414, 0.24366707, 0.44101433, 0.40732265, 0.35502959]), array([0.59106874, 0.70962851, 0.45890968, 0.38864943, 0.52416357,
       0.39836568, 0.25030675, 0.48445874, 0.43953488, 0.34993614])]

estim_algorithm = ts-model, mode = classification, metric = f1score, confidence_scores = entropy-conf, class_specific = False
test err: [0.32629876892871024, 0.340778693732701, 0.329839228883686, 0.33681688156334993, 0.32189430910822026]
estimated metric: [array([0.76091614, 0.85354804, 0.76897599, 0.71666318, 0.76236065,
       0.77659109, 0.7897966 , 0.77869984, 0.77632956, 0.7958302 ]), array([0.76053669, 0.85112176, 0.76782146, 0.71478202, 0.79640307,
       0.77000393, 0.82393604, 0.78353744, 0.78485158, 0.79275643]), array([0.76242757, 0.85278275, 0.77237507, 0.71271849, 0.76564777,
       0.78470173, 0.83725073, 0.82608355, 0.77163502, 0.76473957]), array([0.76615403, 0.85643253, 0.76801657, 0.71914444, 0.7775693 ,
       0.78957454, 0.80026841, 0.80541285, 0.76253098, 0.81399669]), array([0.76124312, 0.85665846, 0.77117398, 0.72398634, 0.76340288,
       0.77551859, 0.7974389 , 0.79499412, 0.78174015, 0.78780867])]
real metric: [array([0.58587882, 0.70376176, 0.43571429, 0.36024845, 0.46975089,
       0.38949672, 0.27577938, 0.46466809, 0.44801715, 0.38340807]), array([0.57854406, 0.6855792 , 0.43956954, 0.34078001, 0.52591894,
       0.36307692, 0.2797546 , 0.46945338, 0.40517241, 0.35011442]), array([0.57682491, 0.71620553, 0.44812623, 0.36214605, 0.5135895 ,
       0.40990099, 0.29205607, 0.46908316, 0.41887227, 0.34516524]), array([0.60483473, 0.70972644, 0.43116673, 0.37900875, 0.53009709,
       0.38906414, 0.24366707, 0.44101433, 0.40732265, 0.35502959]), array([0.59106874, 0.70962851, 0.45890968, 0.38864943, 0.52416357,
       0.39836568, 0.25030675, 0.48445874, 0.43953488, 0.34993614])]

estim_algorithm = ts-model, mode = classification, metric = f1score, confidence_scores = entropy-conf, class_specific = True
test err: [0.19928045595764254, 0.2104047433531387, 0.20641354367279438, 0.21480232974637392, 0.1979168692804054]
estimated metric: [array([0.52786725, 0.69420432, 0.67709879, 0.62418066, 0.74632041,
       0.64340966, 0.74869917, 0.67381264, 0.45249138, 0.58630587]), array([0.52634715, 0.68292363, 0.67418198, 0.62094736, 0.78081929,
       0.63128306, 0.78567401, 0.68007412, 0.46504502, 0.58501035]), array([0.52712647, 0.69166846, 0.67918284, 0.62014074, 0.74947244,
       0.65572281, 0.7988339 , 0.72841184, 0.4617296 , 0.55534527]), array([0.53570164, 0.69436766, 0.67484052, 0.62523476, 0.76150636,
       0.66148145, 0.76122515, 0.70419254, 0.44965132, 0.60176968]), array([0.52764034, 0.693819  , 0.6790836 , 0.63235325, 0.74756717,
       0.64171707, 0.75645376, 0.6943001 , 0.45983206, 0.58294864])]
real metric: [array([0.58587882, 0.70376176, 0.43571429, 0.36024845, 0.46975089,
       0.38949672, 0.27577938, 0.46466809, 0.44801715, 0.38340807]), array([0.57854406, 0.6855792 , 0.43956954, 0.34078001, 0.52591894,
       0.36307692, 0.2797546 , 0.46945338, 0.40517241, 0.35011442]), array([0.57682491, 0.71620553, 0.44812623, 0.36214605, 0.5135895 ,
       0.40990099, 0.29205607, 0.46908316, 0.41887227, 0.34516524]), array([0.60483473, 0.70972644, 0.43116673, 0.37900875, 0.53009709,
       0.38906414, 0.24366707, 0.44101433, 0.40732265, 0.35502959]), array([0.59106874, 0.70962851, 0.45890968, 0.38864943, 0.52416357,
       0.39836568, 0.25030675, 0.48445874, 0.43953488, 0.34993614])]

estim_algorithm = ts-model, mode = classification, metric = f1score, confidence_scores = doctor-conf, class_specific = False
test err: [0.32288831011411373, 0.33815096720112686, 0.32658005731233475, 0.33474739191139613, 0.3184389257309289]
estimated metric: [array([0.74301898, 0.83941144, 0.76668404, 0.70359526, 0.77003272,
       0.7915795 , 0.79634098, 0.77476064, 0.76668771, 0.79349543]), array([0.74181541, 0.83634057, 0.76386656, 0.70060404, 0.80610831,
       0.78367095, 0.8310624 , 0.78293225, 0.77539701, 0.79767566]), array([0.74516054, 0.83779031, 0.77069395, 0.69711173, 0.77254408,
       0.79927838, 0.84417581, 0.82754374, 0.76296892, 0.76050305]), array([0.7490818 , 0.84196684, 0.76417688, 0.70707322, 0.78733564,
       0.80295514, 0.80488483, 0.80822923, 0.75115565, 0.82154623]), array([0.74449715, 0.84290093, 0.76810768, 0.71231356, 0.7699313 ,
       0.78866625, 0.79954265, 0.79218683, 0.77433748, 0.78692755])]
real metric: [array([0.58587882, 0.70376176, 0.43571429, 0.36024845, 0.46975089,
       0.38949672, 0.27577938, 0.46466809, 0.44801715, 0.38340807]), array([0.57854406, 0.6855792 , 0.43956954, 0.34078001, 0.52591894,
       0.36307692, 0.2797546 , 0.46945338, 0.40517241, 0.35011442]), array([0.57682491, 0.71620553, 0.44812623, 0.36214605, 0.5135895 ,
       0.40990099, 0.29205607, 0.46908316, 0.41887227, 0.34516524]), array([0.60483473, 0.70972644, 0.43116673, 0.37900875, 0.53009709,
       0.38906414, 0.24366707, 0.44101433, 0.40732265, 0.35502959]), array([0.59106874, 0.70962851, 0.45890968, 0.38864943, 0.52416357,
       0.39836568, 0.25030675, 0.48445874, 0.43953488, 0.34993614])]

estim_algorithm = ts-model, mode = classification, metric = f1score, confidence_scores = doctor-conf, class_specific = True
test err: [0.2082878520246343, 0.20728187970621584, 0.20801640228748486, 0.21797829035736171, 0.2039155910534586]
estimated metric: [array([0.45963383, 0.65927905, 0.67088399, 0.60697766, 0.75650908,
       0.64079425, 0.74933202, 0.65228705, 0.37506435, 0.54147987]), array([0.45830348, 0.65180335, 0.66646771, 0.60198508, 0.7937571 ,
       0.62616621, 0.78920268, 0.66380271, 0.40131259, 0.54222888]), array([0.46027766, 0.66116791, 0.67448308, 0.5993275 , 0.7588317 ,
       0.65683227, 0.8040094 , 0.72416382, 0.38248089, 0.49460725]), array([0.47397046, 0.664457  , 0.66734064, 0.60997268, 0.77428915,
       0.66128497, 0.76153709, 0.69578079, 0.37089045, 0.56605937]), array([0.45895684, 0.66254512, 0.67248316, 0.61780096, 0.75636276,
       0.63508818, 0.75349811, 0.67925431, 0.38224962, 0.54297786])]
real metric: [array([0.58587882, 0.70376176, 0.43571429, 0.36024845, 0.46975089,
       0.38949672, 0.27577938, 0.46466809, 0.44801715, 0.38340807]), array([0.57854406, 0.6855792 , 0.43956954, 0.34078001, 0.52591894,
       0.36307692, 0.2797546 , 0.46945338, 0.40517241, 0.35011442]), array([0.57682491, 0.71620553, 0.44812623, 0.36214605, 0.5135895 ,
       0.40990099, 0.29205607, 0.46908316, 0.41887227, 0.34516524]), array([0.60483473, 0.70972644, 0.43116673, 0.37900875, 0.53009709,
       0.38906414, 0.24366707, 0.44101433, 0.40732265, 0.35502959]), array([0.59106874, 0.70962851, 0.45890968, 0.38864943, 0.52416357,
       0.39836568, 0.25030675, 0.48445874, 0.43953488, 0.34993614])]

estim_algorithm = doc-model, mode = classification, metric = f1score, confidence_scores = max_class_probability-conf, class_specific = False
test err: [0.35989860673468926, 0.3732635204519027, 0.35879284243017195, 0.36546011394755434, 0.3540143103483423]
estimated metric: [array([0.81976531, 0.85586608, 0.80730246, 0.79805231, 0.77795204,
       0.78142674, 0.82020727, 0.82171197, 0.81377298, 0.81965252]), array([0.82077755, 0.85669899, 0.80739332, 0.7985689 , 0.81316954,
       0.77964537, 0.85128237, 0.81725506, 0.81451662, 0.81129098]), array([0.81737958, 0.85615357, 0.81270769, 0.79256132, 0.78760925,
       0.78116538, 0.85476642, 0.84138933, 0.79794995, 0.7982159 ]), array([0.81774027, 0.85841311, 0.80589688, 0.7999816 , 0.79005855,
       0.79153526, 0.81977808, 0.83788685, 0.79308899, 0.83115307]), array([0.82033444, 0.8610763 , 0.80654663, 0.7995992 , 0.78157133,
       0.78541336, 0.82819776, 0.82086901, 0.81813111, 0.81342606])]
real metric: [array([0.58587882, 0.70376176, 0.43571429, 0.36024845, 0.46975089,
       0.38949672, 0.27577938, 0.46466809, 0.44801715, 0.38340807]), array([0.57854406, 0.6855792 , 0.43956954, 0.34078001, 0.52591894,
       0.36307692, 0.2797546 , 0.46945338, 0.40517241, 0.35011442]), array([0.57682491, 0.71620553, 0.44812623, 0.36214605, 0.5135895 ,
       0.40990099, 0.29205607, 0.46908316, 0.41887227, 0.34516524]), array([0.60483473, 0.70972644, 0.43116673, 0.37900875, 0.53009709,
       0.38906414, 0.24366707, 0.44101433, 0.40732265, 0.35502959]), array([0.59106874, 0.70962851, 0.45890968, 0.38864943, 0.52416357,
       0.39836568, 0.25030675, 0.48445874, 0.43953488, 0.34993614])]

estim_algorithm = doc-model, mode = classification, metric = f1score, confidence_scores = max_class_probability-conf, class_specific = True
test err: [0.23955212414690866, 0.25256071131606506, 0.23739795291124755, 0.24471526391292123, 0.2335111278362818]
estimated metric: [array([0.64802348, 0.79542861, 0.72075109, 0.6715241 , 0.75890776,
       0.63933896, 0.77842596, 0.71358589, 0.55121333, 0.63504567]), array([0.64954436, 0.79635179, 0.72085786, 0.67215081, 0.79521516,
       0.6371095 , 0.81170998, 0.70827163, 0.54899795, 0.62336155]), array([0.64510139, 0.79574727, 0.72697303, 0.66487716, 0.76886709,
       0.63900506, 0.81543782, 0.73700447, 0.52660119, 0.606335  ]), array([0.64552381, 0.7982515 , 0.71913397, 0.67386252, 0.77139263,
       0.65226531, 0.77796583, 0.73284131, 0.51707942, 0.64976787]), array([0.64890329, 0.80120242, 0.71988154, 0.67339644, 0.76264057,
       0.64431438, 0.78699037, 0.71262826, 0.55355254, 0.62662358])]
real metric: [array([0.58587882, 0.70376176, 0.43571429, 0.36024845, 0.46975089,
       0.38949672, 0.27577938, 0.46466809, 0.44801715, 0.38340807]), array([0.57854406, 0.6855792 , 0.43956954, 0.34078001, 0.52591894,
       0.36307692, 0.2797546 , 0.46945338, 0.40517241, 0.35011442]), array([0.57682491, 0.71620553, 0.44812623, 0.36214605, 0.5135895 ,
       0.40990099, 0.29205607, 0.46908316, 0.41887227, 0.34516524]), array([0.60483473, 0.70972644, 0.43116673, 0.37900875, 0.53009709,
       0.38906414, 0.24366707, 0.44101433, 0.40732265, 0.35502959]), array([0.59106874, 0.70962851, 0.45890968, 0.38864943, 0.52416357,
       0.39836568, 0.25030675, 0.48445874, 0.43953488, 0.34993614])]

estim_algorithm = doc-model, mode = classification, metric = f1score, confidence_scores = energy-conf, class_specific = False
test err: [0.3550768625011342, 0.36470228228121204, 0.3546955615728954, 0.3616213280685481, 0.34854150236348685]
estimated metric: [array([0.77491159, 0.84140154, 0.79596531, 0.76877044, 0.81121302,
       0.81865304, 0.81880248, 0.81882634, 0.7925453 , 0.82640318]), array([0.77400842, 0.83449456, 0.79363887, 0.76665027, 0.82422175,
       0.8136928 , 0.83475083, 0.8218264 , 0.79665695, 0.82504544]), array([0.77430248, 0.83981432, 0.79588987, 0.76717197, 0.810187  ,
       0.82507013, 0.83616542, 0.84263387, 0.79505842, 0.8126321 ]), array([0.77705366, 0.84015019, 0.79372487, 0.76797229, 0.81729104,
       0.82834977, 0.82550588, 0.83309794, 0.79079782, 0.83320136]), array([0.77435622, 0.84020297, 0.79585249, 0.77187979, 0.81194042,
       0.81889386, 0.81826859, 0.82809114, 0.79497887, 0.82597279])]
real metric: [array([0.58587882, 0.70376176, 0.43571429, 0.36024845, 0.46975089,
       0.38949672, 0.27577938, 0.46466809, 0.44801715, 0.38340807]), array([0.57854406, 0.6855792 , 0.43956954, 0.34078001, 0.52591894,
       0.36307692, 0.2797546 , 0.46945338, 0.40517241, 0.35011442]), array([0.57682491, 0.71620553, 0.44812623, 0.36214605, 0.5135895 ,
       0.40990099, 0.29205607, 0.46908316, 0.41887227, 0.34516524]), array([0.60483473, 0.70972644, 0.43116673, 0.37900875, 0.53009709,
       0.38906414, 0.24366707, 0.44101433, 0.40732265, 0.35502959]), array([0.59106874, 0.70962851, 0.45890968, 0.38864943, 0.52416357,
       0.39836568, 0.25030675, 0.48445874, 0.43953488, 0.34993614])]

estim_algorithm = doc-model, mode = classification, metric = f1score, confidence_scores = energy-conf, class_specific = True
test err: [0.22530176207024094, 0.2346165343555379, 0.22475395175433482, 0.23265025236424738, 0.21874425756817883]
estimated metric: [array([0.60732876, 0.73422421, 0.71713166, 0.65444215, 0.79529442,
       0.65926175, 0.78597711, 0.70719854, 0.49666008, 0.61222253]), array([0.60622557, 0.7248311 , 0.7145575 , 0.65191014, 0.80865359,
       0.65210809, 0.80368482, 0.70946839, 0.50139341, 0.61129621]), array([0.60640885, 0.72951728, 0.7171447 , 0.6526088 , 0.79419658,
       0.66686768, 0.80450584, 0.73373773, 0.50160972, 0.59291229]), array([0.61016082, 0.73292947, 0.71448071, 0.65358324, 0.80184963,
       0.67106822, 0.79395039, 0.72432795, 0.49324963, 0.621834  ]), array([0.60648502, 0.73232053, 0.71672552, 0.65823761, 0.79619222,
       0.65891476, 0.78541313, 0.71691618, 0.49920649, 0.61205322])]
real metric: [array([0.58587882, 0.70376176, 0.43571429, 0.36024845, 0.46975089,
       0.38949672, 0.27577938, 0.46466809, 0.44801715, 0.38340807]), array([0.57854406, 0.6855792 , 0.43956954, 0.34078001, 0.52591894,
       0.36307692, 0.2797546 , 0.46945338, 0.40517241, 0.35011442]), array([0.57682491, 0.71620553, 0.44812623, 0.36214605, 0.5135895 ,
       0.40990099, 0.29205607, 0.46908316, 0.41887227, 0.34516524]), array([0.60483473, 0.70972644, 0.43116673, 0.37900875, 0.53009709,
       0.38906414, 0.24366707, 0.44101433, 0.40732265, 0.35502959]), array([0.59106874, 0.70962851, 0.45890968, 0.38864943, 0.52416357,
       0.39836568, 0.25030675, 0.48445874, 0.43953488, 0.34993614])]

estim_algorithm = doc-model, mode = classification, metric = f1score, confidence_scores = entropy-conf, class_specific = False
test err: [0.35676047842830794, 0.3703768662906465, 0.3570565761532573, 0.3641031751852768, 0.35111559836942396]
estimated metric: [array([0.8140774 , 0.8558808 , 0.80518638, 0.78700877, 0.78112388,
       0.78592567, 0.81835305, 0.81110256, 0.81121089, 0.81445897]), array([0.81311283, 0.8566906 , 0.80558899, 0.78723228, 0.81342255,
       0.78522628, 0.84534722, 0.81037351, 0.81439639, 0.81034149]), array([0.81386301, 0.85587188, 0.80989541, 0.78272681, 0.78643781,
       0.79062382, 0.85249068, 0.83831644, 0.80025013, 0.79205973]), array([0.8129459 , 0.85815327, 0.80479232, 0.78952312, 0.79633913,
       0.79565749, 0.819037  , 0.83012325, 0.79440687, 0.83098493]), array([0.81381569, 0.86046221, 0.80562525, 0.79059656, 0.78318394,
       0.78986812, 0.82334405, 0.81472437, 0.81628946, 0.80826843])]
real metric: [array([0.58587882, 0.70376176, 0.43571429, 0.36024845, 0.46975089,
       0.38949672, 0.27577938, 0.46466809, 0.44801715, 0.38340807]), array([0.57854406, 0.6855792 , 0.43956954, 0.34078001, 0.52591894,
       0.36307692, 0.2797546 , 0.46945338, 0.40517241, 0.35011442]), array([0.57682491, 0.71620553, 0.44812623, 0.36214605, 0.5135895 ,
       0.40990099, 0.29205607, 0.46908316, 0.41887227, 0.34516524]), array([0.60483473, 0.70972644, 0.43116673, 0.37900875, 0.53009709,
       0.38906414, 0.24366707, 0.44101433, 0.40732265, 0.35502959]), array([0.59106874, 0.70962851, 0.45890968, 0.38864943, 0.52416357,
       0.39836568, 0.25030675, 0.48445874, 0.43953488, 0.34993614])]

estim_algorithm = doc-model, mode = classification, metric = f1score, confidence_scores = entropy-conf, class_specific = True
test err: [0.23533195094198742, 0.24879577825687518, 0.2348950692393049, 0.2428017290341121, 0.2296993870725748]
estimated metric: [array([0.63666277, 0.78900508, 0.72189329, 0.66757285, 0.76156092,
       0.64204477, 0.77756073, 0.70518882, 0.54036838, 0.62818551]), array([0.63556699, 0.78991227, 0.72231947, 0.66782435, 0.79489052,
       0.64116973, 0.80642807, 0.70438043, 0.54120847, 0.62222096]), array([0.63675029, 0.78899509, 0.72724603, 0.66244669, 0.76704641,
       0.64807856, 0.81405961, 0.73740172, 0.52130593, 0.59759033]), array([0.63529576, 0.79155068, 0.7214078 , 0.67062637, 0.77726535,
       0.65425192, 0.7782927 , 0.72771729, 0.51289563, 0.64964531]), array([0.63645473, 0.79413653, 0.72236097, 0.67188565, 0.76368758,
       0.64697513, 0.78290149, 0.70948351, 0.5445761 , 0.61955429])]
real metric: [array([0.58587882, 0.70376176, 0.43571429, 0.36024845, 0.46975089,
       0.38949672, 0.27577938, 0.46466809, 0.44801715, 0.38340807]), array([0.57854406, 0.6855792 , 0.43956954, 0.34078001, 0.52591894,
       0.36307692, 0.2797546 , 0.46945338, 0.40517241, 0.35011442]), array([0.57682491, 0.71620553, 0.44812623, 0.36214605, 0.5135895 ,
       0.40990099, 0.29205607, 0.46908316, 0.41887227, 0.34516524]), array([0.60483473, 0.70972644, 0.43116673, 0.37900875, 0.53009709,
       0.38906414, 0.24366707, 0.44101433, 0.40732265, 0.35502959]), array([0.59106874, 0.70962851, 0.45890968, 0.38864943, 0.52416357,
       0.39836568, 0.25030675, 0.48445874, 0.43953488, 0.34993614])]

estim_algorithm = doc-model, mode = classification, metric = f1score, confidence_scores = doctor-conf, class_specific = False
test err: [0.3783247674427952, 0.3898622878985584, 0.37649663110741016, 0.38254537695888674, 0.3719214102937407]
estimated metric: [array([0.83546915, 0.85106355, 0.829552  , 0.82432613, 0.81195131,
       0.8160224 , 0.83534343, 0.83459986, 0.83000081, 0.83164264]), array([0.83484501, 0.85186983, 0.82947956, 0.82515396, 0.83217449,
       0.81600041, 0.85274427, 0.83012992, 0.8334695 , 0.83071941]), array([0.83424955, 0.84996575, 0.83219672, 0.82109657, 0.81857902,
       0.81800961, 0.85198294, 0.84392712, 0.82415448, 0.82277451]), array([0.83431785, 0.85247364, 0.82958616, 0.82553119, 0.82068294,
       0.81857748, 0.83186823, 0.84100875, 0.82160219, 0.84073686]), array([0.83588106, 0.85376762, 0.82943739, 0.82566723, 0.81501633,
       0.82003237, 0.83891023, 0.83007911, 0.83597481, 0.82947006])]
real metric: [array([0.58587882, 0.70376176, 0.43571429, 0.36024845, 0.46975089,
       0.38949672, 0.27577938, 0.46466809, 0.44801715, 0.38340807]), array([0.57854406, 0.6855792 , 0.43956954, 0.34078001, 0.52591894,
       0.36307692, 0.2797546 , 0.46945338, 0.40517241, 0.35011442]), array([0.57682491, 0.71620553, 0.44812623, 0.36214605, 0.5135895 ,
       0.40990099, 0.29205607, 0.46908316, 0.41887227, 0.34516524]), array([0.60483473, 0.70972644, 0.43116673, 0.37900875, 0.53009709,
       0.38906414, 0.24366707, 0.44101433, 0.40732265, 0.35502959]), array([0.59106874, 0.70962851, 0.45890968, 0.38864943, 0.52416357,
       0.39836568, 0.25030675, 0.48445874, 0.43953488, 0.34993614])]

estim_algorithm = doc-model, mode = classification, metric = f1score, confidence_scores = doctor-conf, class_specific = True
test err: [0.2601029171047136, 0.2717129703070419, 0.25780688166612215, 0.2642917672527057, 0.2538774256458892]
estimated metric: [array([0.6712954 , 0.80994241, 0.74817497, 0.68388091, 0.79615255,
       0.66157883, 0.79595438, 0.73463473, 0.56802429, 0.64811433]), array([0.67059319, 0.81080742, 0.7480669 , 0.68488143, 0.81691246,
       0.66155073, 0.81454272, 0.72936332, 0.57159349, 0.64678152]), array([0.66987894, 0.80876458, 0.75117574, 0.67992807, 0.8029572 ,
       0.66425052, 0.81372984, 0.74562321, 0.55760166, 0.63612902]), array([0.66993785, 0.81145517, 0.74818885, 0.68536534, 0.80511707,
       0.66500427, 0.79223976, 0.74218668, 0.55417374, 0.66018046]), array([0.6718676 , 0.81284326, 0.74801867, 0.68552961, 0.79929952,
       0.66670093, 0.79976612, 0.72930338, 0.57535937, 0.64510791])]
real metric: [array([0.58587882, 0.70376176, 0.43571429, 0.36024845, 0.46975089,
       0.38949672, 0.27577938, 0.46466809, 0.44801715, 0.38340807]), array([0.57854406, 0.6855792 , 0.43956954, 0.34078001, 0.52591894,
       0.36307692, 0.2797546 , 0.46945338, 0.40517241, 0.35011442]), array([0.57682491, 0.71620553, 0.44812623, 0.36214605, 0.5135895 ,
       0.40990099, 0.29205607, 0.46908316, 0.41887227, 0.34516524]), array([0.60483473, 0.70972644, 0.43116673, 0.37900875, 0.53009709,
       0.38906414, 0.24366707, 0.44101433, 0.40732265, 0.35502959]), array([0.59106874, 0.70962851, 0.45890968, 0.38864943, 0.52416357,
       0.39836568, 0.25030675, 0.48445874, 0.43953488, 0.34993614])]

estim_algorithm = atc-model, mode = classification, metric = f1score, confidence_scores = max_class_probability-conf, class_specific = False
test err: [0.2986381396297492, 0.31759175506255377, 0.3029557453561774, 0.3139316258192015, 0.2948249287837408]
estimated metric: [array([0.77272727, 0.87225549, 0.73873874, 0.70416808, 0.67595819,
       0.6525199 , 0.78217823, 0.77717392, 0.75000001, 0.77738517]), array([0.77025824, 0.87051793, 0.7407673 , 0.70204351, 0.75415283,
       0.66487937, 0.84057972, 0.77088949, 0.75078865, 0.74900399]), array([0.76864967, 0.88135593, 0.75298941, 0.69425287, 0.66424683,
       0.67676768, 0.8974359 , 0.83804628, 0.72000001, 0.68778282]), array([0.75981309, 0.87781036, 0.72701754, 0.70743483, 0.70337478,
       0.70076727, 0.80681819, 0.82485876, 0.70666668, 0.81568628]), array([0.77039133, 0.88846521, 0.72430076, 0.70994042, 0.67145422,
       0.67374006, 0.80446928, 0.79274612, 0.75776398, 0.75000001])]
real metric: [array([0.58587882, 0.70376176, 0.43571429, 0.36024845, 0.46975089,
       0.38949672, 0.27577938, 0.46466809, 0.44801715, 0.38340807]), array([0.57854406, 0.6855792 , 0.43956954, 0.34078001, 0.52591894,
       0.36307692, 0.2797546 , 0.46945338, 0.40517241, 0.35011442]), array([0.57682491, 0.71620553, 0.44812623, 0.36214605, 0.5135895 ,
       0.40990099, 0.29205607, 0.46908316, 0.41887227, 0.34516524]), array([0.60483473, 0.70972644, 0.43116673, 0.37900875, 0.53009709,
       0.38906414, 0.24366707, 0.44101433, 0.40732265, 0.35502959]), array([0.59106874, 0.70962851, 0.45890968, 0.38864943, 0.52416357,
       0.39836568, 0.25030675, 0.48445874, 0.43953488, 0.34993614])]

estim_algorithm = atc-model, mode = classification, metric = f1score, confidence_scores = max_class_probability-conf, class_specific = True
test err: [0.1815997729129219, 0.1850781636355459, 0.18135980910454091, 0.19342540191157095, 0.17026921375142562]
estimated metric: [array([0.40217392, 0.67370892, 0.6       , 0.63330951, 0.59778599,
       0.54441262, 0.73195878, 0.63636365, 0.43205577, 0.62151396]), array([0.41355543, 0.67523365, 0.60357853, 0.63358779, 0.68651489,
       0.54810497, 0.76288661, 0.63063064, 0.4651163 , 0.51886795]), array([0.40391677, 0.66109786, 0.60367253, 0.62183709, 0.59003832,
       0.54038998, 0.81651377, 0.75138122, 0.40663903, 0.48958336]), array([0.43882353, 0.68045977, 0.59488769, 0.63261832, 0.63551403,
       0.5927978 , 0.73493978, 0.67936509, 0.39669424, 0.62727274]), array([0.41747573, 0.68397292, 0.60357853, 0.64581962, 0.5931559 ,
       0.51632049, 0.74117649, 0.66091955, 0.40637453, 0.56410259])]
real metric: [array([0.58587882, 0.70376176, 0.43571429, 0.36024845, 0.46975089,
       0.38949672, 0.27577938, 0.46466809, 0.44801715, 0.38340807]), array([0.57854406, 0.6855792 , 0.43956954, 0.34078001, 0.52591894,
       0.36307692, 0.2797546 , 0.46945338, 0.40517241, 0.35011442]), array([0.57682491, 0.71620553, 0.44812623, 0.36214605, 0.5135895 ,
       0.40990099, 0.29205607, 0.46908316, 0.41887227, 0.34516524]), array([0.60483473, 0.70972644, 0.43116673, 0.37900875, 0.53009709,
       0.38906414, 0.24366707, 0.44101433, 0.40732265, 0.35502959]), array([0.59106874, 0.70962851, 0.45890968, 0.38864943, 0.52416357,
       0.39836568, 0.25030675, 0.48445874, 0.43953488, 0.34993614])]

estim_algorithm = atc-model, mode = classification, metric = f1score, confidence_scores = energy-conf, class_specific = False
test err: [0.27064013971390793, 0.28807589080383267, 0.27656604079887526, 0.28805692369864117, 0.26296179747598647]
estimated metric: [array([0.56039173, 0.76906318, 0.68020305, 0.57896693, 0.7936508 ,
       0.80470589, 0.80582525, 0.74301677, 0.6764706 , 0.75985664]), array([0.56444907, 0.77669903, 0.68415137, 0.55433187, 0.82445141,
       0.79710145, 0.83495146, 0.76086957, 0.70588236, 0.7876448 ]), array([0.5630854 , 0.7843987 , 0.70199147, 0.55837564, 0.77740864,
       0.80637814, 0.87336245, 0.83204135, 0.64310955, 0.75000001]), array([0.59427966, 0.7966457 , 0.67397661, 0.56468907, 0.82067852,
       0.80751174, 0.82681565, 0.81142858, 0.65277779, 0.80158731]), array([0.57486339, 0.78033473, 0.69684601, 0.59446532, 0.76871881,
       0.76847291, 0.79775282, 0.77044855, 0.65771813, 0.78260871])]
real metric: [array([0.58587882, 0.70376176, 0.43571429, 0.36024845, 0.46975089,
       0.38949672, 0.27577938, 0.46466809, 0.44801715, 0.38340807]), array([0.57854406, 0.6855792 , 0.43956954, 0.34078001, 0.52591894,
       0.36307692, 0.2797546 , 0.46945338, 0.40517241, 0.35011442]), array([0.57682491, 0.71620553, 0.44812623, 0.36214605, 0.5135895 ,
       0.40990099, 0.29205607, 0.46908316, 0.41887227, 0.34516524]), array([0.60483473, 0.70972644, 0.43116673, 0.37900875, 0.53009709,
       0.38906414, 0.24366707, 0.44101433, 0.40732265, 0.35502959]), array([0.59106874, 0.70962851, 0.45890968, 0.38864943, 0.52416357,
       0.39836568, 0.25030675, 0.48445874, 0.43953488, 0.34993614])]

estim_algorithm = atc-model, mode = classification, metric = f1score, confidence_scores = energy-conf, class_specific = True
test err: [0.1990674797573831, 0.19322494679409677, 0.2082458928079332, 0.22171016135467686, 0.20189091586437868]
estimated metric: [array([0.33270322, 0.61519608, 0.58969392, 0.54545455, 0.77419355,
       0.57703082, 0.73846155, 0.54838711, 0.32713757, 0.53389832]), array([0.34313138, 0.60172627, 0.58899156, 0.5060698 , 0.81141046,
       0.57714287, 0.79396986, 0.57943927, 0.36363639, 0.48309181]), array([0.32605905, 0.62162163, 0.60740176, 0.52631579, 0.76094276,
       0.60638299, 0.82727274, 0.73033709, 0.36595747, 0.46560849]), array([0.34847542, 0.62184874, 0.59379845, 0.52785924, 0.8091354 ,
       0.65963062, 0.73493978, 0.64495115, 0.29074893, 0.55502394]), array([0.34096693, 0.62011835, 0.59968102, 0.55699755, 0.75630253,
       0.59154931, 0.73372783, 0.6334311 , 0.32635986, 0.54922282])]
real metric: [array([0.58587882, 0.70376176, 0.43571429, 0.36024845, 0.46975089,
       0.38949672, 0.27577938, 0.46466809, 0.44801715, 0.38340807]), array([0.57854406, 0.6855792 , 0.43956954, 0.34078001, 0.52591894,
       0.36307692, 0.2797546 , 0.46945338, 0.40517241, 0.35011442]), array([0.57682491, 0.71620553, 0.44812623, 0.36214605, 0.5135895 ,
       0.40990099, 0.29205607, 0.46908316, 0.41887227, 0.34516524]), array([0.60483473, 0.70972644, 0.43116673, 0.37900875, 0.53009709,
       0.38906414, 0.24366707, 0.44101433, 0.40732265, 0.35502959]), array([0.59106874, 0.70962851, 0.45890968, 0.38864943, 0.52416357,
       0.39836568, 0.25030675, 0.48445874, 0.43953488, 0.34993614])]

estim_algorithm = atc-model, mode = classification, metric = f1score, confidence_scores = entropy-conf, class_specific = False
test err: [0.2990718177905825, 0.3134719666515871, 0.3032458230057492, 0.31105152869308955, 0.29015309263482714]
estimated metric: [array([0.77386469, 0.86886887, 0.7369882 , 0.69398907, 0.67364748,
       0.67708334, 0.78217823, 0.76712329, 0.77384197, 0.75985664]), array([0.76365264, 0.86713287, 0.74257071, 0.69082447, 0.75207987,
       0.67200001, 0.84057972, 0.75409837, 0.75078865, 0.73895583]), array([0.76748582, 0.87236181, 0.75469123, 0.67906977, 0.6593807 ,
       0.6867168 , 0.89270387, 0.84398977, 0.72847683, 0.69955158]), array([0.75749064, 0.87671233, 0.72880168, 0.70200388, 0.70337478,
       0.70737914, 0.78612718, 0.82152975, 0.70234115, 0.81568628]), array([0.76923077, 0.88099808, 0.72197962, 0.69892473, 0.66666667,
       0.67021277, 0.79096046, 0.7896104 , 0.76923078, 0.73873875])]
real metric: [array([0.58587882, 0.70376176, 0.43571429, 0.36024845, 0.46975089,
       0.38949672, 0.27577938, 0.46466809, 0.44801715, 0.38340807]), array([0.57854406, 0.6855792 , 0.43956954, 0.34078001, 0.52591894,
       0.36307692, 0.2797546 , 0.46945338, 0.40517241, 0.35011442]), array([0.57682491, 0.71620553, 0.44812623, 0.36214605, 0.5135895 ,
       0.40990099, 0.29205607, 0.46908316, 0.41887227, 0.34516524]), array([0.60483473, 0.70972644, 0.43116673, 0.37900875, 0.53009709,
       0.38906414, 0.24366707, 0.44101433, 0.40732265, 0.35502959]), array([0.59106874, 0.70962851, 0.45890968, 0.38864943, 0.52416357,
       0.39836568, 0.25030675, 0.48445874, 0.43953488, 0.34993614])]

estim_algorithm = atc-model, mode = classification, metric = f1score, confidence_scores = entropy-conf, class_specific = True
test err: [0.17695975463091815, 0.182435257673148, 0.17890079226243183, 0.1919003603230111, 0.16470152136760768]
estimated metric: [array([0.39927405, 0.67370892, 0.58640777, 0.61849711, 0.6106033 ,
       0.54857144, 0.7120419 , 0.62385322, 0.43750002, 0.62151396]), array([0.41355543, 0.67368421, 0.59012445, 0.6206655 , 0.68421053,
       0.55232559, 0.75000001, 0.62235651, 0.48275864, 0.51886795]), array([0.40586797, 0.66269369, 0.59073359, 0.61173184, 0.59541986,
       0.54847647, 0.80555556, 0.74792244, 0.42622953, 0.49740935]), array([0.43514151, 0.67741936, 0.5850234 , 0.62747779, 0.62781956,
       0.60055098, 0.74251499, 0.66666668, 0.40983609, 0.63348418]), array([0.41555286, 0.68397292, 0.58899156, 0.63819927, 0.59848486,
       0.51190478, 0.73372783, 0.65706053, 0.43137257, 0.56410259])]
real metric: [array([0.58587882, 0.70376176, 0.43571429, 0.36024845, 0.46975089,
       0.38949672, 0.27577938, 0.46466809, 0.44801715, 0.38340807]), array([0.57854406, 0.6855792 , 0.43956954, 0.34078001, 0.52591894,
       0.36307692, 0.2797546 , 0.46945338, 0.40517241, 0.35011442]), array([0.57682491, 0.71620553, 0.44812623, 0.36214605, 0.5135895 ,
       0.40990099, 0.29205607, 0.46908316, 0.41887227, 0.34516524]), array([0.60483473, 0.70972644, 0.43116673, 0.37900875, 0.53009709,
       0.38906414, 0.24366707, 0.44101433, 0.40732265, 0.35502959]), array([0.59106874, 0.70962851, 0.45890968, 0.38864943, 0.52416357,
       0.39836568, 0.25030675, 0.48445874, 0.43953488, 0.34993614])]

estim_algorithm = atc-model, mode = classification, metric = f1score, confidence_scores = doctor-conf, class_specific = False
test err: [0.2987225071880458, 0.3166424689024062, 0.3018975244491496, 0.31279131075004357, 0.29316687766072536]
estimated metric: [array([0.77215777, 0.87225549, 0.7352328 , 0.70284939, 0.67595819,
       0.65963062, 0.78217823, 0.77717392, 0.75346261, 0.77304965]), array([0.76971047, 0.87164179, 0.74031564, 0.69990096, 0.75      ,
       0.66487937, 0.84057972, 0.76756757, 0.75078865, 0.74900399]), array([0.76806802, 0.878     , 0.7538409 , 0.69253535, 0.66181819,
       0.67341773, 0.8974359 , 0.83804628, 0.72000001, 0.68778282]), array([0.75865295, 0.87781036, 0.72567615, 0.70535139, 0.70337478,
       0.70076727, 0.80000001, 0.82485876, 0.70666668, 0.81568628]), array([0.77212806, 0.88846521, 0.72290909, 0.70994042, 0.67145422,
       0.66666668, 0.79775282, 0.7896104 , 0.75776398, 0.75000001])]
real metric: [array([0.58587882, 0.70376176, 0.43571429, 0.36024845, 0.46975089,
       0.38949672, 0.27577938, 0.46466809, 0.44801715, 0.38340807]), array([0.57854406, 0.6855792 , 0.43956954, 0.34078001, 0.52591894,
       0.36307692, 0.2797546 , 0.46945338, 0.40517241, 0.35011442]), array([0.57682491, 0.71620553, 0.44812623, 0.36214605, 0.5135895 ,
       0.40990099, 0.29205607, 0.46908316, 0.41887227, 0.34516524]), array([0.60483473, 0.70972644, 0.43116673, 0.37900875, 0.53009709,
       0.38906414, 0.24366707, 0.44101433, 0.40732265, 0.35502959]), array([0.59106874, 0.70962851, 0.45890968, 0.38864943, 0.52416357,
       0.39836568, 0.25030675, 0.48445874, 0.43953488, 0.34993614])]

estim_algorithm = atc-model, mode = classification, metric = f1score, confidence_scores = doctor-conf, class_specific = True
test err: [0.17749874694666623, 0.18351701153577665, 0.17647153576819807, 0.1885309130277428, 0.16471485633849045]
estimated metric: [array([0.40217392, 0.68909513, 0.59133127, 0.62594323, 0.59778599,
       0.54441262, 0.73195878, 0.63221886, 0.43750002, 0.62151396]), array([0.41355543, 0.69505179, 0.59407526, 0.62835249, 0.68651489,
       0.54810497, 0.76288661, 0.63063064, 0.4651163 , 0.51886795]), array([0.40781441, 0.68464244, 0.59399076, 0.61896492, 0.59003832,
       0.54038998, 0.81651377, 0.74094708, 0.43265308, 0.48958336]), array([0.43974133, 0.6969353 , 0.58722742, 0.62888358, 0.630394  ,
       0.5927978 , 0.73493978, 0.67092653, 0.40329221, 0.62727274]), array([0.41939394, 0.69866072, 0.5957617 , 0.64179597, 0.5931559 ,
       0.51190478, 0.74117649, 0.65706053, 0.42519687, 0.56410259])]
real metric: [array([0.58587882, 0.70376176, 0.43571429, 0.36024845, 0.46975089,
       0.38949672, 0.27577938, 0.46466809, 0.44801715, 0.38340807]), array([0.57854406, 0.6855792 , 0.43956954, 0.34078001, 0.52591894,
       0.36307692, 0.2797546 , 0.46945338, 0.40517241, 0.35011442]), array([0.57682491, 0.71620553, 0.44812623, 0.36214605, 0.5135895 ,
       0.40990099, 0.29205607, 0.46908316, 0.41887227, 0.34516524]), array([0.60483473, 0.70972644, 0.43116673, 0.37900875, 0.53009709,
       0.38906414, 0.24366707, 0.44101433, 0.40732265, 0.35502959]), array([0.59106874, 0.70962851, 0.45890968, 0.38864943, 0.52416357,
       0.39836568, 0.25030675, 0.48445874, 0.43953488, 0.34993614])]

estim_algorithm = ts-atc-model, mode = classification, metric = f1score, confidence_scores = max_class_probability-conf, class_specific = False
test err: [0.2876886426530655, 0.3045173670944924, 0.2894982369865454, 0.30069785905817714, 0.27755804816284424]
estimated metric: [array([0.73699284, 0.85627531, 0.71921182, 0.65304685, 0.67595819,
       0.71392406, 0.77000001, 0.73239437, 0.76712329, 0.76868328]), array([0.7318641 , 0.85454546, 0.73258751, 0.64300483, 0.7394958 ,
       0.70649351, 0.817734  , 0.74380166, 0.75471699, 0.75889329]), array([0.72842516, 0.85743381, 0.73658706, 0.63788969, 0.66666667,
       0.70935961, 0.87826087, 0.82291667, 0.71571907, 0.69369371]), array([0.72034716, 0.85429142, 0.7125621 , 0.65865064, 0.70796461,
       0.7394541 , 0.78612718, 0.80459771, 0.6936027 , 0.82031251]), array([0.72156863, 0.86354776, 0.71778021, 0.66037122, 0.66425993,
       0.71134021, 0.77011496, 0.76392574, 0.74213837, 0.75555557])]
real metric: [array([0.58587882, 0.70376176, 0.43571429, 0.36024845, 0.46975089,
       0.38949672, 0.27577938, 0.46466809, 0.44801715, 0.38340807]), array([0.57854406, 0.6855792 , 0.43956954, 0.34078001, 0.52591894,
       0.36307692, 0.2797546 , 0.46945338, 0.40517241, 0.35011442]), array([0.57682491, 0.71620553, 0.44812623, 0.36214605, 0.5135895 ,
       0.40990099, 0.29205607, 0.46908316, 0.41887227, 0.34516524]), array([0.60483473, 0.70972644, 0.43116673, 0.37900875, 0.53009709,
       0.38906414, 0.24366707, 0.44101433, 0.40732265, 0.35502959]), array([0.59106874, 0.70962851, 0.45890968, 0.38864943, 0.52416357,
       0.39836568, 0.25030675, 0.48445874, 0.43953488, 0.34993614])]

estim_algorithm = ts-atc-model, mode = classification, metric = f1score, confidence_scores = max_class_probability-conf, class_specific = True
test err: [0.1749547890262712, 0.17886014751304505, 0.187978566531852, 0.19473140323554936, 0.18291787058383938]
estimated metric: [array([0.36767428, 0.65636148, 0.55955679, 0.56402554, 0.65008882,
       0.56090653, 0.7120419 , 0.61538463, 0.3870968 , 0.54008441]), array([0.37242192, 0.64028777, 0.57467533, 0.55060729, 0.71794872,
       0.57306591, 0.77551022, 0.62235651, 0.42857145, 0.46829271]), array([0.36591479, 0.6498195 , 0.58307454, 0.54145268, 0.64206643,
       0.60638299, 0.83257919, 0.74444445, 0.40000002, 0.47368424]), array([0.38858531, 0.66044341, 0.57221566, 0.56211959, 0.66788322,
       0.62702704, 0.75000001, 0.65806453, 0.34188037, 0.54807694]), array([0.36693801, 0.64418605, 0.58043654, 0.56954103, 0.64963504,
       0.57954547, 0.72619049, 0.67613637, 0.36065576, 0.53403144])]
real metric: [array([0.58587882, 0.70376176, 0.43571429, 0.36024845, 0.46975089,
       0.38949672, 0.27577938, 0.46466809, 0.44801715, 0.38340807]), array([0.57854406, 0.6855792 , 0.43956954, 0.34078001, 0.52591894,
       0.36307692, 0.2797546 , 0.46945338, 0.40517241, 0.35011442]), array([0.57682491, 0.71620553, 0.44812623, 0.36214605, 0.5135895 ,
       0.40990099, 0.29205607, 0.46908316, 0.41887227, 0.34516524]), array([0.60483473, 0.70972644, 0.43116673, 0.37900875, 0.53009709,
       0.38906414, 0.24366707, 0.44101433, 0.40732265, 0.35502959]), array([0.59106874, 0.70962851, 0.45890968, 0.38864943, 0.52416357,
       0.39836568, 0.25030675, 0.48445874, 0.43953488, 0.34993614])]

estim_algorithm = ts-atc-model, mode = classification, metric = f1score, confidence_scores = energy-conf, class_specific = False
test err: [0.30834668695548934, 0.3162853577864542, 0.31050142994337726, 0.3084889843304752, 0.29547232255328404]
estimated metric: [array([0.44627129, 0.68909513, 0.71423525, 0.59772644, 0.86397609,
       0.9004329 , 0.87155964, 0.81578948, 0.59813085, 0.79442509]), array([0.45179373, 0.70547946, 0.69150522, 0.57422158, 0.89543446,
       0.88089888, 0.86792453, 0.83969466, 0.6297578 , 0.81060607]), array([0.43925793, 0.71034483, 0.71206775, 0.58202568, 0.86594761,
       0.90833334, 0.90212766, 0.87562189, 0.61371843, 0.76068377]), array([0.47558875, 0.71588367, 0.68503081, 0.59235892, 0.88379205,
       0.86859688, 0.83333334, 0.85714286, 0.59927799, 0.80632412]), array([0.45314354, 0.70300334, 0.70929805, 0.60872506, 0.87366819,
       0.83720931, 0.83695653, 0.84367246, 0.59154931, 0.80341881])]
real metric: [array([0.58587882, 0.70376176, 0.43571429, 0.36024845, 0.46975089,
       0.38949672, 0.27577938, 0.46466809, 0.44801715, 0.38340807]), array([0.57854406, 0.6855792 , 0.43956954, 0.34078001, 0.52591894,
       0.36307692, 0.2797546 , 0.46945338, 0.40517241, 0.35011442]), array([0.57682491, 0.71620553, 0.44812623, 0.36214605, 0.5135895 ,
       0.40990099, 0.29205607, 0.46908316, 0.41887227, 0.34516524]), array([0.60483473, 0.70972644, 0.43116673, 0.37900875, 0.53009709,
       0.38906414, 0.24366707, 0.44101433, 0.40732265, 0.35502959]), array([0.59106874, 0.70962851, 0.45890968, 0.38864943, 0.52416357,
       0.39836568, 0.25030675, 0.48445874, 0.43953488, 0.34993614])]

estim_algorithm = ts-atc-model, mode = classification, metric = f1score, confidence_scores = energy-conf, class_specific = True
test err: [0.2210123167933964, 0.21591964210684464, 0.22289575107602522, 0.236802770666994, 0.22973645781256202]
estimated metric: [array([0.33165196, 0.5768262 , 0.62951807, 0.51782946, 0.84146342,
       0.58495823, 0.73846155, 0.61538463, 0.28897341, 0.52136754]), array([0.32199271, 0.54241646, 0.61459566, 0.49809306, 0.87387388,
       0.55652175, 0.76288661, 0.66275661, 0.33613448, 0.49038464]), array([0.31524548, 0.57794677, 0.63142107, 0.49962264, 0.83544304,
       0.61741426, 0.80000001, 0.72316385, 0.33043481, 0.47368424]), array([0.34021264, 0.57036115, 0.60782809, 0.5070632 , 0.85400314,
       0.65608467, 0.7647059 , 0.70000001, 0.29074893, 0.52682929]), array([0.31958763, 0.56226881, 0.62058131, 0.53228684, 0.84735203,
       0.59550563, 0.75581397, 0.67613637, 0.29059832, 0.55670105])]
real metric: [array([0.58587882, 0.70376176, 0.43571429, 0.36024845, 0.46975089,
       0.38949672, 0.27577938, 0.46466809, 0.44801715, 0.38340807]), array([0.57854406, 0.6855792 , 0.43956954, 0.34078001, 0.52591894,
       0.36307692, 0.2797546 , 0.46945338, 0.40517241, 0.35011442]), array([0.57682491, 0.71620553, 0.44812623, 0.36214605, 0.5135895 ,
       0.40990099, 0.29205607, 0.46908316, 0.41887227, 0.34516524]), array([0.60483473, 0.70972644, 0.43116673, 0.37900875, 0.53009709,
       0.38906414, 0.24366707, 0.44101433, 0.40732265, 0.35502959]), array([0.59106874, 0.70962851, 0.45890968, 0.38864943, 0.52416357,
       0.39836568, 0.25030675, 0.48445874, 0.43953488, 0.34993614])]

estim_algorithm = ts-atc-model, mode = classification, metric = f1score, confidence_scores = entropy-conf, class_specific = False
test err: [0.26939176209532667, 0.28809144410230864, 0.2808688044951312, 0.2969239059695897, 0.26591359424488087]
estimated metric: [array([0.69204152, 0.83744856, 0.69767442, 0.61147422, 0.6919105 ,
       0.73316709, 0.74489797, 0.69565218, 0.74651811, 0.75985664]), array([0.68726236, 0.83453238, 0.70929805, 0.58751794, 0.74791319,
       0.72307693, 0.7817259 , 0.71549297, 0.7586207 , 0.77343751]), array([0.69795307, 0.8373057 , 0.72288314, 0.58101356, 0.68100359,
       0.74641149, 0.84821429, 0.8136483 , 0.73267328, 0.69955158]), array([0.69901961, 0.84040404, 0.7061341 , 0.6074896 , 0.73263889,
       0.77294687, 0.79310346, 0.77647059, 0.69798659, 0.83397684]), array([0.69010548, 0.84210526, 0.70787344, 0.61434827, 0.67857143,
       0.73417722, 0.76300579, 0.73024524, 0.73817036, 0.75555557])]
real metric: [array([0.58587882, 0.70376176, 0.43571429, 0.36024845, 0.46975089,
       0.38949672, 0.27577938, 0.46466809, 0.44801715, 0.38340807]), array([0.57854406, 0.6855792 , 0.43956954, 0.34078001, 0.52591894,
       0.36307692, 0.2797546 , 0.46945338, 0.40517241, 0.35011442]), array([0.57682491, 0.71620553, 0.44812623, 0.36214605, 0.5135895 ,
       0.40990099, 0.29205607, 0.46908316, 0.41887227, 0.34516524]), array([0.60483473, 0.70972644, 0.43116673, 0.37900875, 0.53009709,
       0.38906414, 0.24366707, 0.44101433, 0.40732265, 0.35502959]), array([0.59106874, 0.70962851, 0.45890968, 0.38864943, 0.52416357,
       0.39836568, 0.25030675, 0.48445874, 0.43953488, 0.34993614])]

estim_algorithm = ts-atc-model, mode = classification, metric = f1score, confidence_scores = entropy-conf, class_specific = True
test err: [0.18941808672432822, 0.17938849211988928, 0.1951060971610395, 0.21041566461383887, 0.191302066625124]
estimated metric: [array([0.34934498, 0.64345739, 0.5786802 , 0.55096628, 0.68055556,
       0.60439562, 0.70526317, 0.58934171, 0.32089555, 0.54008441]), array([0.35595238, 0.63373494, 0.59182037, 0.5284006 , 0.74161074,
       0.57714287, 0.76288661, 0.58823531, 0.39024393, 0.48309181]), array([0.35145386, 0.6350365 , 0.6063383 , 0.52248235, 0.66424683,
       0.61007959, 0.81651377, 0.73033709, 0.36595747, 0.48167542]), array([0.37277744, 0.63981043, 0.58887593, 0.54440015, 0.71252205,
       0.65963062, 0.75000001, 0.61794021, 0.29824564, 0.58878507]), array([0.35561161, 0.64418605, 0.60634921, 0.56053184, 0.66906475,
       0.60335197, 0.71084339, 0.62536874, 0.31223632, 0.56410259])]
real metric: [array([0.58587882, 0.70376176, 0.43571429, 0.36024845, 0.46975089,
       0.38949672, 0.27577938, 0.46466809, 0.44801715, 0.38340807]), array([0.57854406, 0.6855792 , 0.43956954, 0.34078001, 0.52591894,
       0.36307692, 0.2797546 , 0.46945338, 0.40517241, 0.35011442]), array([0.57682491, 0.71620553, 0.44812623, 0.36214605, 0.5135895 ,
       0.40990099, 0.29205607, 0.46908316, 0.41887227, 0.34516524]), array([0.60483473, 0.70972644, 0.43116673, 0.37900875, 0.53009709,
       0.38906414, 0.24366707, 0.44101433, 0.40732265, 0.35502959]), array([0.59106874, 0.70962851, 0.45890968, 0.38864943, 0.52416357,
       0.39836568, 0.25030675, 0.48445874, 0.43953488, 0.34993614])]

estim_algorithm = ts-atc-model, mode = classification, metric = f1score, confidence_scores = doctor-conf, class_specific = False
test err: [0.2587171311112881, 0.28247269230148975, 0.2722860718492105, 0.28712977456875693, 0.2552984695417738]
estimated metric: [array([0.66228514, 0.81551363, 0.68544601, 0.58632163, 0.70307168,
       0.74876848, 0.72538862, 0.69565218, 0.72159092, 0.75985664]), array([0.65596107, 0.82365145, 0.69925926, 0.5690407 , 0.75621891,
       0.72634272, 0.7878788 , 0.70454546, 0.74285715, 0.79693487]), array([0.66187789, 0.82018928, 0.71206775, 0.55628177, 0.68571429,
       0.75829384, 0.84304933, 0.81052632, 0.71571907, 0.71111112]), array([0.67034068, 0.83214649, 0.697307  , 0.58091873, 0.73263889,
       0.77294687, 0.78612718, 0.78005866, 0.67576793, 0.83397684]), array([0.65912597, 0.82578046, 0.6958782 , 0.59734061, 0.68327403,
       0.74055416, 0.74853803, 0.72677596, 0.70967743, 0.76106196])]
real metric: [array([0.58587882, 0.70376176, 0.43571429, 0.36024845, 0.46975089,
       0.38949672, 0.27577938, 0.46466809, 0.44801715, 0.38340807]), array([0.57854406, 0.6855792 , 0.43956954, 0.34078001, 0.52591894,
       0.36307692, 0.2797546 , 0.46945338, 0.40517241, 0.35011442]), array([0.57682491, 0.71620553, 0.44812623, 0.36214605, 0.5135895 ,
       0.40990099, 0.29205607, 0.46908316, 0.41887227, 0.34516524]), array([0.60483473, 0.70972644, 0.43116673, 0.37900875, 0.53009709,
       0.38906414, 0.24366707, 0.44101433, 0.40732265, 0.35502959]), array([0.59106874, 0.70962851, 0.45890968, 0.38864943, 0.52416357,
       0.39836568, 0.25030675, 0.48445874, 0.43953488, 0.34993614])]

estim_algorithm = ts-atc-model, mode = classification, metric = f1score, confidence_scores = doctor-conf, class_specific = True
test err: [0.19537551414107485, 0.1850871816025749, 0.20428292493010702, 0.21806502906344605, 0.1962923712879114]
estimated metric: [array([0.34418023, 0.63361548, 0.58365759, 0.55041698, 0.71621622,
       0.60439562, 0.71875001, 0.58044165, 0.32713757, 0.54621851]), array([0.35301133, 0.62711865, 0.59800399, 0.52509363, 0.76847291,
       0.58119659, 0.76923078, 0.58823531, 0.39024393, 0.49038464]), array([0.34307497, 0.6350365 , 0.61005331, 0.52631579, 0.69964665,
       0.6318538 , 0.82727274, 0.73033709, 0.36595747, 0.48958336]), array([0.37177914, 0.63657958, 0.59216143, 0.54122775, 0.75426622,
       0.67015708, 0.77192984, 0.62251657, 0.29824564, 0.58215964]), array([0.34727504, 0.63943991, 0.61185771, 0.56704981, 0.69947276,
       0.60335197, 0.73372783, 0.62536874, 0.33333336, 0.55670105])]
real metric: [array([0.58587882, 0.70376176, 0.43571429, 0.36024845, 0.46975089,
       0.38949672, 0.27577938, 0.46466809, 0.44801715, 0.38340807]), array([0.57854406, 0.6855792 , 0.43956954, 0.34078001, 0.52591894,
       0.36307692, 0.2797546 , 0.46945338, 0.40517241, 0.35011442]), array([0.57682491, 0.71620553, 0.44812623, 0.36214605, 0.5135895 ,
       0.40990099, 0.29205607, 0.46908316, 0.41887227, 0.34516524]), array([0.60483473, 0.70972644, 0.43116673, 0.37900875, 0.53009709,
       0.38906414, 0.24366707, 0.44101433, 0.40732265, 0.35502959]), array([0.59106874, 0.70962851, 0.45890968, 0.38864943, 0.52416357,
       0.39836568, 0.25030675, 0.48445874, 0.43953488, 0.34993614])]

