estim_algorithm = ac-model, mode = classification, metric = precision, confidence_scores = max_class_probability-conf, class_specific = False
test err: [0.33125771240156077, 0.3275240787607786, 0.33548649916984885, 0.3304945068042596, 0.32800635795020966]
estimated metric: [array([0.85262276, 0.86032592, 0.89455813, 0.86293308, 0.88320549,
       0.57368781, 0.8517147 , 0.46129568, 0.64401266, 0.57948975]), array([0.84940031, 0.86183818, 0.90263969, 0.85862558, 0.88888719,
       0.59577418, 0.85383538, 0.47909317, 0.64218296, 0.56788387]), array([0.84517293, 0.86089765, 0.89869198, 0.85707669, 0.89200073,
       0.57883037, 0.84376998, 0.45323503, 0.64107427, 0.55245364]), array([0.84955731, 0.86001759, 0.90058459, 0.8463917 , 0.88214236,
       0.57563947, 0.85435084, 0.45171654, 0.65006721, 0.55605794]), array([0.85001196, 0.86757414, 0.89935968, 0.86452012, 0.88794523,
       0.592269  , 0.85986734, 0.49647401, 0.65641741, 0.57012394])]
real metric: [array([0.60089186, 0.74344978, 0.4141252 , 0.44105691, 0.47829938,
       0.83539095, 0.63595506, 1.        , 0.86984127, 0.97424893]), array([0.60232558, 0.72008782, 0.41832061, 0.45717345, 0.48103448,
       0.79069767, 0.63431151, 0.96835443, 0.90365449, 0.9954955 ]), array([0.59484778, 0.72324324, 0.4382716 , 0.44874477, 0.46519247,
       0.80241935, 0.63282172, 0.97902098, 0.91419142, 0.99033816]), array([0.61520999, 0.71986971, 0.44066515, 0.43191964, 0.47922193,
       0.80408163, 0.60874317, 0.94557823, 0.89602446, 0.9953271 ]), array([0.6120283 , 0.74679487, 0.43630573, 0.46936656, 0.43359719,
       0.81102362, 0.61318681, 0.96932515, 0.9015873 , 0.99541284])]

estim_algorithm = ac-model, mode = classification, metric = precision, confidence_scores = energy-conf, class_specific = False
test err: [0.49979820823530774, 0.4986924732535366, 0.5016081091778027, 0.4971826369843842, 0.4967372784599591]
estimated metric: [array([0.41491057, 0.36341858, 0.25438619, 0.18769504, 0.27789472,
       0.06436875, 0.22532962, 0.05419174, 0.07283766, 0.08024438]), array([0.40633613, 0.35622377, 0.26611859, 0.18298546, 0.28530759,
       0.06767423, 0.2205872 , 0.05589731, 0.06876651, 0.07463402]), array([0.41167899, 0.36117601, 0.25955876, 0.17695842, 0.29147308,
       0.06302961, 0.20522949, 0.05183433, 0.07631969, 0.07575202]), array([0.41812465, 0.36031751, 0.26921218, 0.16274199, 0.26367376,
       0.06490005, 0.22859505, 0.05099114, 0.07086125, 0.07539707]), array([0.41771097, 0.37010139, 0.26023356, 0.19075118, 0.27295271,
       0.06516383, 0.23502511, 0.0622937 , 0.07468182, 0.07234132])]
real metric: [array([0.60089186, 0.74344978, 0.4141252 , 0.44105691, 0.47829938,
       0.83539095, 0.63595506, 1.        , 0.86984127, 0.97424893]), array([0.60232558, 0.72008782, 0.41832061, 0.45717345, 0.48103448,
       0.79069767, 0.63431151, 0.96835443, 0.90365449, 0.9954955 ]), array([0.59484778, 0.72324324, 0.4382716 , 0.44874477, 0.46519247,
       0.80241935, 0.63282172, 0.97902098, 0.91419142, 0.99033816]), array([0.61520999, 0.71986971, 0.44066515, 0.43191964, 0.47922193,
       0.80408163, 0.60874317, 0.94557823, 0.89602446, 0.9953271 ]), array([0.6120283 , 0.74679487, 0.43630573, 0.46936656, 0.43359719,
       0.81102362, 0.61318681, 0.96932515, 0.9015873 , 0.99541284])]

estim_algorithm = ac-model, mode = classification, metric = precision, confidence_scores = entropy-conf, class_specific = False
test err: [0.3355827780668258, 0.332426858483338, 0.3397363242644822, 0.33442938624241425, 0.332824994829575]
estimated metric: [array([0.82495177, 0.83713365, 0.87264107, 0.83490706, 0.86059584,
       0.52469144, 0.82426646, 0.41489647, 0.59313991, 0.53164321]), array([0.81979877, 0.83779668, 0.88132479, 0.82913148, 0.86648357,
       0.54470966, 0.8257657 , 0.42930075, 0.59041972, 0.5165509 ]), array([0.81570582, 0.83721626, 0.87704546, 0.82749934, 0.87045013,
       0.52662268, 0.81440337, 0.40564782, 0.59214887, 0.5033861 ]), array([0.82252476, 0.83775687, 0.88058979, 0.81612025, 0.85984744,
       0.52875744, 0.82828272, 0.40639326, 0.60050507, 0.51055401]), array([0.8225077 , 0.84576841, 0.87842197, 0.83699028, 0.86605546,
       0.54413051, 0.83404937, 0.44909748, 0.60813657, 0.52024814])]
real metric: [array([0.60089186, 0.74344978, 0.4141252 , 0.44105691, 0.47829938,
       0.83539095, 0.63595506, 1.        , 0.86984127, 0.97424893]), array([0.60232558, 0.72008782, 0.41832061, 0.45717345, 0.48103448,
       0.79069767, 0.63431151, 0.96835443, 0.90365449, 0.9954955 ]), array([0.59484778, 0.72324324, 0.4382716 , 0.44874477, 0.46519247,
       0.80241935, 0.63282172, 0.97902098, 0.91419142, 0.99033816]), array([0.61520999, 0.71986971, 0.44066515, 0.43191964, 0.47922193,
       0.80408163, 0.60874317, 0.94557823, 0.89602446, 0.9953271 ]), array([0.6120283 , 0.74679487, 0.43630573, 0.46936656, 0.43359719,
       0.81102362, 0.61318681, 0.96932515, 0.9015873 , 0.99541284])]

estim_algorithm = ac-model, mode = classification, metric = precision, confidence_scores = doctor-conf, class_specific = False
test err: [0.3171571629588156, 0.31261960381073717, 0.3216578248154652, 0.3164754112739505, 0.31396018247479124]
estimated metric: [array([0.8978152 , 0.89803527, 0.92730604, 0.90513453, 0.91786102,
       0.6723647 , 0.89450517, 0.5616848 , 0.72932788, 0.67141118]), array([0.89595283, 0.90114706, 0.93431318, 0.90321965, 0.92304457,
       0.69441753, 0.89785407, 0.58515971, 0.72993678, 0.66476994]), array([0.89115079, 0.89856219, 0.93033155, 0.90149455, 0.92425667,
       0.67610679, 0.88836667, 0.55395248, 0.72519887, 0.64517435]), array([0.89582988, 0.89790625, 0.93182126, 0.8941136 , 0.91765599,
       0.67360013, 0.89680366, 0.55474258, 0.7360573 , 0.65035836]), array([0.89547759, 0.90359139, 0.93088432, 0.90662881, 0.92148233,
       0.6892571 , 0.90040109, 0.59475767, 0.73976103, 0.66115736])]
real metric: [array([0.60089186, 0.74344978, 0.4141252 , 0.44105691, 0.47829938,
       0.83539095, 0.63595506, 1.        , 0.86984127, 0.97424893]), array([0.60232558, 0.72008782, 0.41832061, 0.45717345, 0.48103448,
       0.79069767, 0.63431151, 0.96835443, 0.90365449, 0.9954955 ]), array([0.59484778, 0.72324324, 0.4382716 , 0.44874477, 0.46519247,
       0.80241935, 0.63282172, 0.97902098, 0.91419142, 0.99033816]), array([0.61520999, 0.71986971, 0.44066515, 0.43191964, 0.47922193,
       0.80408163, 0.60874317, 0.94557823, 0.89602446, 0.9953271 ]), array([0.6120283 , 0.74679487, 0.43630573, 0.46936656, 0.43359719,
       0.81102362, 0.61318681, 0.96932515, 0.9015873 , 0.99541284])]

estim_algorithm = ts-model, mode = classification, metric = precision, confidence_scores = max_class_probability-conf, class_specific = False
test err: [0.33451119000764595, 0.3277861936253635, 0.3331508418639276, 0.32764711646622613, 0.3326368784336962]
estimated metric: [array([0.66505202, 0.71707276, 0.73809709, 0.66922357, 0.72742031,
       0.31334548, 0.67137751, 0.23451496, 0.38038545, 0.33334248]), array([0.65443585, 0.7141237 , 0.75152773, 0.65808657, 0.73539852,
       0.32875062, 0.66980301, 0.2400371 , 0.37404982, 0.31955278]), array([0.6524587 , 0.71655628, 0.74529991, 0.65499615, 0.74339693,
       0.31271022, 0.655101  , 0.22820843, 0.38079728, 0.31080688]), array([0.66359353, 0.71659787, 0.75227278, 0.63476047, 0.72253381,
       0.31735348, 0.67711989, 0.22646322, 0.38388412, 0.31463187]), array([0.66238117, 0.72929292, 0.74652744, 0.6695958 , 0.73263426,
       0.3270173 , 0.6843894 , 0.26058589, 0.3921812 , 0.31974116])]
real metric: [array([0.60089186, 0.74344978, 0.4141252 , 0.44105691, 0.47829938,
       0.83539095, 0.63595506, 1.        , 0.86984127, 0.97424893]), array([0.60232558, 0.72008782, 0.41832061, 0.45717345, 0.48103448,
       0.79069767, 0.63431151, 0.96835443, 0.90365449, 0.9954955 ]), array([0.59484778, 0.72324324, 0.4382716 , 0.44874477, 0.46519247,
       0.80241935, 0.63282172, 0.97902098, 0.91419142, 0.99033816]), array([0.61520999, 0.71986971, 0.44066515, 0.43191964, 0.47922193,
       0.80408163, 0.60874317, 0.94557823, 0.89602446, 0.9953271 ]), array([0.6120283 , 0.74679487, 0.43630573, 0.46936656, 0.43359719,
       0.81102362, 0.61318681, 0.96932515, 0.9015873 , 0.99541284])]

estim_algorithm = ts-model, mode = classification, metric = precision, confidence_scores = max_class_probability-conf, class_specific = True
test err: [0.32205464510758, 0.3151140964203739, 0.32285652578570895, 0.3165322371956604, 0.32210964789991425]
estimated metric: [array([0.15311265, 0.71696786, 0.7546698 , 0.49020163, 0.79564037,
       0.45592458, 0.75424826, 0.33639761, 0.52067589, 0.44552127]), array([0.15038285, 0.71578474, 0.77137261, 0.48096526, 0.80298648,
       0.47548206, 0.75687218, 0.35697564, 0.51399639, 0.4382093 ]), array([0.14726079, 0.71773203, 0.76532332, 0.48077489, 0.80954979,
       0.46333851, 0.74675175, 0.33236814, 0.51334545, 0.41881993]), array([0.1607599 , 0.71706754, 0.77358611, 0.45873237, 0.79878684,
       0.46235381, 0.76256535, 0.34035875, 0.53440347, 0.42894606]), array([0.15781301, 0.72520486, 0.76381881, 0.49431675, 0.80092241,
       0.47333903, 0.7630303 , 0.36578804, 0.52709675, 0.43546589])]
real metric: [array([0.60089186, 0.74344978, 0.4141252 , 0.44105691, 0.47829938,
       0.83539095, 0.63595506, 1.        , 0.86984127, 0.97424893]), array([0.60232558, 0.72008782, 0.41832061, 0.45717345, 0.48103448,
       0.79069767, 0.63431151, 0.96835443, 0.90365449, 0.9954955 ]), array([0.59484778, 0.72324324, 0.4382716 , 0.44874477, 0.46519247,
       0.80241935, 0.63282172, 0.97902098, 0.91419142, 0.99033816]), array([0.61520999, 0.71986971, 0.44066515, 0.43191964, 0.47922193,
       0.80408163, 0.60874317, 0.94557823, 0.89602446, 0.9953271 ]), array([0.6120283 , 0.74679487, 0.43630573, 0.46936656, 0.43359719,
       0.81102362, 0.61318681, 0.96932515, 0.9015873 , 0.99541284])]

estim_algorithm = ts-model, mode = classification, metric = precision, confidence_scores = energy-conf, class_specific = False
test err: [0.33657964739764645, 0.3330469344712502, 0.34187466814030587, 0.33493333479125403, 0.33454574726176317]
estimated metric: [array([0.76536597, 0.77510759, 0.82879218, 0.78467072, 0.81227539,
       0.4475358 , 0.7657231 , 0.33106115, 0.51230801, 0.44093648]), array([0.75633225, 0.77355305, 0.83725734, 0.77420796, 0.81696657,
       0.46221787, 0.76456273, 0.34739362, 0.49948435, 0.42826335]), array([0.75460335, 0.77645009, 0.83519409, 0.77850265, 0.82572693,
       0.45153154, 0.75477508, 0.32405152, 0.50201837, 0.41175241]), array([0.7610993 , 0.77525745, 0.83850667, 0.76500301, 0.81169706,
       0.44866879, 0.77071674, 0.32977324, 0.52069333, 0.41919337]), array([0.75448707, 0.78013765, 0.83071097, 0.7811166 , 0.81385299,
       0.45860514, 0.77091244, 0.35683612, 0.51269995, 0.42368849])]
real metric: [array([0.60089186, 0.74344978, 0.4141252 , 0.44105691, 0.47829938,
       0.83539095, 0.63595506, 1.        , 0.86984127, 0.97424893]), array([0.60232558, 0.72008782, 0.41832061, 0.45717345, 0.48103448,
       0.79069767, 0.63431151, 0.96835443, 0.90365449, 0.9954955 ]), array([0.59484778, 0.72324324, 0.4382716 , 0.44874477, 0.46519247,
       0.80241935, 0.63282172, 0.97902098, 0.91419142, 0.99033816]), array([0.61520999, 0.71986971, 0.44066515, 0.43191964, 0.47922193,
       0.80408163, 0.60874317, 0.94557823, 0.89602446, 0.9953271 ]), array([0.6120283 , 0.74679487, 0.43630573, 0.46936656, 0.43359719,
       0.81102362, 0.61318681, 0.96932515, 0.9015873 , 0.99541284])]

estim_algorithm = ts-model, mode = classification, metric = precision, confidence_scores = energy-conf, class_specific = True
test err: [0.3064103583282903, 0.3015071297833371, 0.31032437468651475, 0.30414567942464643, 0.3029762382607178]
estimated metric: [array([0.80528594, 0.87475136, 0.90518423, 0.869513  , 0.89592175,
       0.64946399, 0.87156236, 0.52848291, 0.70603314, 0.63983797]), array([0.80392115, 0.87834558, 0.91321739, 0.86718855, 0.90189751,
       0.67156513, 0.87534081, 0.55599116, 0.70462564, 0.6376064 ]), array([0.79979562, 0.87942859, 0.91183476, 0.87033711, 0.90590776,
       0.6616521 , 0.86977119, 0.52998427, 0.70494735, 0.6200959 ]), array([0.8133998 , 0.87953786, 0.91410592, 0.85961907, 0.89966055,
       0.66012679, 0.87884365, 0.53818394, 0.72162998, 0.62915119]), array([0.8033922 , 0.88187748, 0.91005274, 0.87372835, 0.90068542,
       0.66952766, 0.87891121, 0.56524226, 0.71530445, 0.63488009])]
real metric: [array([0.60089186, 0.74344978, 0.4141252 , 0.44105691, 0.47829938,
       0.83539095, 0.63595506, 1.        , 0.86984127, 0.97424893]), array([0.60232558, 0.72008782, 0.41832061, 0.45717345, 0.48103448,
       0.79069767, 0.63431151, 0.96835443, 0.90365449, 0.9954955 ]), array([0.59484778, 0.72324324, 0.4382716 , 0.44874477, 0.46519247,
       0.80241935, 0.63282172, 0.97902098, 0.91419142, 0.99033816]), array([0.61520999, 0.71986971, 0.44066515, 0.43191964, 0.47922193,
       0.80408163, 0.60874317, 0.94557823, 0.89602446, 0.9953271 ]), array([0.6120283 , 0.74679487, 0.43630573, 0.46936656, 0.43359719,
       0.81102362, 0.61318681, 0.96932515, 0.9015873 , 0.99541284])]

estim_algorithm = ts-model, mode = classification, metric = precision, confidence_scores = entropy-conf, class_specific = False
test err: [0.33221477918720993, 0.325637450287773, 0.33063253501330186, 0.32520739526617987, 0.3306545447682196]
estimated metric: [array([0.64757062, 0.70420543, 0.72203014, 0.6488217 , 0.71252482,
       0.30308581, 0.6547316 , 0.22881866, 0.35872336, 0.32130034]), array([0.63380921, 0.70086932, 0.73578268, 0.63802721, 0.71995405,
       0.31692268, 0.6536852 , 0.23337558, 0.35361073, 0.3052298 ]), array([0.63297728, 0.70329533, 0.72944097, 0.63505565, 0.72845629,
       0.30017162, 0.63726749, 0.22129404, 0.36191313, 0.29953303]), array([0.64579176, 0.70430428, 0.73774553, 0.61375174, 0.70699898,
       0.30686435, 0.66127641, 0.21991058, 0.3625614 , 0.3049711 ]), array([0.64480944, 0.71759956, 0.73092793, 0.65060644, 0.71728202,
       0.31656043, 0.6691427 , 0.25319022, 0.37242078, 0.30611128])]
real metric: [array([0.60089186, 0.74344978, 0.4141252 , 0.44105691, 0.47829938,
       0.83539095, 0.63595506, 1.        , 0.86984127, 0.97424893]), array([0.60232558, 0.72008782, 0.41832061, 0.45717345, 0.48103448,
       0.79069767, 0.63431151, 0.96835443, 0.90365449, 0.9954955 ]), array([0.59484778, 0.72324324, 0.4382716 , 0.44874477, 0.46519247,
       0.80241935, 0.63282172, 0.97902098, 0.91419142, 0.99033816]), array([0.61520999, 0.71986971, 0.44066515, 0.43191964, 0.47922193,
       0.80408163, 0.60874317, 0.94557823, 0.89602446, 0.9953271 ]), array([0.6120283 , 0.74679487, 0.43630573, 0.46936656, 0.43359719,
       0.81102362, 0.61318681, 0.96932515, 0.9015873 , 0.99541284])]

estim_algorithm = ts-model, mode = classification, metric = precision, confidence_scores = entropy-conf, class_specific = True
test err: [0.3192561937858297, 0.3173661579229413, 0.32276198702324616, 0.318806704552996, 0.3237387937805297]
estimated metric: [array([0.24138365, 0.68062746, 0.74273541, 0.39631858, 0.78468579,
       0.43958632, 0.74179496, 0.32180918, 0.50416742, 0.42926168]), array([0.24007938, 0.67074199, 0.75963946, 0.39525   , 0.79242394,
       0.45918677, 0.74462361, 0.34209288, 0.49763345, 0.42216329]), array([0.26136054, 0.67044756, 0.75373373, 0.37950936, 0.79916397,
       0.44697036, 0.73406635, 0.31788612, 0.49684622, 0.40284393]), array([0.25246082, 0.67515343, 0.7625184 , 0.36169671, 0.78807839,
       0.44615508, 0.75053127, 0.3258438 , 0.51811303, 0.41301865]), array([0.24856878, 0.68460269, 0.7519122 , 0.40730541, 0.79021694,
       0.4569616 , 0.75092087, 0.35065423, 0.51066281, 0.41935546])]
real metric: [array([0.60089186, 0.74344978, 0.4141252 , 0.44105691, 0.47829938,
       0.83539095, 0.63595506, 1.        , 0.86984127, 0.97424893]), array([0.60232558, 0.72008782, 0.41832061, 0.45717345, 0.48103448,
       0.79069767, 0.63431151, 0.96835443, 0.90365449, 0.9954955 ]), array([0.59484778, 0.72324324, 0.4382716 , 0.44874477, 0.46519247,
       0.80241935, 0.63282172, 0.97902098, 0.91419142, 0.99033816]), array([0.61520999, 0.71986971, 0.44066515, 0.43191964, 0.47922193,
       0.80408163, 0.60874317, 0.94557823, 0.89602446, 0.9953271 ]), array([0.6120283 , 0.74679487, 0.43630573, 0.46936656, 0.43359719,
       0.81102362, 0.61318681, 0.96932515, 0.9015873 , 0.99541284])]

estim_algorithm = ts-model, mode = classification, metric = precision, confidence_scores = doctor-conf, class_specific = False
test err: [0.3401291241322512, 0.3337980204728016, 0.34038214090159663, 0.3278341112630092, 0.33439336311297885]
estimated metric: [array([0.72767168, 0.69355642, 0.67051357, 0.58996652, 0.67274922,
       0.26579346, 0.61281621, 0.21076107, 0.30995971, 0.2912355 ]), array([0.70606903, 0.68886812, 0.68440543, 0.57986585, 0.68136788,
       0.2782984 , 0.61098483, 0.21093627, 0.30886418, 0.26952347]), array([0.7130771 , 0.69267621, 0.67774671, 0.56849726, 0.68878133,
       0.2612664 , 0.5897697 , 0.2010685 , 0.32070587, 0.2737726 ]), array([0.72238999, 0.69324955, 0.69046129, 0.54693832, 0.66320341,
       0.26956721, 0.61849906, 0.19668064, 0.30955844, 0.27921637]), array([0.72467348, 0.70572264, 0.68254497, 0.59262161, 0.67676571,
       0.27765099, 0.63032555, 0.23186372, 0.32904448, 0.27837506])]
real metric: [array([0.60089186, 0.74344978, 0.4141252 , 0.44105691, 0.47829938,
       0.83539095, 0.63595506, 1.        , 0.86984127, 0.97424893]), array([0.60232558, 0.72008782, 0.41832061, 0.45717345, 0.48103448,
       0.79069767, 0.63431151, 0.96835443, 0.90365449, 0.9954955 ]), array([0.59484778, 0.72324324, 0.4382716 , 0.44874477, 0.46519247,
       0.80241935, 0.63282172, 0.97902098, 0.91419142, 0.99033816]), array([0.61520999, 0.71986971, 0.44066515, 0.43191964, 0.47922193,
       0.80408163, 0.60874317, 0.94557823, 0.89602446, 0.9953271 ]), array([0.6120283 , 0.74679487, 0.43630573, 0.46936656, 0.43359719,
       0.81102362, 0.61318681, 0.96932515, 0.9015873 , 0.99541284])]

estim_algorithm = ts-model, mode = classification, metric = precision, confidence_scores = doctor-conf, class_specific = True
test err: [0.3222866274844526, 0.3185820881857281, 0.3302447698152896, 0.32281215252558454, 0.3282733008912258]
estimated metric: [array([0.68444287, 0.53497371, 0.73061629, 0.27934615, 0.76808211,
       0.41617076, 0.72305115, 0.30129437, 0.48025984, 0.40599765]), array([0.67023899, 0.52932018, 0.74721305, 0.27335981, 0.77669166,
       0.43616874, 0.72651882, 0.32145563, 0.47437868, 0.39962976]), array([0.68230827, 0.51930602, 0.7413234 , 0.25351231, 0.78323391,
       0.42326504, 0.71481541, 0.29734596, 0.47275696, 0.37987138]), array([0.69097297, 0.52740476, 0.75028381, 0.22661169, 0.77161537,
       0.42259143, 0.7321428 , 0.3051336 , 0.49413968, 0.38997281]), array([0.69430239, 0.52839534, 0.73722482, 0.28410368, 0.77261552,
       0.43151442, 0.73114416, 0.32755616, 0.48489543, 0.39448118])]
real metric: [array([0.60089186, 0.74344978, 0.4141252 , 0.44105691, 0.47829938,
       0.83539095, 0.63595506, 1.        , 0.86984127, 0.97424893]), array([0.60232558, 0.72008782, 0.41832061, 0.45717345, 0.48103448,
       0.79069767, 0.63431151, 0.96835443, 0.90365449, 0.9954955 ]), array([0.59484778, 0.72324324, 0.4382716 , 0.44874477, 0.46519247,
       0.80241935, 0.63282172, 0.97902098, 0.91419142, 0.99033816]), array([0.61520999, 0.71986971, 0.44066515, 0.43191964, 0.47922193,
       0.80408163, 0.60874317, 0.94557823, 0.89602446, 0.9953271 ]), array([0.6120283 , 0.74679487, 0.43630573, 0.46936656, 0.43359719,
       0.81102362, 0.61318681, 0.96932515, 0.9015873 , 0.99541284])]

estim_algorithm = doc-model, mode = classification, metric = precision, confidence_scores = max_class_probability-conf, class_specific = False
test err: [0.33656784279184354, 0.3340013749420788, 0.3395579081308848, 0.33491576336296, 0.3352205511747729]
estimated metric: [array([0.7218986 , 0.74523828, 0.7853579 , 0.72946115, 0.77176302,
       0.37074986, 0.71988491, 0.27719068, 0.44365577, 0.38203208]), array([0.71478765, 0.74553626, 0.79823464, 0.72195839, 0.78115168,
       0.39053995, 0.72166315, 0.28856339, 0.44187241, 0.3672909 ]), array([0.71107935, 0.74644757, 0.79256668, 0.71754496, 0.78727942,
       0.37654098, 0.70784161, 0.27114174, 0.4445125 , 0.35783362]), array([0.71978003, 0.74576039, 0.79675397, 0.70125129, 0.76959463,
       0.3743403 , 0.7251315 , 0.26857029, 0.45106504, 0.36052039]), array([0.71626571, 0.75584406, 0.79094309, 0.72858357, 0.77635426,
       0.38464236, 0.73086758, 0.30327674, 0.45578146, 0.36902164])]
real metric: [array([0.60089186, 0.74344978, 0.4141252 , 0.44105691, 0.47829938,
       0.83539095, 0.63595506, 1.        , 0.86984127, 0.97424893]), array([0.60232558, 0.72008782, 0.41832061, 0.45717345, 0.48103448,
       0.79069767, 0.63431151, 0.96835443, 0.90365449, 0.9954955 ]), array([0.59484778, 0.72324324, 0.4382716 , 0.44874477, 0.46519247,
       0.80241935, 0.63282172, 0.97902098, 0.91419142, 0.99033816]), array([0.61520999, 0.71986971, 0.44066515, 0.43191964, 0.47922193,
       0.80408163, 0.60874317, 0.94557823, 0.89602446, 0.9953271 ]), array([0.6120283 , 0.74679487, 0.43630573, 0.46936656, 0.43359719,
       0.81102362, 0.61318681, 0.96932515, 0.9015873 , 0.99541284])]

estim_algorithm = doc-model, mode = classification, metric = precision, confidence_scores = max_class_probability-conf, class_specific = True
test err: [0.29873173913131457, 0.29979704961689346, 0.30086930132529854, 0.29640528464239624, 0.2998019073805007]
estimated metric: [array([0.35967668, 0.75004883, 0.77659702, 0.47408792, 0.79921821,
       0.46142815, 0.75832536, 0.34136361, 0.52497484, 0.45100336]), array([0.32903602, 0.75262689, 0.79234423, 0.47404751, 0.80742239,
       0.48253917, 0.76203483, 0.36349747, 0.51988563, 0.44514686]), array([0.36445764, 0.7474119 , 0.78633725, 0.45182557, 0.81307366,
       0.46907008, 0.75107939, 0.33749846, 0.51812136, 0.42443109]), array([0.36805732, 0.74933847, 0.79319393, 0.43048628, 0.80284763,
       0.46869131, 0.76713857, 0.34610051, 0.53957513, 0.43519631]), array([0.35507887, 0.7550733 , 0.78435823, 0.47561045, 0.80473264,
       0.47935127, 0.76735345, 0.37139755, 0.53203864, 0.44136874])]
real metric: [array([0.60089186, 0.74344978, 0.4141252 , 0.44105691, 0.47829938,
       0.83539095, 0.63595506, 1.        , 0.86984127, 0.97424893]), array([0.60232558, 0.72008782, 0.41832061, 0.45717345, 0.48103448,
       0.79069767, 0.63431151, 0.96835443, 0.90365449, 0.9954955 ]), array([0.59484778, 0.72324324, 0.4382716 , 0.44874477, 0.46519247,
       0.80241935, 0.63282172, 0.97902098, 0.91419142, 0.99033816]), array([0.61520999, 0.71986971, 0.44066515, 0.43191964, 0.47922193,
       0.80408163, 0.60874317, 0.94557823, 0.89602446, 0.9953271 ]), array([0.6120283 , 0.74679487, 0.43630573, 0.46936656, 0.43359719,
       0.81102362, 0.61318681, 0.96932515, 0.9015873 , 0.99541284])]

estim_algorithm = doc-model, mode = classification, metric = precision, confidence_scores = energy-conf, class_specific = False
test err: [0.3331775730758971, 0.32790715179310637, 0.335225098265937, 0.32909053549121664, 0.33126433537949235]
estimated metric: [array([0.69729911, 0.73244959, 0.77510259, 0.71768568, 0.75964151,
       0.36755346, 0.70466968, 0.27371829, 0.42659229, 0.37491171]), array([0.68615797, 0.72945145, 0.78583424, 0.70566428, 0.76517333,
       0.38076498, 0.70271618, 0.28557492, 0.41394298, 0.36059171]), array([0.68388058, 0.73255244, 0.78209108, 0.70856935, 0.77462855,
       0.36832297, 0.68992923, 0.26595094, 0.41935282, 0.34862185]), array([0.69238776, 0.73113344, 0.78667663, 0.6914864 , 0.75637829,
       0.36805287, 0.70976646, 0.26913333, 0.43200851, 0.35311076]), array([0.68880679, 0.74076163, 0.77976684, 0.71607749, 0.76244372,
       0.37870287, 0.71328476, 0.3004598 , 0.43007711, 0.35739404])]
real metric: [array([0.60089186, 0.74344978, 0.4141252 , 0.44105691, 0.47829938,
       0.83539095, 0.63595506, 1.        , 0.86984127, 0.97424893]), array([0.60232558, 0.72008782, 0.41832061, 0.45717345, 0.48103448,
       0.79069767, 0.63431151, 0.96835443, 0.90365449, 0.9954955 ]), array([0.59484778, 0.72324324, 0.4382716 , 0.44874477, 0.46519247,
       0.80241935, 0.63282172, 0.97902098, 0.91419142, 0.99033816]), array([0.61520999, 0.71986971, 0.44066515, 0.43191964, 0.47922193,
       0.80408163, 0.60874317, 0.94557823, 0.89602446, 0.9953271 ]), array([0.6120283 , 0.74679487, 0.43630573, 0.46936656, 0.43359719,
       0.81102362, 0.61318681, 0.96932515, 0.9015873 , 0.99541284])]

estim_algorithm = doc-model, mode = classification, metric = precision, confidence_scores = energy-conf, class_specific = True
test err: [0.3021511642229443, 0.2975145401649134, 0.30604045042921135, 0.3001619775196067, 0.29948298917319094]
estimated metric: [array([0.72550199, 0.86549761, 0.89311086, 0.84313401, 0.88428577,
       0.62190235, 0.85763575, 0.49875044, 0.68073286, 0.61197166]), array([0.72536597, 0.86868414, 0.90232914, 0.84060476, 0.89074423,
       0.64454593, 0.86163151, 0.52617243, 0.67902631, 0.60941832]), array([0.71553856, 0.870512  , 0.90033298, 0.84281594, 0.89480929,
       0.63340188, 0.8550921 , 0.4990637 , 0.67855584, 0.59052327]), array([0.73590844, 0.87062618, 0.9032755 , 0.83066691, 0.88821363,
       0.63251546, 0.86537727, 0.50804876, 0.69671963, 0.60054615]), array([0.73051399, 0.8730278 , 0.89909554, 0.8489843 , 0.88982489,
       0.64339716, 0.86602376, 0.53657343, 0.69112369, 0.60761557])]
real metric: [array([0.60089186, 0.74344978, 0.4141252 , 0.44105691, 0.47829938,
       0.83539095, 0.63595506, 1.        , 0.86984127, 0.97424893]), array([0.60232558, 0.72008782, 0.41832061, 0.45717345, 0.48103448,
       0.79069767, 0.63431151, 0.96835443, 0.90365449, 0.9954955 ]), array([0.59484778, 0.72324324, 0.4382716 , 0.44874477, 0.46519247,
       0.80241935, 0.63282172, 0.97902098, 0.91419142, 0.99033816]), array([0.61520999, 0.71986971, 0.44066515, 0.43191964, 0.47922193,
       0.80408163, 0.60874317, 0.94557823, 0.89602446, 0.9953271 ]), array([0.6120283 , 0.74679487, 0.43630573, 0.46936656, 0.43359719,
       0.81102362, 0.61318681, 0.96932515, 0.9015873 , 0.99541284])]

estim_algorithm = doc-model, mode = classification, metric = precision, confidence_scores = entropy-conf, class_specific = False
test err: [0.33607567911182923, 0.331894267721697, 0.33713091273005646, 0.3324985236369554, 0.333623244401538]
estimated metric: [array([0.70834219, 0.73467002, 0.7716986 , 0.71144834, 0.75839657,
       0.35617562, 0.70480935, 0.26630864, 0.4221387 , 0.3672478 ]), array([0.69784977, 0.73427869, 0.78484597, 0.70374358, 0.76739261,
       0.37400483, 0.7064538 , 0.27562307, 0.42006406, 0.35087841]), array([0.69599428, 0.73454196, 0.77858955, 0.69986232, 0.77410834,
       0.3581539 , 0.69101136, 0.25928778, 0.42523303, 0.34297231]), array([0.70597362, 0.73609923, 0.78511024, 0.6825837 , 0.7564899 ,
       0.36104403, 0.71105759, 0.25818818, 0.4296522 , 0.34882646]), array([0.703608  , 0.74608141, 0.77807227, 0.7121632 , 0.76349764,
       0.37095433, 0.71715812, 0.2917837 , 0.43684634, 0.35226021])]
real metric: [array([0.60089186, 0.74344978, 0.4141252 , 0.44105691, 0.47829938,
       0.83539095, 0.63595506, 1.        , 0.86984127, 0.97424893]), array([0.60232558, 0.72008782, 0.41832061, 0.45717345, 0.48103448,
       0.79069767, 0.63431151, 0.96835443, 0.90365449, 0.9954955 ]), array([0.59484778, 0.72324324, 0.4382716 , 0.44874477, 0.46519247,
       0.80241935, 0.63282172, 0.97902098, 0.91419142, 0.99033816]), array([0.61520999, 0.71986971, 0.44066515, 0.43191964, 0.47922193,
       0.80408163, 0.60874317, 0.94557823, 0.89602446, 0.9953271 ]), array([0.6120283 , 0.74679487, 0.43630573, 0.46936656, 0.43359719,
       0.81102362, 0.61318681, 0.96932515, 0.9015873 , 0.99541284])]

estim_algorithm = doc-model, mode = classification, metric = precision, confidence_scores = entropy-conf, class_specific = True
test err: [0.2979877710663568, 0.2970077920317759, 0.3007249379662015, 0.29769572383314286, 0.2994549892646343]
estimated metric: [array([0.36357645, 0.75021012, 0.77248158, 0.46601625, 0.79740002,
       0.45864879, 0.75622187, 0.33885244, 0.52071316, 0.44814796]), array([0.34566193, 0.75156905, 0.78832596, 0.4592743 , 0.80553013,
       0.479532  , 0.75983051, 0.36071036, 0.51602667, 0.44212088]), array([0.37719498, 0.74680901, 0.78237639, 0.43763085, 0.81133878,
       0.4662583 , 0.74895303, 0.33497776, 0.51464776, 0.4215516 ]), array([0.37477913, 0.75102411, 0.79031258, 0.41691559, 0.80135658,
       0.46637775, 0.76544993, 0.34400029, 0.53596343, 0.43279087]), array([0.36069943, 0.75590847, 0.78081646, 0.46566817, 0.80314735,
       0.47685869, 0.76554238, 0.3690684 , 0.52876991, 0.43865935])]
real metric: [array([0.60089186, 0.74344978, 0.4141252 , 0.44105691, 0.47829938,
       0.83539095, 0.63595506, 1.        , 0.86984127, 0.97424893]), array([0.60232558, 0.72008782, 0.41832061, 0.45717345, 0.48103448,
       0.79069767, 0.63431151, 0.96835443, 0.90365449, 0.9954955 ]), array([0.59484778, 0.72324324, 0.4382716 , 0.44874477, 0.46519247,
       0.80241935, 0.63282172, 0.97902098, 0.91419142, 0.99033816]), array([0.61520999, 0.71986971, 0.44066515, 0.43191964, 0.47922193,
       0.80408163, 0.60874317, 0.94557823, 0.89602446, 0.9953271 ]), array([0.6120283 , 0.74679487, 0.43630573, 0.46936656, 0.43359719,
       0.81102362, 0.61318681, 0.96932515, 0.9015873 , 0.99541284])]

estim_algorithm = doc-model, mode = classification, metric = precision, confidence_scores = doctor-conf, class_specific = False
test err: [0.3372181536755584, 0.33465622484915947, 0.3404678044046376, 0.33583867884701557, 0.33601648870408984]
estimated metric: [array([0.74420301, 0.75208846, 0.79751756, 0.74430317, 0.78235407,
       0.39389966, 0.73152005, 0.29321521, 0.46031994, 0.39807294]), array([0.73540189, 0.75394693, 0.81058294, 0.73828204, 0.79200107,
       0.41340551, 0.73487763, 0.30769771, 0.45885732, 0.38351833]), array([0.73267943, 0.75375201, 0.80447649, 0.73466758, 0.79705737,
       0.39899844, 0.71942457, 0.28749787, 0.46077932, 0.3729521 ]), array([0.74159477, 0.75324576, 0.80882947, 0.71908739, 0.7813588 ,
       0.39641651, 0.73759452, 0.28624874, 0.47004246, 0.37599804]), array([0.73654358, 0.76140762, 0.80206255, 0.74352263, 0.78623682,
       0.40657278, 0.74154356, 0.31707815, 0.47109274, 0.38247765])]
real metric: [array([0.60089186, 0.74344978, 0.4141252 , 0.44105691, 0.47829938,
       0.83539095, 0.63595506, 1.        , 0.86984127, 0.97424893]), array([0.60232558, 0.72008782, 0.41832061, 0.45717345, 0.48103448,
       0.79069767, 0.63431151, 0.96835443, 0.90365449, 0.9954955 ]), array([0.59484778, 0.72324324, 0.4382716 , 0.44874477, 0.46519247,
       0.80241935, 0.63282172, 0.97902098, 0.91419142, 0.99033816]), array([0.61520999, 0.71986971, 0.44066515, 0.43191964, 0.47922193,
       0.80408163, 0.60874317, 0.94557823, 0.89602446, 0.9953271 ]), array([0.6120283 , 0.74679487, 0.43630573, 0.46936656, 0.43359719,
       0.81102362, 0.61318681, 0.96932515, 0.9015873 , 0.99541284])]

estim_algorithm = doc-model, mode = classification, metric = precision, confidence_scores = doctor-conf, class_specific = True
test err: [0.30506596861207314, 0.30682081160107283, 0.3104730752655759, 0.307185184386008, 0.30959034687724746]
estimated metric: [array([0.28248773, 0.73950338, 0.77454497, 0.44702959, 0.79588403,
       0.45644901, 0.75444379, 0.33686969, 0.51461803, 0.44570109]), array([0.25495629, 0.74322496, 0.79080583, 0.44888611, 0.80455585,
       0.47808724, 0.75872826, 0.3593764 , 0.51122351, 0.44052391]), array([0.28659952, 0.73741505, 0.78474446, 0.43061934, 0.81030609,
       0.46464408, 0.74763673, 0.33353403, 0.51044397, 0.41956407]), array([0.29043664, 0.74196163, 0.79125707, 0.40737893, 0.7998762 ,
       0.46417067, 0.76377331, 0.34200117, 0.53042194, 0.43024814]), array([0.28190234, 0.74239233, 0.78113827, 0.45057186, 0.80097195,
       0.47359047, 0.76306246, 0.36602206, 0.52266877, 0.43457029])]
real metric: [array([0.60089186, 0.74344978, 0.4141252 , 0.44105691, 0.47829938,
       0.83539095, 0.63595506, 1.        , 0.86984127, 0.97424893]), array([0.60232558, 0.72008782, 0.41832061, 0.45717345, 0.48103448,
       0.79069767, 0.63431151, 0.96835443, 0.90365449, 0.9954955 ]), array([0.59484778, 0.72324324, 0.4382716 , 0.44874477, 0.46519247,
       0.80241935, 0.63282172, 0.97902098, 0.91419142, 0.99033816]), array([0.61520999, 0.71986971, 0.44066515, 0.43191964, 0.47922193,
       0.80408163, 0.60874317, 0.94557823, 0.89602446, 0.9953271 ]), array([0.6120283 , 0.74679487, 0.43630573, 0.46936656, 0.43359719,
       0.81102362, 0.61318681, 0.96932515, 0.9015873 , 0.99541284])]

