estim_algorithm = moval-ensemble-cls-precision, mode = classification, metric = precision
test err: [0.3696743237772152, 0.3700480366815771, 0.37387698921347584, 0.3607801446590848, 0.37527749268872257]
estimated metric: [array([0.22564099, 0.58950273, 0.59146231, 0.25371065, 0.59800537,
       0.23499187, 0.85600338, 0.35233988, 0.32434106, 0.42891273]), array([0.22457443, 0.60030653, 0.59342066, 0.2204818 , 0.60819282,
       0.25204989, 0.86210177, 0.33343191, 0.3130299 , 0.40598615]), array([0.22963427, 0.59657735, 0.59033497, 0.25013585, 0.59938739,
       0.23067452, 0.86269446, 0.36133   , 0.31707   , 0.3898522 ]), array([0.22532174, 0.59852103, 0.57840741, 0.24794893, 0.60249305,
       0.19815877, 0.85908706, 0.36241974, 0.29057771, 0.4340577 ]), array([0.22483244, 0.59437347, 0.59598646, 0.21555973, 0.59694989,
       0.22659386, 0.85588881, 0.36178267, 0.32850879, 0.42958462])]
real metric: [array([0.49305556, 0.67626728, 0.37545788, 0.45557351, 0.44268775,
       0.86792453, 0.29610014, 0.90909091, 0.85798817, 0.91505792]), array([0.50688073, 0.67779056, 0.34678899, 0.37342908, 0.42030848,
       0.8173913 , 0.28849722, 0.95294118, 0.8125    , 0.90128755]), array([0.50679852, 0.67546755, 0.36481481, 0.41390728, 0.43512451,
       0.84313725, 0.29278446, 0.97395833, 0.81481481, 0.92626728]), array([0.50113636, 0.67643743, 0.3705486 , 0.39408867, 0.44357977,
       0.85882353, 0.30258824, 0.93333333, 0.77241379, 0.90530303]), array([0.49150623, 0.68721461, 0.33933393, 0.45027125, 0.44760673,
       0.86138614, 0.30698795, 0.94871795, 0.80924855, 0.93076923])]

