estim_algorithm = ac-model, mode = classification, metric = precision, confidence_scores = max_class_probability-conf, class_specific = False
test err: [0.17670295343763684, 0.17487966187212028, 0.17547743415219422, 0.17509244226071452, 0.17624802232359255]
estimated metric: [array([0.95520882, 0.93464943, 0.92403908, 0.92646348, 0.92257754,
       0.89660329, 0.8946337 , 0.87454434, 0.83502461, 0.85717743]), array([0.9554735 , 0.93254905, 0.92340986, 0.92650218, 0.92453271,
       0.88810035, 0.89193452, 0.86577654, 0.8416144 , 0.84264708]), array([0.95342061, 0.93399186, 0.92457641, 0.92927494, 0.92104563,
       0.89914623, 0.89682745, 0.87162955, 0.83701535, 0.86219694]), array([0.95406521, 0.92875419, 0.92159896, 0.92731459, 0.91938304,
       0.89500115, 0.89026425, 0.86673765, 0.84122049, 0.81735341]), array([0.95437072, 0.93158007, 0.92157273, 0.93077084, 0.92199064,
       0.8936182 , 0.88285456, 0.87249877, 0.83560819, 0.83335273])]
real metric: [array([0.49806051, 0.77209798, 0.70468948, 0.60745342, 0.70785071,
       0.76541096, 0.89685315, 0.92647059, 0.93258427, 0.968523  ]), array([0.51134644, 0.754329  , 0.67669173, 0.62224939, 0.72536946,
       0.77454545, 0.9084507 , 0.93362832, 0.91052632, 0.95212766]), array([0.50966184, 0.76318622, 0.69861286, 0.58872902, 0.72513089,
       0.77295492, 0.89230769, 0.93133047, 0.91922006, 0.96736597]), array([0.50871873, 0.76450893, 0.695     , 0.59669811, 0.72307692,
       0.77703827, 0.89198606, 0.94432548, 0.90721649, 0.94189602]), array([0.50575595, 0.73752711, 0.69961977, 0.57718894, 0.74371859,
       0.7982906 , 0.87689394, 0.92946058, 0.92140921, 0.95530726])]

estim_algorithm = ac-model, mode = classification, metric = precision, confidence_scores = energy-conf, class_specific = False
test err: [0.46499626179352854, 0.4644755281824372, 0.461350322610061, 0.4628871416321683, 0.4613240888010788]
estimated metric: [array([0.5041298 , 0.49209094, 0.31780835, 0.29908441, 0.33322327,
       0.2648168 , 0.26799199, 0.25249835, 0.18243994, 0.22808615]), array([0.5153885 , 0.48564217, 0.32468463, 0.29862996, 0.33685021,
       0.25521101, 0.2727705 , 0.24269089, 0.1855338 , 0.21519163]), array([0.49768962, 0.48797503, 0.32127403, 0.30305048, 0.32814882,
       0.27790378, 0.2755369 , 0.24342636, 0.18229885, 0.23769285]), array([0.51622282, 0.47484723, 0.32693918, 0.3021996 , 0.32523007,
       0.28065227, 0.27059132, 0.25212707, 0.20067872, 0.18711351]), array([0.50713582, 0.48804848, 0.32178963, 0.29631841, 0.33175307,
       0.27726885, 0.26130263, 0.25361135, 0.19386757, 0.203595  ])]
real metric: [array([0.49806051, 0.77209798, 0.70468948, 0.60745342, 0.70785071,
       0.76541096, 0.89685315, 0.92647059, 0.93258427, 0.968523  ]), array([0.51134644, 0.754329  , 0.67669173, 0.62224939, 0.72536946,
       0.77454545, 0.9084507 , 0.93362832, 0.91052632, 0.95212766]), array([0.50966184, 0.76318622, 0.69861286, 0.58872902, 0.72513089,
       0.77295492, 0.89230769, 0.93133047, 0.91922006, 0.96736597]), array([0.50871873, 0.76450893, 0.695     , 0.59669811, 0.72307692,
       0.77703827, 0.89198606, 0.94432548, 0.90721649, 0.94189602]), array([0.50575595, 0.73752711, 0.69961977, 0.57718894, 0.74371859,
       0.7982906 , 0.87689394, 0.92946058, 0.92140921, 0.95530726])]

estim_algorithm = ac-model, mode = classification, metric = precision, confidence_scores = entropy-conf, class_specific = False
test err: [0.177616759447198, 0.17589989671424636, 0.17538921068911179, 0.1761886037320729, 0.1762815561250657]
estimated metric: [array([0.94695636, 0.92350384, 0.91025203, 0.91254786, 0.90870911,
       0.87808062, 0.87658174, 0.85357493, 0.80875784, 0.83383567]), array([0.94770524, 0.92155006, 0.91021164, 0.91306553, 0.91171213,
       0.86934439, 0.87429506, 0.84467961, 0.81678438, 0.8190325 ]), array([0.94524079, 0.9234851 , 0.91164477, 0.91679003, 0.90799082,
       0.8824478 , 0.88033875, 0.85159312, 0.8125725 , 0.84115126]), array([0.94685184, 0.9183663 , 0.90946899, 0.9154869 , 0.9069989 ,
       0.87915733, 0.874033  , 0.84789137, 0.81945436, 0.79344861]), array([0.94639913, 0.9204495 , 0.90804677, 0.91788172, 0.90876314,
       0.87597139, 0.86415719, 0.85237102, 0.81064514, 0.80849278])]
real metric: [array([0.49806051, 0.77209798, 0.70468948, 0.60745342, 0.70785071,
       0.76541096, 0.89685315, 0.92647059, 0.93258427, 0.968523  ]), array([0.51134644, 0.754329  , 0.67669173, 0.62224939, 0.72536946,
       0.77454545, 0.9084507 , 0.93362832, 0.91052632, 0.95212766]), array([0.50966184, 0.76318622, 0.69861286, 0.58872902, 0.72513089,
       0.77295492, 0.89230769, 0.93133047, 0.91922006, 0.96736597]), array([0.50871873, 0.76450893, 0.695     , 0.59669811, 0.72307692,
       0.77703827, 0.89198606, 0.94432548, 0.90721649, 0.94189602]), array([0.50575595, 0.73752711, 0.69961977, 0.57718894, 0.74371859,
       0.7982906 , 0.87689394, 0.92946058, 0.92140921, 0.95530726])]

estim_algorithm = ac-model, mode = classification, metric = precision, confidence_scores = doctor-conf, class_specific = False
test err: [0.181109409336057, 0.1763283325728738, 0.18037761438425676, 0.17893968238527375, 0.1808790619038191]
estimated metric: [array([0.97188102, 0.95773763, 0.9518178 , 0.95410306, 0.95079241,
       0.93423615, 0.93192734, 0.9183236 , 0.89198609, 0.9062533 ]), array([0.97192832, 0.95654837, 0.95152349, 0.95424939, 0.95198071,
       0.92869101, 0.93033548, 0.91266304, 0.89677276, 0.89583776]), array([0.97095198, 0.95750372, 0.95233862, 0.95590974, 0.94972849,
       0.93569351, 0.93339381, 0.91661108, 0.89290404, 0.90956166]), array([0.9709248 , 0.95377206, 0.95013898, 0.95446642, 0.9485284 ,
       0.93254326, 0.92897174, 0.91274872, 0.89573339, 0.87787771]), array([0.97129056, 0.95559825, 0.95013623, 0.95711898, 0.95008553,
       0.93152288, 0.92364241, 0.91646711, 0.89210802, 0.88921124])]
real metric: [array([0.49806051, 0.77209798, 0.70468948, 0.60745342, 0.70785071,
       0.76541096, 0.89685315, 0.92647059, 0.93258427, 0.968523  ]), array([0.51134644, 0.754329  , 0.67669173, 0.62224939, 0.72536946,
       0.77454545, 0.9084507 , 0.93362832, 0.91052632, 0.95212766]), array([0.50966184, 0.76318622, 0.69861286, 0.58872902, 0.72513089,
       0.77295492, 0.89230769, 0.93133047, 0.91922006, 0.96736597]), array([0.50871873, 0.76450893, 0.695     , 0.59669811, 0.72307692,
       0.77703827, 0.89198606, 0.94432548, 0.90721649, 0.94189602]), array([0.50575595, 0.73752711, 0.69961977, 0.57718894, 0.74371859,
       0.7982906 , 0.87689394, 0.92946058, 0.92140921, 0.95530726])]

estim_algorithm = ts-model, mode = classification, metric = precision, confidence_scores = max_class_probability-conf, class_specific = False
test err: [0.1911837353878999, 0.1949243202186429, 0.18844962191716044, 0.19245936502008792, 0.19765884403087614]
estimated metric: [array([0.8505836 , 0.81006599, 0.75632577, 0.75120541, 0.75688319,
       0.68567896, 0.69258245, 0.65095218, 0.56881704, 0.61488585]), array([0.85373535, 0.80587605, 0.75790092, 0.75219677, 0.76328947,
       0.67104199, 0.69073168, 0.63662017, 0.57862725, 0.5960267 ]), array([0.84521188, 0.80837446, 0.75772097, 0.75800376, 0.75461024,
       0.69577234, 0.69862026, 0.64244648, 0.57326411, 0.62718019]), array([0.85268768, 0.79890439, 0.75780903, 0.75799365, 0.75410024,
       0.69393046, 0.6878158 , 0.645394  , 0.59097464, 0.55324607]), array([0.84984696, 0.80449049, 0.75410397, 0.75860016, 0.75816494,
       0.68877629, 0.67344023, 0.65155566, 0.57588504, 0.57651209])]
real metric: [array([0.49806051, 0.77209798, 0.70468948, 0.60745342, 0.70785071,
       0.76541096, 0.89685315, 0.92647059, 0.93258427, 0.968523  ]), array([0.51134644, 0.754329  , 0.67669173, 0.62224939, 0.72536946,
       0.77454545, 0.9084507 , 0.93362832, 0.91052632, 0.95212766]), array([0.50966184, 0.76318622, 0.69861286, 0.58872902, 0.72513089,
       0.77295492, 0.89230769, 0.93133047, 0.91922006, 0.96736597]), array([0.50871873, 0.76450893, 0.695     , 0.59669811, 0.72307692,
       0.77703827, 0.89198606, 0.94432548, 0.90721649, 0.94189602]), array([0.50575595, 0.73752711, 0.69961977, 0.57718894, 0.74371859,
       0.7982906 , 0.87689394, 0.92946058, 0.92140921, 0.95530726])]

estim_algorithm = ts-model, mode = classification, metric = precision, confidence_scores = max_class_probability-conf, class_specific = True
test err: [0.1543968719829417, 0.16135391072870595, 0.14788789139131917, 0.15643365439996137, 0.15347471949446115]
estimated metric: [array([0.41548227, 0.75708066, 0.74268088, 0.48388723, 0.75492803,
       0.69836644, 0.69397498, 0.65363317, 0.58529795, 0.62083117]), array([0.42112596, 0.74992994, 0.74198443, 0.48110802, 0.76014442,
       0.68219754, 0.68913799, 0.63822147, 0.59727945, 0.59473146]), array([0.41436478, 0.75242891, 0.74431772, 0.49581512, 0.75325648,
       0.70531761, 0.70037838, 0.65059919, 0.58923669, 0.63156704]), array([0.42314808, 0.73731466, 0.74051633, 0.48930305, 0.75122637,
       0.69940468, 0.68965333, 0.64386952, 0.60033831, 0.5586857 ]), array([0.41280447, 0.74641395, 0.73711289, 0.49146333, 0.75453057,
       0.69316033, 0.67093575, 0.65050692, 0.58761647, 0.58026395])]
real metric: [array([0.49806051, 0.77209798, 0.70468948, 0.60745342, 0.70785071,
       0.76541096, 0.89685315, 0.92647059, 0.93258427, 0.968523  ]), array([0.51134644, 0.754329  , 0.67669173, 0.62224939, 0.72536946,
       0.77454545, 0.9084507 , 0.93362832, 0.91052632, 0.95212766]), array([0.50966184, 0.76318622, 0.69861286, 0.58872902, 0.72513089,
       0.77295492, 0.89230769, 0.93133047, 0.91922006, 0.96736597]), array([0.50871873, 0.76450893, 0.695     , 0.59669811, 0.72307692,
       0.77703827, 0.89198606, 0.94432548, 0.90721649, 0.94189602]), array([0.50575595, 0.73752711, 0.69961977, 0.57718894, 0.74371859,
       0.7982906 , 0.87689394, 0.92946058, 0.92140921, 0.95530726])]

estim_algorithm = ts-model, mode = classification, metric = precision, confidence_scores = energy-conf, class_specific = False
test err: [0.1897125532390315, 0.19363217057053678, 0.18744036932415034, 0.19129909964872138, 0.19719301872640757]
estimated metric: [array([0.85077341, 0.80329764, 0.76201907, 0.76537377, 0.76023471,
       0.69858795, 0.69348819, 0.65409076, 0.57765447, 0.62044158]), array([0.85482626, 0.80043985, 0.76462038, 0.76843724, 0.76873026,
       0.68508111, 0.69281483, 0.64165917, 0.59339776, 0.59707184]), array([0.84524212, 0.80186845, 0.76356036, 0.77276894, 0.75713877,
       0.70566548, 0.69930372, 0.64874931, 0.57997251, 0.63034221]), array([0.85432231, 0.79470293, 0.76515118, 0.7754825 , 0.76039203,
       0.70615203, 0.6947713 , 0.64982822, 0.60017088, 0.56059718]), array([0.85243744, 0.80032497, 0.76244203, 0.77978163, 0.76470381,
       0.70013663, 0.67581207, 0.65689322, 0.5883803 , 0.58408872])]
real metric: [array([0.49806051, 0.77209798, 0.70468948, 0.60745342, 0.70785071,
       0.76541096, 0.89685315, 0.92647059, 0.93258427, 0.968523  ]), array([0.51134644, 0.754329  , 0.67669173, 0.62224939, 0.72536946,
       0.77454545, 0.9084507 , 0.93362832, 0.91052632, 0.95212766]), array([0.50966184, 0.76318622, 0.69861286, 0.58872902, 0.72513089,
       0.77295492, 0.89230769, 0.93133047, 0.91922006, 0.96736597]), array([0.50871873, 0.76450893, 0.695     , 0.59669811, 0.72307692,
       0.77703827, 0.89198606, 0.94432548, 0.90721649, 0.94189602]), array([0.50575595, 0.73752711, 0.69961977, 0.57718894, 0.74371859,
       0.7982906 , 0.87689394, 0.92946058, 0.92140921, 0.95530726])]

estim_algorithm = ts-model, mode = classification, metric = precision, confidence_scores = energy-conf, class_specific = True
test err: [0.1745306721539647, 0.17311772577355078, 0.17233126645607108, 0.1737221855282049, 0.17373939857666873]
estimated metric: [array([0.92610051, 0.88033477, 0.86075261, 0.835814  , 0.8589055 ,
       0.82064002, 0.81756369, 0.78854988, 0.73608518, 0.76390989]), array([0.92698834, 0.87645436, 0.85968432, 0.83477311, 0.86176915,
       0.80852901, 0.8134649 , 0.7763019 , 0.74473633, 0.74271942]), array([0.92124095, 0.88088498, 0.86325025, 0.84573191, 0.85879246,
       0.82663878, 0.82322337, 0.78766613, 0.74078473, 0.77350087]), array([0.92375899, 0.87161501, 0.85839047, 0.83920755, 0.85528492,
       0.8199441 , 0.81305789, 0.77966293, 0.74618715, 0.71245433]), array([0.92004134, 0.87421551, 0.8560642 , 0.84236676, 0.85714915,
       0.8151494 , 0.79920098, 0.78417355, 0.73555817, 0.7296297 ])]
real metric: [array([0.49806051, 0.77209798, 0.70468948, 0.60745342, 0.70785071,
       0.76541096, 0.89685315, 0.92647059, 0.93258427, 0.968523  ]), array([0.51134644, 0.754329  , 0.67669173, 0.62224939, 0.72536946,
       0.77454545, 0.9084507 , 0.93362832, 0.91052632, 0.95212766]), array([0.50966184, 0.76318622, 0.69861286, 0.58872902, 0.72513089,
       0.77295492, 0.89230769, 0.93133047, 0.91922006, 0.96736597]), array([0.50871873, 0.76450893, 0.695     , 0.59669811, 0.72307692,
       0.77703827, 0.89198606, 0.94432548, 0.90721649, 0.94189602]), array([0.50575595, 0.73752711, 0.69961977, 0.57718894, 0.74371859,
       0.7982906 , 0.87689394, 0.92946058, 0.92140921, 0.95530726])]

estim_algorithm = ts-model, mode = classification, metric = precision, confidence_scores = entropy-conf, class_specific = False
test err: [0.1904538016343221, 0.1944231717050825, 0.18791208555870312, 0.19160656966035788, 0.19680321458030509]
estimated metric: [array([0.85068595, 0.81022978, 0.75532053, 0.75000215, 0.75635842,
       0.68693778, 0.69263839, 0.65098154, 0.57135363, 0.61583734]), array([0.85374103, 0.80599301, 0.7569315 , 0.75153466, 0.76253139,
       0.6722906 , 0.69023222, 0.63718213, 0.57954254, 0.59654481]), array([0.84582993, 0.80901761, 0.75795349, 0.75746593, 0.75425714,
       0.69770125, 0.69896068, 0.64334424, 0.57504822, 0.62820713]), array([0.85301574, 0.7991235 , 0.75740546, 0.75756868, 0.75392492,
       0.69537709, 0.68808151, 0.64677126, 0.59381795, 0.55538445]), array([0.8495895 , 0.80494698, 0.75330208, 0.756489  , 0.75734502,
       0.68989212, 0.67323176, 0.65129408, 0.57833949, 0.57843421])]
real metric: [array([0.49806051, 0.77209798, 0.70468948, 0.60745342, 0.70785071,
       0.76541096, 0.89685315, 0.92647059, 0.93258427, 0.968523  ]), array([0.51134644, 0.754329  , 0.67669173, 0.62224939, 0.72536946,
       0.77454545, 0.9084507 , 0.93362832, 0.91052632, 0.95212766]), array([0.50966184, 0.76318622, 0.69861286, 0.58872902, 0.72513089,
       0.77295492, 0.89230769, 0.93133047, 0.91922006, 0.96736597]), array([0.50871873, 0.76450893, 0.695     , 0.59669811, 0.72307692,
       0.77703827, 0.89198606, 0.94432548, 0.90721649, 0.94189602]), array([0.50575595, 0.73752711, 0.69961977, 0.57718894, 0.74371859,
       0.7982906 , 0.87689394, 0.92946058, 0.92140921, 0.95530726])]

estim_algorithm = ts-model, mode = classification, metric = precision, confidence_scores = entropy-conf, class_specific = True
test err: [0.1474191629259718, 0.15574805537004763, 0.1424201669785183, 0.148069342350664, 0.15346779778711997]
estimated metric: [array([0.49712064, 0.78098404, 0.74422281, 0.48320022, 0.7518271 ,
       0.69483915, 0.6904191 , 0.64984506, 0.5812413 , 0.61689458]), array([0.51315759, 0.77403482, 0.74403565, 0.47913271, 0.75767021,
       0.67925858, 0.68623369, 0.63509337, 0.59402253, 0.59146803]), array([0.49409663, 0.7764009 , 0.74640957, 0.48928227, 0.75047061,
       0.70220448, 0.69723547, 0.64719716, 0.58561774, 0.62808564]), array([0.51111296, 0.76200121, 0.74252051, 0.48056374, 0.74857889,
       0.69642858, 0.68662394, 0.64062611, 0.59694663, 0.55520245]), array([0.48680655, 0.77840307, 0.73816478, 0.46910337, 0.75095077,
       0.68905438, 0.66667542, 0.64612161, 0.58294797, 0.57557233])]
real metric: [array([0.49806051, 0.77209798, 0.70468948, 0.60745342, 0.70785071,
       0.76541096, 0.89685315, 0.92647059, 0.93258427, 0.968523  ]), array([0.51134644, 0.754329  , 0.67669173, 0.62224939, 0.72536946,
       0.77454545, 0.9084507 , 0.93362832, 0.91052632, 0.95212766]), array([0.50966184, 0.76318622, 0.69861286, 0.58872902, 0.72513089,
       0.77295492, 0.89230769, 0.93133047, 0.91922006, 0.96736597]), array([0.50871873, 0.76450893, 0.695     , 0.59669811, 0.72307692,
       0.77703827, 0.89198606, 0.94432548, 0.90721649, 0.94189602]), array([0.50575595, 0.73752711, 0.69961977, 0.57718894, 0.74371859,
       0.7982906 , 0.87689394, 0.92946058, 0.92140921, 0.95530726])]

estim_algorithm = ts-model, mode = classification, metric = precision, confidence_scores = doctor-conf, class_specific = False
test err: [0.19315847168324174, 0.19732818022891188, 0.19005111771690944, 0.19445341139105615, 0.19889876572403767]
estimated metric: [array([0.87707414, 0.81854073, 0.75184949, 0.74677722, 0.7542268 ,
       0.68464962, 0.69199711, 0.65087647, 0.57148677, 0.61756356]), array([0.87741352, 0.81438309, 0.7544323 , 0.74714933, 0.76064061,
       0.66995697, 0.6876469 , 0.63594398, 0.57856742, 0.59791421]), array([0.8726857 , 0.81618873, 0.7556814 , 0.75419685, 0.75244261,
       0.69691942, 0.69963352, 0.64342881, 0.57652583, 0.63203482]), array([0.88092708, 0.80727443, 0.75351578, 0.75219211, 0.75017743,
       0.69362988, 0.68561663, 0.64508088, 0.59296296, 0.55672201]), array([0.87586733, 0.81230967, 0.74927647, 0.74878931, 0.75508165,
       0.68893617, 0.67278396, 0.64996669, 0.57672301, 0.58147817])]
real metric: [array([0.49806051, 0.77209798, 0.70468948, 0.60745342, 0.70785071,
       0.76541096, 0.89685315, 0.92647059, 0.93258427, 0.968523  ]), array([0.51134644, 0.754329  , 0.67669173, 0.62224939, 0.72536946,
       0.77454545, 0.9084507 , 0.93362832, 0.91052632, 0.95212766]), array([0.50966184, 0.76318622, 0.69861286, 0.58872902, 0.72513089,
       0.77295492, 0.89230769, 0.93133047, 0.91922006, 0.96736597]), array([0.50871873, 0.76450893, 0.695     , 0.59669811, 0.72307692,
       0.77703827, 0.89198606, 0.94432548, 0.90721649, 0.94189602]), array([0.50575595, 0.73752711, 0.69961977, 0.57718894, 0.74371859,
       0.7982906 , 0.87689394, 0.92946058, 0.92140921, 0.95530726])]

estim_algorithm = ts-model, mode = classification, metric = precision, confidence_scores = doctor-conf, class_specific = True
test err: [0.18716091923385686, 0.19452216228300437, 0.17791573819968176, 0.18587265803818873, 0.19522586623145205]
estimated metric: [array([0.73037857, 0.79273895, 0.73095436, 0.4349043 , 0.72792971,
       0.66787833, 0.66325703, 0.62107688, 0.55073341, 0.58713916]), array([0.73559847, 0.78748554, 0.73157047, 0.43189523, 0.73497199,
       0.65258351, 0.65984823, 0.60687106, 0.56480044, 0.56219759]), array([0.7163047 , 0.78553755, 0.73422281, 0.43863959, 0.72688966,
       0.67603133, 0.67083032, 0.61881384, 0.55568144, 0.59911715]), array([0.72454794, 0.78014222, 0.73072869, 0.43150369, 0.72571805,
       0.6709105 , 0.66068324, 0.61302374, 0.5682504 , 0.52589462]), array([0.74710383, 0.7781967 , 0.72573496, 0.4127014 , 0.72748958,
       0.66238381, 0.63909074, 0.61781109, 0.55307931, 0.54558719])]
real metric: [array([0.49806051, 0.77209798, 0.70468948, 0.60745342, 0.70785071,
       0.76541096, 0.89685315, 0.92647059, 0.93258427, 0.968523  ]), array([0.51134644, 0.754329  , 0.67669173, 0.62224939, 0.72536946,
       0.77454545, 0.9084507 , 0.93362832, 0.91052632, 0.95212766]), array([0.50966184, 0.76318622, 0.69861286, 0.58872902, 0.72513089,
       0.77295492, 0.89230769, 0.93133047, 0.91922006, 0.96736597]), array([0.50871873, 0.76450893, 0.695     , 0.59669811, 0.72307692,
       0.77703827, 0.89198606, 0.94432548, 0.90721649, 0.94189602]), array([0.50575595, 0.73752711, 0.69961977, 0.57718894, 0.74371859,
       0.7982906 , 0.87689394, 0.92946058, 0.92140921, 0.95530726])]

estim_algorithm = doc-model, mode = classification, metric = precision, confidence_scores = max_class_probability-conf, class_specific = False
test err: [0.19119774098472953, 0.19520076833448358, 0.18823031727550985, 0.19323052963876758, 0.19834416760736148]
estimated metric: [array([0.85292413, 0.80395537, 0.7629423 , 0.76251904, 0.76118956,
       0.69253231, 0.69565892, 0.65254983, 0.57222283, 0.61827899]), array([0.85567561, 0.7994706 , 0.76403899, 0.76302035, 0.76906959,
       0.67704194, 0.69221614, 0.63645806, 0.58694368, 0.59590006]), array([0.84680759, 0.80187421, 0.76265708, 0.76971082, 0.75825996,
       0.7009353 , 0.70147049, 0.64468511, 0.57822585, 0.62954803]), array([0.85398794, 0.79198819, 0.76221808, 0.76909306, 0.7578734 ,
       0.69838925, 0.69077845, 0.6429637 , 0.5913692 , 0.5538144 ]), array([0.85243108, 0.79846466, 0.76035904, 0.7726744 , 0.76413756,
       0.69448211, 0.67542954, 0.65428808, 0.5783337 , 0.57964289])]
real metric: [array([0.49806051, 0.77209798, 0.70468948, 0.60745342, 0.70785071,
       0.76541096, 0.89685315, 0.92647059, 0.93258427, 0.968523  ]), array([0.51134644, 0.754329  , 0.67669173, 0.62224939, 0.72536946,
       0.77454545, 0.9084507 , 0.93362832, 0.91052632, 0.95212766]), array([0.50966184, 0.76318622, 0.69861286, 0.58872902, 0.72513089,
       0.77295492, 0.89230769, 0.93133047, 0.91922006, 0.96736597]), array([0.50871873, 0.76450893, 0.695     , 0.59669811, 0.72307692,
       0.77703827, 0.89198606, 0.94432548, 0.90721649, 0.94189602]), array([0.50575595, 0.73752711, 0.69961977, 0.57718894, 0.74371859,
       0.7982906 , 0.87689394, 0.92946058, 0.92140921, 0.95530726])]

estim_algorithm = doc-model, mode = classification, metric = precision, confidence_scores = max_class_probability-conf, class_specific = True
test err: [0.1472235535937926, 0.15587459956085553, 0.14110395960568517, 0.15007815648366632, 0.14885980578931085]
estimated metric: [array([0.49607478, 0.76885654, 0.74269934, 0.48910255, 0.7499158 ,
       0.69266837, 0.68823099, 0.64751658, 0.57836651, 0.61447698]), array([0.5169326 , 0.75818303, 0.74125807, 0.47906309, 0.7546377 ,
       0.67566486, 0.68268161, 0.63127343, 0.58988559, 0.58748804]), array([0.489366  , 0.76293091, 0.74408666, 0.5037004 , 0.74816261,
       0.69962873, 0.69463543, 0.64438658, 0.58236308, 0.62521097]), array([0.51768005, 0.74584276, 0.74063482, 0.49228201, 0.74646814,
       0.69405895, 0.68421248, 0.63804728, 0.59399281, 0.55243888]), array([0.50725405, 0.75588726, 0.73590812, 0.48604084, 0.74846234,
       0.68620593, 0.66372202, 0.64308359, 0.57946089, 0.57232954])]
real metric: [array([0.49806051, 0.77209798, 0.70468948, 0.60745342, 0.70785071,
       0.76541096, 0.89685315, 0.92647059, 0.93258427, 0.968523  ]), array([0.51134644, 0.754329  , 0.67669173, 0.62224939, 0.72536946,
       0.77454545, 0.9084507 , 0.93362832, 0.91052632, 0.95212766]), array([0.50966184, 0.76318622, 0.69861286, 0.58872902, 0.72513089,
       0.77295492, 0.89230769, 0.93133047, 0.91922006, 0.96736597]), array([0.50871873, 0.76450893, 0.695     , 0.59669811, 0.72307692,
       0.77703827, 0.89198606, 0.94432548, 0.90721649, 0.94189602]), array([0.50575595, 0.73752711, 0.69961977, 0.57718894, 0.74371859,
       0.7982906 , 0.87689394, 0.92946058, 0.92140921, 0.95530726])]

estim_algorithm = doc-model, mode = classification, metric = precision, confidence_scores = energy-conf, class_specific = False
test err: [0.18933677155309203, 0.1930255996954992, 0.18698421135700316, 0.19035643927059534, 0.19597123173940023]
estimated metric: [array([0.84864258, 0.80827317, 0.75685384, 0.75626383, 0.75732826,
       0.69363576, 0.69103575, 0.65382388, 0.57515379, 0.62003466]), array([0.85264015, 0.80534348, 0.75924082, 0.75900416, 0.7643562 ,
       0.68015291, 0.69167087, 0.64163832, 0.5875658 , 0.59859335]), array([0.84348929, 0.80739123, 0.75881818, 0.76380173, 0.75456017,
       0.70265173, 0.69791298, 0.64683084, 0.57717214, 0.6315091 ]), array([0.85167045, 0.79888997, 0.75953042, 0.76516017, 0.75559857,
       0.70188346, 0.69119186, 0.65010005, 0.59826987, 0.56029958]), array([0.84957812, 0.80502526, 0.75682893, 0.7680957 , 0.76026972,
       0.69673998, 0.6753476 , 0.65544748, 0.58622659, 0.58387499])]
real metric: [array([0.49806051, 0.77209798, 0.70468948, 0.60745342, 0.70785071,
       0.76541096, 0.89685315, 0.92647059, 0.93258427, 0.968523  ]), array([0.51134644, 0.754329  , 0.67669173, 0.62224939, 0.72536946,
       0.77454545, 0.9084507 , 0.93362832, 0.91052632, 0.95212766]), array([0.50966184, 0.76318622, 0.69861286, 0.58872902, 0.72513089,
       0.77295492, 0.89230769, 0.93133047, 0.91922006, 0.96736597]), array([0.50871873, 0.76450893, 0.695     , 0.59669811, 0.72307692,
       0.77703827, 0.89198606, 0.94432548, 0.90721649, 0.94189602]), array([0.50575595, 0.73752711, 0.69961977, 0.57718894, 0.74371859,
       0.7982906 , 0.87689394, 0.92946058, 0.92140921, 0.95530726])]

estim_algorithm = doc-model, mode = classification, metric = precision, confidence_scores = energy-conf, class_specific = True
test err: [0.17452026243457266, 0.17308456480794215, 0.17225170760063596, 0.1736136655169361, 0.17335195911091178]
estimated metric: [array([0.92572702, 0.88001411, 0.8603878 , 0.83548452, 0.85853664,
       0.82019206, 0.81710977, 0.78804249, 0.73549412, 0.76336111]), array([0.92653051, 0.87610331, 0.85929327, 0.83423945, 0.86138296,
       0.80802722, 0.81297305, 0.77573908, 0.74412026, 0.74210017]), array([0.92041819, 0.88060578, 0.86282931, 0.8449786 , 0.85836006,
       0.82612784, 0.82270453, 0.78706993, 0.74010032, 0.77287636]), array([0.92282099, 0.87103915, 0.85776498, 0.83796521, 0.85464804,
       0.81918457, 0.81227595, 0.77877931, 0.74521316, 0.71140095]), array([0.91707823, 0.87262919, 0.85428711, 0.83836544, 0.8553832 ,
       0.81297753, 0.79688841, 0.78173519, 0.73275773, 0.72678981])]
real metric: [array([0.49806051, 0.77209798, 0.70468948, 0.60745342, 0.70785071,
       0.76541096, 0.89685315, 0.92647059, 0.93258427, 0.968523  ]), array([0.51134644, 0.754329  , 0.67669173, 0.62224939, 0.72536946,
       0.77454545, 0.9084507 , 0.93362832, 0.91052632, 0.95212766]), array([0.50966184, 0.76318622, 0.69861286, 0.58872902, 0.72513089,
       0.77295492, 0.89230769, 0.93133047, 0.91922006, 0.96736597]), array([0.50871873, 0.76450893, 0.695     , 0.59669811, 0.72307692,
       0.77703827, 0.89198606, 0.94432548, 0.90721649, 0.94189602]), array([0.50575595, 0.73752711, 0.69961977, 0.57718894, 0.74371859,
       0.7982906 , 0.87689394, 0.92946058, 0.92140921, 0.95530726])]

estim_algorithm = doc-model, mode = classification, metric = precision, confidence_scores = entropy-conf, class_specific = False
test err: [0.19102985949825685, 0.19507955057867798, 0.18820146223047862, 0.19279927538999628, 0.1981131216833776]
estimated metric: [array([0.85236971, 0.80424054, 0.7614294 , 0.76042167, 0.75985406,
       0.69156615, 0.69519918, 0.65159631, 0.57229483, 0.61705018]), array([0.85543833, 0.79995918, 0.76304072, 0.76210782, 0.76802364,
       0.67682838, 0.69177013, 0.63666507, 0.58577804, 0.59602499]), array([0.84720185, 0.80300491, 0.76288025, 0.76849776, 0.75773019,
       0.70080246, 0.70166736, 0.64512173, 0.57821475, 0.62935232]), array([0.85472265, 0.79305921, 0.76243707, 0.7687119 , 0.75852112,
       0.698975  , 0.69127948, 0.64434828, 0.59353906, 0.55577703]), array([0.85225786, 0.79902988, 0.75941601, 0.77063654, 0.76323674,
       0.69407987, 0.67511129, 0.65361841, 0.57870593, 0.57948155])]
real metric: [array([0.49806051, 0.77209798, 0.70468948, 0.60745342, 0.70785071,
       0.76541096, 0.89685315, 0.92647059, 0.93258427, 0.968523  ]), array([0.51134644, 0.754329  , 0.67669173, 0.62224939, 0.72536946,
       0.77454545, 0.9084507 , 0.93362832, 0.91052632, 0.95212766]), array([0.50966184, 0.76318622, 0.69861286, 0.58872902, 0.72513089,
       0.77295492, 0.89230769, 0.93133047, 0.91922006, 0.96736597]), array([0.50871873, 0.76450893, 0.695     , 0.59669811, 0.72307692,
       0.77703827, 0.89198606, 0.94432548, 0.90721649, 0.94189602]), array([0.50575595, 0.73752711, 0.69961977, 0.57718894, 0.74371859,
       0.7982906 , 0.87689394, 0.92946058, 0.92140921, 0.95530726])]

estim_algorithm = doc-model, mode = classification, metric = precision, confidence_scores = entropy-conf, class_specific = True
test err: [0.14768030631568654, 0.15701614787163604, 0.13876509925362784, 0.14997134848663785, 0.15066814450249963]
estimated metric: [array([0.52429529, 0.77549576, 0.74577618, 0.5015371 , 0.75190826,
       0.69493137, 0.69051207, 0.64994403, 0.58134717, 0.61699738]), array([0.54290692, 0.76514717, 0.74457909, 0.49291002, 0.75670717,
       0.6781163 , 0.68510474, 0.63387859, 0.5927587 , 0.59020173]), array([0.51774726, 0.7714776 , 0.74817719, 0.51519246, 0.75047206,
       0.70220611, 0.69723712, 0.64719667, 0.58561963, 0.62808746]), array([0.54487959, 0.75363772, 0.74413191, 0.50509505, 0.74861632,
       0.69647062, 0.68666673, 0.64067189, 0.59699449, 0.55525156]), array([0.53453736, 0.76325026, 0.73905923, 0.49600404, 0.75030608,
       0.68831597, 0.66590572, 0.64533372, 0.5821104 , 0.57473075])]
real metric: [array([0.49806051, 0.77209798, 0.70468948, 0.60745342, 0.70785071,
       0.76541096, 0.89685315, 0.92647059, 0.93258427, 0.968523  ]), array([0.51134644, 0.754329  , 0.67669173, 0.62224939, 0.72536946,
       0.77454545, 0.9084507 , 0.93362832, 0.91052632, 0.95212766]), array([0.50966184, 0.76318622, 0.69861286, 0.58872902, 0.72513089,
       0.77295492, 0.89230769, 0.93133047, 0.91922006, 0.96736597]), array([0.50871873, 0.76450893, 0.695     , 0.59669811, 0.72307692,
       0.77703827, 0.89198606, 0.94432548, 0.90721649, 0.94189602]), array([0.50575595, 0.73752711, 0.69961977, 0.57718894, 0.74371859,
       0.7982906 , 0.87689394, 0.92946058, 0.92140921, 0.95530726])]

estim_algorithm = doc-model, mode = classification, metric = precision, confidence_scores = doctor-conf, class_specific = False
test err: [0.19080510905962092, 0.1949286216946505, 0.18820882088743005, 0.19284105379860214, 0.1982948414871256]
estimated metric: [array([0.85411451, 0.80266411, 0.76391325, 0.76445386, 0.76121659,
       0.69565804, 0.69618152, 0.65259655, 0.57497591, 0.61858907]), array([0.85722585, 0.79847122, 0.76520737, 0.76658124, 0.76996926,
       0.68046351, 0.69282235, 0.63770713, 0.59095315, 0.595515  ]), array([0.84819706, 0.80078529, 0.76431736, 0.77188164, 0.75839723,
       0.70309451, 0.70169577, 0.646168  , 0.57947328, 0.62891711]), array([0.85569747, 0.79139522, 0.76393696, 0.77267978, 0.75943234,
       0.70146477, 0.69275997, 0.64420709, 0.59541594, 0.55534311]), array([0.85398279, 0.79824245, 0.76195948, 0.77642253, 0.76523931,
       0.69691032, 0.6760587 , 0.65466955, 0.58217179, 0.58063901])]
real metric: [array([0.49806051, 0.77209798, 0.70468948, 0.60745342, 0.70785071,
       0.76541096, 0.89685315, 0.92647059, 0.93258427, 0.968523  ]), array([0.51134644, 0.754329  , 0.67669173, 0.62224939, 0.72536946,
       0.77454545, 0.9084507 , 0.93362832, 0.91052632, 0.95212766]), array([0.50966184, 0.76318622, 0.69861286, 0.58872902, 0.72513089,
       0.77295492, 0.89230769, 0.93133047, 0.91922006, 0.96736597]), array([0.50871873, 0.76450893, 0.695     , 0.59669811, 0.72307692,
       0.77703827, 0.89198606, 0.94432548, 0.90721649, 0.94189602]), array([0.50575595, 0.73752711, 0.69961977, 0.57718894, 0.74371859,
       0.7982906 , 0.87689394, 0.92946058, 0.92140921, 0.95530726])]

estim_algorithm = doc-model, mode = classification, metric = precision, confidence_scores = doctor-conf, class_specific = True
test err: [0.16450249839431758, 0.17160678607958416, 0.15776815313025158, 0.16536752833702062, 0.16339313434826913]
estimated metric: [array([0.39391692, 0.7560032 , 0.73490931, 0.45601104, 0.74348264,
       0.68521299, 0.68088626, 0.63967018, 0.57021154, 0.60636852]), array([0.40951789, 0.74751259, 0.73353867, 0.44529534, 0.74850128,
       0.66825391, 0.67551939, 0.62359064, 0.58196085, 0.57946359]), array([0.39303986, 0.7501039 , 0.73690086, 0.47100785, 0.7418082 ,
       0.69241167, 0.68749456, 0.63660315, 0.57419257, 0.61718639]), array([0.41129893, 0.73462563, 0.73318144, 0.46192172, 0.74044313,
       0.68727365, 0.67734749, 0.63071186, 0.58649671, 0.54458448]), array([0.40298249, 0.74465955, 0.72860229, 0.45622818, 0.7425485 ,
       0.67938185, 0.65672961, 0.63589745, 0.57175746, 0.56468315])]
real metric: [array([0.49806051, 0.77209798, 0.70468948, 0.60745342, 0.70785071,
       0.76541096, 0.89685315, 0.92647059, 0.93258427, 0.968523  ]), array([0.51134644, 0.754329  , 0.67669173, 0.62224939, 0.72536946,
       0.77454545, 0.9084507 , 0.93362832, 0.91052632, 0.95212766]), array([0.50966184, 0.76318622, 0.69861286, 0.58872902, 0.72513089,
       0.77295492, 0.89230769, 0.93133047, 0.91922006, 0.96736597]), array([0.50871873, 0.76450893, 0.695     , 0.59669811, 0.72307692,
       0.77703827, 0.89198606, 0.94432548, 0.90721649, 0.94189602]), array([0.50575595, 0.73752711, 0.69961977, 0.57718894, 0.74371859,
       0.7982906 , 0.87689394, 0.92946058, 0.92140921, 0.95530726])]

