estim_algorithm = ac-model, mode = classification, metric = auc, confidence_scores = max_class_probability-conf, class_specific = False
test err: [0.3869995050920866, 0.38567472269779596, 0.3858397396618316, 0.3822182735464861, 0.38184698985100163]
estimated metric: [array([0.53132785, 0.55381726, 0.53167051, 0.52973172, 0.53550079,
       0.53583954, 0.54203912, 0.54565064, 0.54709364, 0.54485121]), array([0.53144475, 0.55375518, 0.53212415, 0.52975611, 0.53587315,
       0.53559685, 0.54363003, 0.5455316 , 0.54712501, 0.54551286]), array([0.53125232, 0.55418952, 0.532239  , 0.52968386, 0.53576941,
       0.53557168, 0.54163726, 0.54569296, 0.54551276, 0.54434483]), array([0.5313118 , 0.55416567, 0.53182908, 0.52958739, 0.53528549,
       0.53598578, 0.54300537, 0.54511474, 0.54658204, 0.54524268]), array([0.53139739, 0.55345751, 0.53221033, 0.52946953, 0.53591817,
       0.53618123, 0.54321587, 0.54564544, 0.54679239, 0.54543266])]
real metric: [array([0.95129508, 0.98680964, 0.92619471, 0.89450822, 0.92988347,
       0.91644483, 0.92363783, 0.91052651, 0.9309211 , 0.89729593]), array([0.95655641, 0.97939416, 0.92518074, 0.89731384, 0.92749166,
       0.91192245, 0.92089779, 0.90414765, 0.93413878, 0.90005343]), array([0.95149696, 0.98500937, 0.93600384, 0.89860046, 0.92835389,
       0.9042052 , 0.91709396, 0.90537834, 0.93108817, 0.89706081]), array([0.95481786, 0.97458745, 0.91395174, 0.88312526, 0.92074537,
       0.9103739 , 0.91188933, 0.92202365, 0.92684397, 0.90193424]), array([0.95150904, 0.98112983, 0.91968644, 0.88498451, 0.92607478,
       0.91082834, 0.91860049, 0.90928966, 0.9270516 , 0.88903573])]

estim_algorithm = ac-model, mode = classification, metric = auc, confidence_scores = energy-conf, class_specific = False
test err: [0.055173959437241724, 0.04968997592178467, 0.04787481645111078, 0.059484822152453966, 0.04661497156932033]
estimated metric: [array([0.89591498, 0.82900941, 0.94026661, 0.91994977, 0.91208321,
       0.9520235 , 0.90899851, 0.91050038, 0.79444283, 0.80277279]), array([0.89615045, 0.85577816, 0.92773034, 0.91929214, 0.93683133,
       0.91926341, 0.90937455, 0.9339047 , 0.79118754, 0.81261567]), array([0.89188882, 0.85086493, 0.9349151 , 0.92103879, 0.9380549 ,
       0.93704517, 0.91932812, 0.91277114, 0.79331095, 0.82553745]), array([0.91095176, 0.82638841, 0.93757033, 0.91876063, 0.94333893,
       0.9262095 , 0.9347483 , 0.89990275, 0.78872267, 0.77993546]), array([0.89585004, 0.81055883, 0.9304017 , 0.90927106, 0.92320385,
       0.91042808, 0.89874876, 0.90383475, 0.84200583, 0.79774142])]
real metric: [array([0.95129508, 0.98680964, 0.92619471, 0.89450822, 0.92988347,
       0.91644483, 0.92363783, 0.91052651, 0.9309211 , 0.89729593]), array([0.95655641, 0.97939416, 0.92518074, 0.89731384, 0.92749166,
       0.91192245, 0.92089779, 0.90414765, 0.93413878, 0.90005343]), array([0.95149696, 0.98500937, 0.93600384, 0.89860046, 0.92835389,
       0.9042052 , 0.91709396, 0.90537834, 0.93108817, 0.89706081]), array([0.95481786, 0.97458745, 0.91395174, 0.88312526, 0.92074537,
       0.9103739 , 0.91188933, 0.92202365, 0.92684397, 0.90193424]), array([0.95150904, 0.98112983, 0.91968644, 0.88498451, 0.92607478,
       0.91082834, 0.91860049, 0.90928966, 0.9270516 , 0.88903573])]

estim_algorithm = ac-model, mode = classification, metric = auc, confidence_scores = entropy-conf, class_specific = False
test err: [0.37812420007349046, 0.37711578129039247, 0.37676306098465273, 0.3733716237066977, 0.37322583170660806]
estimated metric: [array([0.55059738, 0.54576992, 0.54997867, 0.55008513, 0.54878045,
       0.54877543, 0.54822924, 0.54766359, 0.54815252, 0.54824298]), array([0.55058813, 0.54572644, 0.54996126, 0.55006763, 0.54871776,
       0.54889988, 0.5480485 , 0.54763633, 0.54824924, 0.54804393]), array([0.55063467, 0.54562385, 0.54998237, 0.55007718, 0.54876564,
       0.54894325, 0.54820691, 0.54763151, 0.54842297, 0.54837203]), array([0.55059985, 0.54573848, 0.55008635, 0.55006579, 0.54880272,
       0.54886848, 0.54818663, 0.54771509, 0.54818882, 0.54832433]), array([0.55059239, 0.54583262, 0.54998124, 0.55009401, 0.54872791,
       0.548839  , 0.54809389, 0.54764379, 0.54808327, 0.54804398])]
real metric: [array([0.95129508, 0.98680964, 0.92619471, 0.89450822, 0.92988347,
       0.91644483, 0.92363783, 0.91052651, 0.9309211 , 0.89729593]), array([0.95655641, 0.97939416, 0.92518074, 0.89731384, 0.92749166,
       0.91192245, 0.92089779, 0.90414765, 0.93413878, 0.90005343]), array([0.95149696, 0.98500937, 0.93600384, 0.89860046, 0.92835389,
       0.9042052 , 0.91709396, 0.90537834, 0.93108817, 0.89706081]), array([0.95481786, 0.97458745, 0.91395174, 0.88312526, 0.92074537,
       0.9103739 , 0.91188933, 0.92202365, 0.92684397, 0.90193424]), array([0.95150904, 0.98112983, 0.91968644, 0.88498451, 0.92607478,
       0.91082834, 0.91860049, 0.90928966, 0.9270516 , 0.88903573])]

estim_algorithm = ac-model, mode = classification, metric = auc, confidence_scores = doctor-conf, class_specific = False
test err: [0.19058482169623056, 0.1892411814707935, 0.1885620602166187, 0.1849676424269209, 0.18540820299953678]
estimated metric: [array([0.62012374, 0.91449025, 0.63250163, 0.6313444 , 0.68938402,
       0.66879645, 0.78333972, 0.77435621, 0.8448815 , 0.8024512 ]), array([0.62044698, 0.90804461, 0.63830503, 0.6386446 , 0.69202364,
       0.67046609, 0.78576317, 0.76954395, 0.83293497, 0.80851205]), array([0.62679342, 0.91281377, 0.63913241, 0.6353026 , 0.68665923,
       0.67929904, 0.77574103, 0.77531981, 0.83251097, 0.80509811]), array([0.63122783, 0.90892851, 0.64034465, 0.64142131, 0.68627147,
       0.6667409 , 0.78473901, 0.77131222, 0.84031007, 0.79932039]), array([0.62358438, 0.90811471, 0.63885907, 0.63269558, 0.6913964 ,
       0.66969778, 0.79006765, 0.77326875, 0.82976615, 0.80665791])]
real metric: [array([0.95129508, 0.98680964, 0.92619471, 0.89450822, 0.92988347,
       0.91644483, 0.92363783, 0.91052651, 0.9309211 , 0.89729593]), array([0.95655641, 0.97939416, 0.92518074, 0.89731384, 0.92749166,
       0.91192245, 0.92089779, 0.90414765, 0.93413878, 0.90005343]), array([0.95149696, 0.98500937, 0.93600384, 0.89860046, 0.92835389,
       0.9042052 , 0.91709396, 0.90537834, 0.93108817, 0.89706081]), array([0.95481786, 0.97458745, 0.91395174, 0.88312526, 0.92074537,
       0.9103739 , 0.91188933, 0.92202365, 0.92684397, 0.90193424]), array([0.95150904, 0.98112983, 0.91968644, 0.88498451, 0.92607478,
       0.91082834, 0.91860049, 0.90928966, 0.9270516 , 0.88903573])]

estim_algorithm = ts-model, mode = classification, metric = auc, confidence_scores = max_class_probability-conf, class_specific = False
test err: [0.038638628725239675, 0.03819185200867011, 0.03939111870663642, 0.033386459181831904, 0.03719592493008297]
estimated metric: [array([0.85981732, 0.94339045, 0.87005798, 0.81441775, 0.89259563,
       0.89387588, 0.92429247, 0.92786654, 0.93499772, 0.93063   ]), array([0.86140012, 0.94373229, 0.86988383, 0.81559578, 0.89236582,
       0.89272205, 0.92520328, 0.92748647, 0.93545121, 0.93085582]), array([0.86207766, 0.94405603, 0.87185247, 0.81415237, 0.8927928 ,
       0.8930206 , 0.9246903 , 0.92779258, 0.93565131, 0.93068049]), array([0.86239589, 0.94349006, 0.872935  , 0.81387141, 0.89149898,
       0.89327675, 0.92488598, 0.92654076, 0.93549555, 0.92950001]), array([0.86244085, 0.94299924, 0.87455057, 0.81341553, 0.89275259,
       0.89406482, 0.92625274, 0.92879946, 0.93540154, 0.93149365])]
real metric: [array([0.95129508, 0.98680964, 0.92619471, 0.89450822, 0.92988347,
       0.91644483, 0.92363783, 0.91052651, 0.9309211 , 0.89729593]), array([0.95655641, 0.97939416, 0.92518074, 0.89731384, 0.92749166,
       0.91192245, 0.92089779, 0.90414765, 0.93413878, 0.90005343]), array([0.95149696, 0.98500937, 0.93600384, 0.89860046, 0.92835389,
       0.9042052 , 0.91709396, 0.90537834, 0.93108817, 0.89706081]), array([0.95481786, 0.97458745, 0.91395174, 0.88312526, 0.92074537,
       0.9103739 , 0.91188933, 0.92202365, 0.92684397, 0.90193424]), array([0.95150904, 0.98112983, 0.91968644, 0.88498451, 0.92607478,
       0.91082834, 0.91860049, 0.90928966, 0.9270516 , 0.88903573])]

estim_algorithm = ts-model, mode = classification, metric = auc, confidence_scores = max_class_probability-conf, class_specific = True
test err: [0.031049545083306686, 0.03236002504569609, 0.03193613118691988, 0.03517054260186928, 0.03630834992258959]
estimated metric: [array([0.96361279, 0.9861906 , 0.95399754, 0.93391203, 0.96273102,
       0.9452826 , 0.96467468, 0.95279436, 0.95483431, 0.95874478]), array([0.96384466, 0.98648696, 0.95508581, 0.93483676, 0.96284572,
       0.94405703, 0.96624939, 0.95233614, 0.95483871, 0.96011598]), array([0.96314948, 0.98614147, 0.95509575, 0.93413492, 0.96255256,
       0.94390552, 0.96305824, 0.95286555, 0.95504249, 0.95770632]), array([0.96373336, 0.98595847, 0.95483861, 0.93344051, 0.96173452,
       0.94322489, 0.96496125, 0.95118476, 0.95463162, 0.95829023]), array([0.9642333 , 0.98638645, 0.95576476, 0.93310346, 0.96212745,
       0.94469206, 0.96687551, 0.95350209, 0.95573737, 0.95885147])]
real metric: [array([0.95129508, 0.98680964, 0.92619471, 0.89450822, 0.92988347,
       0.91644483, 0.92363783, 0.91052651, 0.9309211 , 0.89729593]), array([0.95655641, 0.97939416, 0.92518074, 0.89731384, 0.92749166,
       0.91192245, 0.92089779, 0.90414765, 0.93413878, 0.90005343]), array([0.95149696, 0.98500937, 0.93600384, 0.89860046, 0.92835389,
       0.9042052 , 0.91709396, 0.90537834, 0.93108817, 0.89706081]), array([0.95481786, 0.97458745, 0.91395174, 0.88312526, 0.92074537,
       0.9103739 , 0.91188933, 0.92202365, 0.92684397, 0.90193424]), array([0.95150904, 0.98112983, 0.91968644, 0.88498451, 0.92607478,
       0.91082834, 0.91860049, 0.90928966, 0.9270516 , 0.88903573])]

estim_algorithm = ts-model, mode = classification, metric = auc, confidence_scores = energy-conf, class_specific = False
test err: [0.04271740356720501, 0.0446921527021993, 0.04591253459013176, 0.042537859607595555, 0.050906608958292264]
estimated metric: [array([0.9675657 , 0.95848491, 0.97596291, 0.96766248, 0.9738437 ,
       0.97470263, 0.97482803, 0.97502082, 0.92424464, 0.93237315]), array([0.9675215 , 0.95293981, 0.9757044 , 0.96829703, 0.97348707,
       0.97486894, 0.97319888, 0.97514833, 0.92082824, 0.94249447]), array([0.96754982, 0.96175522, 0.97544146, 0.96834053, 0.97517394,
       0.97574495, 0.97492394, 0.97334087, 0.92268019, 0.95514117]), array([0.96814938, 0.95770241, 0.97553306, 0.96852038, 0.97273879,
       0.97492912, 0.97520242, 0.97455211, 0.91808195, 0.90896763]), array([0.96776324, 0.93974654, 0.97488961, 0.96843236, 0.97314101,
       0.97550952, 0.974256  , 0.97334443, 0.97028345, 0.92712377])]
real metric: [array([0.95129508, 0.98680964, 0.92619471, 0.89450822, 0.92988347,
       0.91644483, 0.92363783, 0.91052651, 0.9309211 , 0.89729593]), array([0.95655641, 0.97939416, 0.92518074, 0.89731384, 0.92749166,
       0.91192245, 0.92089779, 0.90414765, 0.93413878, 0.90005343]), array([0.95149696, 0.98500937, 0.93600384, 0.89860046, 0.92835389,
       0.9042052 , 0.91709396, 0.90537834, 0.93108817, 0.89706081]), array([0.95481786, 0.97458745, 0.91395174, 0.88312526, 0.92074537,
       0.9103739 , 0.91188933, 0.92202365, 0.92684397, 0.90193424]), array([0.95150904, 0.98112983, 0.91968644, 0.88498451, 0.92607478,
       0.91082834, 0.91860049, 0.90928966, 0.9270516 , 0.88903573])]

estim_algorithm = ts-model, mode = classification, metric = auc, confidence_scores = energy-conf, class_specific = True
test err: [0.05111321196879157, 0.05177013357624881, 0.05398911476182684, 0.054979497507641986, 0.05564297400876296]
estimated metric: [array([0.99274105, 0.99355151, 0.97835063, 0.96003983, 0.98345575,
       0.95567999, 0.98793436, 0.97834492, 0.9680666 , 0.9804848 ]), array([0.99272876, 0.99364116, 0.9783713 , 0.95916737, 0.98272631,
       0.94905204, 0.98759045, 0.97943529, 0.97295957, 0.97912599]), array([0.99269816, 0.99359097, 0.97962507, 0.95911159, 0.98512133,
       0.96339732, 0.9883194 , 0.97835632, 0.97474385, 0.97921813]), array([0.99273083, 0.99363672, 0.97934803, 0.95946132, 0.98297609,
       0.9534762 , 0.98642302, 0.97691444, 0.96778473, 0.97733638]), array([0.99279458, 0.9935754 , 0.97945082, 0.95317802, 0.98368875,
       0.94783877, 0.987125  , 0.97849188, 0.97898946, 0.97948751])]
real metric: [array([0.95129508, 0.98680964, 0.92619471, 0.89450822, 0.92988347,
       0.91644483, 0.92363783, 0.91052651, 0.9309211 , 0.89729593]), array([0.95655641, 0.97939416, 0.92518074, 0.89731384, 0.92749166,
       0.91192245, 0.92089779, 0.90414765, 0.93413878, 0.90005343]), array([0.95149696, 0.98500937, 0.93600384, 0.89860046, 0.92835389,
       0.9042052 , 0.91709396, 0.90537834, 0.93108817, 0.89706081]), array([0.95481786, 0.97458745, 0.91395174, 0.88312526, 0.92074537,
       0.9103739 , 0.91188933, 0.92202365, 0.92684397, 0.90193424]), array([0.95150904, 0.98112983, 0.91968644, 0.88498451, 0.92607478,
       0.91082834, 0.91860049, 0.90928966, 0.9270516 , 0.88903573])]

estim_algorithm = ts-model, mode = classification, metric = auc, confidence_scores = entropy-conf, class_specific = False
test err: [0.038787127065462355, 0.037837313922941415, 0.03931367108154129, 0.03330498111991559, 0.03716820999122008]
estimated metric: [array([0.86561253, 0.94831281, 0.87620952, 0.80861522, 0.90030165,
       0.90137865, 0.93157613, 0.93519497, 0.94167836, 0.93709761]), array([0.86744904, 0.94894573, 0.87614795, 0.8142479 , 0.89961457,
       0.90046545, 0.93264557, 0.93507285, 0.94109634, 0.93780741]), array([0.86814975, 0.94902269, 0.87899824, 0.80874918, 0.90025942,
       0.90048716, 0.93216895, 0.93495231, 0.94101832, 0.93761514]), array([0.86897388, 0.94854436, 0.88036323, 0.80819494, 0.89921953,
       0.90061322, 0.93218499, 0.93404363, 0.94093171, 0.93688824]), array([0.86887401, 0.94850009, 0.88179503, 0.80743084, 0.90013414,
       0.90154735, 0.93344739, 0.9364588 , 0.94188119, 0.93794072])]
real metric: [array([0.95129508, 0.98680964, 0.92619471, 0.89450822, 0.92988347,
       0.91644483, 0.92363783, 0.91052651, 0.9309211 , 0.89729593]), array([0.95655641, 0.97939416, 0.92518074, 0.89731384, 0.92749166,
       0.91192245, 0.92089779, 0.90414765, 0.93413878, 0.90005343]), array([0.95149696, 0.98500937, 0.93600384, 0.89860046, 0.92835389,
       0.9042052 , 0.91709396, 0.90537834, 0.93108817, 0.89706081]), array([0.95481786, 0.97458745, 0.91395174, 0.88312526, 0.92074537,
       0.9103739 , 0.91188933, 0.92202365, 0.92684397, 0.90193424]), array([0.95150904, 0.98112983, 0.91968644, 0.88498451, 0.92607478,
       0.91082834, 0.91860049, 0.90928966, 0.9270516 , 0.88903573])]

estim_algorithm = ts-model, mode = classification, metric = auc, confidence_scores = entropy-conf, class_specific = True
test err: [0.03061306897679785, 0.030801137534003764, 0.0314642138716046, 0.033550720387885216, 0.03482805787664632]
estimated metric: [array([0.96079083, 0.97961853, 0.9527469 , 0.9324251 , 0.96159643,
       0.94446323, 0.96370821, 0.95200148, 0.95428414, 0.95763092]), array([0.96110387, 0.97989301, 0.95401468, 0.93338669, 0.96181485,
       0.94381022, 0.96540208, 0.95200149, 0.95519881, 0.95848258]), array([0.96025999, 0.97994837, 0.9543062 , 0.93256722, 0.9618215 ,
       0.94365124, 0.96263809, 0.95210516, 0.95450076, 0.9570126 ]), array([0.96094611, 0.97953958, 0.95364167, 0.93193566, 0.96077801,
       0.94250143, 0.96449975, 0.9510073 , 0.95404475, 0.95690573]), array([0.96124683, 0.97987387, 0.95478058, 0.93140007, 0.96103744,
       0.94384651, 0.96615625, 0.95314817, 0.95487968, 0.95758968])]
real metric: [array([0.95129508, 0.98680964, 0.92619471, 0.89450822, 0.92988347,
       0.91644483, 0.92363783, 0.91052651, 0.9309211 , 0.89729593]), array([0.95655641, 0.97939416, 0.92518074, 0.89731384, 0.92749166,
       0.91192245, 0.92089779, 0.90414765, 0.93413878, 0.90005343]), array([0.95149696, 0.98500937, 0.93600384, 0.89860046, 0.92835389,
       0.9042052 , 0.91709396, 0.90537834, 0.93108817, 0.89706081]), array([0.95481786, 0.97458745, 0.91395174, 0.88312526, 0.92074537,
       0.9103739 , 0.91188933, 0.92202365, 0.92684397, 0.90193424]), array([0.95150904, 0.98112983, 0.91968644, 0.88498451, 0.92607478,
       0.91082834, 0.91860049, 0.90928966, 0.9270516 , 0.88903573])]

estim_algorithm = ts-model, mode = classification, metric = auc, confidence_scores = doctor-conf, class_specific = False
test err: [0.04913742428699529, 0.04759393839526993, 0.050245454190706904, 0.04186914345135595, 0.04827297770902507]
estimated metric: [array([0.84028255, 0.96549414, 0.87345829, 0.82189511, 0.95205748,
       0.93565401, 0.96241705, 0.96510024, 0.96426262, 0.96291496]), array([0.84442534, 0.96584316, 0.8877558 , 0.83535263, 0.95148559,
       0.93940567, 0.96437188, 0.96541069, 0.96415682, 0.96469228]), array([0.85846691, 0.96534289, 0.88849298, 0.82657668, 0.95083816,
       0.94771955, 0.96234128, 0.96468726, 0.96431239, 0.96350511]), array([0.86330564, 0.96548876, 0.8948074 , 0.8379312 , 0.95066854,
       0.94089319, 0.96374023, 0.96416803, 0.96403715, 0.96404544]), array([0.85466462, 0.96581736, 0.88846339, 0.82175393, 0.9525761 ,
       0.94509924, 0.9644738 , 0.9653898 , 0.96475149, 0.96470942])]
real metric: [array([0.95129508, 0.98680964, 0.92619471, 0.89450822, 0.92988347,
       0.91644483, 0.92363783, 0.91052651, 0.9309211 , 0.89729593]), array([0.95655641, 0.97939416, 0.92518074, 0.89731384, 0.92749166,
       0.91192245, 0.92089779, 0.90414765, 0.93413878, 0.90005343]), array([0.95149696, 0.98500937, 0.93600384, 0.89860046, 0.92835389,
       0.9042052 , 0.91709396, 0.90537834, 0.93108817, 0.89706081]), array([0.95481786, 0.97458745, 0.91395174, 0.88312526, 0.92074537,
       0.9103739 , 0.91188933, 0.92202365, 0.92684397, 0.90193424]), array([0.95150904, 0.98112983, 0.91968644, 0.88498451, 0.92607478,
       0.91082834, 0.91860049, 0.90928966, 0.9270516 , 0.88903573])]

estim_algorithm = ts-model, mode = classification, metric = auc, confidence_scores = doctor-conf, class_specific = True
test err: [0.03774034555450286, 0.03893189314502068, 0.03864747627840355, 0.04186962676908239, 0.04280990173564829]
estimated metric: [array([0.98091811, 0.99140782, 0.9636639 , 0.94582681, 0.96862737,
       0.94812886, 0.97120901, 0.95654871, 0.9571942 , 0.96139598]), array([0.98128568, 0.99156237, 0.96445923, 0.94649985, 0.96902364,
       0.94681965, 0.97208364, 0.95590371, 0.95695471, 0.96182335]), array([0.98074841, 0.99128267, 0.964091  , 0.94592435, 0.96904071,
       0.9472097 , 0.97082404, 0.956382  , 0.95607853, 0.95918435]), array([0.98081604, 0.99116602, 0.96359392, 0.94555431, 0.96853596,
       0.94671951, 0.97109259, 0.95424377, 0.95643462, 0.96083231]), array([0.98117487, 0.99146494, 0.96472341, 0.94523905, 0.96899716,
       0.94809651, 0.97274844, 0.95675946, 0.9563191 , 0.9607665 ])]
real metric: [array([0.95129508, 0.98680964, 0.92619471, 0.89450822, 0.92988347,
       0.91644483, 0.92363783, 0.91052651, 0.9309211 , 0.89729593]), array([0.95655641, 0.97939416, 0.92518074, 0.89731384, 0.92749166,
       0.91192245, 0.92089779, 0.90414765, 0.93413878, 0.90005343]), array([0.95149696, 0.98500937, 0.93600384, 0.89860046, 0.92835389,
       0.9042052 , 0.91709396, 0.90537834, 0.93108817, 0.89706081]), array([0.95481786, 0.97458745, 0.91395174, 0.88312526, 0.92074537,
       0.9103739 , 0.91188933, 0.92202365, 0.92684397, 0.90193424]), array([0.95150904, 0.98112983, 0.91968644, 0.88498451, 0.92607478,
       0.91082834, 0.91860049, 0.90928966, 0.9270516 , 0.88903573])]

estim_algorithm = doc-model, mode = classification, metric = auc, confidence_scores = max_class_probability-conf, class_specific = False
test err: [0.07847304276487632, 0.07714974921614541, 0.07735087032622805, 0.07373061122140459, 0.07334437736311818]
estimated metric: [array([0.83987449, 0.86075233, 0.84034902, 0.83886806, 0.84408437,
       0.844814  , 0.8504346 , 0.8541302 , 0.855829  , 0.85365083]), array([0.8398839 , 0.86089553, 0.84094722, 0.83888254, 0.8443441 ,
       0.84450276, 0.85194725, 0.85404049, 0.85587456, 0.85428108]), array([0.83952469, 0.86140614, 0.84084927, 0.83883757, 0.84426258,
       0.84433599, 0.85008996, 0.85428213, 0.85417626, 0.85301769]), array([0.83982313, 0.86132398, 0.84028704, 0.83869026, 0.84385619,
       0.84486794, 0.85131476, 0.85360614, 0.85532522, 0.85389201]), array([0.83997716, 0.86045895, 0.84084045, 0.83860389, 0.84444298,
       0.84506888, 0.85150674, 0.8541123 , 0.85549194, 0.85424336])]
real metric: [array([0.95129508, 0.98680964, 0.92619471, 0.89450822, 0.92988347,
       0.91644483, 0.92363783, 0.91052651, 0.9309211 , 0.89729593]), array([0.95655641, 0.97939416, 0.92518074, 0.89731384, 0.92749166,
       0.91192245, 0.92089779, 0.90414765, 0.93413878, 0.90005343]), array([0.95149696, 0.98500937, 0.93600384, 0.89860046, 0.92835389,
       0.9042052 , 0.91709396, 0.90537834, 0.93108817, 0.89706081]), array([0.95481786, 0.97458745, 0.91395174, 0.88312526, 0.92074537,
       0.9103739 , 0.91188933, 0.92202365, 0.92684397, 0.90193424]), array([0.95150904, 0.98112983, 0.91968644, 0.88498451, 0.92607478,
       0.91082834, 0.91860049, 0.90928966, 0.9270516 , 0.88903573])]

estim_algorithm = doc-model, mode = classification, metric = auc, confidence_scores = max_class_probability-conf, class_specific = True
test err: [0.03784555709873376, 0.03917385644116035, 0.038943257296211786, 0.042557080325926686, 0.043027982544835544]
estimated metric: [array([0.97361108, 0.99582311, 0.96279595, 0.94612043, 0.96950077,
       0.94811723, 0.97152687, 0.95659729, 0.95860265, 0.96327751]), array([0.97372616, 0.99587204, 0.9632976 , 0.94613945, 0.96987753,
       0.94785131, 0.97303111, 0.95647082, 0.95858614, 0.96398332]), array([0.9735194 , 0.99583664, 0.96334906, 0.9460705 , 0.96976376,
       0.94778263, 0.97108546, 0.95669128, 0.95684999, 0.96277484]), array([0.97358376, 0.99583411, 0.96290616, 0.94595244, 0.96927172,
       0.94822361, 0.97243166, 0.95601803, 0.95797043, 0.96367165]), array([0.97372353, 0.9958539 , 0.96335583, 0.94585691, 0.96991554,
       0.94843098, 0.97263087, 0.9565827 , 0.95817743, 0.96394256])]
real metric: [array([0.95129508, 0.98680964, 0.92619471, 0.89450822, 0.92988347,
       0.91644483, 0.92363783, 0.91052651, 0.9309211 , 0.89729593]), array([0.95655641, 0.97939416, 0.92518074, 0.89731384, 0.92749166,
       0.91192245, 0.92089779, 0.90414765, 0.93413878, 0.90005343]), array([0.95149696, 0.98500937, 0.93600384, 0.89860046, 0.92835389,
       0.9042052 , 0.91709396, 0.90537834, 0.93108817, 0.89706081]), array([0.95481786, 0.97458745, 0.91395174, 0.88312526, 0.92074537,
       0.9103739 , 0.91188933, 0.92202365, 0.92684397, 0.90193424]), array([0.95150904, 0.98112983, 0.91968644, 0.88498451, 0.92607478,
       0.91082834, 0.91860049, 0.90928966, 0.9270516 , 0.88903573])]

estim_algorithm = doc-model, mode = classification, metric = auc, confidence_scores = energy-conf, class_specific = False
test err: [0.04275284472283251, 0.044398957792686086, 0.045906700077773234, 0.04277783086871376, 0.0507390677192875]
estimated metric: [array([0.96732742, 0.95743632, 0.97586703, 0.96752199, 0.9736659 ,
       0.97457904, 0.97466023, 0.97527876, 0.92319296, 0.93131319]), array([0.96725147, 0.95490809, 0.97569586, 0.96813655, 0.97331686,
       0.97469973, 0.97326832, 0.97501732, 0.91978509, 0.94132768]), array([0.96738466, 0.96124081, 0.97524441, 0.96821918, 0.97502574,
       0.97563035, 0.97477159, 0.97355907, 0.92176775, 0.95433648]), array([0.96780422, 0.95491478, 0.97542291, 0.96846402, 0.97274287,
       0.97499313, 0.97563727, 0.97434516, 0.91723215, 0.90794558]), array([0.96749879, 0.93890609, 0.97481893, 0.96825452, 0.97295992,
       0.9753895 , 0.97433819, 0.97318883, 0.96964429, 0.92613456])]
real metric: [array([0.95129508, 0.98680964, 0.92619471, 0.89450822, 0.92988347,
       0.91644483, 0.92363783, 0.91052651, 0.9309211 , 0.89729593]), array([0.95655641, 0.97939416, 0.92518074, 0.89731384, 0.92749166,
       0.91192245, 0.92089779, 0.90414765, 0.93413878, 0.90005343]), array([0.95149696, 0.98500937, 0.93600384, 0.89860046, 0.92835389,
       0.9042052 , 0.91709396, 0.90537834, 0.93108817, 0.89706081]), array([0.95481786, 0.97458745, 0.91395174, 0.88312526, 0.92074537,
       0.9103739 , 0.91188933, 0.92202365, 0.92684397, 0.90193424]), array([0.95150904, 0.98112983, 0.91968644, 0.88498451, 0.92607478,
       0.91082834, 0.91860049, 0.90928966, 0.9270516 , 0.88903573])]

estim_algorithm = doc-model, mode = classification, metric = auc, confidence_scores = energy-conf, class_specific = True
test err: [0.03228211972516428, 0.028651298331121778, 0.03220252835698625, 0.030432400396450933, 0.030020268951543784]
estimated metric: [array([0.95813989, 0.97700719, 0.95742753, 0.92040547, 0.96898389,
       0.95775059, 0.95542259, 0.95039605, 0.96266729, 0.96253313]), array([0.95910524, 0.97705695, 0.95307882, 0.91952195, 0.96761557,
       0.92435572, 0.95577308, 0.95803853, 0.96605916, 0.95833046]), array([0.95940096, 0.97695864, 0.95439404, 0.92119044, 0.97016228,
       0.9422651 , 0.95946746, 0.95245695, 0.9680443 , 0.95587465]), array([0.95915146, 0.97693951, 0.952739  , 0.91876962, 0.96870027,
       0.93110786, 0.95464679, 0.93948301, 0.96306985, 0.96000942]), array([0.95907383, 0.97702161, 0.95526644, 0.9094011 , 0.96982798,
       0.91552431, 0.94520006, 0.9438708 , 0.96860669, 0.96638384])]
real metric: [array([0.95129508, 0.98680964, 0.92619471, 0.89450822, 0.92988347,
       0.91644483, 0.92363783, 0.91052651, 0.9309211 , 0.89729593]), array([0.95655641, 0.97939416, 0.92518074, 0.89731384, 0.92749166,
       0.91192245, 0.92089779, 0.90414765, 0.93413878, 0.90005343]), array([0.95149696, 0.98500937, 0.93600384, 0.89860046, 0.92835389,
       0.9042052 , 0.91709396, 0.90537834, 0.93108817, 0.89706081]), array([0.95481786, 0.97458745, 0.91395174, 0.88312526, 0.92074537,
       0.9103739 , 0.91188933, 0.92202365, 0.92684397, 0.90193424]), array([0.95150904, 0.98112983, 0.91968644, 0.88498451, 0.92607478,
       0.91082834, 0.91860049, 0.90928966, 0.9270516 , 0.88903573])]

estim_algorithm = doc-model, mode = classification, metric = auc, confidence_scores = entropy-conf, class_specific = False
test err: [0.07893001741980037, 0.07785435362546292, 0.07764589125375251, 0.07423768490757542, 0.07396300546808775]
estimated metric: [array([0.84585187, 0.85067933, 0.84647058, 0.84636412, 0.84766879,
       0.84767381, 0.84822001, 0.84878565, 0.84829672, 0.84820626]), array([0.84586111, 0.85072281, 0.84648799, 0.84638162, 0.84773149,
       0.84754937, 0.84840075, 0.84881292, 0.8482    , 0.84840531]), array([0.84581458, 0.8508254 , 0.84646687, 0.84637207, 0.84768361,
       0.84750599, 0.84824234, 0.84881773, 0.84802627, 0.84807722]), array([0.84584939, 0.85071077, 0.8463629 , 0.84638346, 0.84764652,
       0.84758077, 0.84826261, 0.84873415, 0.84826042, 0.84812492]), array([0.84585686, 0.85061663, 0.84646801, 0.84635524, 0.84772134,
       0.84761024, 0.84835536, 0.84880546, 0.84836597, 0.84840527])]
real metric: [array([0.95129508, 0.98680964, 0.92619471, 0.89450822, 0.92988347,
       0.91644483, 0.92363783, 0.91052651, 0.9309211 , 0.89729593]), array([0.95655641, 0.97939416, 0.92518074, 0.89731384, 0.92749166,
       0.91192245, 0.92089779, 0.90414765, 0.93413878, 0.90005343]), array([0.95149696, 0.98500937, 0.93600384, 0.89860046, 0.92835389,
       0.9042052 , 0.91709396, 0.90537834, 0.93108817, 0.89706081]), array([0.95481786, 0.97458745, 0.91395174, 0.88312526, 0.92074537,
       0.9103739 , 0.91188933, 0.92202365, 0.92684397, 0.90193424]), array([0.95150904, 0.98112983, 0.91968644, 0.88498451, 0.92607478,
       0.91082834, 0.91860049, 0.90928966, 0.9270516 , 0.88903573])]

estim_algorithm = doc-model, mode = classification, metric = auc, confidence_scores = entropy-conf, class_specific = True
test err: [0.03984930153986251, 0.04092719402383632, 0.04111386179093222, 0.04452730188544286, 0.04484329497741567]
estimated metric: [array([0.97415158, 0.99612338, 0.96537884, 0.94693655, 0.97351507,
       0.95021515, 0.97588353, 0.95748782, 0.96074086, 0.96557755]), array([0.97415743, 0.99615856, 0.96540465, 0.94694198, 0.97358011,
       0.95010212, 0.97606937, 0.9575202 , 0.96064999, 0.96578443]), array([0.97410153, 0.99614123, 0.96537013, 0.94692825, 0.97352037,
       0.95004512, 0.97590257, 0.9575108 , 0.96046505, 0.96544456]), array([0.97412804, 0.99614405, 0.9652585 , 0.946942  , 0.97347525,
       0.95010279, 0.97591294, 0.95742475, 0.96069219, 0.96548529]), array([0.974189  , 0.996151  , 0.96540008, 0.94693382, 0.97358547,
       0.95016797, 0.97603702, 0.95752836, 0.96083243, 0.96579823])]
real metric: [array([0.95129508, 0.98680964, 0.92619471, 0.89450822, 0.92988347,
       0.91644483, 0.92363783, 0.91052651, 0.9309211 , 0.89729593]), array([0.95655641, 0.97939416, 0.92518074, 0.89731384, 0.92749166,
       0.91192245, 0.92089779, 0.90414765, 0.93413878, 0.90005343]), array([0.95149696, 0.98500937, 0.93600384, 0.89860046, 0.92835389,
       0.9042052 , 0.91709396, 0.90537834, 0.93108817, 0.89706081]), array([0.95481786, 0.97458745, 0.91395174, 0.88312526, 0.92074537,
       0.9103739 , 0.91188933, 0.92202365, 0.92684397, 0.90193424]), array([0.95150904, 0.98112983, 0.91968644, 0.88498451, 0.92607478,
       0.91082834, 0.91860049, 0.90928966, 0.9270516 , 0.88903573])]

estim_algorithm = doc-model, mode = classification, metric = auc, confidence_scores = doctor-conf, class_specific = False
test err: [0.0635956292159611, 0.061438735800370556, 0.06237368712301222, 0.05617598322638241, 0.06116643785768816]
estimated metric: [array([0.80255871, 0.96531331, 0.81992135, 0.81394817, 0.88044473,
       0.85876577, 0.95856744, 0.95427431, 0.96141109, 0.95990092]), array([0.80280947, 0.96564403, 0.82628912, 0.82169999, 0.8836216 ,
       0.86061315, 0.95808544, 0.9553998 , 0.9630886 , 0.95986929]), array([0.80873375, 0.96543806, 0.82648744, 0.8179315 , 0.87735966,
       0.86948867, 0.95632251, 0.9551708 , 0.96244772, 0.9621865 ]), array([0.81338123, 0.96550593, 0.82762622, 0.82409274, 0.87704729,
       0.85643605, 0.95525652, 0.95349219, 0.96193878, 0.96025141]), array([0.80627885, 0.96584053, 0.82649596, 0.81547847, 0.88275101,
       0.85968282, 0.95820903, 0.95527749, 0.96308495, 0.96138509])]
real metric: [array([0.95129508, 0.98680964, 0.92619471, 0.89450822, 0.92988347,
       0.91644483, 0.92363783, 0.91052651, 0.9309211 , 0.89729593]), array([0.95655641, 0.97939416, 0.92518074, 0.89731384, 0.92749166,
       0.91192245, 0.92089779, 0.90414765, 0.93413878, 0.90005343]), array([0.95149696, 0.98500937, 0.93600384, 0.89860046, 0.92835389,
       0.9042052 , 0.91709396, 0.90537834, 0.93108817, 0.89706081]), array([0.95481786, 0.97458745, 0.91395174, 0.88312526, 0.92074537,
       0.9103739 , 0.91188933, 0.92202365, 0.92684397, 0.90193424]), array([0.95150904, 0.98112983, 0.91968644, 0.88498451, 0.92607478,
       0.91082834, 0.91860049, 0.90928966, 0.9270516 , 0.88903573])]

estim_algorithm = doc-model, mode = classification, metric = auc, confidence_scores = doctor-conf, class_specific = True
test err: [0.03217493938072421, 0.03201879331432196, 0.03355129594746301, 0.03538803519574455, 0.03540040953029936]
estimated metric: [array([0.95742528, 0.97861532, 0.95790905, 0.92942249, 0.96533774,
       0.94780928, 0.96964108, 0.95896786, 0.96164107, 0.94610891]), array([0.95755006, 0.97927331, 0.96133268, 0.93773341, 0.96513894,
       0.94996908, 0.96886588, 0.95436162, 0.94959056, 0.95322761]), array([0.95920812, 0.97959051, 0.96144235, 0.93400688, 0.96461569,
       0.95928457, 0.96321452, 0.95983635, 0.94868755, 0.9490797 ]), array([0.95764646, 0.98002813, 0.96178661, 0.94040858, 0.96381996,
       0.94547984, 0.96964589, 0.95587607, 0.9568992 , 0.94258238]), array([0.95872022, 0.97866738, 0.9616195 , 0.93070022, 0.96565276,
       0.94855036, 0.96931785, 0.9578751 , 0.9456133 , 0.95055293])]
real metric: [array([0.95129508, 0.98680964, 0.92619471, 0.89450822, 0.92988347,
       0.91644483, 0.92363783, 0.91052651, 0.9309211 , 0.89729593]), array([0.95655641, 0.97939416, 0.92518074, 0.89731384, 0.92749166,
       0.91192245, 0.92089779, 0.90414765, 0.93413878, 0.90005343]), array([0.95149696, 0.98500937, 0.93600384, 0.89860046, 0.92835389,
       0.9042052 , 0.91709396, 0.90537834, 0.93108817, 0.89706081]), array([0.95481786, 0.97458745, 0.91395174, 0.88312526, 0.92074537,
       0.9103739 , 0.91188933, 0.92202365, 0.92684397, 0.90193424]), array([0.95150904, 0.98112983, 0.91968644, 0.88498451, 0.92607478,
       0.91082834, 0.91860049, 0.90928966, 0.9270516 , 0.88903573])]

