estim_algorithm = ac-model, mode = classification, metric = sensitivity, confidence_scores = max_class_probability-conf, class_specific = False
test err: [0.22074597089278253, 0.21347898940166274, 0.21586481712473354, 0.21453684544023618, 0.2180251188920978]
estimated metric: [array([0.90696441, 0.94692284, 0.88506043, 0.85419142, 0.89226408,
       0.87803233, 0.8982227 , 0.89845244, 0.89649441, 0.90505142]), array([0.91188809, 0.94241732, 0.87639431, 0.84774614, 0.8837495 ,
       0.88229841, 0.90902865, 0.92274198, 0.9023556 , 0.91095569]), array([0.90240905, 0.94390657, 0.88418574, 0.85829328, 0.8941562 ,
       0.87386101, 0.913928  , 0.91073833, 0.90293854, 0.90422395]), array([0.90009399, 0.94801356, 0.88067466, 0.86185352, 0.88612762,
       0.88935464, 0.90358307, 0.91870129, 0.88195628, 0.90229216]), array([0.90760033, 0.94568658, 0.88769094, 0.85918365, 0.88641116,
       0.87876968, 0.91198399, 0.90992616, 0.90584041, 0.91733571])]
real metric: [array([0.9592145 , 0.98543046, 0.75923191, 0.72690763, 0.70408163,
       0.63407821, 0.66372981, 0.58251058, 0.44637681, 0.47415066]), array([0.9375    , 0.98312236, 0.76708508, 0.73304473, 0.68398268,
       0.63474692, 0.68907563, 0.58273381, 0.47754491, 0.49858357]), array([0.93274854, 0.97033898, 0.76264045, 0.67146974, 0.73098592,
       0.62643678, 0.6797829 , 0.59467041, 0.46856287, 0.50589971]), array([0.94334278, 0.97597598, 0.77894737, 0.71428571, 0.70985915,
       0.61235955, 0.70798898, 0.58705036, 0.43422914, 0.50566572]), array([0.94008559, 0.97748344, 0.78614458, 0.73088685, 0.68901569,
       0.61560284, 0.70014144, 0.57643759, 0.44736842, 0.49557522])]

estim_algorithm = ac-model, mode = classification, metric = sensitivity, confidence_scores = energy-conf, class_specific = False
test err: [0.3937851541215184, 0.39614961173527313, 0.39539026941605576, 0.40191178303846425, 0.39480144367788605]
estimated metric: [array([0.26155025, 0.45401409, 0.26192594, 0.2247647 , 0.258296  ,
       0.29161842, 0.28445113, 0.30502264, 0.31291857, 0.34329893]), array([0.27040741, 0.44182825, 0.25720148, 0.23426067, 0.2535569 ,
       0.30216583, 0.28518723, 0.32922585, 0.30790913, 0.34418084]), array([0.26392552, 0.44257845, 0.25527747, 0.23288204, 0.26090396,
       0.30712027, 0.28825899, 0.31022481, 0.29785842, 0.33060367]), array([0.25431849, 0.42841918, 0.25811421, 0.23048106, 0.24834048,
       0.30764718, 0.27351142, 0.31829153, 0.30348815, 0.3279752 ]), array([0.26437432, 0.44716026, 0.2510584 , 0.23343027, 0.25693329,
       0.29818425, 0.28670559, 0.30507409, 0.31870418, 0.34910256])]
real metric: [array([0.9592145 , 0.98543046, 0.75923191, 0.72690763, 0.70408163,
       0.63407821, 0.66372981, 0.58251058, 0.44637681, 0.47415066]), array([0.9375    , 0.98312236, 0.76708508, 0.73304473, 0.68398268,
       0.63474692, 0.68907563, 0.58273381, 0.47754491, 0.49858357]), array([0.93274854, 0.97033898, 0.76264045, 0.67146974, 0.73098592,
       0.62643678, 0.6797829 , 0.59467041, 0.46856287, 0.50589971]), array([0.94334278, 0.97597598, 0.77894737, 0.71428571, 0.70985915,
       0.61235955, 0.70798898, 0.58705036, 0.43422914, 0.50566572]), array([0.94008559, 0.97748344, 0.78614458, 0.73088685, 0.68901569,
       0.61560284, 0.70014144, 0.57643759, 0.44736842, 0.49557522])]

estim_algorithm = ac-model, mode = classification, metric = sensitivity, confidence_scores = entropy-conf, class_specific = False
test err: [0.20931214367771828, 0.20184579336998226, 0.20399721274123453, 0.20300741555895446, 0.20586123326997088]
estimated metric: [array([0.88888562, 0.94017044, 0.86648367, 0.83005705, 0.87043718,
       0.86105082, 0.88276904, 0.88321866, 0.88440156, 0.8901818 ]), array([0.89724451, 0.9332732 , 0.85671302, 0.82763471, 0.86543984,
       0.8689119 , 0.88855813, 0.90430275, 0.8859315 , 0.89765876]), array([0.88867716, 0.93474494, 0.86423029, 0.83666645, 0.87411307,
       0.85931699, 0.89629511, 0.89075655, 0.89037185, 0.88900516]), array([0.88267465, 0.93801939, 0.86368463, 0.83734492, 0.86266996,
       0.87669952, 0.88141277, 0.90001005, 0.86970739, 0.89030618]), array([0.89077008, 0.93846817, 0.86590358, 0.83473808, 0.86746298,
       0.86229602, 0.89315569, 0.89155785, 0.89392702, 0.90241294])]
real metric: [array([0.9592145 , 0.98543046, 0.75923191, 0.72690763, 0.70408163,
       0.63407821, 0.66372981, 0.58251058, 0.44637681, 0.47415066]), array([0.9375    , 0.98312236, 0.76708508, 0.73304473, 0.68398268,
       0.63474692, 0.68907563, 0.58273381, 0.47754491, 0.49858357]), array([0.93274854, 0.97033898, 0.76264045, 0.67146974, 0.73098592,
       0.62643678, 0.6797829 , 0.59467041, 0.46856287, 0.50589971]), array([0.94334278, 0.97597598, 0.77894737, 0.71428571, 0.70985915,
       0.61235955, 0.70798898, 0.58705036, 0.43422914, 0.50566572]), array([0.94008559, 0.97748344, 0.78614458, 0.73088685, 0.68901569,
       0.61560284, 0.70014144, 0.57643759, 0.44736842, 0.49557522])]

estim_algorithm = ac-model, mode = classification, metric = sensitivity, confidence_scores = doctor-conf, class_specific = False
test err: [0.24684730189531154, 0.23997913261622572, 0.24137273303541168, 0.23967989012224916, 0.24173153117214236]
estimated metric: [array([0.93925306, 0.96341736, 0.92510378, 0.90199217, 0.92760194,
       0.92051857, 0.93262086, 0.93446352, 0.93657984, 0.93868503]), array([0.94334694, 0.96149025, 0.9173653 , 0.89908605, 0.92260561,
       0.92437357, 0.9390423 , 0.9513094 , 0.93803845, 0.94728893]), array([0.93670324, 0.96205263, 0.92254154, 0.90576821, 0.93101837,
       0.91881552, 0.94531812, 0.93968904, 0.93847983, 0.94030443]), array([0.9347371 , 0.96543626, 0.9240747 , 0.90825179, 0.92317627,
       0.92821078, 0.93610512, 0.94613926, 0.9236501 , 0.93843148]), array([0.93974448, 0.96541822, 0.92770815, 0.90536431, 0.92610558,
       0.91740515, 0.941113  , 0.94119521, 0.94111739, 0.94607283])]
real metric: [array([0.9592145 , 0.98543046, 0.75923191, 0.72690763, 0.70408163,
       0.63407821, 0.66372981, 0.58251058, 0.44637681, 0.47415066]), array([0.9375    , 0.98312236, 0.76708508, 0.73304473, 0.68398268,
       0.63474692, 0.68907563, 0.58273381, 0.47754491, 0.49858357]), array([0.93274854, 0.97033898, 0.76264045, 0.67146974, 0.73098592,
       0.62643678, 0.6797829 , 0.59467041, 0.46856287, 0.50589971]), array([0.94334278, 0.97597598, 0.77894737, 0.71428571, 0.70985915,
       0.61235955, 0.70798898, 0.58705036, 0.43422914, 0.50566572]), array([0.94008559, 0.97748344, 0.78614458, 0.73088685, 0.68901569,
       0.61560284, 0.70014144, 0.57643759, 0.44736842, 0.49557522])]

estim_algorithm = ts-model, mode = classification, metric = sensitivity, confidence_scores = max_class_probability-conf, class_specific = False
test err: [0.13530583499122256, 0.1303873686169142, 0.1228528427866357, 0.13641657277715266, 0.1371307418982625]
estimated metric: [array([0.70651593, 0.84441558, 0.67723653, 0.61516368, 0.67568665,
       0.68109875, 0.70606033, 0.71422922, 0.70992702, 0.72674136]), array([0.72027182, 0.83457841, 0.66577372, 0.61526119, 0.66825258,
       0.69357655, 0.71262896, 0.73935578, 0.71146491, 0.72893519]), array([0.7112342 , 0.83704238, 0.6705629 , 0.62192953, 0.68017762,
       0.68703643, 0.71856059, 0.72052809, 0.71321309, 0.7173059 ]), array([0.69690059, 0.83592443, 0.67074919, 0.6216196 , 0.66159475,
       0.70412174, 0.69532052, 0.73112106, 0.69764034, 0.72229649]), array([0.71109619, 0.84019375, 0.66421053, 0.62281968, 0.67032618,
       0.68404999, 0.71649956, 0.71518218, 0.72858924, 0.74714213])]
real metric: [array([0.9592145 , 0.98543046, 0.75923191, 0.72690763, 0.70408163,
       0.63407821, 0.66372981, 0.58251058, 0.44637681, 0.47415066]), array([0.9375    , 0.98312236, 0.76708508, 0.73304473, 0.68398268,
       0.63474692, 0.68907563, 0.58273381, 0.47754491, 0.49858357]), array([0.93274854, 0.97033898, 0.76264045, 0.67146974, 0.73098592,
       0.62643678, 0.6797829 , 0.59467041, 0.46856287, 0.50589971]), array([0.94334278, 0.97597598, 0.77894737, 0.71428571, 0.70985915,
       0.61235955, 0.70798898, 0.58705036, 0.43422914, 0.50566572]), array([0.94008559, 0.97748344, 0.78614458, 0.73088685, 0.68901569,
       0.61560284, 0.70014144, 0.57643759, 0.44736842, 0.49557522])]

estim_algorithm = ts-model, mode = classification, metric = sensitivity, confidence_scores = max_class_probability-conf, class_specific = True
test err: [0.03661216247683054, 0.03153631793814289, 0.0343921278125933, 0.02817627429118195, 0.029431525417588495]
estimated metric: [array([0.93847299, 0.96945404, 0.79344914, 0.77210931, 0.75723257,
       0.58301076, 0.72597095, 0.61440705, 0.49773746, 0.4744188 ]), array([0.94034663, 0.96956911, 0.78200149, 0.7677723 , 0.74996236,
       0.59716975, 0.73290692, 0.63995863, 0.49426881, 0.47060111]), array([0.93239789, 0.9698695 , 0.78988314, 0.77876763, 0.76144963,
       0.5959677 , 0.73908804, 0.6191689 , 0.48676171, 0.4602744 ]), array([0.93240661, 0.97328237, 0.78825062, 0.77988283, 0.74511051,
       0.60572616, 0.71617621, 0.62982804, 0.48894018, 0.45999382]), array([0.938131  , 0.97063477, 0.78876377, 0.77829865, 0.75133704,
       0.58758693, 0.73696623, 0.61246036, 0.50851435, 0.48442497])]
real metric: [array([0.9592145 , 0.98543046, 0.75923191, 0.72690763, 0.70408163,
       0.63407821, 0.66372981, 0.58251058, 0.44637681, 0.47415066]), array([0.9375    , 0.98312236, 0.76708508, 0.73304473, 0.68398268,
       0.63474692, 0.68907563, 0.58273381, 0.47754491, 0.49858357]), array([0.93274854, 0.97033898, 0.76264045, 0.67146974, 0.73098592,
       0.62643678, 0.6797829 , 0.59467041, 0.46856287, 0.50589971]), array([0.94334278, 0.97597598, 0.77894737, 0.71428571, 0.70985915,
       0.61235955, 0.70798898, 0.58705036, 0.43422914, 0.50566572]), array([0.94008559, 0.97748344, 0.78614458, 0.73088685, 0.68901569,
       0.61560284, 0.70014144, 0.57643759, 0.44736842, 0.49557522])]

estim_algorithm = ts-model, mode = classification, metric = sensitivity, confidence_scores = energy-conf, class_specific = False
test err: [0.14009388557858216, 0.13374890052362903, 0.13163772442626387, 0.13356662801069266, 0.1389730798725802]
estimated metric: [array([0.71469687, 0.78261837, 0.71959693, 0.71192047, 0.71918283,
       0.73315725, 0.72636639, 0.73477857, 0.73821433, 0.75221533]), array([0.716574  , 0.77787448, 0.71887518, 0.71599041, 0.71796568,
       0.73590124, 0.72610556, 0.74305116, 0.73642172, 0.75327307]), array([0.71489158, 0.77810637, 0.71770695, 0.71499635, 0.71946701,
       0.73834325, 0.72697069, 0.73700954, 0.73160335, 0.74773451]), array([0.71272887, 0.77176025, 0.71871115, 0.71389387, 0.71650854,
       0.73738485, 0.72336487, 0.73941965, 0.73543209, 0.74525149]), array([0.71545621, 0.78041524, 0.71695795, 0.71500907, 0.71876997,
       0.73595277, 0.72632634, 0.73526573, 0.73845071, 0.75234449])]
real metric: [array([0.9592145 , 0.98543046, 0.75923191, 0.72690763, 0.70408163,
       0.63407821, 0.66372981, 0.58251058, 0.44637681, 0.47415066]), array([0.9375    , 0.98312236, 0.76708508, 0.73304473, 0.68398268,
       0.63474692, 0.68907563, 0.58273381, 0.47754491, 0.49858357]), array([0.93274854, 0.97033898, 0.76264045, 0.67146974, 0.73098592,
       0.62643678, 0.6797829 , 0.59467041, 0.46856287, 0.50589971]), array([0.94334278, 0.97597598, 0.77894737, 0.71428571, 0.70985915,
       0.61235955, 0.70798898, 0.58705036, 0.43422914, 0.50566572]), array([0.94008559, 0.97748344, 0.78614458, 0.73088685, 0.68901569,
       0.61560284, 0.70014144, 0.57643759, 0.44736842, 0.49557522])]

estim_algorithm = ts-model, mode = classification, metric = sensitivity, confidence_scores = energy-conf, class_specific = True
test err: [0.046958159487823864, 0.0407534807220095, 0.04231292404461849, 0.04216759233700258, 0.03956057635506335]
estimated metric: [array([0.93968934, 0.97185547, 0.81281562, 0.77810754, 0.80048928,
       0.6237401 , 0.76214901, 0.61997729, 0.523381  , 0.48621262]), array([0.94086573, 0.97129504, 0.81214807, 0.7817733 , 0.79953024,
       0.62722013, 0.76192749, 0.63055465, 0.52061622, 0.48685172]), array([0.93981074, 0.97109074, 0.8111549 , 0.78083665, 0.80083789,
       0.6303256 , 0.76274821, 0.62259169, 0.51313949, 0.47766978]), array([0.93839095, 0.96919892, 0.812008  , 0.77992555, 0.79823301,
       0.62896953, 0.75935329, 0.62564005, 0.51927608, 0.47440392]), array([0.93993914, 0.97075409, 0.81053031, 0.78086459, 0.80018617,
       0.62722712, 0.76211652, 0.6206377 , 0.52398509, 0.48679536])]
real metric: [array([0.9592145 , 0.98543046, 0.75923191, 0.72690763, 0.70408163,
       0.63407821, 0.66372981, 0.58251058, 0.44637681, 0.47415066]), array([0.9375    , 0.98312236, 0.76708508, 0.73304473, 0.68398268,
       0.63474692, 0.68907563, 0.58273381, 0.47754491, 0.49858357]), array([0.93274854, 0.97033898, 0.76264045, 0.67146974, 0.73098592,
       0.62643678, 0.6797829 , 0.59467041, 0.46856287, 0.50589971]), array([0.94334278, 0.97597598, 0.77894737, 0.71428571, 0.70985915,
       0.61235955, 0.70798898, 0.58705036, 0.43422914, 0.50566572]), array([0.94008559, 0.97748344, 0.78614458, 0.73088685, 0.68901569,
       0.61560284, 0.70014144, 0.57643759, 0.44736842, 0.49557522])]

estim_algorithm = ts-model, mode = classification, metric = sensitivity, confidence_scores = entropy-conf, class_specific = False
test err: [0.138952174981846, 0.13288713933597712, 0.12560286012721394, 0.14126966744216335, 0.14011203499111505]
estimated metric: [array([0.69949097, 0.8460677 , 0.67176541, 0.60613133, 0.66574051,
       0.68349053, 0.70231379, 0.71105936, 0.71575177, 0.73208215]), array([0.71543017, 0.83554931, 0.6598897 , 0.61006136, 0.66033198,
       0.69730568, 0.70662291, 0.73423387, 0.71309319, 0.73682825]), array([0.70722155, 0.83664971, 0.66319991, 0.61646352, 0.67385123,
       0.69181891, 0.71261297, 0.71587563, 0.71604011, 0.72423593]), array([0.68859783, 0.83428788, 0.66652224, 0.61428721, 0.6523392 ,
       0.70844333, 0.68686676, 0.72569426, 0.70110329, 0.72926173]), array([0.70490617, 0.8421588 , 0.65581897, 0.61492582, 0.66220069,
       0.68546176, 0.70909341, 0.70995443, 0.73572047, 0.7524101 ])]
real metric: [array([0.9592145 , 0.98543046, 0.75923191, 0.72690763, 0.70408163,
       0.63407821, 0.66372981, 0.58251058, 0.44637681, 0.47415066]), array([0.9375    , 0.98312236, 0.76708508, 0.73304473, 0.68398268,
       0.63474692, 0.68907563, 0.58273381, 0.47754491, 0.49858357]), array([0.93274854, 0.97033898, 0.76264045, 0.67146974, 0.73098592,
       0.62643678, 0.6797829 , 0.59467041, 0.46856287, 0.50589971]), array([0.94334278, 0.97597598, 0.77894737, 0.71428571, 0.70985915,
       0.61235955, 0.70798898, 0.58705036, 0.43422914, 0.50566572]), array([0.94008559, 0.97748344, 0.78614458, 0.73088685, 0.68901569,
       0.61560284, 0.70014144, 0.57643759, 0.44736842, 0.49557522])]

estim_algorithm = ts-model, mode = classification, metric = sensitivity, confidence_scores = entropy-conf, class_specific = True
test err: [0.03682329338335135, 0.03125209365902637, 0.03392260176358512, 0.027575062025503194, 0.029385490087415637]
estimated metric: [array([0.93587322, 0.96907063, 0.79238102, 0.76810793, 0.7569283 ,
       0.57308577, 0.72471969, 0.60988938, 0.49285299, 0.46865224]), array([0.93940393, 0.96766961, 0.78075044, 0.76761329, 0.75213652,
       0.58878535, 0.72911727, 0.63390495, 0.48577954, 0.46521605]), array([0.9320174 , 0.96831206, 0.78728932, 0.77698123, 0.76385825,
       0.58959386, 0.7355022 , 0.61369079, 0.47683104, 0.45231521]), array([0.93097071, 0.97162764, 0.78902804, 0.77586651, 0.74564082,
       0.59886428, 0.71028159, 0.62365988, 0.47977501, 0.45202191]), array([0.93603051, 0.96997385, 0.78518   , 0.77415429, 0.75355529,
       0.57600281, 0.73194622, 0.60502835, 0.50591515, 0.48059891])]
real metric: [array([0.9592145 , 0.98543046, 0.75923191, 0.72690763, 0.70408163,
       0.63407821, 0.66372981, 0.58251058, 0.44637681, 0.47415066]), array([0.9375    , 0.98312236, 0.76708508, 0.73304473, 0.68398268,
       0.63474692, 0.68907563, 0.58273381, 0.47754491, 0.49858357]), array([0.93274854, 0.97033898, 0.76264045, 0.67146974, 0.73098592,
       0.62643678, 0.6797829 , 0.59467041, 0.46856287, 0.50589971]), array([0.94334278, 0.97597598, 0.77894737, 0.71428571, 0.70985915,
       0.61235955, 0.70798898, 0.58705036, 0.43422914, 0.50566572]), array([0.94008559, 0.97748344, 0.78614458, 0.73088685, 0.68901569,
       0.61560284, 0.70014144, 0.57643759, 0.44736842, 0.49557522])]

estim_algorithm = ts-model, mode = classification, metric = sensitivity, confidence_scores = doctor-conf, class_specific = False
test err: [0.1430619665292394, 0.1385267358458344, 0.12984974431329302, 0.14816287717302154, 0.14652512832262304]
estimated metric: [array([0.69121871, 0.84766279, 0.65715033, 0.58041486, 0.65146336,
       0.67441364, 0.69360126, 0.70041104, 0.71908915, 0.73699458]), array([0.71133899, 0.83322616, 0.64088845, 0.58668326, 0.64765972,
       0.69104315, 0.69931678, 0.73096609, 0.7140286 , 0.7476593 ]), array([0.70001975, 0.83299452, 0.64787082, 0.59861949, 0.66856563,
       0.68064768, 0.70757716, 0.71105787, 0.72084064, 0.73361335]), array([0.67540059, 0.83094578, 0.65078574, 0.59594163, 0.63881141,
       0.70581643, 0.67636928, 0.72232333, 0.69367267, 0.73697557]), array([0.69733733, 0.84151144, 0.64184276, 0.59123471, 0.64712862,
       0.6777531 , 0.70218431, 0.70687345, 0.74480025, 0.76420439])]
real metric: [array([0.9592145 , 0.98543046, 0.75923191, 0.72690763, 0.70408163,
       0.63407821, 0.66372981, 0.58251058, 0.44637681, 0.47415066]), array([0.9375    , 0.98312236, 0.76708508, 0.73304473, 0.68398268,
       0.63474692, 0.68907563, 0.58273381, 0.47754491, 0.49858357]), array([0.93274854, 0.97033898, 0.76264045, 0.67146974, 0.73098592,
       0.62643678, 0.6797829 , 0.59467041, 0.46856287, 0.50589971]), array([0.94334278, 0.97597598, 0.77894737, 0.71428571, 0.70985915,
       0.61235955, 0.70798898, 0.58705036, 0.43422914, 0.50566572]), array([0.94008559, 0.97748344, 0.78614458, 0.73088685, 0.68901569,
       0.61560284, 0.70014144, 0.57643759, 0.44736842, 0.49557522])]

estim_algorithm = ts-model, mode = classification, metric = sensitivity, confidence_scores = doctor-conf, class_specific = True
test err: [0.0358421513396813, 0.032313857964018304, 0.036986894752426044, 0.02763469545293603, 0.028259496299775706]
estimated metric: [array([0.93440873, 0.96766017, 0.79276099, 0.75913556, 0.74832493,
       0.54447149, 0.71425815, 0.60064678, 0.47587319, 0.45607317]), array([0.93903173, 0.96647163, 0.77829176, 0.76007464, 0.7446294 ,
       0.55881946, 0.71993251, 0.62966994, 0.4712963 , 0.45247983]), array([0.9321007 , 0.96695478, 0.78685306, 0.77236333, 0.76070717,
       0.55665992, 0.7286683 , 0.60962251, 0.46125993, 0.43580757]), array([0.92971389, 0.9702226 , 0.79034018, 0.77114139, 0.73779851,
       0.57939306, 0.69789127, 0.61946734, 0.45784759, 0.44398851]), array([0.93507036, 0.96979206, 0.78644825, 0.76615871, 0.74674978,
       0.5480674 , 0.72270143, 0.59800393, 0.49752021, 0.48081005])]
real metric: [array([0.9592145 , 0.98543046, 0.75923191, 0.72690763, 0.70408163,
       0.63407821, 0.66372981, 0.58251058, 0.44637681, 0.47415066]), array([0.9375    , 0.98312236, 0.76708508, 0.73304473, 0.68398268,
       0.63474692, 0.68907563, 0.58273381, 0.47754491, 0.49858357]), array([0.93274854, 0.97033898, 0.76264045, 0.67146974, 0.73098592,
       0.62643678, 0.6797829 , 0.59467041, 0.46856287, 0.50589971]), array([0.94334278, 0.97597598, 0.77894737, 0.71428571, 0.70985915,
       0.61235955, 0.70798898, 0.58705036, 0.43422914, 0.50566572]), array([0.94008559, 0.97748344, 0.78614458, 0.73088685, 0.68901569,
       0.61560284, 0.70014144, 0.57643759, 0.44736842, 0.49557522])]

estim_algorithm = doc-model, mode = classification, metric = sensitivity, confidence_scores = max_class_probability-conf, class_specific = False
test err: [0.1352843564991495, 0.13383770983180743, 0.12408255038893032, 0.12983867533757124, 0.1372173363678025]
estimated metric: [array([0.73276864, 0.77272707, 0.71086466, 0.67999566, 0.71806832,
       0.70383657, 0.72402694, 0.72425668, 0.72229865, 0.73085566]), array([0.73769232, 0.76822155, 0.70219855, 0.67355037, 0.70955374,
       0.70810265, 0.73483288, 0.74854622, 0.72815984, 0.73675992]), array([0.72821329, 0.76971081, 0.70998997, 0.68409752, 0.71996044,
       0.69966525, 0.73973224, 0.73654257, 0.72874278, 0.73002818]), array([0.72589823, 0.77381779, 0.70647889, 0.68765775, 0.71193186,
       0.71515888, 0.72938731, 0.74450553, 0.70776051, 0.7280964 ]), array([0.73340457, 0.77149081, 0.71349517, 0.68498788, 0.7122154 ,
       0.70457392, 0.73778822, 0.7357304 , 0.73164465, 0.74313995])]
real metric: [array([0.9592145 , 0.98543046, 0.75923191, 0.72690763, 0.70408163,
       0.63407821, 0.66372981, 0.58251058, 0.44637681, 0.47415066]), array([0.9375    , 0.98312236, 0.76708508, 0.73304473, 0.68398268,
       0.63474692, 0.68907563, 0.58273381, 0.47754491, 0.49858357]), array([0.93274854, 0.97033898, 0.76264045, 0.67146974, 0.73098592,
       0.62643678, 0.6797829 , 0.59467041, 0.46856287, 0.50589971]), array([0.94334278, 0.97597598, 0.77894737, 0.71428571, 0.70985915,
       0.61235955, 0.70798898, 0.58705036, 0.43422914, 0.50566572]), array([0.94008559, 0.97748344, 0.78614458, 0.73088685, 0.68901569,
       0.61560284, 0.70014144, 0.57643759, 0.44736842, 0.49557522])]

estim_algorithm = doc-model, mode = classification, metric = sensitivity, confidence_scores = max_class_probability-conf, class_specific = True
test err: [0.041318672795894615, 0.03738762684182064, 0.04210509539770332, 0.0368394460222844, 0.03638976115548874]
estimated metric: [array([0.93667416, 0.9697651 , 0.80785   , 0.77673962, 0.77933178,
       0.6098018 , 0.74715068, 0.6176746 , 0.49907156, 0.46842593]), array([0.93976064, 0.96833058, 0.79918388, 0.77029434, 0.7708172 ,
       0.61406789, 0.75795662, 0.64192868, 0.50452459, 0.47367724]), array([0.93111879, 0.9682475 , 0.80697531, 0.78084148, 0.7812239 ,
       0.60563048, 0.76285598, 0.62992502, 0.50478734, 0.46787304]), array([0.93091367, 0.9718186 , 0.80346423, 0.78440172, 0.77319532,
       0.62112411, 0.75251105, 0.63788798, 0.48441464, 0.46613653]), array([0.93665538, 0.97047508, 0.81048051, 0.78173184, 0.77347887,
       0.61053915, 0.76091196, 0.62911285, 0.5079347 , 0.48083604])]
real metric: [array([0.9592145 , 0.98543046, 0.75923191, 0.72690763, 0.70408163,
       0.63407821, 0.66372981, 0.58251058, 0.44637681, 0.47415066]), array([0.9375    , 0.98312236, 0.76708508, 0.73304473, 0.68398268,
       0.63474692, 0.68907563, 0.58273381, 0.47754491, 0.49858357]), array([0.93274854, 0.97033898, 0.76264045, 0.67146974, 0.73098592,
       0.62643678, 0.6797829 , 0.59467041, 0.46856287, 0.50589971]), array([0.94334278, 0.97597598, 0.77894737, 0.71428571, 0.70985915,
       0.61235955, 0.70798898, 0.58705036, 0.43422914, 0.50566572]), array([0.94008559, 0.97748344, 0.78614458, 0.73088685, 0.68901569,
       0.61560284, 0.70014144, 0.57643759, 0.44736842, 0.49557522])]

estim_algorithm = doc-model, mode = classification, metric = sensitivity, confidence_scores = energy-conf, class_specific = False
test err: [0.14270122878544997, 0.13315733549415354, 0.12809439021097763, 0.1411336574986332, 0.14050100933844772]
estimated metric: [array([0.68612228, 0.83377128, 0.68395521, 0.64938183, 0.68008278,
       0.71275412, 0.70607885, 0.72224434, 0.73105452, 0.75417378]), array([0.69466885, 0.82846143, 0.67922152, 0.65726234, 0.67707854,
       0.72125326, 0.70777591, 0.73923751, 0.72404647, 0.75390287]), array([0.68853548, 0.82878031, 0.6777957 , 0.6562642 , 0.68459537,
       0.72545556, 0.71025155, 0.72453099, 0.71932745, 0.74451846]), array([0.67917473, 0.81971843, 0.68009073, 0.6548436 , 0.67164445,
       0.72670783, 0.69665143, 0.7314671 , 0.72129277, 0.74289705]), array([0.6881981 , 0.82795846, 0.67380955, 0.65720826, 0.67996946,
       0.71509386, 0.70828334, 0.72049923, 0.7372461 , 0.76254075])]
real metric: [array([0.9592145 , 0.98543046, 0.75923191, 0.72690763, 0.70408163,
       0.63407821, 0.66372981, 0.58251058, 0.44637681, 0.47415066]), array([0.9375    , 0.98312236, 0.76708508, 0.73304473, 0.68398268,
       0.63474692, 0.68907563, 0.58273381, 0.47754491, 0.49858357]), array([0.93274854, 0.97033898, 0.76264045, 0.67146974, 0.73098592,
       0.62643678, 0.6797829 , 0.59467041, 0.46856287, 0.50589971]), array([0.94334278, 0.97597598, 0.77894737, 0.71428571, 0.70985915,
       0.61235955, 0.70798898, 0.58705036, 0.43422914, 0.50566572]), array([0.94008559, 0.97748344, 0.78614458, 0.73088685, 0.68901569,
       0.61560284, 0.70014144, 0.57643759, 0.44736842, 0.49557522])]

estim_algorithm = doc-model, mode = classification, metric = sensitivity, confidence_scores = energy-conf, class_specific = True
test err: [0.03804833890598406, 0.03291462960743486, 0.03316105182881681, 0.030607524286389604, 0.029769832676984583]
estimated metric: [array([0.93060218, 0.97113061, 0.79390721, 0.76367992, 0.77173385,
       0.59324761, 0.73553167, 0.60462309, 0.50715819, 0.47709573]), array([0.93513715, 0.9683322 , 0.78982771, 0.77035023, 0.76934769,
       0.60339541, 0.7371933 , 0.62500266, 0.50193928, 0.47813582]), array([0.93360236, 0.96803275, 0.78907848, 0.77094695, 0.77658958,
       0.60790606, 0.73956523, 0.60850481, 0.49219873, 0.46475145]), array([0.92654446, 0.96743846, 0.79107343, 0.76930408, 0.76422018,
       0.60826954, 0.72657798, 0.6161383 , 0.49761577, 0.46158536]), array([0.93269422, 0.9704041 , 0.78442421, 0.77045753, 0.77111681,
       0.59821484, 0.73749606, 0.60396623, 0.51278675, 0.48342936])]
real metric: [array([0.9592145 , 0.98543046, 0.75923191, 0.72690763, 0.70408163,
       0.63407821, 0.66372981, 0.58251058, 0.44637681, 0.47415066]), array([0.9375    , 0.98312236, 0.76708508, 0.73304473, 0.68398268,
       0.63474692, 0.68907563, 0.58273381, 0.47754491, 0.49858357]), array([0.93274854, 0.97033898, 0.76264045, 0.67146974, 0.73098592,
       0.62643678, 0.6797829 , 0.59467041, 0.46856287, 0.50589971]), array([0.94334278, 0.97597598, 0.77894737, 0.71428571, 0.70985915,
       0.61235955, 0.70798898, 0.58705036, 0.43422914, 0.50566572]), array([0.94008559, 0.97748344, 0.78614458, 0.73088685, 0.68901569,
       0.61560284, 0.70014144, 0.57643759, 0.44736842, 0.49557522])]

estim_algorithm = doc-model, mode = classification, metric = sensitivity, confidence_scores = entropy-conf, class_specific = False
test err: [0.13526878839955855, 0.13303909075834583, 0.12308957473062303, 0.1308859613915674, 0.13717606880220728]
estimated metric: [array([0.72907003, 0.78035484, 0.70666808, 0.67024145, 0.71062158,
       0.70123523, 0.72295344, 0.72340307, 0.72458597, 0.73036621]), array([0.73742891, 0.7734576 , 0.69689742, 0.66781912, 0.70562424,
       0.70909631, 0.72874253, 0.74448716, 0.72611591, 0.73784317]), array([0.72886156, 0.77494055, 0.7044147 , 0.67685086, 0.71429747,
       0.6995014 , 0.73647952, 0.73094096, 0.73055626, 0.72918956]), array([0.72285905, 0.7782038 , 0.70386904, 0.67752932, 0.70285436,
       0.71688393, 0.72159717, 0.74019445, 0.7098918 , 0.73049059]), array([0.73095449, 0.77865257, 0.70608799, 0.67492248, 0.70764739,
       0.70248043, 0.7333401 , 0.73174226, 0.73411143, 0.74259735])]
real metric: [array([0.9592145 , 0.98543046, 0.75923191, 0.72690763, 0.70408163,
       0.63407821, 0.66372981, 0.58251058, 0.44637681, 0.47415066]), array([0.9375    , 0.98312236, 0.76708508, 0.73304473, 0.68398268,
       0.63474692, 0.68907563, 0.58273381, 0.47754491, 0.49858357]), array([0.93274854, 0.97033898, 0.76264045, 0.67146974, 0.73098592,
       0.62643678, 0.6797829 , 0.59467041, 0.46856287, 0.50589971]), array([0.94334278, 0.97597598, 0.77894737, 0.71428571, 0.70985915,
       0.61235955, 0.70798898, 0.58705036, 0.43422914, 0.50566572]), array([0.94008559, 0.97748344, 0.78614458, 0.73088685, 0.68901569,
       0.61560284, 0.70014144, 0.57643759, 0.44736842, 0.49557522])]

estim_algorithm = doc-model, mode = classification, metric = sensitivity, confidence_scores = entropy-conf, class_specific = True
test err: [0.041631547861717674, 0.03634324794332795, 0.04178112942872542, 0.03560944246331312, 0.03599445052298174]
estimated metric: [array([0.93267517, 0.97088339, 0.80382002, 0.77293577, 0.7763842 ,
       0.60504914, 0.74625714, 0.62133032, 0.50049495, 0.4663347 ]), array([0.93828561, 0.96710558, 0.79404937, 0.77051344, 0.77138686,
       0.61288516, 0.75204623, 0.64232833, 0.50211896, 0.47279157]), array([0.930719  , 0.96681694, 0.80156664, 0.77954518, 0.78006008,
       0.60329025, 0.75978321, 0.62878213, 0.50642663, 0.46483812]), array([0.92764914, 0.96972496, 0.80102098, 0.78022364, 0.76861698,
       0.62067278, 0.74490087, 0.63809391, 0.48571333, 0.46603819]), array([0.9335975 , 0.97070261, 0.80323993, 0.7776168 , 0.77341   ,
       0.60630982, 0.7566438 , 0.62968629, 0.51025569, 0.4790506 ])]
real metric: [array([0.9592145 , 0.98543046, 0.75923191, 0.72690763, 0.70408163,
       0.63407821, 0.66372981, 0.58251058, 0.44637681, 0.47415066]), array([0.9375    , 0.98312236, 0.76708508, 0.73304473, 0.68398268,
       0.63474692, 0.68907563, 0.58273381, 0.47754491, 0.49858357]), array([0.93274854, 0.97033898, 0.76264045, 0.67146974, 0.73098592,
       0.62643678, 0.6797829 , 0.59467041, 0.46856287, 0.50589971]), array([0.94334278, 0.97597598, 0.77894737, 0.71428571, 0.70985915,
       0.61235955, 0.70798898, 0.58705036, 0.43422914, 0.50566572]), array([0.94008559, 0.97748344, 0.78614458, 0.73088685, 0.68901569,
       0.61560284, 0.70014144, 0.57643759, 0.44736842, 0.49557522])]

estim_algorithm = doc-model, mode = classification, metric = sensitivity, confidence_scores = doctor-conf, class_specific = False
test err: [0.13770602774288107, 0.13454283473314094, 0.1276512365681373, 0.13096265596123816, 0.13760046138030807]
estimated metric: [array([0.73455208, 0.75887368, 0.72018578, 0.69739078, 0.72300614,
       0.71593642, 0.72770286, 0.72994601, 0.73166184, 0.73395253]), array([0.73869956, 0.75657224, 0.7124473 , 0.69430986, 0.71786386,
       0.71950173, 0.7341243 , 0.7463914 , 0.73312045, 0.74237093]), array([0.73184577, 0.75733935, 0.71762354, 0.70118701, 0.72623073,
       0.71389752, 0.74040012, 0.73503137, 0.73356184, 0.73558241]), array([0.72993141, 0.76059444, 0.7191567 , 0.70372057, 0.71906714,
       0.72340832, 0.73118712, 0.7414633 , 0.71889782, 0.73360704]), array([0.73489985, 0.76069263, 0.72279015, 0.7004463 , 0.72124055,
       0.7126832 , 0.736195  , 0.73679734, 0.73621826, 0.74123994])]
real metric: [array([0.9592145 , 0.98543046, 0.75923191, 0.72690763, 0.70408163,
       0.63407821, 0.66372981, 0.58251058, 0.44637681, 0.47415066]), array([0.9375    , 0.98312236, 0.76708508, 0.73304473, 0.68398268,
       0.63474692, 0.68907563, 0.58273381, 0.47754491, 0.49858357]), array([0.93274854, 0.97033898, 0.76264045, 0.67146974, 0.73098592,
       0.62643678, 0.6797829 , 0.59467041, 0.46856287, 0.50589971]), array([0.94334278, 0.97597598, 0.77894737, 0.71428571, 0.70985915,
       0.61235955, 0.70798898, 0.58705036, 0.43422914, 0.50566572]), array([0.94008559, 0.97748344, 0.78614458, 0.73088685, 0.68901569,
       0.61560284, 0.70014144, 0.57643759, 0.44736842, 0.49557522])]

estim_algorithm = doc-model, mode = classification, metric = sensitivity, confidence_scores = doctor-conf, class_specific = True
test err: [0.044621790446952664, 0.039589761336325135, 0.04326480936597017, 0.04084994668708425, 0.03928143386963451]
estimated metric: [array([0.93549949, 0.96788222, 0.81472867, 0.77612993, 0.78973979,
       0.61914692, 0.75769229, 0.62277201, 0.51144657, 0.47379819]), array([0.93959338, 0.96628455, 0.80699018, 0.77315031, 0.78455957,
       0.6225533 , 0.76411373, 0.63897763, 0.51270606, 0.4808414 ]), array([0.93294967, 0.96661752, 0.81216642, 0.77991809, 0.79297453,
       0.61678963, 0.77038956, 0.62847963, 0.51248962, 0.47512691]), array([0.93098353, 0.9699071 , 0.81369958, 0.78235847, 0.78560882,
       0.62654859, 0.76117655, 0.63429255, 0.49833673, 0.4728954 ]), array([0.93599091, 0.96996101, 0.81733303, 0.77937134, 0.78802632,
       0.6159303 , 0.76618443, 0.62987182, 0.51571576, 0.48121358])]
real metric: [array([0.9592145 , 0.98543046, 0.75923191, 0.72690763, 0.70408163,
       0.63407821, 0.66372981, 0.58251058, 0.44637681, 0.47415066]), array([0.9375    , 0.98312236, 0.76708508, 0.73304473, 0.68398268,
       0.63474692, 0.68907563, 0.58273381, 0.47754491, 0.49858357]), array([0.93274854, 0.97033898, 0.76264045, 0.67146974, 0.73098592,
       0.62643678, 0.6797829 , 0.59467041, 0.46856287, 0.50589971]), array([0.94334278, 0.97597598, 0.77894737, 0.71428571, 0.70985915,
       0.61235955, 0.70798898, 0.58705036, 0.43422914, 0.50566572]), array([0.94008559, 0.97748344, 0.78614458, 0.73088685, 0.68901569,
       0.61560284, 0.70014144, 0.57643759, 0.44736842, 0.49557522])]

estim_algorithm = atc-model, mode = classification, metric = sensitivity, confidence_scores = max_class_probability-conf, class_specific = False
test err: [0.12920170206293421, 0.1372340308485322, 0.12461721340803611, 0.13955635169862488, 0.14243091707121946]
estimated metric: [array([0.71339076, 0.85406922, 0.65819568, 0.56860707, 0.67452831,
       0.63278689, 0.70654206, 0.70089286, 0.67673717, 0.70724639]), array([0.73278689, 0.82209189, 0.63133098, 0.54448018, 0.64751553,
       0.65845649, 0.72366149, 0.75174014, 0.68035192, 0.71428572]), array([0.71158393, 0.83716284, 0.65249089, 0.57936508, 0.66761364,
       0.61904763, 0.74041812, 0.70869566, 0.73111783, 0.68750001]), array([0.69724771, 0.84178499, 0.63488081, 0.5751634 , 0.63703704,
       0.68270945, 0.69536424, 0.73981901, 0.65137616, 0.71204189]), array([0.71856288, 0.83192488, 0.65147784, 0.56605923, 0.65834634,
       0.64893618, 0.74426808, 0.72045455, 0.70348838, 0.7450425 ])]
real metric: [array([0.9592145 , 0.98543046, 0.75923191, 0.72690763, 0.70408163,
       0.63407821, 0.66372981, 0.58251058, 0.44637681, 0.47415066]), array([0.9375    , 0.98312236, 0.76708508, 0.73304473, 0.68398268,
       0.63474692, 0.68907563, 0.58273381, 0.47754491, 0.49858357]), array([0.93274854, 0.97033898, 0.76264045, 0.67146974, 0.73098592,
       0.62643678, 0.6797829 , 0.59467041, 0.46856287, 0.50589971]), array([0.94334278, 0.97597598, 0.77894737, 0.71428571, 0.70985915,
       0.61235955, 0.70798898, 0.58705036, 0.43422914, 0.50566572]), array([0.94008559, 0.97748344, 0.78614458, 0.73088685, 0.68901569,
       0.61560284, 0.70014144, 0.57643759, 0.44736842, 0.49557522])]

estim_algorithm = atc-model, mode = classification, metric = sensitivity, confidence_scores = max_class_probability-conf, class_specific = True
test err: [0.030571704091168578, 0.028125667778019163, 0.04107882001244896, 0.03158416418229674, 0.029968135418584656]
estimated metric: [array([0.93657009, 0.96538821, 0.78907243, 0.75259876, 0.71226416,
       0.55737706, 0.682243  , 0.64285715, 0.46525681, 0.44927538]), array([0.93934426, 0.96871945, 0.77738516, 0.74598071, 0.69720497,
       0.56486043, 0.70639033, 0.67517402, 0.47800588, 0.45013479]), array([0.93774626, 0.97002997, 0.79100851, 0.75963719, 0.71875   ,
       0.54761906, 0.72125436, 0.66304349, 0.47734141, 0.42663045]), array([0.92660551, 0.97160243, 0.77540778, 0.7788671 , 0.69037037,
       0.61497327, 0.67880795, 0.68552037, 0.47400613, 0.4685864 ]), array([0.93562874, 0.97370892, 0.79187192, 0.76879271, 0.70202809,
       0.5602837 , 0.72839507, 0.64318183, 0.52034885, 0.50708217])]
real metric: [array([0.9592145 , 0.98543046, 0.75923191, 0.72690763, 0.70408163,
       0.63407821, 0.66372981, 0.58251058, 0.44637681, 0.47415066]), array([0.9375    , 0.98312236, 0.76708508, 0.73304473, 0.68398268,
       0.63474692, 0.68907563, 0.58273381, 0.47754491, 0.49858357]), array([0.93274854, 0.97033898, 0.76264045, 0.67146974, 0.73098592,
       0.62643678, 0.6797829 , 0.59467041, 0.46856287, 0.50589971]), array([0.94334278, 0.97597598, 0.77894737, 0.71428571, 0.70985915,
       0.61235955, 0.70798898, 0.58705036, 0.43422914, 0.50566572]), array([0.94008559, 0.97748344, 0.78614458, 0.73088685, 0.68901569,
       0.61560284, 0.70014144, 0.57643759, 0.44736842, 0.49557522])]

estim_algorithm = atc-model, mode = classification, metric = sensitivity, confidence_scores = energy-conf, class_specific = False
test err: [0.16223641948004786, 0.15760406406320954, 0.14413702350126179, 0.17599775270871978, 0.17225067369828406]
estimated metric: [array([0.63351606, 0.84284378, 0.61753495, 0.53118504, 0.61477988,
       0.67704919, 0.67850468, 0.69419644, 0.71903324, 0.7594203 ]), array([0.6647541 , 0.83088954, 0.59835101, 0.5369775 , 0.59937889,
       0.67323482, 0.67702937, 0.71229699, 0.72140763, 0.77628033]), array([0.6572104 , 0.83816184, 0.61239369, 0.5521542 , 0.6377841 ,
       0.67857143, 0.69163764, 0.70217392, 0.71299095, 0.76086957]), array([0.61620795, 0.82758621, 0.60100377, 0.54901961, 0.59407408,
       0.73083779, 0.64403974, 0.70135747, 0.69113151, 0.77748692]), array([0.63772455, 0.84131456, 0.5862069 , 0.55125285, 0.59594384,
       0.69326242, 0.69488537, 0.66136364, 0.77906977, 0.80736544])]
real metric: [array([0.9592145 , 0.98543046, 0.75923191, 0.72690763, 0.70408163,
       0.63407821, 0.66372981, 0.58251058, 0.44637681, 0.47415066]), array([0.9375    , 0.98312236, 0.76708508, 0.73304473, 0.68398268,
       0.63474692, 0.68907563, 0.58273381, 0.47754491, 0.49858357]), array([0.93274854, 0.97033898, 0.76264045, 0.67146974, 0.73098592,
       0.62643678, 0.6797829 , 0.59467041, 0.46856287, 0.50589971]), array([0.94334278, 0.97597598, 0.77894737, 0.71428571, 0.70985915,
       0.61235955, 0.70798898, 0.58705036, 0.43422914, 0.50566572]), array([0.94008559, 0.97748344, 0.78614458, 0.73088685, 0.68901569,
       0.61560284, 0.70014144, 0.57643759, 0.44736842, 0.49557522])]

estim_algorithm = atc-model, mode = classification, metric = sensitivity, confidence_scores = energy-conf, class_specific = True
test err: [0.02265823012382185, 0.027274478242308185, 0.033533458770829076, 0.030223399934066496, 0.027503562674804704]
estimated metric: [array([0.92795615, 0.98129093, 0.75476493, 0.71205822, 0.72327044,
       0.51639345, 0.67663552, 0.58705358, 0.46223567, 0.47246378]), array([0.93934426, 0.97849462, 0.74440519, 0.73847803, 0.72826087,
       0.54679804, 0.67357514, 0.59164734, 0.46334312, 0.43126686]), array([0.93459417, 0.97302697, 0.74119077, 0.74829932, 0.75994319,
       0.54761906, 0.69163764, 0.58913044, 0.43504533, 0.43206523]), array([0.92431193, 0.97565923, 0.74404015, 0.75708061, 0.73481482,
       0.57040999, 0.64238411, 0.58597286, 0.45565751, 0.4554974 ]), array([0.92889222, 0.98403756, 0.75123153, 0.73917996, 0.72854915,
       0.49290781, 0.6931217 , 0.55454546, 0.45348839, 0.47875356])]
real metric: [array([0.9592145 , 0.98543046, 0.75923191, 0.72690763, 0.70408163,
       0.63407821, 0.66372981, 0.58251058, 0.44637681, 0.47415066]), array([0.9375    , 0.98312236, 0.76708508, 0.73304473, 0.68398268,
       0.63474692, 0.68907563, 0.58273381, 0.47754491, 0.49858357]), array([0.93274854, 0.97033898, 0.76264045, 0.67146974, 0.73098592,
       0.62643678, 0.6797829 , 0.59467041, 0.46856287, 0.50589971]), array([0.94334278, 0.97597598, 0.77894737, 0.71428571, 0.70985915,
       0.61235955, 0.70798898, 0.58705036, 0.43422914, 0.50566572]), array([0.94008559, 0.97748344, 0.78614458, 0.73088685, 0.68901569,
       0.61560284, 0.70014144, 0.57643759, 0.44736842, 0.49557522])]

estim_algorithm = atc-model, mode = classification, metric = sensitivity, confidence_scores = entropy-conf, class_specific = False
test err: [0.12982176287130476, 0.13886097721123258, 0.12517728825657812, 0.13867425296772967, 0.14402005646635463]
estimated metric: [array([0.71182459, 0.85406922, 0.65311309, 0.56652807, 0.66981133,
       0.64262296, 0.7046729 , 0.70312501, 0.66767373, 0.70144928]), array([0.73114754, 0.82502444, 0.6254417 , 0.54769561, 0.64440994,
       0.65353038, 0.71848014, 0.74477959, 0.70381233, 0.71967656]), array([0.70843184, 0.83616384, 0.65249089, 0.57936508, 0.66761364,
       0.62074831, 0.728223  , 0.70652175, 0.74320242, 0.69293479]), array([0.6880734 , 0.84178499, 0.63613551, 0.5751634 , 0.64592593,
       0.68270945, 0.69039736, 0.73529412, 0.64831805, 0.70680629]), array([0.71856288, 0.83098592, 0.64285715, 0.56719818, 0.66458659,
       0.65248228, 0.73721341, 0.72045455, 0.71220931, 0.75354108])]
real metric: [array([0.9592145 , 0.98543046, 0.75923191, 0.72690763, 0.70408163,
       0.63407821, 0.66372981, 0.58251058, 0.44637681, 0.47415066]), array([0.9375    , 0.98312236, 0.76708508, 0.73304473, 0.68398268,
       0.63474692, 0.68907563, 0.58273381, 0.47754491, 0.49858357]), array([0.93274854, 0.97033898, 0.76264045, 0.67146974, 0.73098592,
       0.62643678, 0.6797829 , 0.59467041, 0.46856287, 0.50589971]), array([0.94334278, 0.97597598, 0.77894737, 0.71428571, 0.70985915,
       0.61235955, 0.70798898, 0.58705036, 0.43422914, 0.50566572]), array([0.94008559, 0.97748344, 0.78614458, 0.73088685, 0.68901569,
       0.61560284, 0.70014144, 0.57643759, 0.44736842, 0.49557522])]

estim_algorithm = atc-model, mode = classification, metric = sensitivity, confidence_scores = entropy-conf, class_specific = True
test err: [0.030056053347301, 0.030532650969332248, 0.0386015584730884, 0.03306247276692502, 0.032741569048986945]
estimated metric: [array([0.92090838, 0.97100094, 0.76620077, 0.75259876, 0.7264151 ,
       0.55081968, 0.68037384, 0.64062501, 0.45921452, 0.45217393]), array([0.93360656, 0.96871945, 0.75029447, 0.75026796, 0.7189441 ,
       0.55665025, 0.68911918, 0.67981439, 0.47507333, 0.45822104]), array([0.9141056 , 0.96703297, 0.77764277, 0.77097506, 0.73295455,
       0.54251701, 0.70557492, 0.66956522, 0.47129911, 0.44565219]), array([0.91743119, 0.97261663, 0.75784191, 0.77342048, 0.71555556,
       0.60962568, 0.66721855, 0.68778281, 0.47094803, 0.4712042 ]), array([0.92290419, 0.97558685, 0.77216749, 0.77107062, 0.70670827,
       0.5531915 , 0.70546738, 0.65227274, 0.51744187, 0.51841361])]
real metric: [array([0.9592145 , 0.98543046, 0.75923191, 0.72690763, 0.70408163,
       0.63407821, 0.66372981, 0.58251058, 0.44637681, 0.47415066]), array([0.9375    , 0.98312236, 0.76708508, 0.73304473, 0.68398268,
       0.63474692, 0.68907563, 0.58273381, 0.47754491, 0.49858357]), array([0.93274854, 0.97033898, 0.76264045, 0.67146974, 0.73098592,
       0.62643678, 0.6797829 , 0.59467041, 0.46856287, 0.50589971]), array([0.94334278, 0.97597598, 0.77894737, 0.71428571, 0.70985915,
       0.61235955, 0.70798898, 0.58705036, 0.43422914, 0.50566572]), array([0.94008559, 0.97748344, 0.78614458, 0.73088685, 0.68901569,
       0.61560284, 0.70014144, 0.57643759, 0.44736842, 0.49557522])]

estim_algorithm = atc-model, mode = classification, metric = sensitivity, confidence_scores = doctor-conf, class_specific = False
test err: [0.12880466550828637, 0.13767754154396794, 0.12371938200796753, 0.13923474181729614, 0.1420445169300138]
estimated metric: [array([0.71260768, 0.85406922, 0.65819568, 0.56860707, 0.67452831,
       0.63442624, 0.70654206, 0.70312501, 0.67069487, 0.70724639]), array([0.73196722, 0.82209189, 0.63250884, 0.54555199, 0.64751553,
       0.65845649, 0.72366149, 0.75174014, 0.68621702, 0.71428572]), array([0.71158393, 0.83716284, 0.65127582, 0.58049887, 0.66761364,
       0.62244899, 0.7369338 , 0.70652175, 0.73111783, 0.68750001]), array([0.69724771, 0.84178499, 0.63613551, 0.5751634 , 0.63851852,
       0.68449198, 0.69536424, 0.73755657, 0.65137616, 0.71204189]), array([0.71931138, 0.83192488, 0.65024631, 0.56833713, 0.6599064 ,
       0.64893618, 0.74603175, 0.71818182, 0.70348838, 0.7450425 ])]
real metric: [array([0.9592145 , 0.98543046, 0.75923191, 0.72690763, 0.70408163,
       0.63407821, 0.66372981, 0.58251058, 0.44637681, 0.47415066]), array([0.9375    , 0.98312236, 0.76708508, 0.73304473, 0.68398268,
       0.63474692, 0.68907563, 0.58273381, 0.47754491, 0.49858357]), array([0.93274854, 0.97033898, 0.76264045, 0.67146974, 0.73098592,
       0.62643678, 0.6797829 , 0.59467041, 0.46856287, 0.50589971]), array([0.94334278, 0.97597598, 0.77894737, 0.71428571, 0.70985915,
       0.61235955, 0.70798898, 0.58705036, 0.43422914, 0.50566572]), array([0.94008559, 0.97748344, 0.78614458, 0.73088685, 0.68901569,
       0.61560284, 0.70014144, 0.57643759, 0.44736842, 0.49557522])]

estim_algorithm = atc-model, mode = classification, metric = sensitivity, confidence_scores = doctor-conf, class_specific = True
test err: [0.029550290966729138, 0.028892250092118855, 0.04294674951962478, 0.032712662551601615, 0.029372987547182955]
estimated metric: [array([0.92873923, 0.96913003, 0.78907243, 0.74324325, 0.71069183,
       0.55737706, 0.67663552, 0.64508929, 0.46525681, 0.44927538]), array([0.93770492, 0.96383187, 0.78091873, 0.73847803, 0.69720497,
       0.56157636, 0.68911918, 0.67749421, 0.49266864, 0.44474395]), array([0.91489362, 0.96003996, 0.79343864, 0.75963719, 0.72017046,
       0.54761906, 0.70731708, 0.66304349, 0.4833837 , 0.42391306]), array([0.91896025, 0.97058824, 0.7791719 , 0.77559913, 0.69333334,
       0.61319074, 0.67052981, 0.68552037, 0.47706424, 0.4659686 ]), array([0.9236527 , 0.97370892, 0.80172414, 0.76309795, 0.70202809,
       0.5602837 , 0.70899471, 0.64318183, 0.5261628 , 0.49858358])]
real metric: [array([0.9592145 , 0.98543046, 0.75923191, 0.72690763, 0.70408163,
       0.63407821, 0.66372981, 0.58251058, 0.44637681, 0.47415066]), array([0.9375    , 0.98312236, 0.76708508, 0.73304473, 0.68398268,
       0.63474692, 0.68907563, 0.58273381, 0.47754491, 0.49858357]), array([0.93274854, 0.97033898, 0.76264045, 0.67146974, 0.73098592,
       0.62643678, 0.6797829 , 0.59467041, 0.46856287, 0.50589971]), array([0.94334278, 0.97597598, 0.77894737, 0.71428571, 0.70985915,
       0.61235955, 0.70798898, 0.58705036, 0.43422914, 0.50566572]), array([0.94008559, 0.97748344, 0.78614458, 0.73088685, 0.68901569,
       0.61560284, 0.70014144, 0.57643759, 0.44736842, 0.49557522])]

estim_algorithm = ts-atc-model, mode = classification, metric = sensitivity, confidence_scores = max_class_probability-conf, class_specific = False
test err: [0.14243501332873548, 0.14313862017798085, 0.13087281993576508, 0.154601468596203, 0.15212999816940087]
estimated metric: [array([0.68754895, 0.85500468, 0.63151208, 0.53638254, 0.6336478 ,
       0.6442623 , 0.68037384, 0.67857144, 0.69788521, 0.73333334]), array([0.70983607, 0.82600196, 0.61955242, 0.53054663, 0.63354038,
       0.6453202 , 0.71157168, 0.71925755, 0.69794722, 0.75471699]), array([0.68951931, 0.83516484, 0.63304982, 0.55782313, 0.65909091,
       0.62925171, 0.70034844, 0.70217392, 0.72507554, 0.73369566]), array([0.6674312 , 0.8387424 , 0.61355082, 0.53921569, 0.62962964,
       0.69162211, 0.67052981, 0.72624435, 0.66055047, 0.7356021 ]), array([0.69685629, 0.83755869, 0.62068966, 0.55808657, 0.62870515,
       0.65425533, 0.70017637, 0.71136364, 0.7383721 , 0.77053825])]
real metric: [array([0.9592145 , 0.98543046, 0.75923191, 0.72690763, 0.70408163,
       0.63407821, 0.66372981, 0.58251058, 0.44637681, 0.47415066]), array([0.9375    , 0.98312236, 0.76708508, 0.73304473, 0.68398268,
       0.63474692, 0.68907563, 0.58273381, 0.47754491, 0.49858357]), array([0.93274854, 0.97033898, 0.76264045, 0.67146974, 0.73098592,
       0.62643678, 0.6797829 , 0.59467041, 0.46856287, 0.50589971]), array([0.94334278, 0.97597598, 0.77894737, 0.71428571, 0.70985915,
       0.61235955, 0.70798898, 0.58705036, 0.43422914, 0.50566572]), array([0.94008559, 0.97748344, 0.78614458, 0.73088685, 0.68901569,
       0.61560284, 0.70014144, 0.57643759, 0.44736842, 0.49557522])]

estim_algorithm = ts-atc-model, mode = classification, metric = sensitivity, confidence_scores = max_class_probability-conf, class_specific = True
test err: [0.02611190804413564, 0.03378571613433669, 0.038691607488384974, 0.030845703393858736, 0.0230062769954358]
estimated metric: [array([0.94988254, 0.96913003, 0.76620077, 0.75155925, 0.72169812,
       0.51967214, 0.6728972 , 0.63392858, 0.45015107, 0.46666668]), array([0.94918033, 0.97653959, 0.75382804, 0.7545552 , 0.70496895,
       0.53201971, 0.70120899, 0.66589328, 0.45747802, 0.4528302 ]), array([0.94011032, 0.97402597, 0.77885784, 0.76870749, 0.72727273,
       0.51700681, 0.70034844, 0.6326087 , 0.47734141, 0.42391306]), array([0.93501529, 0.97971602, 0.75909662, 0.77777778, 0.71851852,
       0.5650624 , 0.66059603, 0.64479639, 0.4464832 , 0.4659686 ]), array([0.94610778, 0.97464789, 0.77463054, 0.77448747, 0.70202809,
       0.50177306, 0.6984127 , 0.60227274, 0.45639536, 0.49291786])]
real metric: [array([0.9592145 , 0.98543046, 0.75923191, 0.72690763, 0.70408163,
       0.63407821, 0.66372981, 0.58251058, 0.44637681, 0.47415066]), array([0.9375    , 0.98312236, 0.76708508, 0.73304473, 0.68398268,
       0.63474692, 0.68907563, 0.58273381, 0.47754491, 0.49858357]), array([0.93274854, 0.97033898, 0.76264045, 0.67146974, 0.73098592,
       0.62643678, 0.6797829 , 0.59467041, 0.46856287, 0.50589971]), array([0.94334278, 0.97597598, 0.77894737, 0.71428571, 0.70985915,
       0.61235955, 0.70798898, 0.58705036, 0.43422914, 0.50566572]), array([0.94008559, 0.97748344, 0.78614458, 0.73088685, 0.68901569,
       0.61560284, 0.70014144, 0.57643759, 0.44736842, 0.49557522])]

estim_algorithm = ts-atc-model, mode = classification, metric = sensitivity, confidence_scores = energy-conf, class_specific = False
test err: [0.18027216556355394, 0.17400133088035452, 0.16279358317072717, 0.19093266650758597, 0.1856674315273868]
estimated metric: [array([0.5669538 , 0.83255379, 0.59466328, 0.52598753, 0.59119497,
       0.70819673, 0.68037384, 0.69866072, 0.71601209, 0.7768116 ]), array([0.58770492, 0.82111437, 0.58892816, 0.54126474, 0.57763976,
       0.72413794, 0.6804836 , 0.70069606, 0.73313784, 0.77897575]), array([0.58944051, 0.81518482, 0.60024302, 0.56009071, 0.64062501,
       0.72108844, 0.67247387, 0.70217392, 0.73413898, 0.79619566]), array([0.55351682, 0.81135903, 0.58218319, 0.56427016, 0.57777778,
       0.76292336, 0.6357616 , 0.70588236, 0.69418961, 0.78010472]), array([0.57709581, 0.82441315, 0.57019705, 0.54328019, 0.58346335,
       0.70390071, 0.67372135, 0.66136364, 0.76744187, 0.80736544])]
real metric: [array([0.9592145 , 0.98543046, 0.75923191, 0.72690763, 0.70408163,
       0.63407821, 0.66372981, 0.58251058, 0.44637681, 0.47415066]), array([0.9375    , 0.98312236, 0.76708508, 0.73304473, 0.68398268,
       0.63474692, 0.68907563, 0.58273381, 0.47754491, 0.49858357]), array([0.93274854, 0.97033898, 0.76264045, 0.67146974, 0.73098592,
       0.62643678, 0.6797829 , 0.59467041, 0.46856287, 0.50589971]), array([0.94334278, 0.97597598, 0.77894737, 0.71428571, 0.70985915,
       0.61235955, 0.70798898, 0.58705036, 0.43422914, 0.50566572]), array([0.94008559, 0.97748344, 0.78614458, 0.73088685, 0.68901569,
       0.61560284, 0.70014144, 0.57643759, 0.44736842, 0.49557522])]

estim_algorithm = ts-atc-model, mode = classification, metric = sensitivity, confidence_scores = energy-conf, class_specific = True
test err: [0.02692580149279706, 0.0341204524590973, 0.036162051373290184, 0.04114061506034234, 0.03424037625871744]
estimated metric: [array([0.92325764, 0.98316183, 0.76111817, 0.71413722, 0.68867925,
       0.51639345, 0.682243  , 0.54687501, 0.46223567, 0.46086958]), array([0.92540984, 0.97653959, 0.74793875, 0.69882101, 0.69409938,
       0.52052546, 0.68566494, 0.55684456, 0.44281527, 0.41778977]), array([0.91804571, 0.98001998, 0.74605104, 0.71768708, 0.734375  ,
       0.56632654, 0.67421603, 0.5652174 , 0.40181271, 0.39673915]), array([0.90978593, 0.97363083, 0.74529486, 0.72222223, 0.6962963 ,
       0.51871659, 0.64072848, 0.54977377, 0.40672785, 0.41099478]), array([0.91691617, 0.98309859, 0.74384237, 0.71526196, 0.69266771,
       0.48581561, 0.67901235, 0.52045456, 0.43604653, 0.46175639])]
real metric: [array([0.9592145 , 0.98543046, 0.75923191, 0.72690763, 0.70408163,
       0.63407821, 0.66372981, 0.58251058, 0.44637681, 0.47415066]), array([0.9375    , 0.98312236, 0.76708508, 0.73304473, 0.68398268,
       0.63474692, 0.68907563, 0.58273381, 0.47754491, 0.49858357]), array([0.93274854, 0.97033898, 0.76264045, 0.67146974, 0.73098592,
       0.62643678, 0.6797829 , 0.59467041, 0.46856287, 0.50589971]), array([0.94334278, 0.97597598, 0.77894737, 0.71428571, 0.70985915,
       0.61235955, 0.70798898, 0.58705036, 0.43422914, 0.50566572]), array([0.94008559, 0.97748344, 0.78614458, 0.73088685, 0.68901569,
       0.61560284, 0.70014144, 0.57643759, 0.44736842, 0.49557522])]

estim_algorithm = ts-atc-model, mode = classification, metric = sensitivity, confidence_scores = entropy-conf, class_specific = False
test err: [0.1521845511379209, 0.1478600104002695, 0.13728979172949085, 0.1633128281189285, 0.1579997662215018]
estimated metric: [array([0.67267032, 0.85313377, 0.62515884, 0.53534304, 0.61320755,
       0.65409837, 0.67102804, 0.69196429, 0.73111783, 0.73913044]), array([0.70081967, 0.84066471, 0.606596  , 0.53269025, 0.61956522,
       0.64860428, 0.67357514, 0.71925755, 0.72434018, 0.76010782]), array([0.6855792 , 0.84215784, 0.62575942, 0.55442177, 0.63352273,
       0.64625851, 0.68815332, 0.70869566, 0.73111783, 0.74728262]), array([0.66207951, 0.8326572 , 0.61104141, 0.53921569, 0.61037038,
       0.6969697 , 0.64900663, 0.71266969, 0.6880734 , 0.74869111]), array([0.68937126, 0.84319249, 0.60960592, 0.56150342, 0.60998441,
       0.65425533, 0.68959436, 0.6909091 , 0.76744187, 0.78186969])]
real metric: [array([0.9592145 , 0.98543046, 0.75923191, 0.72690763, 0.70408163,
       0.63407821, 0.66372981, 0.58251058, 0.44637681, 0.47415066]), array([0.9375    , 0.98312236, 0.76708508, 0.73304473, 0.68398268,
       0.63474692, 0.68907563, 0.58273381, 0.47754491, 0.49858357]), array([0.93274854, 0.97033898, 0.76264045, 0.67146974, 0.73098592,
       0.62643678, 0.6797829 , 0.59467041, 0.46856287, 0.50589971]), array([0.94334278, 0.97597598, 0.77894737, 0.71428571, 0.70985915,
       0.61235955, 0.70798898, 0.58705036, 0.43422914, 0.50566572]), array([0.94008559, 0.97748344, 0.78614458, 0.73088685, 0.68901569,
       0.61560284, 0.70014144, 0.57643759, 0.44736842, 0.49557522])]

estim_algorithm = ts-atc-model, mode = classification, metric = sensitivity, confidence_scores = entropy-conf, class_specific = True
test err: [0.028233189038538303, 0.03300383000697789, 0.03320995520980489, 0.0307215638839766, 0.0248670247143023]
estimated metric: [array([0.92717306, 0.96445276, 0.75222364, 0.73908524, 0.7437107 ,
       0.51147542, 0.67476636, 0.61160715, 0.44712993, 0.48115944]), array([0.93196721, 0.96676442, 0.75382804, 0.7449089 , 0.72670808,
       0.52873564, 0.67530225, 0.6310905 , 0.44574782, 0.45822104]), array([0.91962175, 0.96303696, 0.75698664, 0.75283447, 0.74005682,
       0.53061225, 0.6933798 , 0.6152174 , 0.43504533, 0.45380436]), array([0.91743119, 0.97058824, 0.76537014, 0.74945534, 0.73481482,
       0.54367202, 0.65231789, 0.62217195, 0.43119268, 0.4659686 ]), array([0.9244012 , 0.97276995, 0.76231527, 0.74601367, 0.72698908,
       0.49113476, 0.69135803, 0.58636365, 0.44186048, 0.49291786])]
real metric: [array([0.9592145 , 0.98543046, 0.75923191, 0.72690763, 0.70408163,
       0.63407821, 0.66372981, 0.58251058, 0.44637681, 0.47415066]), array([0.9375    , 0.98312236, 0.76708508, 0.73304473, 0.68398268,
       0.63474692, 0.68907563, 0.58273381, 0.47754491, 0.49858357]), array([0.93274854, 0.97033898, 0.76264045, 0.67146974, 0.73098592,
       0.62643678, 0.6797829 , 0.59467041, 0.46856287, 0.50589971]), array([0.94334278, 0.97597598, 0.77894737, 0.71428571, 0.70985915,
       0.61235955, 0.70798898, 0.58705036, 0.43422914, 0.50566572]), array([0.94008559, 0.97748344, 0.78614458, 0.73088685, 0.68901569,
       0.61560284, 0.70014144, 0.57643759, 0.44736842, 0.49557522])]

estim_algorithm = ts-atc-model, mode = classification, metric = sensitivity, confidence_scores = doctor-conf, class_specific = False
test err: [0.15190413477744735, 0.1486628284941727, 0.13861668351296333, 0.16460276594930162, 0.1569490561031774]
estimated metric: [array([0.67267032, 0.85594013, 0.62388819, 0.53638254, 0.61635221,
       0.65737705, 0.6728972 , 0.68973215, 0.73111783, 0.73913044]), array([0.70081967, 0.8396872 , 0.606596  , 0.53376206, 0.62111802,
       0.64860428, 0.67184802, 0.72157773, 0.72727274, 0.76280324]), array([0.68715524, 0.84215784, 0.62454435, 0.55442177, 0.63494319,
       0.65306123, 0.6933798 , 0.70869566, 0.73413898, 0.74728262]), array([0.66360857, 0.8326572 , 0.61229612, 0.53921569, 0.61333334,
       0.70053476, 0.64900663, 0.71945702, 0.69113151, 0.75392671]), array([0.69011976, 0.84319249, 0.61206897, 0.56264237, 0.61154447,
       0.65425533, 0.69135803, 0.6909091 , 0.76744187, 0.77903683])]
real metric: [array([0.9592145 , 0.98543046, 0.75923191, 0.72690763, 0.70408163,
       0.63407821, 0.66372981, 0.58251058, 0.44637681, 0.47415066]), array([0.9375    , 0.98312236, 0.76708508, 0.73304473, 0.68398268,
       0.63474692, 0.68907563, 0.58273381, 0.47754491, 0.49858357]), array([0.93274854, 0.97033898, 0.76264045, 0.67146974, 0.73098592,
       0.62643678, 0.6797829 , 0.59467041, 0.46856287, 0.50589971]), array([0.94334278, 0.97597598, 0.77894737, 0.71428571, 0.70985915,
       0.61235955, 0.70798898, 0.58705036, 0.43422914, 0.50566572]), array([0.94008559, 0.97748344, 0.78614458, 0.73088685, 0.68901569,
       0.61560284, 0.70014144, 0.57643759, 0.44736842, 0.49557522])]

estim_algorithm = ts-atc-model, mode = classification, metric = sensitivity, confidence_scores = doctor-conf, class_specific = True
test err: [0.026538986255686597, 0.030182559583119772, 0.03142727763191121, 0.030222707725460225, 0.023856163426082926]
estimated metric: [array([0.92795615, 0.96538821, 0.75857688, 0.72453223, 0.73113208,
       0.51475411, 0.6728972 , 0.61830358, 0.45619337, 0.48405799]), array([0.93934426, 0.96285435, 0.75618375, 0.73311897, 0.7204969 ,
       0.52873564, 0.67530225, 0.64037124, 0.46041057, 0.46091646]), array([0.91725768, 0.96003996, 0.76063184, 0.74603175, 0.73579546,
       0.53231293, 0.6933798 , 0.62173914, 0.45921452, 0.4429348 ]), array([0.91666667, 0.96855984, 0.76913426, 0.74291939, 0.72740741,
       0.54901962, 0.65066226, 0.63574661, 0.43730889, 0.4659686 ]), array([0.9244012 , 0.97276995, 0.76724138, 0.73462415, 0.71606865,
       0.49468086, 0.68959436, 0.59318183, 0.45930234, 0.48725214])]
real metric: [array([0.9592145 , 0.98543046, 0.75923191, 0.72690763, 0.70408163,
       0.63407821, 0.66372981, 0.58251058, 0.44637681, 0.47415066]), array([0.9375    , 0.98312236, 0.76708508, 0.73304473, 0.68398268,
       0.63474692, 0.68907563, 0.58273381, 0.47754491, 0.49858357]), array([0.93274854, 0.97033898, 0.76264045, 0.67146974, 0.73098592,
       0.62643678, 0.6797829 , 0.59467041, 0.46856287, 0.50589971]), array([0.94334278, 0.97597598, 0.77894737, 0.71428571, 0.70985915,
       0.61235955, 0.70798898, 0.58705036, 0.43422914, 0.50566572]), array([0.94008559, 0.97748344, 0.78614458, 0.73088685, 0.68901569,
       0.61560284, 0.70014144, 0.57643759, 0.44736842, 0.49557522])]

