estim_algorithm = ac-model, mode = classification, metric = auc, confidence_scores = max_class_probability-conf, class_specific = False
test err: [0.3714933522225545, 0.36983508299171575, 0.372113133766076, 0.3697766816095419, 0.3679099289978304]
estimated metric: [array([0.53147659, 0.55284819, 0.53088196, 0.52854734, 0.53576911,
       0.53487173, 0.54453527, 0.54418431, 0.54510301, 0.54588488]), array([0.53101959, 0.5530884 , 0.53059548, 0.52862499, 0.53530034,
       0.53503306, 0.54415646, 0.54410688, 0.54446655, 0.54428908]), array([0.53125753, 0.55324105, 0.53077769, 0.52832232, 0.53542281,
       0.53604189, 0.54467089, 0.54427622, 0.54507144, 0.54511063]), array([0.53126183, 0.55284844, 0.53061726, 0.52810474, 0.53571977,
       0.53503352, 0.54439473, 0.54386893, 0.54479956, 0.54559871]), array([0.53134201, 0.55298665, 0.53054404, 0.52860396, 0.53523604,
       0.53446441, 0.54419321, 0.5445055 , 0.54554009, 0.54556785])]
real metric: [array([0.94630104, 0.9724978 , 0.88322888, 0.8910437 , 0.90953265,
       0.88379162, 0.92247995, 0.87347141, 0.91759004, 0.90909883]), array([0.93470634, 0.9658448 , 0.8952137 , 0.88452517, 0.91191433,
       0.88596422, 0.92554059, 0.87044207, 0.90808082, 0.9067996 ]), array([0.94296017, 0.96985219, 0.88898102, 0.87655643, 0.92462563,
       0.89790245, 0.92771205, 0.87511624, 0.91614753, 0.89547009]), array([0.9265601 , 0.9670784 , 0.88257105, 0.8778769 , 0.91170649,
       0.89787831, 0.9322831 , 0.88302406, 0.90623954, 0.90479638]), array([0.94515977, 0.9710084 , 0.87937086, 0.8751448 , 0.91031793,
       0.88687501, 0.92406864, 0.87562282, 0.90005837, 0.90445644])]

estim_algorithm = ac-model, mode = classification, metric = auc, confidence_scores = energy-conf, class_specific = False
test err: [0.060234086322620006, 0.0650066539139507, 0.0504441378847786, 0.055612231593299755, 0.05909602645105087]
estimated metric: [array([0.91329932, 0.82500798, 0.94039102, 0.93771328, 0.90548599,
       0.91450063, 0.89653444, 0.9138861 , 0.82298086, 0.78680626]), array([0.90167352, 0.81564185, 0.93711453, 0.93314394, 0.92632851,
       0.90838305, 0.94305773, 0.93694348, 0.79660647, 0.76281435]), array([0.91062706, 0.84383091, 0.93583688, 0.93592273, 0.92320385,
       0.91045613, 0.93749575, 0.91914358, 0.8283928 , 0.81114649]), array([0.9160728 , 0.82097785, 0.94271906, 0.93549132, 0.92126229,
       0.9262349 , 0.91137515, 0.93111785, 0.83005715, 0.80612088]), array([0.90844456, 0.84557655, 0.93859753, 0.93559801, 0.93139898,
       0.93687689, 0.89772764, 0.92369867, 0.81942871, 0.82145254])]
real metric: [array([0.94630104, 0.9724978 , 0.88322888, 0.8910437 , 0.90953265,
       0.88379162, 0.92247995, 0.87347141, 0.91759004, 0.90909883]), array([0.93470634, 0.9658448 , 0.8952137 , 0.88452517, 0.91191433,
       0.88596422, 0.92554059, 0.87044207, 0.90808082, 0.9067996 ]), array([0.94296017, 0.96985219, 0.88898102, 0.87655643, 0.92462563,
       0.89790245, 0.92771205, 0.87511624, 0.91614753, 0.89547009]), array([0.9265601 , 0.9670784 , 0.88257105, 0.8778769 , 0.91170649,
       0.89787831, 0.9322831 , 0.88302406, 0.90623954, 0.90479638]), array([0.94515977, 0.9710084 , 0.87937086, 0.8751448 , 0.91031793,
       0.88687501, 0.92406864, 0.87562282, 0.90005837, 0.90445644])]

estim_algorithm = ac-model, mode = classification, metric = auc, confidence_scores = entropy-conf, class_specific = False
test err: [0.36213151966259277, 0.3600456988645532, 0.36274013812118594, 0.3601493683442244, 0.3583157166510647]
estimated metric: [array([0.55046991, 0.54599355, 0.55017205, 0.55017585, 0.54916218,
       0.54948567, 0.54755119, 0.54851141, 0.54842065, 0.54777826]), array([0.55059278, 0.54592948, 0.55021062, 0.55014312, 0.54919475,
       0.54937365, 0.54768271, 0.54853047, 0.54870176, 0.54821533]), array([0.55050515, 0.54578113, 0.5502407 , 0.55017901, 0.54917561,
       0.54921824, 0.54754848, 0.54832819, 0.54872035, 0.54822556]), array([0.55051208, 0.54595692, 0.55023683, 0.5502235 , 0.54912726,
       0.54936029, 0.54762922, 0.54856352, 0.54891771, 0.54799331]), array([0.55048499, 0.54611523, 0.55027575, 0.55017722, 0.54928632,
       0.54956641, 0.54786174, 0.54873051, 0.54843901, 0.5479887 ])]
real metric: [array([0.94630104, 0.9724978 , 0.88322888, 0.8910437 , 0.90953265,
       0.88379162, 0.92247995, 0.87347141, 0.91759004, 0.90909883]), array([0.93470634, 0.9658448 , 0.8952137 , 0.88452517, 0.91191433,
       0.88596422, 0.92554059, 0.87044207, 0.90808082, 0.9067996 ]), array([0.94296017, 0.96985219, 0.88898102, 0.87655643, 0.92462563,
       0.89790245, 0.92771205, 0.87511624, 0.91614753, 0.89547009]), array([0.9265601 , 0.9670784 , 0.88257105, 0.8778769 , 0.91170649,
       0.89787831, 0.9322831 , 0.88302406, 0.90623954, 0.90479638]), array([0.94515977, 0.9710084 , 0.87937086, 0.8751448 , 0.91031793,
       0.88687501, 0.92406864, 0.87562282, 0.90005837, 0.90445644])]

estim_algorithm = ac-model, mode = classification, metric = auc, confidence_scores = doctor-conf, class_specific = False
test err: [0.17950067053302113, 0.1778063685982688, 0.1780654824315222, 0.1744313083612407, 0.17453540567198128]
estimated metric: [array([0.62623407, 0.90028556, 0.62873252, 0.63731681, 0.68461877,
       0.65887386, 0.78744155, 0.76369305, 0.82441303, 0.80241998]), array([0.62242329, 0.90505912, 0.62670409, 0.63596673, 0.68574486,
       0.66525153, 0.78648615, 0.76475719, 0.81812484, 0.80045017]), array([0.62704376, 0.90293019, 0.63098378, 0.64066619, 0.6863741 ,
       0.66632901, 0.78450743, 0.76810807, 0.82557595, 0.80215048]), array([0.62503853, 0.90000266, 0.63927541, 0.64030119, 0.68939188,
       0.65976285, 0.78740458, 0.76466134, 0.82883109, 0.8110317 ]), array([0.62134054, 0.90913969, 0.63238474, 0.63672429, 0.68439255,
       0.66231987, 0.78351032, 0.76855051, 0.82877736, 0.79958913])]
real metric: [array([0.94630104, 0.9724978 , 0.88322888, 0.8910437 , 0.90953265,
       0.88379162, 0.92247995, 0.87347141, 0.91759004, 0.90909883]), array([0.93470634, 0.9658448 , 0.8952137 , 0.88452517, 0.91191433,
       0.88596422, 0.92554059, 0.87044207, 0.90808082, 0.9067996 ]), array([0.94296017, 0.96985219, 0.88898102, 0.87655643, 0.92462563,
       0.89790245, 0.92771205, 0.87511624, 0.91614753, 0.89547009]), array([0.9265601 , 0.9670784 , 0.88257105, 0.8778769 , 0.91170649,
       0.89787831, 0.9322831 , 0.88302406, 0.90623954, 0.90479638]), array([0.94515977, 0.9710084 , 0.87937086, 0.8751448 , 0.91031793,
       0.88687501, 0.92406864, 0.87562282, 0.90005837, 0.90445644])]

estim_algorithm = ts-model, mode = classification, metric = auc, confidence_scores = max_class_probability-conf, class_specific = False
test err: [0.03103001656497123, 0.031032529710837097, 0.03187600473629637, 0.028131883457052566, 0.030512665944397797]
estimated metric: [array([0.86545981, 0.94274783, 0.87233385, 0.82355681, 0.89399644,
       0.89282908, 0.9273783 , 0.92573317, 0.93492837, 0.93135376]), array([0.8638524 , 0.94326612, 0.87114207, 0.82226557, 0.89239975,
       0.89234288, 0.9269323 , 0.92638678, 0.93188826, 0.93032395]), array([0.86379638, 0.9432114 , 0.87235405, 0.82207914, 0.89342458,
       0.89218322, 0.92747243, 0.92671788, 0.9340256 , 0.9306817 ]), array([0.86404509, 0.94269756, 0.87281878, 0.82127831, 0.89364789,
       0.89118523, 0.92735882, 0.9260241 , 0.93451408, 0.93191798]), array([0.86436682, 0.94239875, 0.87237819, 0.8214965 , 0.89219186,
       0.89052832, 0.92687767, 0.92687377, 0.93378774, 0.9299708 ])]
real metric: [array([0.94630104, 0.9724978 , 0.88322888, 0.8910437 , 0.90953265,
       0.88379162, 0.92247995, 0.87347141, 0.91759004, 0.90909883]), array([0.93470634, 0.9658448 , 0.8952137 , 0.88452517, 0.91191433,
       0.88596422, 0.92554059, 0.87044207, 0.90808082, 0.9067996 ]), array([0.94296017, 0.96985219, 0.88898102, 0.87655643, 0.92462563,
       0.89790245, 0.92771205, 0.87511624, 0.91614753, 0.89547009]), array([0.9265601 , 0.9670784 , 0.88257105, 0.8778769 , 0.91170649,
       0.89787831, 0.9322831 , 0.88302406, 0.90623954, 0.90479638]), array([0.94515977, 0.9710084 , 0.87937086, 0.8751448 , 0.91031793,
       0.88687501, 0.92406864, 0.87562282, 0.90005837, 0.90445644])]

estim_algorithm = ts-model, mode = classification, metric = auc, confidence_scores = max_class_probability-conf, class_specific = True
test err: [0.04627094221364253, 0.04742612973447048, 0.04516868543310436, 0.04765749625999692, 0.048958570192304464]
estimated metric: [array([0.96362278, 0.98532608, 0.95312765, 0.93661559, 0.96302406,
       0.94187553, 0.96684077, 0.94881582, 0.95367343, 0.95882364]), array([0.96288548, 0.98499134, 0.95284448, 0.93570107, 0.96168659,
       0.94200438, 0.96643205, 0.94987138, 0.94999339, 0.95688279]), array([0.96288383, 0.98486114, 0.95284985, 0.93518121, 0.96255047,
       0.94197455, 0.96613577, 0.94968077, 0.95288176, 0.9580113 ]), array([0.96300019, 0.98511256, 0.95257835, 0.93499583, 0.96210938,
       0.94131909, 0.96630649, 0.94908033, 0.95362435, 0.95846272]), array([0.96273664, 0.98467459, 0.95262366, 0.93508834, 0.96117711,
       0.93967129, 0.96587273, 0.94975459, 0.95241067, 0.95765912])]
real metric: [array([0.94630104, 0.9724978 , 0.88322888, 0.8910437 , 0.90953265,
       0.88379162, 0.92247995, 0.87347141, 0.91759004, 0.90909883]), array([0.93470634, 0.9658448 , 0.8952137 , 0.88452517, 0.91191433,
       0.88596422, 0.92554059, 0.87044207, 0.90808082, 0.9067996 ]), array([0.94296017, 0.96985219, 0.88898102, 0.87655643, 0.92462563,
       0.89790245, 0.92771205, 0.87511624, 0.91614753, 0.89547009]), array([0.9265601 , 0.9670784 , 0.88257105, 0.8778769 , 0.91170649,
       0.89787831, 0.9322831 , 0.88302406, 0.90623954, 0.90479638]), array([0.94515977, 0.9710084 , 0.87937086, 0.8751448 , 0.91031793,
       0.88687501, 0.92406864, 0.87562282, 0.90005837, 0.90445644])]

estim_algorithm = ts-model, mode = classification, metric = auc, confidence_scores = energy-conf, class_specific = False
test err: [0.05625786044798457, 0.05538237501374419, 0.058229606787895405, 0.06043140866992659, 0.06228578742737909]
estimated metric: [array([0.97037831, 0.95405245, 0.97679567, 0.9767396 , 0.97030819,
       0.97554256, 0.96918198, 0.97348809, 0.95303221, 0.91520476]), array([0.96977722, 0.94431856, 0.97701995, 0.97661955, 0.9704395 ,
       0.9738155 , 0.96841568, 0.97121146, 0.92639775, 0.89181144]), array([0.97013258, 0.9544323 , 0.9769066 , 0.97715087, 0.97112769,
       0.97456082, 0.96845786, 0.97518164, 0.95862219, 0.94020754]), array([0.97057948, 0.94825297, 0.97678431, 0.97739339, 0.96965833,
       0.97537039, 0.96866557, 0.97447484, 0.96047407, 0.93502421]), array([0.97136558, 0.96305891, 0.97705615, 0.97680077, 0.97117365,
       0.97558304, 0.96922431, 0.97462219, 0.94966145, 0.95049588])]
real metric: [array([0.94630104, 0.9724978 , 0.88322888, 0.8910437 , 0.90953265,
       0.88379162, 0.92247995, 0.87347141, 0.91759004, 0.90909883]), array([0.93470634, 0.9658448 , 0.8952137 , 0.88452517, 0.91191433,
       0.88596422, 0.92554059, 0.87044207, 0.90808082, 0.9067996 ]), array([0.94296017, 0.96985219, 0.88898102, 0.87655643, 0.92462563,
       0.89790245, 0.92771205, 0.87511624, 0.91614753, 0.89547009]), array([0.9265601 , 0.9670784 , 0.88257105, 0.8778769 , 0.91170649,
       0.89787831, 0.9322831 , 0.88302406, 0.90623954, 0.90479638]), array([0.94515977, 0.9710084 , 0.87937086, 0.8751448 , 0.91031793,
       0.88687501, 0.92406864, 0.87562282, 0.90005837, 0.90445644])]

estim_algorithm = ts-model, mode = classification, metric = auc, confidence_scores = energy-conf, class_specific = True
test err: [0.06870788210104772, 0.06906909537447148, 0.06799360711541076, 0.07095316113522074, 0.07262267889505213]
estimated metric: [array([0.99386607, 0.99468152, 0.98202074, 0.97143066, 0.98252968,
       0.95119542, 0.98394652, 0.98132127, 0.97784632, 0.97727655]), array([0.99390591, 0.99467313, 0.98227572, 0.97042414, 0.98250218,
       0.9481715 , 0.98493967, 0.97911085, 0.9721495 , 0.97157002]), array([0.9938783 , 0.99470828, 0.98180168, 0.9724672 , 0.98166827,
       0.94914308, 0.98455314, 0.98143936, 0.97806444, 0.97753612]), array([0.99398182, 0.99473758, 0.98251779, 0.97138147, 0.9822005 ,
       0.95318494, 0.9841044 , 0.97985981, 0.97996266, 0.97761496]), array([0.99388105, 0.99466633, 0.98194805, 0.97161689, 0.98269723,
       0.95615712, 0.9840218 , 0.97785278, 0.97702438, 0.9784442 ])]
real metric: [array([0.94630104, 0.9724978 , 0.88322888, 0.8910437 , 0.90953265,
       0.88379162, 0.92247995, 0.87347141, 0.91759004, 0.90909883]), array([0.93470634, 0.9658448 , 0.8952137 , 0.88452517, 0.91191433,
       0.88596422, 0.92554059, 0.87044207, 0.90808082, 0.9067996 ]), array([0.94296017, 0.96985219, 0.88898102, 0.87655643, 0.92462563,
       0.89790245, 0.92771205, 0.87511624, 0.91614753, 0.89547009]), array([0.9265601 , 0.9670784 , 0.88257105, 0.8778769 , 0.91170649,
       0.89787831, 0.9322831 , 0.88302406, 0.90623954, 0.90479638]), array([0.94515977, 0.9710084 , 0.87937086, 0.8751448 , 0.91031793,
       0.88687501, 0.92406864, 0.87562282, 0.90005837, 0.90445644])]

estim_algorithm = ts-model, mode = classification, metric = auc, confidence_scores = entropy-conf, class_specific = False
test err: [0.032433276173598355, 0.03234069807147255, 0.03200564030526791, 0.02702551971177216, 0.031955463275292285]
estimated metric: [array([0.87265942, 0.94884444, 0.87905071, 0.81980675, 0.9018477 ,
       0.9007373 , 0.93493855, 0.93354124, 0.94195385, 0.93919861]), array([0.87050589, 0.94886152, 0.87872469, 0.81918833, 0.89999477,
       0.90024427, 0.93429925, 0.93429998, 0.93842459, 0.93803706]), array([0.87024961, 0.94888957, 0.88008845, 0.81845499, 0.90132801,
       0.89991477, 0.93490007, 0.93445227, 0.94138201, 0.93779085]), array([0.87124516, 0.94820223, 0.88024112, 0.81751691, 0.90147613,
       0.89878416, 0.93494004, 0.93362301, 0.94157575, 0.93844224]), array([0.87110544, 0.94767597, 0.87941167, 0.81815092, 0.90006046,
       0.89845376, 0.93437365, 0.93462908, 0.94073533, 0.93776518])]
real metric: [array([0.94630104, 0.9724978 , 0.88322888, 0.8910437 , 0.90953265,
       0.88379162, 0.92247995, 0.87347141, 0.91759004, 0.90909883]), array([0.93470634, 0.9658448 , 0.8952137 , 0.88452517, 0.91191433,
       0.88596422, 0.92554059, 0.87044207, 0.90808082, 0.9067996 ]), array([0.94296017, 0.96985219, 0.88898102, 0.87655643, 0.92462563,
       0.89790245, 0.92771205, 0.87511624, 0.91614753, 0.89547009]), array([0.9265601 , 0.9670784 , 0.88257105, 0.8778769 , 0.91170649,
       0.89787831, 0.9322831 , 0.88302406, 0.90623954, 0.90479638]), array([0.94515977, 0.9710084 , 0.87937086, 0.8751448 , 0.91031793,
       0.88687501, 0.92406864, 0.87562282, 0.90005837, 0.90445644])]

estim_algorithm = ts-model, mode = classification, metric = auc, confidence_scores = entropy-conf, class_specific = True
test err: [0.04442002688885434, 0.04561700819467233, 0.043424896270207, 0.04578660064409594, 0.04708558706576107]
estimated metric: [array([0.96087672, 0.97807527, 0.95209652, 0.93558583, 0.96189036,
       0.94081267, 0.9661582 , 0.94817341, 0.95242997, 0.95713724]), array([0.96010215, 0.97745755, 0.95163102, 0.9346423 , 0.96065647,
       0.94063687, 0.96546675, 0.94922597, 0.94937441, 0.95600826]), array([0.95985097, 0.97799092, 0.95176879, 0.93426877, 0.96151562,
       0.94132351, 0.965494  , 0.94910938, 0.95189531, 0.9563555 ]), array([0.95984386, 0.97789885, 0.95127269, 0.93392409, 0.96106896,
       0.9401069 , 0.9654919 , 0.94854541, 0.95256625, 0.9571614 ]), array([0.95963005, 0.9772723 , 0.95138704, 0.93392112, 0.95992105,
       0.93878596, 0.96512636, 0.94918822, 0.95145085, 0.95625597])]
real metric: [array([0.94630104, 0.9724978 , 0.88322888, 0.8910437 , 0.90953265,
       0.88379162, 0.92247995, 0.87347141, 0.91759004, 0.90909883]), array([0.93470634, 0.9658448 , 0.8952137 , 0.88452517, 0.91191433,
       0.88596422, 0.92554059, 0.87044207, 0.90808082, 0.9067996 ]), array([0.94296017, 0.96985219, 0.88898102, 0.87655643, 0.92462563,
       0.89790245, 0.92771205, 0.87511624, 0.91614753, 0.89547009]), array([0.9265601 , 0.9670784 , 0.88257105, 0.8778769 , 0.91170649,
       0.89787831, 0.9322831 , 0.88302406, 0.90623954, 0.90479638]), array([0.94515977, 0.9710084 , 0.87937086, 0.8751448 , 0.91031793,
       0.88687501, 0.92406864, 0.87562282, 0.90005837, 0.90445644])]

estim_algorithm = ts-model, mode = classification, metric = auc, confidence_scores = doctor-conf, class_specific = False
test err: [0.049397959896448775, 0.05060098293035005, 0.04565024829442739, 0.04388018572323375, 0.04847120131515299]
estimated metric: [array([0.86159489, 0.96876061, 0.86677539, 0.83521322, 0.95409938,
       0.92687673, 0.96656929, 0.96747084, 0.96625283, 0.96794772]), array([0.8507714 , 0.96806707, 0.86211072, 0.82852062, 0.95073004,
       0.92581417, 0.96551533, 0.96588947, 0.96509674, 0.96644095]), array([0.85112616, 0.96889252, 0.89124964, 0.83595619, 0.95327637,
       0.93748049, 0.96646995, 0.9670389 , 0.96584573, 0.96770249]), array([0.86311795, 0.96849389, 0.86729127, 0.83205128, 0.95292691,
       0.92897788, 0.96600827, 0.96677954, 0.96691814, 0.96715596]), array([0.85403189, 0.9675761 , 0.8771157 , 0.82523913, 0.95123931,
       0.92600821, 0.96429807, 0.96528611, 0.96591398, 0.96664456])]
real metric: [array([0.94630104, 0.9724978 , 0.88322888, 0.8910437 , 0.90953265,
       0.88379162, 0.92247995, 0.87347141, 0.91759004, 0.90909883]), array([0.93470634, 0.9658448 , 0.8952137 , 0.88452517, 0.91191433,
       0.88596422, 0.92554059, 0.87044207, 0.90808082, 0.9067996 ]), array([0.94296017, 0.96985219, 0.88898102, 0.87655643, 0.92462563,
       0.89790245, 0.92771205, 0.87511624, 0.91614753, 0.89547009]), array([0.9265601 , 0.9670784 , 0.88257105, 0.8778769 , 0.91170649,
       0.89787831, 0.9322831 , 0.88302406, 0.90623954, 0.90479638]), array([0.94515977, 0.9710084 , 0.87937086, 0.8751448 , 0.91031793,
       0.88687501, 0.92406864, 0.87562282, 0.90005837, 0.90445644])]

estim_algorithm = ts-model, mode = classification, metric = auc, confidence_scores = doctor-conf, class_specific = True
test err: [0.05269071850602153, 0.05404625085230327, 0.05194704908829201, 0.054188812517518135, 0.05554424723619724]
estimated metric: [array([0.98015915, 0.99061142, 0.96225085, 0.94768447, 0.96902936,
       0.94497956, 0.97328763, 0.95217985, 0.95495782, 0.960803  ]), array([0.97976295, 0.99045503, 0.96182683, 0.94718578, 0.96772195,
       0.94518076, 0.97285545, 0.95311041, 0.95162196, 0.95977305]), array([0.98004037, 0.99033418, 0.96197501, 0.94639868, 0.96886066,
       0.94552538, 0.97298909, 0.95278903, 0.95570241, 0.96017948]), array([0.97996503, 0.99038997, 0.9611687 , 0.94632954, 0.96826198,
       0.94404489, 0.97281318, 0.95265057, 0.95518412, 0.96109449]), array([0.97979161, 0.98997787, 0.96159088, 0.94672257, 0.96756677,
       0.94341668, 0.97202189, 0.95310182, 0.95379682, 0.95953861])]
real metric: [array([0.94630104, 0.9724978 , 0.88322888, 0.8910437 , 0.90953265,
       0.88379162, 0.92247995, 0.87347141, 0.91759004, 0.90909883]), array([0.93470634, 0.9658448 , 0.8952137 , 0.88452517, 0.91191433,
       0.88596422, 0.92554059, 0.87044207, 0.90808082, 0.9067996 ]), array([0.94296017, 0.96985219, 0.88898102, 0.87655643, 0.92462563,
       0.89790245, 0.92771205, 0.87511624, 0.91614753, 0.89547009]), array([0.9265601 , 0.9670784 , 0.88257105, 0.8778769 , 0.91170649,
       0.89787831, 0.9322831 , 0.88302406, 0.90623954, 0.90479638]), array([0.94515977, 0.9710084 , 0.87937086, 0.8751448 , 0.91031793,
       0.88687501, 0.92406864, 0.87562282, 0.90005837, 0.90445644])]

estim_algorithm = doc-model, mode = classification, metric = auc, confidence_scores = max_class_probability-conf, class_specific = False
test err: [0.06340301277886365, 0.06171856750709358, 0.06401069479051355, 0.06170106124644671, 0.05993782472825473]
estimated metric: [array([0.83963488, 0.86003421, 0.83959302, 0.83759533, 0.84335217,
       0.8437498 , 0.8508792 , 0.85242285, 0.85334924, 0.8543951 ]), array([0.83923303, 0.86028159, 0.83928943, 0.83765734, 0.84309154,
       0.84396306, 0.85051339, 0.85245122, 0.85275459, 0.85261081]), array([0.83954571, 0.86073176, 0.83932575, 0.83735566, 0.84302916,
       0.84500044, 0.85108593, 0.85274734, 0.85299752, 0.85339758]), array([0.83947534, 0.86002913, 0.83932934, 0.83711928, 0.84356516,
       0.84391507, 0.85068954, 0.85207098, 0.85279836, 0.8540115 ]), array([0.83950827, 0.86004261, 0.83895727, 0.83758408, 0.84271363,
       0.84329115, 0.85011961, 0.85267794, 0.85387286, 0.85393737])]
real metric: [array([0.94630104, 0.9724978 , 0.88322888, 0.8910437 , 0.90953265,
       0.88379162, 0.92247995, 0.87347141, 0.91759004, 0.90909883]), array([0.93470634, 0.9658448 , 0.8952137 , 0.88452517, 0.91191433,
       0.88596422, 0.92554059, 0.87044207, 0.90808082, 0.9067996 ]), array([0.94296017, 0.96985219, 0.88898102, 0.87655643, 0.92462563,
       0.89790245, 0.92771205, 0.87511624, 0.91614753, 0.89547009]), array([0.9265601 , 0.9670784 , 0.88257105, 0.8778769 , 0.91170649,
       0.89787831, 0.9322831 , 0.88302406, 0.90623954, 0.90479638]), array([0.94515977, 0.9710084 , 0.87937086, 0.8751448 , 0.91031793,
       0.88687501, 0.92406864, 0.87562282, 0.90005837, 0.90445644])]

estim_algorithm = doc-model, mode = classification, metric = auc, confidence_scores = max_class_probability-conf, class_specific = True
test err: [0.053570138245755294, 0.055196373297031066, 0.052890531400424115, 0.055275413611534804, 0.05711170620434245]
estimated metric: [array([0.97400398, 0.99619284, 0.96223283, 0.94479839, 0.96987171,
       0.94727631, 0.97411387, 0.95526373, 0.95656947, 0.96441418]), array([0.97351321, 0.99613681, 0.96190518, 0.94486671, 0.96938379,
       0.94744464, 0.97373031, 0.95523011, 0.95599037, 0.96279425]), array([0.97374977, 0.99616973, 0.96207203, 0.94453886, 0.96948708,
       0.94845716, 0.97424738, 0.95538223, 0.95651788, 0.96360698]), array([0.97377514, 0.99613605, 0.96195183, 0.94432754, 0.96984686,
       0.9474246 , 0.97395414, 0.95493587, 0.95624006, 0.96417637]), array([0.9738607 , 0.9961292 , 0.96183767, 0.94483676, 0.96929107,
       0.94682041, 0.97372765, 0.95559608, 0.95704412, 0.96405646])]
real metric: [array([0.94630104, 0.9724978 , 0.88322888, 0.8910437 , 0.90953265,
       0.88379162, 0.92247995, 0.87347141, 0.91759004, 0.90909883]), array([0.93470634, 0.9658448 , 0.8952137 , 0.88452517, 0.91191433,
       0.88596422, 0.92554059, 0.87044207, 0.90808082, 0.9067996 ]), array([0.94296017, 0.96985219, 0.88898102, 0.87655643, 0.92462563,
       0.89790245, 0.92771205, 0.87511624, 0.91614753, 0.89547009]), array([0.9265601 , 0.9670784 , 0.88257105, 0.8778769 , 0.91170649,
       0.89787831, 0.9322831 , 0.88302406, 0.90623954, 0.90479638]), array([0.94515977, 0.9710084 , 0.87937086, 0.8751448 , 0.91031793,
       0.88687501, 0.92406864, 0.87562282, 0.90005837, 0.90445644])]

estim_algorithm = doc-model, mode = classification, metric = auc, confidence_scores = energy-conf, class_specific = False
test err: [0.056041025270874414, 0.055596192078993786, 0.05759948659584855, 0.060101991420430066, 0.06208997652251759]
estimated metric: [array([0.97018003, 0.95318294, 0.97680456, 0.9767958 , 0.97005787,
       0.97533421, 0.96904007, 0.97325272, 0.95200977, 0.91415849]), array([0.96948722, 0.9434396 , 0.97690951, 0.97657093, 0.97025911,
       0.9742448 , 0.96846721, 0.97183655, 0.92528974, 0.8899207 ]), array([0.96999821, 0.95797838, 0.97688623, 0.97710662, 0.97101134,
       0.97434646, 0.96855689, 0.97496531, 0.95767751, 0.93904412]), array([0.97053893, 0.94897478, 0.97664748, 0.9773073 , 0.96956165,
       0.97520593, 0.96860143, 0.97460673, 0.95950437, 0.93387838]), array([0.97123222, 0.9624333 , 0.97693002, 0.97676338, 0.97104522,
       0.97570353, 0.96919724, 0.97476413, 0.94843969, 0.94932388])]
real metric: [array([0.94630104, 0.9724978 , 0.88322888, 0.8910437 , 0.90953265,
       0.88379162, 0.92247995, 0.87347141, 0.91759004, 0.90909883]), array([0.93470634, 0.9658448 , 0.8952137 , 0.88452517, 0.91191433,
       0.88596422, 0.92554059, 0.87044207, 0.90808082, 0.9067996 ]), array([0.94296017, 0.96985219, 0.88898102, 0.87655643, 0.92462563,
       0.89790245, 0.92771205, 0.87511624, 0.91614753, 0.89547009]), array([0.9265601 , 0.9670784 , 0.88257105, 0.8778769 , 0.91170649,
       0.89787831, 0.9322831 , 0.88302406, 0.90623954, 0.90479638]), array([0.94515977, 0.9710084 , 0.87937086, 0.8751448 , 0.91031793,
       0.88687501, 0.92406864, 0.87562282, 0.90005837, 0.90445644])]

estim_algorithm = doc-model, mode = classification, metric = auc, confidence_scores = energy-conf, class_specific = True
test err: [0.04571368267483483, 0.04677765076367234, 0.04589479019667758, 0.0504715554529558, 0.05225338751242703]
estimated metric: [array([0.96427215, 0.97944742, 0.96090297, 0.93917116, 0.96858229,
       0.92139167, 0.94568468, 0.95625895, 0.96897132, 0.96149015]), array([0.96398907, 0.97957627, 0.95939009, 0.93450575, 0.96851048,
       0.9151427 , 0.94814776, 0.97264631, 0.96865993, 0.94623981]), array([0.96389505, 0.97949744, 0.95781134, 0.9372272 , 0.96875227,
       0.91730614, 0.95115861, 0.96150787, 0.96746347, 0.9696523 ]), array([0.96461999, 0.98000104, 0.96410385, 0.93706607, 0.96900371,
       0.93367116, 0.95527202, 0.96027677, 0.96972837, 0.9609869 ]), array([0.96499189, 0.97945014, 0.95908662, 0.93679483, 0.96875476,
       0.94402635, 0.94668423, 0.96096652, 0.9677603 , 0.96610127])]
real metric: [array([0.94630104, 0.9724978 , 0.88322888, 0.8910437 , 0.90953265,
       0.88379162, 0.92247995, 0.87347141, 0.91759004, 0.90909883]), array([0.93470634, 0.9658448 , 0.8952137 , 0.88452517, 0.91191433,
       0.88596422, 0.92554059, 0.87044207, 0.90808082, 0.9067996 ]), array([0.94296017, 0.96985219, 0.88898102, 0.87655643, 0.92462563,
       0.89790245, 0.92771205, 0.87511624, 0.91614753, 0.89547009]), array([0.9265601 , 0.9670784 , 0.88257105, 0.8778769 , 0.91170649,
       0.89787831, 0.9322831 , 0.88302406, 0.90623954, 0.90479638]), array([0.94515977, 0.9710084 , 0.87937086, 0.8751448 , 0.91031793,
       0.88687501, 0.92406864, 0.87562282, 0.90005837, 0.90445644])]

estim_algorithm = doc-model, mode = classification, metric = auc, confidence_scores = entropy-conf, class_specific = False
test err: [0.06322641747614036, 0.06131138560264774, 0.06387537460888082, 0.06140424880822436, 0.05965164487007183]
estimated metric: [array([0.84597934, 0.8504557 , 0.84627719, 0.8462734 , 0.84728707,
       0.84696357, 0.84889806, 0.84793783, 0.84802859, 0.84867099]), array([0.84585647, 0.85051976, 0.84623863, 0.84630613, 0.8472545 ,
       0.84707559, 0.84876654, 0.84791878, 0.84774749, 0.84823391]), array([0.8459441 , 0.85066812, 0.84620855, 0.84627024, 0.84727364,
       0.847231  , 0.84890077, 0.84812106, 0.8477289 , 0.84822369]), array([0.84593717, 0.85049233, 0.84621242, 0.84622575, 0.84732199,
       0.84708896, 0.84882003, 0.84788572, 0.84753153, 0.84845594]), array([0.84596426, 0.85033402, 0.8461735 , 0.84627203, 0.84716293,
       0.84688283, 0.8485875 , 0.84771874, 0.84801024, 0.84846055])]
real metric: [array([0.94630104, 0.9724978 , 0.88322888, 0.8910437 , 0.90953265,
       0.88379162, 0.92247995, 0.87347141, 0.91759004, 0.90909883]), array([0.93470634, 0.9658448 , 0.8952137 , 0.88452517, 0.91191433,
       0.88596422, 0.92554059, 0.87044207, 0.90808082, 0.9067996 ]), array([0.94296017, 0.96985219, 0.88898102, 0.87655643, 0.92462563,
       0.89790245, 0.92771205, 0.87511624, 0.91614753, 0.89547009]), array([0.9265601 , 0.9670784 , 0.88257105, 0.8778769 , 0.91170649,
       0.89787831, 0.9322831 , 0.88302406, 0.90623954, 0.90479638]), array([0.94515977, 0.9710084 , 0.87937086, 0.8751448 , 0.91031793,
       0.88687501, 0.92406864, 0.87562282, 0.90005837, 0.90445644])]

estim_algorithm = doc-model, mode = classification, metric = auc, confidence_scores = entropy-conf, class_specific = True
test err: [0.05598246685710606, 0.0578657013611244, 0.0552909380094135, 0.05779018122990912, 0.059549179031525304]
estimated metric: [array([0.97479912, 0.9966619 , 0.9656494 , 0.9469096 , 0.97355784,
       0.94989345, 0.97692409, 0.95707067, 0.96091512, 0.96647939]), array([0.97465205, 0.99662685, 0.96558356, 0.94693365, 0.97349498,
       0.94998521, 0.97676734, 0.95702102, 0.96060534, 0.96601868]), array([0.97473975, 0.99665623, 0.96555797, 0.94688409, 0.97351636,
       0.95013986, 0.97690439, 0.95722519, 0.96059818, 0.96601115]), array([0.97474698, 0.99663117, 0.96556788, 0.9468696 , 0.97357997,
       0.95001892, 0.97683478, 0.95700697, 0.96040556, 0.9662543 ]), array([0.97476592, 0.99663493, 0.96552373, 0.94690705, 0.97340724,
       0.94979461, 0.97659286, 0.95682606, 0.96087162, 0.96625081])]
real metric: [array([0.94630104, 0.9724978 , 0.88322888, 0.8910437 , 0.90953265,
       0.88379162, 0.92247995, 0.87347141, 0.91759004, 0.90909883]), array([0.93470634, 0.9658448 , 0.8952137 , 0.88452517, 0.91191433,
       0.88596422, 0.92554059, 0.87044207, 0.90808082, 0.9067996 ]), array([0.94296017, 0.96985219, 0.88898102, 0.87655643, 0.92462563,
       0.89790245, 0.92771205, 0.87511624, 0.91614753, 0.89547009]), array([0.9265601 , 0.9670784 , 0.88257105, 0.8778769 , 0.91170649,
       0.89787831, 0.9322831 , 0.88302406, 0.90623954, 0.90479638]), array([0.94515977, 0.9710084 , 0.87937086, 0.8751448 , 0.91031793,
       0.88687501, 0.92406864, 0.87562282, 0.90005837, 0.90445644])]

estim_algorithm = doc-model, mode = classification, metric = auc, confidence_scores = doctor-conf, class_specific = False
test err: [0.05595944593154738, 0.05591969926373408, 0.056498736743647436, 0.051374985693648303, 0.055989597370718056]
estimated metric: [array([0.80971616, 0.96655283, 0.8172076 , 0.82507618, 0.87624372,
       0.84966362, 0.95963702, 0.95435079, 0.96337168, 0.96293961]), array([0.80533976, 0.96589697, 0.81476939, 0.82335932, 0.87677321,
       0.85606268, 0.95765708, 0.95488008, 0.96034938, 0.96110196]), array([0.81033116, 0.96642903, 0.81920942, 0.82840537, 0.87755577,
       0.85744105, 0.95967296, 0.95469401, 0.96171533, 0.96184491]), array([0.80828551, 0.96633318, 0.82803851, 0.82764003, 0.88087888,
       0.85066147, 0.958995  , 0.95431709, 0.96197846, 0.96296871]), array([0.80475987, 0.96543314, 0.82043825, 0.8239977 , 0.87497103,
       0.85272029, 0.95903878, 0.9555183 , 0.96238892, 0.96159974])]
real metric: [array([0.94630104, 0.9724978 , 0.88322888, 0.8910437 , 0.90953265,
       0.88379162, 0.92247995, 0.87347141, 0.91759004, 0.90909883]), array([0.93470634, 0.9658448 , 0.8952137 , 0.88452517, 0.91191433,
       0.88596422, 0.92554059, 0.87044207, 0.90808082, 0.9067996 ]), array([0.94296017, 0.96985219, 0.88898102, 0.87655643, 0.92462563,
       0.89790245, 0.92771205, 0.87511624, 0.91614753, 0.89547009]), array([0.9265601 , 0.9670784 , 0.88257105, 0.8778769 , 0.91170649,
       0.89787831, 0.9322831 , 0.88302406, 0.90623954, 0.90479638]), array([0.94515977, 0.9710084 , 0.87937086, 0.8751448 , 0.91031793,
       0.88687501, 0.92406864, 0.87562282, 0.90005837, 0.90445644])]

estim_algorithm = doc-model, mode = classification, metric = auc, confidence_scores = doctor-conf, class_specific = True
test err: [0.04013406832468169, 0.041216040191037764, 0.04130995939301332, 0.044165412085781564, 0.0443180938039315]
estimated metric: [array([0.95748483, 0.97643535, 0.95076224, 0.93451733, 0.96146193,
       0.93425805, 0.96569877, 0.94563926, 0.93878371, 0.94533513]), array([0.95596551, 0.97655438, 0.94831352, 0.93312808, 0.96018932,
       0.94107429, 0.96436039, 0.94659347, 0.93224824, 0.94276485]), array([0.957228  , 0.97574758, 0.95303326, 0.93809282, 0.9619979 ,
       0.94254262, 0.96477126, 0.95068807, 0.93989882, 0.94442307]), array([0.95663853, 0.97595402, 0.95866086, 0.93709532, 0.96080279,
       0.93531039, 0.96449917, 0.94638534, 0.94268612, 0.95363591]), array([0.95596297, 0.97536092, 0.95411586, 0.93374053, 0.96029745,
       0.93755505, 0.96352877, 0.95017852, 0.94303027, 0.94149364])]
real metric: [array([0.94630104, 0.9724978 , 0.88322888, 0.8910437 , 0.90953265,
       0.88379162, 0.92247995, 0.87347141, 0.91759004, 0.90909883]), array([0.93470634, 0.9658448 , 0.8952137 , 0.88452517, 0.91191433,
       0.88596422, 0.92554059, 0.87044207, 0.90808082, 0.9067996 ]), array([0.94296017, 0.96985219, 0.88898102, 0.87655643, 0.92462563,
       0.89790245, 0.92771205, 0.87511624, 0.91614753, 0.89547009]), array([0.9265601 , 0.9670784 , 0.88257105, 0.8778769 , 0.91170649,
       0.89787831, 0.9322831 , 0.88302406, 0.90623954, 0.90479638]), array([0.94515977, 0.9710084 , 0.87937086, 0.8751448 , 0.91031793,
       0.88687501, 0.92406864, 0.87562282, 0.90005837, 0.90445644])]

