estim_algorithm = ac-model, mode = classification, metric = auc, confidence_scores = max_class_probability-conf, class_specific = False
test err: [0.07391079626772216, 0.07770527370429427, 0.07349937444838694, 0.07309765127813679, 0.07635666552953832]
estimated metric: [array([0.96747337, 0.97386881, 0.96769021, 0.96214006, 0.96945866,
       0.96619047, 0.97182445, 0.96904061, 0.97052622, 0.97135421]), array([0.96771274, 0.97365267, 0.96634458, 0.96266857, 0.96918678,
       0.96370175, 0.96968442, 0.96802789, 0.97129106, 0.95673331]), array([0.96631436, 0.97219515, 0.96698499, 0.96325563, 0.96883143,
       0.96600217, 0.9686463 , 0.96767842, 0.96969339, 0.96719537]), array([0.96718197, 0.97365354, 0.96678619, 0.96299969, 0.97078771,
       0.96658234, 0.96935609, 0.96642258, 0.96795093, 0.97018143]), array([0.9672904 , 0.97367647, 0.96738048, 0.96243069, 0.96966085,
       0.96668472, 0.97045589, 0.9657658 , 0.96738766, 0.97439261])]
real metric: [array([0.94970412, 0.95136533, 0.87036277, 0.83785336, 0.9028012 ,
       0.86060717, 0.92155168, 0.87090148, 0.89359319, 0.89171883]), array([0.93989851, 0.94762393, 0.85362276, 0.84285547, 0.89941999,
       0.85543163, 0.92384803, 0.86460736, 0.88223852, 0.88240484]), array([0.95137561, 0.95495836, 0.86492123, 0.84079946, 0.89890159,
       0.86789874, 0.92273921, 0.8614788 , 0.89386633, 0.88486412]), array([0.95275445, 0.95830239, 0.87031861, 0.84999295, 0.89742105,
       0.86336618, 0.90792189, 0.86176488, 0.88883611, 0.90024746]), array([0.95037745, 0.94891221, 0.85428718, 0.83910563, 0.89015167,
       0.85834931, 0.92805404, 0.87627747, 0.88555272, 0.89049123])]

estim_algorithm = ac-model, mode = classification, metric = auc, confidence_scores = energy-conf, class_specific = False
test err: [0.24076957829610385, 0.2451323232395012, 0.22513532803192798, 0.24697744833852497, 0.23335142363926367]
estimated metric: [array([0.66478742, 0.68687338, 0.68090841, 0.64109102, 0.66967626,
       0.57757969, 0.70396675, 0.58035371, 0.67557813, 0.66194856]), array([0.69139152, 0.64879172, 0.67057575, 0.63376909, 0.68171675,
       0.62740077, 0.6743764 , 0.62157227, 0.62991658, 0.56111696]), array([0.69821156, 0.70562729, 0.68496338, 0.58654149, 0.7051907 ,
       0.59296329, 0.68446793, 0.69331383, 0.70975641, 0.6294143 ]), array([0.70746689, 0.69202661, 0.69699251, 0.5968833 , 0.65190915,
       0.59609817, 0.68314158, 0.6146796 , 0.67274131, 0.56921235]), array([0.67531979, 0.67370933, 0.72958212, 0.63075618, 0.69121872,
       0.56930543, 0.68653844, 0.59796871, 0.65431743, 0.67932852])]
real metric: [array([0.94970412, 0.95136533, 0.87036277, 0.83785336, 0.9028012 ,
       0.86060717, 0.92155168, 0.87090148, 0.89359319, 0.89171883]), array([0.93989851, 0.94762393, 0.85362276, 0.84285547, 0.89941999,
       0.85543163, 0.92384803, 0.86460736, 0.88223852, 0.88240484]), array([0.95137561, 0.95495836, 0.86492123, 0.84079946, 0.89890159,
       0.86789874, 0.92273921, 0.8614788 , 0.89386633, 0.88486412]), array([0.95275445, 0.95830239, 0.87031861, 0.84999295, 0.89742105,
       0.86336618, 0.90792189, 0.86176488, 0.88883611, 0.90024746]), array([0.95037745, 0.94891221, 0.85428718, 0.83910563, 0.89015167,
       0.85834931, 0.92805404, 0.87627747, 0.88555272, 0.89049123])]

estim_algorithm = ac-model, mode = classification, metric = auc, confidence_scores = entropy-conf, class_specific = False
test err: [0.06609166206774708, 0.06784057200301767, 0.06705523269257715, 0.06411135300912954, 0.0679961045946458]
estimated metric: [array([0.95730113, 0.9677048 , 0.95973954, 0.95314847, 0.96113805,
       0.95901741, 0.96325165, 0.96100518, 0.96475075, 0.96431875]), array([0.95750317, 0.96754742, 0.95809558, 0.95325146, 0.96223993,
       0.96065426, 0.96197153, 0.95607966, 0.96140231, 0.93161143]), array([0.95624341, 0.96573693, 0.95935901, 0.95318321, 0.96118784,
       0.95738978, 0.96160458, 0.96547299, 0.96596355, 0.96621448]), array([0.95698249, 0.96777796, 0.95883665, 0.95471253, 0.96260266,
       0.95837232, 0.96184908, 0.95493116, 0.96226296, 0.95371167]), array([0.95710498, 0.96691917, 0.9590813 , 0.9520941 , 0.96207948,
       0.95530651, 0.96236119, 0.95889637, 0.96322388, 0.96445298])]
real metric: [array([0.94970412, 0.95136533, 0.87036277, 0.83785336, 0.9028012 ,
       0.86060717, 0.92155168, 0.87090148, 0.89359319, 0.89171883]), array([0.93989851, 0.94762393, 0.85362276, 0.84285547, 0.89941999,
       0.85543163, 0.92384803, 0.86460736, 0.88223852, 0.88240484]), array([0.95137561, 0.95495836, 0.86492123, 0.84079946, 0.89890159,
       0.86789874, 0.92273921, 0.8614788 , 0.89386633, 0.88486412]), array([0.95275445, 0.95830239, 0.87031861, 0.84999295, 0.89742105,
       0.86336618, 0.90792189, 0.86176488, 0.88883611, 0.90024746]), array([0.95037745, 0.94891221, 0.85428718, 0.83910563, 0.89015167,
       0.85834931, 0.92805404, 0.87627747, 0.88555272, 0.89049123])]

estim_algorithm = ac-model, mode = classification, metric = auc, confidence_scores = doctor-conf, class_specific = False
test err: [0.08060322351058259, 0.0853749924242853, 0.08129026981810983, 0.08118474548529575, 0.083450760798972]
estimated metric: [array([0.97669598, 0.98098457, 0.97573659, 0.97201355, 0.97773484,
       0.97190113, 0.9785557 , 0.97181311, 0.97280209, 0.97825379]), array([0.97684717, 0.98008666, 0.97427244, 0.9722102 , 0.97742546,
       0.97141214, 0.97816625, 0.97553485, 0.97622595, 0.96351984]), array([0.97586212, 0.97922819, 0.97484663, 0.97291419, 0.97758188,
       0.97316778, 0.97664469, 0.97532957, 0.97751315, 0.97161796]), array([0.97648895, 0.98048792, 0.97430666, 0.97245564, 0.97806066,
       0.97447161, 0.97703809, 0.97283935, 0.97633378, 0.98029075]), array([0.97642808, 0.98066485, 0.97556688, 0.97138906, 0.97655159,
       0.97479149, 0.9781999 , 0.97451455, 0.97561575, 0.97234438])]
real metric: [array([0.94970412, 0.95136533, 0.87036277, 0.83785336, 0.9028012 ,
       0.86060717, 0.92155168, 0.87090148, 0.89359319, 0.89171883]), array([0.93989851, 0.94762393, 0.85362276, 0.84285547, 0.89941999,
       0.85543163, 0.92384803, 0.86460736, 0.88223852, 0.88240484]), array([0.95137561, 0.95495836, 0.86492123, 0.84079946, 0.89890159,
       0.86789874, 0.92273921, 0.8614788 , 0.89386633, 0.88486412]), array([0.95275445, 0.95830239, 0.87031861, 0.84999295, 0.89742105,
       0.86336618, 0.90792189, 0.86176488, 0.88883611, 0.90024746]), array([0.95037745, 0.94891221, 0.85428718, 0.83910563, 0.89015167,
       0.85834931, 0.92805404, 0.87627747, 0.88555272, 0.89049123])]

estim_algorithm = ts-model, mode = classification, metric = auc, confidence_scores = max_class_probability-conf, class_specific = False
test err: [0.03630129649367438, 0.04402820628656786, 0.03864176265369066, 0.04191021529915666, 0.03648096207548914]
estimated metric: [array([0.90858745, 0.93769313, 0.92515924, 0.92047695, 0.92539539,
       0.89616016, 0.92868234, 0.90957972, 0.92729492, 0.92486505]), array([0.91021869, 0.93449662, 0.92266376, 0.91717236, 0.93093278,
       0.92795679, 0.93009567, 0.88705688, 0.92395172, 0.80273612]), array([0.9106369 , 0.93715855, 0.9241467 , 0.89741199, 0.92690623,
       0.89251837, 0.92637762, 0.93610913, 0.93691854, 0.92296001]), array([0.9101627 , 0.93881944, 0.92571764, 0.89499534, 0.92477967,
       0.92280363, 0.93518341, 0.90485936, 0.93434102, 0.84627843]), array([0.90923598, 0.93546487, 0.9253619 , 0.92160569, 0.92576368,
       0.86624553, 0.93053937, 0.8929268 , 0.93513079, 0.93491628])]
real metric: [array([0.94970412, 0.95136533, 0.87036277, 0.83785336, 0.9028012 ,
       0.86060717, 0.92155168, 0.87090148, 0.89359319, 0.89171883]), array([0.93989851, 0.94762393, 0.85362276, 0.84285547, 0.89941999,
       0.85543163, 0.92384803, 0.86460736, 0.88223852, 0.88240484]), array([0.95137561, 0.95495836, 0.86492123, 0.84079946, 0.89890159,
       0.86789874, 0.92273921, 0.8614788 , 0.89386633, 0.88486412]), array([0.95275445, 0.95830239, 0.87031861, 0.84999295, 0.89742105,
       0.86336618, 0.90792189, 0.86176488, 0.88883611, 0.90024746]), array([0.95037745, 0.94891221, 0.85428718, 0.83910563, 0.89015167,
       0.85834931, 0.92805404, 0.87627747, 0.88555272, 0.89049123])]

estim_algorithm = ts-model, mode = classification, metric = auc, confidence_scores = max_class_probability-conf, class_specific = True
test err: [0.05549793723239601, 0.06029989224935124, 0.05555457596102722, 0.05359347487406548, 0.061024617441719095]
estimated metric: [array([0.96909388, 0.97829956, 0.93866259, 0.93320519, 0.95147253,
       0.84626746, 0.97103516, 0.95962512, 0.96399955, 0.96509801]), array([0.96984659, 0.97871712, 0.93349299, 0.92901382, 0.95180414,
       0.90015406, 0.97179458, 0.94997836, 0.96770969, 0.94243861]), array([0.96893174, 0.97824018, 0.93718428, 0.90556651, 0.95130065,
       0.84545669, 0.96989894, 0.96366027, 0.96689086, 0.96533499]), array([0.96939208, 0.97858019, 0.93752886, 0.90523228, 0.95099355,
       0.88592055, 0.97056294, 0.96313029, 0.96510218, 0.96041778]), array([0.9694677 , 0.97839088, 0.94368214, 0.93468307, 0.95110079,
       0.81478413, 0.970963  , 0.94851945, 0.96543246, 0.96765109])]
real metric: [array([0.94970412, 0.95136533, 0.87036277, 0.83785336, 0.9028012 ,
       0.86060717, 0.92155168, 0.87090148, 0.89359319, 0.89171883]), array([0.93989851, 0.94762393, 0.85362276, 0.84285547, 0.89941999,
       0.85543163, 0.92384803, 0.86460736, 0.88223852, 0.88240484]), array([0.95137561, 0.95495836, 0.86492123, 0.84079946, 0.89890159,
       0.86789874, 0.92273921, 0.8614788 , 0.89386633, 0.88486412]), array([0.95275445, 0.95830239, 0.87031861, 0.84999295, 0.89742105,
       0.86336618, 0.90792189, 0.86176488, 0.88883611, 0.90024746]), array([0.95037745, 0.94891221, 0.85428718, 0.83910563, 0.89015167,
       0.85834931, 0.92805404, 0.87627747, 0.88555272, 0.89049123])]

estim_algorithm = ts-model, mode = classification, metric = auc, confidence_scores = energy-conf, class_specific = False
test err: [0.05266661051659747, 0.05004045329571163, 0.049362937150945176, 0.055039007000985074, 0.0482685025375571]
estimated metric: [array([0.81583572, 0.85424425, 0.84642885, 0.82728858, 0.84373686,
       0.83208692, 0.85810702, 0.83239071, 0.85639023, 0.85728388]), array([0.82761979, 0.8372329 , 0.83781062, 0.82632852, 0.85433979,
       0.83499482, 0.84007655, 0.85550137, 0.84256044, 0.8350817 ]), array([0.82519732, 0.85544686, 0.84329886, 0.82790019, 0.86046592,
       0.83237114, 0.84479279, 0.8809856 , 0.87408475, 0.84264424]), array([0.82825055, 0.85212351, 0.84970366, 0.82587194, 0.83730278,
       0.83277908, 0.84762725, 0.8368159 , 0.85346134, 0.83659986]), array([0.81881282, 0.84593249, 0.85729603, 0.82459274, 0.84592823,
       0.83165743, 0.84516406, 0.8389863 , 0.85389206, 0.88262944])]
real metric: [array([0.94970412, 0.95136533, 0.87036277, 0.83785336, 0.9028012 ,
       0.86060717, 0.92155168, 0.87090148, 0.89359319, 0.89171883]), array([0.93989851, 0.94762393, 0.85362276, 0.84285547, 0.89941999,
       0.85543163, 0.92384803, 0.86460736, 0.88223852, 0.88240484]), array([0.95137561, 0.95495836, 0.86492123, 0.84079946, 0.89890159,
       0.86789874, 0.92273921, 0.8614788 , 0.89386633, 0.88486412]), array([0.95275445, 0.95830239, 0.87031861, 0.84999295, 0.89742105,
       0.86336618, 0.90792189, 0.86176488, 0.88883611, 0.90024746]), array([0.95037745, 0.94891221, 0.85428718, 0.83910563, 0.89015167,
       0.85834931, 0.92805404, 0.87627747, 0.88555272, 0.89049123])]

estim_algorithm = ts-model, mode = classification, metric = auc, confidence_scores = energy-conf, class_specific = True
test err: [0.07499894283602858, 0.08085343407640913, 0.0762243580108382, 0.07505496598787124, 0.07812296739260458]
estimated metric: [array([0.99697082, 0.99791169, 0.96763046, 0.95973795, 0.97379875,
       0.95129701, 0.98205813, 0.95568935, 0.96199637, 0.95335801]), array([0.99699558, 0.99795174, 0.96757913, 0.95964256, 0.97400228,
       0.95154592, 0.98192645, 0.95686204, 0.96204279, 0.95193688]), array([0.99698864, 0.99792603, 0.9678018 , 0.9595914 , 0.97403862,
       0.95140496, 0.98175802, 0.95762301, 0.96279881, 0.95411576]), array([0.99698975, 0.99793863, 0.96777993, 0.9598568 , 0.97408795,
       0.95154697, 0.98165867, 0.95578153, 0.96243432, 0.95340105]), array([0.99698332, 0.9979298 , 0.96758208, 0.95960461, 0.97381676,
       0.95133606, 0.98179534, 0.95642916, 0.96249921, 0.95481226])]
real metric: [array([0.94970412, 0.95136533, 0.87036277, 0.83785336, 0.9028012 ,
       0.86060717, 0.92155168, 0.87090148, 0.89359319, 0.89171883]), array([0.93989851, 0.94762393, 0.85362276, 0.84285547, 0.89941999,
       0.85543163, 0.92384803, 0.86460736, 0.88223852, 0.88240484]), array([0.95137561, 0.95495836, 0.86492123, 0.84079946, 0.89890159,
       0.86789874, 0.92273921, 0.8614788 , 0.89386633, 0.88486412]), array([0.95275445, 0.95830239, 0.87031861, 0.84999295, 0.89742105,
       0.86336618, 0.90792189, 0.86176488, 0.88883611, 0.90024746]), array([0.95037745, 0.94891221, 0.85428718, 0.83910563, 0.89015167,
       0.85834931, 0.92805404, 0.87627747, 0.88555272, 0.89049123])]

estim_algorithm = ts-model, mode = classification, metric = auc, confidence_scores = entropy-conf, class_specific = False
test err: [0.03472384762571441, 0.04396916079368427, 0.03716636379125928, 0.041641416077343216, 0.03495927944627689]
estimated metric: [array([0.9092251 , 0.93675801, 0.92429727, 0.91982326, 0.9245476 ,
       0.89167855, 0.92682069, 0.90612241, 0.92577429, 0.92247772]), array([0.91064284, 0.93364289, 0.92228277, 0.9164108 , 0.92936376,
       0.92613171, 0.928759  , 0.88136874, 0.92238384, 0.79062682]), array([0.91094179, 0.93546157, 0.92327554, 0.89498049, 0.92548422,
       0.88779496, 0.92499771, 0.93408231, 0.93560679, 0.9209805 ]), array([0.91073857, 0.93802129, 0.92483746, 0.89458   , 0.92332198,
       0.92108006, 0.93364925, 0.90099823, 0.93307414, 0.83804976]), array([0.90983286, 0.9344553 , 0.92452479, 0.92098335, 0.92427555,
       0.86263832, 0.92933309, 0.88818658, 0.93380047, 0.93311838])]
real metric: [array([0.94970412, 0.95136533, 0.87036277, 0.83785336, 0.9028012 ,
       0.86060717, 0.92155168, 0.87090148, 0.89359319, 0.89171883]), array([0.93989851, 0.94762393, 0.85362276, 0.84285547, 0.89941999,
       0.85543163, 0.92384803, 0.86460736, 0.88223852, 0.88240484]), array([0.95137561, 0.95495836, 0.86492123, 0.84079946, 0.89890159,
       0.86789874, 0.92273921, 0.8614788 , 0.89386633, 0.88486412]), array([0.95275445, 0.95830239, 0.87031861, 0.84999295, 0.89742105,
       0.86336618, 0.90792189, 0.86176488, 0.88883611, 0.90024746]), array([0.95037745, 0.94891221, 0.85428718, 0.83910563, 0.89015167,
       0.85834931, 0.92805404, 0.87627747, 0.88555272, 0.89049123])]

estim_algorithm = ts-model, mode = classification, metric = auc, confidence_scores = entropy-conf, class_specific = True
test err: [0.05592045170935479, 0.05828215805773908, 0.05546319168358614, 0.05147407050006183, 0.06090875320350386]
estimated metric: [array([0.96835465, 0.96704357, 0.939695  , 0.93225581, 0.95093447,
       0.82996245, 0.9723354 , 0.96042616, 0.96350386, 0.96386281]), array([0.9687009 , 0.96682588, 0.9344847 , 0.92753626, 0.95146986,
       0.89433479, 0.97258016, 0.9514063 , 0.961264  , 0.94616976]), array([0.9683036 , 0.96542243, 0.93836953, 0.90053722, 0.95112243,
       0.83096986, 0.9715184 , 0.96379694, 0.96605002, 0.96648717]), array([0.96829491, 0.96740757, 0.939225  , 0.90357045, 0.95063191,
       0.87680987, 0.97181132, 0.96352444, 0.96182036, 0.96257082]), array([0.96839078, 0.96632277, 0.94480718, 0.93401058, 0.94969795,
       0.8013882 , 0.97166932, 0.95019763, 0.96207964, 0.96816017])]
real metric: [array([0.94970412, 0.95136533, 0.87036277, 0.83785336, 0.9028012 ,
       0.86060717, 0.92155168, 0.87090148, 0.89359319, 0.89171883]), array([0.93989851, 0.94762393, 0.85362276, 0.84285547, 0.89941999,
       0.85543163, 0.92384803, 0.86460736, 0.88223852, 0.88240484]), array([0.95137561, 0.95495836, 0.86492123, 0.84079946, 0.89890159,
       0.86789874, 0.92273921, 0.8614788 , 0.89386633, 0.88486412]), array([0.95275445, 0.95830239, 0.87031861, 0.84999295, 0.89742105,
       0.86336618, 0.90792189, 0.86176488, 0.88883611, 0.90024746]), array([0.95037745, 0.94891221, 0.85428718, 0.83910563, 0.89015167,
       0.85834931, 0.92805404, 0.87627747, 0.88555272, 0.89049123])]

estim_algorithm = ts-model, mode = classification, metric = auc, confidence_scores = doctor-conf, class_specific = False
test err: [0.03723695836735371, 0.04387184126303373, 0.038959488939509276, 0.040719259725221967, 0.03649733042573644]
estimated metric: [array([0.92320815, 0.93419403, 0.93004323, 0.92499112, 0.92804964,
       0.90153178, 0.92815128, 0.91071624, 0.92823727, 0.92637143]), array([0.92497566, 0.93284405, 0.92677741, 0.92368979, 0.93089876,
       0.92761813, 0.93015926, 0.89340931, 0.92361301, 0.80753108]), array([0.92493031, 0.93440833, 0.92982777, 0.90678631, 0.92643181,
       0.89913753, 0.92878432, 0.92907309, 0.93320054, 0.92482768]), array([0.92516243, 0.93642141, 0.9288723 , 0.90228194, 0.92488761,
       0.92255317, 0.93277566, 0.90984723, 0.93441951, 0.85854363]), array([0.92367977, 0.93514241, 0.93020899, 0.9298952 , 0.92806967,
       0.87401081, 0.93030129, 0.90078195, 0.92005744, 0.93344972])]
real metric: [array([0.94970412, 0.95136533, 0.87036277, 0.83785336, 0.9028012 ,
       0.86060717, 0.92155168, 0.87090148, 0.89359319, 0.89171883]), array([0.93989851, 0.94762393, 0.85362276, 0.84285547, 0.89941999,
       0.85543163, 0.92384803, 0.86460736, 0.88223852, 0.88240484]), array([0.95137561, 0.95495836, 0.86492123, 0.84079946, 0.89890159,
       0.86789874, 0.92273921, 0.8614788 , 0.89386633, 0.88486412]), array([0.95275445, 0.95830239, 0.87031861, 0.84999295, 0.89742105,
       0.86336618, 0.90792189, 0.86176488, 0.88883611, 0.90024746]), array([0.95037745, 0.94891221, 0.85428718, 0.83910563, 0.89015167,
       0.85834931, 0.92805404, 0.87627747, 0.88555272, 0.89049123])]

estim_algorithm = ts-model, mode = classification, metric = auc, confidence_scores = doctor-conf, class_specific = True
test err: [0.056670120074565435, 0.06371113515956339, 0.05710755883162353, 0.0559471363426959, 0.060265802521625625]
estimated metric: [array([0.96764028, 0.97576887, 0.94126856, 0.93299091, 0.97215067,
       0.85385964, 0.97401656, 0.94998554, 0.97002226, 0.96596197]), array([0.96832976, 0.97563446, 0.93880966, 0.93353514, 0.97290971,
       0.91201444, 0.97416011, 0.94092859, 0.97096361, 0.9417769 ]), array([0.96707953, 0.97513476, 0.94030614, 0.9111782 , 0.97209413,
       0.86810201, 0.97273625, 0.96781382, 0.97055575, 0.96787845]), array([0.96774564, 0.97511879, 0.9418812 , 0.91039001, 0.97320995,
       0.88503473, 0.97288042, 0.95780808, 0.97039963, 0.95592888]), array([0.96754534, 0.97570657, 0.94593205, 0.93771479, 0.97189913,
       0.84472161, 0.97378422, 0.94358712, 0.96877551, 0.96729519])]
real metric: [array([0.94970412, 0.95136533, 0.87036277, 0.83785336, 0.9028012 ,
       0.86060717, 0.92155168, 0.87090148, 0.89359319, 0.89171883]), array([0.93989851, 0.94762393, 0.85362276, 0.84285547, 0.89941999,
       0.85543163, 0.92384803, 0.86460736, 0.88223852, 0.88240484]), array([0.95137561, 0.95495836, 0.86492123, 0.84079946, 0.89890159,
       0.86789874, 0.92273921, 0.8614788 , 0.89386633, 0.88486412]), array([0.95275445, 0.95830239, 0.87031861, 0.84999295, 0.89742105,
       0.86336618, 0.90792189, 0.86176488, 0.88883611, 0.90024746]), array([0.95037745, 0.94891221, 0.85428718, 0.83910563, 0.89015167,
       0.85834931, 0.92805404, 0.87627747, 0.88555272, 0.89049123])]

estim_algorithm = doc-model, mode = classification, metric = auc, confidence_scores = max_class_probability-conf, class_specific = False
test err: [0.02965281189275536, 0.02963133676864489, 0.030728546643534173, 0.028879741105989964, 0.02910819116920621]
estimated metric: [array([0.87319819, 0.88368092, 0.87701603, 0.87180055, 0.87884301,
       0.87650633, 0.88146583, 0.87924378, 0.88042549, 0.88143468]), array([0.87347854, 0.88342541, 0.8758307 , 0.8726939 , 0.87863964,
       0.87393514, 0.87931157, 0.87814803, 0.88117318, 0.86718265]), array([0.87213898, 0.88198991, 0.87639802, 0.87303654, 0.87830977,
       0.87622031, 0.8782091 , 0.87784263, 0.87977192, 0.87739933]), array([0.87295789, 0.88332214, 0.87598747, 0.87280914, 0.88007466,
       0.87680177, 0.87889417, 0.87660552, 0.87790904, 0.88028931]), array([0.87300133, 0.88345453, 0.87674279, 0.87235572, 0.87889423,
       0.87694478, 0.87998193, 0.87593403, 0.87741817, 0.88435184])]
real metric: [array([0.94970412, 0.95136533, 0.87036277, 0.83785336, 0.9028012 ,
       0.86060717, 0.92155168, 0.87090148, 0.89359319, 0.89171883]), array([0.93989851, 0.94762393, 0.85362276, 0.84285547, 0.89941999,
       0.85543163, 0.92384803, 0.86460736, 0.88223852, 0.88240484]), array([0.95137561, 0.95495836, 0.86492123, 0.84079946, 0.89890159,
       0.86789874, 0.92273921, 0.8614788 , 0.89386633, 0.88486412]), array([0.95275445, 0.95830239, 0.87031861, 0.84999295, 0.89742105,
       0.86336618, 0.90792189, 0.86176488, 0.88883611, 0.90024746]), array([0.95037745, 0.94891221, 0.85428718, 0.83910563, 0.89015167,
       0.85834931, 0.92805404, 0.87627747, 0.88555272, 0.89049123])]

estim_algorithm = doc-model, mode = classification, metric = auc, confidence_scores = max_class_probability-conf, class_specific = True
test err: [0.06959191606584954, 0.07346642757981095, 0.06954372240409855, 0.0690633299454362, 0.07211526408060183]
estimated metric: [array([0.98235271, 0.98436779, 0.95354563, 0.94847845, 0.9614946 ,
       0.94593316, 0.97159845, 0.96237137, 0.96846045, 0.96777567]), array([0.98222407, 0.98403383, 0.95237964, 0.94925792, 0.9614232 ,
       0.94354471, 0.96960828, 0.96151071, 0.96937477, 0.95325818]), array([0.98176576, 0.98406088, 0.95309289, 0.94986388, 0.96112131,
       0.94590369, 0.96862443, 0.96120144, 0.96783387, 0.96377253]), array([0.98239751, 0.98466813, 0.95285029, 0.94965997, 0.96309625,
       0.9465525 , 0.96937163, 0.96000246, 0.966126  , 0.96683451]), array([0.98210268, 0.98415325, 0.95339514, 0.9489471 , 0.9618103 ,
       0.94650768, 0.97033096, 0.95916895, 0.96540156, 0.97089395])]
real metric: [array([0.94970412, 0.95136533, 0.87036277, 0.83785336, 0.9028012 ,
       0.86060717, 0.92155168, 0.87090148, 0.89359319, 0.89171883]), array([0.93989851, 0.94762393, 0.85362276, 0.84285547, 0.89941999,
       0.85543163, 0.92384803, 0.86460736, 0.88223852, 0.88240484]), array([0.95137561, 0.95495836, 0.86492123, 0.84079946, 0.89890159,
       0.86789874, 0.92273921, 0.8614788 , 0.89386633, 0.88486412]), array([0.95275445, 0.95830239, 0.87031861, 0.84999295, 0.89742105,
       0.86336618, 0.90792189, 0.86176488, 0.88883611, 0.90024746]), array([0.95037745, 0.94891221, 0.85428718, 0.83910563, 0.89015167,
       0.85834931, 0.92805404, 0.87627747, 0.88555272, 0.89049123])]

estim_algorithm = doc-model, mode = classification, metric = auc, confidence_scores = energy-conf, class_specific = False
test err: [0.032592577213317674, 0.03048436766787225, 0.036243481709785516, 0.03259900484658408, 0.03756397714658174]
estimated metric: [array([0.86851204, 0.9232294 , 0.90566347, 0.86546193, 0.89932217,
       0.81619491, 0.93725278, 0.82224508, 0.91864035, 0.90811136]), array([0.8931275 , 0.88417685, 0.89517695, 0.85934946, 0.91213291,
       0.86750103, 0.90703923, 0.86519855, 0.86970496, 0.80054331]), array([0.89759582, 0.94183585, 0.90854188, 0.81445718, 0.9355468 ,
       0.83261987, 0.91571306, 0.94050211, 0.95080856, 0.87421033]), array([0.90429938, 0.92746608, 0.92044359, 0.82409391, 0.88312478,
       0.83572088, 0.91614905, 0.85870875, 0.91783405, 0.81179561]), array([0.87753154, 0.90990003, 0.9258509 , 0.85524654, 0.92217483,
       0.8082645 , 0.91858888, 0.84021495, 0.89728339, 0.92720196])]
real metric: [array([0.94970412, 0.95136533, 0.87036277, 0.83785336, 0.9028012 ,
       0.86060717, 0.92155168, 0.87090148, 0.89359319, 0.89171883]), array([0.93989851, 0.94762393, 0.85362276, 0.84285547, 0.89941999,
       0.85543163, 0.92384803, 0.86460736, 0.88223852, 0.88240484]), array([0.95137561, 0.95495836, 0.86492123, 0.84079946, 0.89890159,
       0.86789874, 0.92273921, 0.8614788 , 0.89386633, 0.88486412]), array([0.95275445, 0.95830239, 0.87031861, 0.84999295, 0.89742105,
       0.86336618, 0.90792189, 0.86176488, 0.88883611, 0.90024746]), array([0.95037745, 0.94891221, 0.85428718, 0.83910563, 0.89015167,
       0.85834931, 0.92805404, 0.87627747, 0.88555272, 0.89049123])]

estim_algorithm = doc-model, mode = classification, metric = auc, confidence_scores = energy-conf, class_specific = True
test err: [0.04350644751253052, 0.03814681824277617, 0.05368355435495298, 0.04837895284978085, 0.052079201737132444]
estimated metric: [array([0.93660361, 0.97458373, 0.91543161, 0.84559662, 0.95123816,
       0.78077935, 0.97056765, 0.88974738, 0.96359288, 0.97152594]), array([0.93846557, 0.97526257, 0.90528626, 0.83958702, 0.95616258,
       0.83339591, 0.97153456, 0.93377572, 0.9646548 , 0.86298967]), array([0.93915591, 0.97492395, 0.91907978, 0.79319324, 0.94870434,
       0.79776686, 0.97031784, 0.9716035 , 0.96617498, 0.937803  ]), array([0.93825691, 0.97499057, 0.93099507, 0.80295999, 0.94772019,
       0.80063938, 0.97066757, 0.92677483, 0.96677927, 0.87407781]), array([0.93764108, 0.97494936, 0.95069393, 0.83538461, 0.95228327,
       0.77276104, 0.97022149, 0.9080141 , 0.96430981, 0.97200091])]
real metric: [array([0.94970412, 0.95136533, 0.87036277, 0.83785336, 0.9028012 ,
       0.86060717, 0.92155168, 0.87090148, 0.89359319, 0.89171883]), array([0.93989851, 0.94762393, 0.85362276, 0.84285547, 0.89941999,
       0.85543163, 0.92384803, 0.86460736, 0.88223852, 0.88240484]), array([0.95137561, 0.95495836, 0.86492123, 0.84079946, 0.89890159,
       0.86789874, 0.92273921, 0.8614788 , 0.89386633, 0.88486412]), array([0.95275445, 0.95830239, 0.87031861, 0.84999295, 0.89742105,
       0.86336618, 0.90792189, 0.86176488, 0.88883611, 0.90024746]), array([0.95037745, 0.94891221, 0.85428718, 0.83910563, 0.89015167,
       0.85834931, 0.92805404, 0.87627747, 0.88555272, 0.89049123])]

estim_algorithm = doc-model, mode = classification, metric = auc, confidence_scores = entropy-conf, class_specific = False
test err: [0.029119437445483943, 0.03106797956693762, 0.029857346368934966, 0.028694664530839686, 0.028152762232818686]
estimated metric: [array([0.87403357, 0.88708414, 0.87941997, 0.8732858 , 0.880392  ,
       0.87917396, 0.88273784, 0.88098344, 0.88433887, 0.88409193]), array([0.87356762, 0.8869052 , 0.87779686, 0.87359024, 0.8814698 ,
       0.88063649, 0.88131107, 0.87603798, 0.88103644, 0.85200824]), array([0.87235075, 0.88520976, 0.87931879, 0.87331093, 0.88049251,
       0.87747532, 0.88111219, 0.885359  , 0.88567844, 0.88607435]), array([0.87378282, 0.88713206, 0.87822898, 0.8748736 , 0.88176349,
       0.87840213, 0.88127271, 0.87491185, 0.88185957, 0.8737    ]), array([0.87321318, 0.88630199, 0.87863587, 0.87257071, 0.88116844,
       0.87548349, 0.88175452, 0.87888167, 0.88291162, 0.88421411])]
real metric: [array([0.94970412, 0.95136533, 0.87036277, 0.83785336, 0.9028012 ,
       0.86060717, 0.92155168, 0.87090148, 0.89359319, 0.89171883]), array([0.93989851, 0.94762393, 0.85362276, 0.84285547, 0.89941999,
       0.85543163, 0.92384803, 0.86460736, 0.88223852, 0.88240484]), array([0.95137561, 0.95495836, 0.86492123, 0.84079946, 0.89890159,
       0.86789874, 0.92273921, 0.8614788 , 0.89386633, 0.88486412]), array([0.95275445, 0.95830239, 0.87031861, 0.84999295, 0.89742105,
       0.86336618, 0.90792189, 0.86176488, 0.88883611, 0.90024746]), array([0.95037745, 0.94891221, 0.85428718, 0.83910563, 0.89015167,
       0.85834931, 0.92805404, 0.87627747, 0.88555272, 0.89049123])]

estim_algorithm = doc-model, mode = classification, metric = auc, confidence_scores = entropy-conf, class_specific = True
test err: [0.06502731983654927, 0.06675138029700334, 0.06625644019351054, 0.06319002343448046, 0.06701259856375216]
estimated metric: [array([0.97651683, 0.97814531, 0.94883491, 0.94313583, 0.95659525,
       0.94240142, 0.96658941, 0.95776269, 0.96597165, 0.96477903]), array([0.97644684, 0.97792622, 0.94727528, 0.94336028, 0.95775172,
       0.94403263, 0.96535573, 0.95277079, 0.9626163 , 0.93192905]), array([0.97586924, 0.9773863 , 0.94860971, 0.94330302, 0.95679321,
       0.94087161, 0.96509131, 0.96235206, 0.96731687, 0.96677453]), array([0.97653258, 0.97814186, 0.94808797, 0.94489059, 0.95823055,
       0.94188266, 0.96535241, 0.95181712, 0.96363155, 0.9542589 ]), array([0.97618166, 0.97801396, 0.94824582, 0.94219363, 0.95757353,
       0.93870608, 0.96574554, 0.95564276, 0.9644591 , 0.9649228 ])]
real metric: [array([0.94970412, 0.95136533, 0.87036277, 0.83785336, 0.9028012 ,
       0.86060717, 0.92155168, 0.87090148, 0.89359319, 0.89171883]), array([0.93989851, 0.94762393, 0.85362276, 0.84285547, 0.89941999,
       0.85543163, 0.92384803, 0.86460736, 0.88223852, 0.88240484]), array([0.95137561, 0.95495836, 0.86492123, 0.84079946, 0.89890159,
       0.86789874, 0.92273921, 0.8614788 , 0.89386633, 0.88486412]), array([0.95275445, 0.95830239, 0.87031861, 0.84999295, 0.89742105,
       0.86336618, 0.90792189, 0.86176488, 0.88883611, 0.90024746]), array([0.95037745, 0.94891221, 0.85428718, 0.83910563, 0.89015167,
       0.85834931, 0.92805404, 0.87627747, 0.88555272, 0.89049123])]

estim_algorithm = doc-model, mode = classification, metric = auc, confidence_scores = doctor-conf, class_specific = False
test err: [0.036945230266347606, 0.033117544066647166, 0.03615574990660092, 0.03410748571819522, 0.03589224606704554]
estimated metric: [array([0.85937762, 0.8681497 , 0.86133781, 0.85788392, 0.8637946 ,
       0.85985859, 0.86514518, 0.8594628 , 0.86041344, 0.86564428]), array([0.85946583, 0.86729145, 0.85997392, 0.85854056, 0.8636459 ,
       0.85915503, 0.864822  , 0.86309101, 0.86401659, 0.8522926 ]), array([0.85836624, 0.86646458, 0.86048739, 0.85903068, 0.86366547,
       0.86088434, 0.86313255, 0.86292346, 0.8654223 , 0.8592207 ]), array([0.85889976, 0.86756275, 0.85970916, 0.85846129, 0.86432711,
       0.86222882, 0.8636254 , 0.86043081, 0.86388461, 0.86765806]), array([0.85917925, 0.86782032, 0.86102194, 0.85753289, 0.86274328,
       0.86254549, 0.86459624, 0.86296137, 0.86310976, 0.85984231])]
real metric: [array([0.94970412, 0.95136533, 0.87036277, 0.83785336, 0.9028012 ,
       0.86060717, 0.92155168, 0.87090148, 0.89359319, 0.89171883]), array([0.93989851, 0.94762393, 0.85362276, 0.84285547, 0.89941999,
       0.85543163, 0.92384803, 0.86460736, 0.88223852, 0.88240484]), array([0.95137561, 0.95495836, 0.86492123, 0.84079946, 0.89890159,
       0.86789874, 0.92273921, 0.8614788 , 0.89386633, 0.88486412]), array([0.95275445, 0.95830239, 0.87031861, 0.84999295, 0.89742105,
       0.86336618, 0.90792189, 0.86176488, 0.88883611, 0.90024746]), array([0.95037745, 0.94891221, 0.85428718, 0.83910563, 0.89015167,
       0.85834931, 0.92805404, 0.87627747, 0.88555272, 0.89049123])]

estim_algorithm = doc-model, mode = classification, metric = auc, confidence_scores = doctor-conf, class_specific = True
test err: [0.06966140926881345, 0.0745530685240743, 0.07052677681096386, 0.07030598315699063, 0.07256427542855257]
estimated metric: [array([0.98100643, 0.98493442, 0.95686097, 0.95113535, 0.96480445,
       0.94495086, 0.97251162, 0.95840857, 0.96363371, 0.96882684]), array([0.98079259, 0.98501196, 0.95546104, 0.95150679, 0.96457868,
       0.94449104, 0.9721918 , 0.96218899, 0.9671028 , 0.95415603]), array([0.98030758, 0.98444579, 0.95602071, 0.95215865, 0.96470243,
       0.94621334, 0.97062896, 0.96196234, 0.96837544, 0.96225596]), array([0.98064571, 0.98468852, 0.9554518 , 0.95169896, 0.96524285,
       0.94755233, 0.9710618 , 0.95949117, 0.96720936, 0.97094328]), array([0.98096067, 0.98454879, 0.95670115, 0.95058135, 0.96368515,
       0.94783954, 0.97217677, 0.96119069, 0.96649245, 0.96302511])]
real metric: [array([0.94970412, 0.95136533, 0.87036277, 0.83785336, 0.9028012 ,
       0.86060717, 0.92155168, 0.87090148, 0.89359319, 0.89171883]), array([0.93989851, 0.94762393, 0.85362276, 0.84285547, 0.89941999,
       0.85543163, 0.92384803, 0.86460736, 0.88223852, 0.88240484]), array([0.95137561, 0.95495836, 0.86492123, 0.84079946, 0.89890159,
       0.86789874, 0.92273921, 0.8614788 , 0.89386633, 0.88486412]), array([0.95275445, 0.95830239, 0.87031861, 0.84999295, 0.89742105,
       0.86336618, 0.90792189, 0.86176488, 0.88883611, 0.90024746]), array([0.95037745, 0.94891221, 0.85428718, 0.83910563, 0.89015167,
       0.85834931, 0.92805404, 0.87627747, 0.88555272, 0.89049123])]

