estim_algorithm = ac-model, mode = classification, metric = sensitivity, confidence_scores = max_class_probability-conf, class_specific = False
test err: [0.24694156936020445, 0.2514054686565298, 0.24913181250693697, 0.2512825505154946, 0.24507366544435394]
estimated metric: [array([0.88829826, 0.92120644, 0.79855483, 0.7851026 , 0.83897214,
       0.78880059, 0.86853768, 0.8190569 , 0.81969109, 0.85788326]), array([0.88008391, 0.92640173, 0.81397559, 0.775029  , 0.85092044,
       0.81034243, 0.86997543, 0.83470049, 0.80958498, 0.86968847]), array([0.88090417, 0.93660598, 0.80882584, 0.78697299, 0.84807431,
       0.81615582, 0.85511384, 0.83764166, 0.8272096 , 0.84992804]), array([0.87156915, 0.92019897, 0.80787923, 0.77537015, 0.85169552,
       0.82055205, 0.8537292 , 0.84694965, 0.82251931, 0.84021206]), array([0.8848614 , 0.93790255, 0.80826227, 0.77108138, 0.83226792,
       0.79985338, 0.85259379, 0.83914915, 0.80740962, 0.86769723])]
real metric: [array([0.94887218, 0.8893617 , 0.6629393 , 0.71932299, 0.72727273,
       0.44797688, 0.56912752, 0.35694823, 0.26544944, 0.45056497]), array([0.96322489, 0.90756303, 0.69589041, 0.6846473 , 0.72871573,
       0.44121532, 0.57800892, 0.36463224, 0.26453488, 0.46449704]), array([0.95732575, 0.89821183, 0.68461538, 0.6970128 , 0.71623465,
       0.47819972, 0.57336957, 0.35552408, 0.27177177, 0.47669173]), array([0.94736842, 0.89944134, 0.66906475, 0.68436578, 0.71656977,
       0.4859944 , 0.56845238, 0.3643617 , 0.25      , 0.46382979]), array([0.95495495, 0.90859482, 0.67166213, 0.7228739 , 0.69941349,
       0.43586006, 0.59539919, 0.39337176, 0.24819625, 0.4602026 ])]

estim_algorithm = ac-model, mode = classification, metric = sensitivity, confidence_scores = energy-conf, class_specific = False
test err: [0.378585411110499, 0.37854523771033366, 0.3840894814876067, 0.3791912855420323, 0.3841586648903995]
estimated metric: [array([0.20857981, 0.32312011, 0.19265052, 0.15449148, 0.21371017,
       0.19072819, 0.21411011, 0.22365828, 0.24297163, 0.28796152]), array([0.20551779, 0.33467383, 0.19841538, 0.15352558, 0.21903685,
       0.20124398, 0.22519218, 0.23363876, 0.25444129, 0.28179173]), array([0.20923122, 0.33414696, 0.19135401, 0.15595924, 0.21887343,
       0.19844571, 0.21382144, 0.22292723, 0.25063749, 0.27266572]), array([0.20387852, 0.32487289, 0.18882311, 0.15091093, 0.22086554,
       0.20278156, 0.20728228, 0.22884087, 0.24856473, 0.28071504]), array([0.20993995, 0.33908157, 0.1933729 , 0.14982533, 0.21165377,
       0.19494595, 0.20688607, 0.22699389, 0.23166599, 0.28457708])]
real metric: [array([0.94887218, 0.8893617 , 0.6629393 , 0.71932299, 0.72727273,
       0.44797688, 0.56912752, 0.35694823, 0.26544944, 0.45056497]), array([0.96322489, 0.90756303, 0.69589041, 0.6846473 , 0.72871573,
       0.44121532, 0.57800892, 0.36463224, 0.26453488, 0.46449704]), array([0.95732575, 0.89821183, 0.68461538, 0.6970128 , 0.71623465,
       0.47819972, 0.57336957, 0.35552408, 0.27177177, 0.47669173]), array([0.94736842, 0.89944134, 0.66906475, 0.68436578, 0.71656977,
       0.4859944 , 0.56845238, 0.3643617 , 0.25      , 0.46382979]), array([0.95495495, 0.90859482, 0.67166213, 0.7228739 , 0.69941349,
       0.43586006, 0.59539919, 0.39337176, 0.24819625, 0.4602026 ])]

estim_algorithm = ac-model, mode = classification, metric = sensitivity, confidence_scores = entropy-conf, class_specific = False
test err: [0.22748885088955634, 0.23332338758706342, 0.22858976655427837, 0.2311983558681093, 0.2251282028773157]
estimated metric: [array([0.86133943, 0.90602148, 0.77322485, 0.74564147, 0.8095724 ,
       0.76740459, 0.83705835, 0.79163692, 0.80716206, 0.83859738]), array([0.85408541, 0.91405903, 0.79092491, 0.73840333, 0.82095035,
       0.78686293, 0.84159804, 0.80819077, 0.80272675, 0.85008315]), array([0.85586109, 0.92338923, 0.77972438, 0.74761864, 0.8205645 ,
       0.78827823, 0.82302619, 0.80451872, 0.81688136, 0.8320633 ]), array([0.84663241, 0.90630143, 0.78062493, 0.73640509, 0.82236525,
       0.79686723, 0.82281974, 0.81770363, 0.80646249, 0.82377767]), array([0.86014591, 0.92543912, 0.78055521, 0.73314139, 0.80580804,
       0.77896101, 0.82009155, 0.80818582, 0.79286579, 0.84699925])]
real metric: [array([0.94887218, 0.8893617 , 0.6629393 , 0.71932299, 0.72727273,
       0.44797688, 0.56912752, 0.35694823, 0.26544944, 0.45056497]), array([0.96322489, 0.90756303, 0.69589041, 0.6846473 , 0.72871573,
       0.44121532, 0.57800892, 0.36463224, 0.26453488, 0.46449704]), array([0.95732575, 0.89821183, 0.68461538, 0.6970128 , 0.71623465,
       0.47819972, 0.57336957, 0.35552408, 0.27177177, 0.47669173]), array([0.94736842, 0.89944134, 0.66906475, 0.68436578, 0.71656977,
       0.4859944 , 0.56845238, 0.3643617 , 0.25      , 0.46382979]), array([0.95495495, 0.90859482, 0.67166213, 0.7228739 , 0.69941349,
       0.43586006, 0.59539919, 0.39337176, 0.24819625, 0.4602026 ])]

estim_algorithm = ac-model, mode = classification, metric = sensitivity, confidence_scores = doctor-conf, class_specific = False
test err: [0.29259484007277925, 0.2957880087273529, 0.29300143547187807, 0.2965712266397485, 0.29085249876878444]
estimated metric: [array([0.92851103, 0.94821113, 0.86069554, 0.85386513, 0.89185888,
       0.85896603, 0.91086807, 0.87295084, 0.88761663, 0.90951875]), array([0.92199169, 0.95289771, 0.87487706, 0.84412865, 0.89867701,
       0.87339425, 0.91458859, 0.88563993, 0.88273081, 0.91941774]), array([0.9229971 , 0.95915223, 0.86803407, 0.85283267, 0.89917715,
       0.87734096, 0.90127344, 0.88580833, 0.89849524, 0.90520314]), array([0.91463603, 0.9468005 , 0.86896626, 0.84465041, 0.90010513,
       0.88525468, 0.90325358, 0.89657322, 0.89150039, 0.89795562]), array([0.92522301, 0.96024279, 0.86775207, 0.84297165, 0.88550755,
       0.86961989, 0.90280645, 0.88817984, 0.88156857, 0.91571841])]
real metric: [array([0.94887218, 0.8893617 , 0.6629393 , 0.71932299, 0.72727273,
       0.44797688, 0.56912752, 0.35694823, 0.26544944, 0.45056497]), array([0.96322489, 0.90756303, 0.69589041, 0.6846473 , 0.72871573,
       0.44121532, 0.57800892, 0.36463224, 0.26453488, 0.46449704]), array([0.95732575, 0.89821183, 0.68461538, 0.6970128 , 0.71623465,
       0.47819972, 0.57336957, 0.35552408, 0.27177177, 0.47669173]), array([0.94736842, 0.89944134, 0.66906475, 0.68436578, 0.71656977,
       0.4859944 , 0.56845238, 0.3643617 , 0.25      , 0.46382979]), array([0.95495495, 0.90859482, 0.67166213, 0.7228739 , 0.69941349,
       0.43586006, 0.59539919, 0.39337176, 0.24819625, 0.4602026 ])]

estim_algorithm = ts-model, mode = classification, metric = sensitivity, confidence_scores = max_class_probability-conf, class_specific = False
test err: [0.17771685036728152, 0.18270776179346762, 0.1700544914491417, 0.17428120931093166, 0.1726213164744128]
estimated metric: [array([0.68826593, 0.79225797, 0.595678  , 0.54059756, 0.63449828,
       0.57795635, 0.65917643, 0.62052536, 0.63323242, 0.67987382]), array([0.68171313, 0.80482068, 0.61302328, 0.53476423, 0.64897852,
       0.60610079, 0.67155054, 0.64100058, 0.6360459 , 0.68852669]), array([0.68536698, 0.81484955, 0.60145137, 0.54600591, 0.64566709,
       0.60254584, 0.64713814, 0.63181912, 0.6459686 , 0.66857055]), array([0.67363322, 0.79578321, 0.598201  , 0.5322029 , 0.64781395,
       0.6112892 , 0.64500221, 0.6434099 , 0.63887356, 0.66769971]), array([0.68934112, 0.820602  , 0.6015325 , 0.52834258, 0.62969959,
       0.59134816, 0.63780494, 0.6354611 , 0.6164594 , 0.69018791])]
real metric: [array([0.94887218, 0.8893617 , 0.6629393 , 0.71932299, 0.72727273,
       0.44797688, 0.56912752, 0.35694823, 0.26544944, 0.45056497]), array([0.96322489, 0.90756303, 0.69589041, 0.6846473 , 0.72871573,
       0.44121532, 0.57800892, 0.36463224, 0.26453488, 0.46449704]), array([0.95732575, 0.89821183, 0.68461538, 0.6970128 , 0.71623465,
       0.47819972, 0.57336957, 0.35552408, 0.27177177, 0.47669173]), array([0.94736842, 0.89944134, 0.66906475, 0.68436578, 0.71656977,
       0.4859944 , 0.56845238, 0.3643617 , 0.25      , 0.46382979]), array([0.95495495, 0.90859482, 0.67166213, 0.7228739 , 0.69941349,
       0.43586006, 0.59539919, 0.39337176, 0.24819625, 0.4602026 ])]

estim_algorithm = ts-model, mode = classification, metric = sensitivity, confidence_scores = max_class_probability-conf, class_specific = True
test err: [0.07037557704026214, 0.07587478919817839, 0.07118455403255819, 0.07157668684896087, 0.060636300055703175]
estimated metric: [array([0.95743828, 0.97388508, 0.74306177, 0.81678388, 0.70330723,
       0.51641157, 0.62153963, 0.50602728, 0.3969721 , 0.44289606]), array([0.95233234, 0.97390108, 0.76085783, 0.80625995, 0.71796816,
       0.54367993, 0.63558645, 0.52411498, 0.40450391, 0.4398013 ]), array([0.95193717, 0.97884914, 0.75253882, 0.81795561, 0.71500796,
       0.53872922, 0.61103557, 0.51124508, 0.40334269, 0.42645244]), array([0.94620353, 0.97203561, 0.75133416, 0.80710993, 0.71747305,
       0.54713028, 0.60839437, 0.52113618, 0.40093771, 0.43652899]), array([0.9544469 , 0.98006042, 0.75230995, 0.80313368, 0.69822461,
       0.52907523, 0.6008028 , 0.51699164, 0.3840557 , 0.44600785])]
real metric: [array([0.94887218, 0.8893617 , 0.6629393 , 0.71932299, 0.72727273,
       0.44797688, 0.56912752, 0.35694823, 0.26544944, 0.45056497]), array([0.96322489, 0.90756303, 0.69589041, 0.6846473 , 0.72871573,
       0.44121532, 0.57800892, 0.36463224, 0.26453488, 0.46449704]), array([0.95732575, 0.89821183, 0.68461538, 0.6970128 , 0.71623465,
       0.47819972, 0.57336957, 0.35552408, 0.27177177, 0.47669173]), array([0.94736842, 0.89944134, 0.66906475, 0.68436578, 0.71656977,
       0.4859944 , 0.56845238, 0.3643617 , 0.25      , 0.46382979]), array([0.95495495, 0.90859482, 0.67166213, 0.7228739 , 0.69941349,
       0.43586006, 0.59539919, 0.39337176, 0.24819625, 0.4602026 ])]

estim_algorithm = ts-model, mode = classification, metric = sensitivity, confidence_scores = energy-conf, class_specific = False
test err: [0.20021797528280144, 0.19900214118084936, 0.19171286827712955, 0.1963448360891941, 0.19812093286786459]
estimated metric: [array([0.71072544, 0.74396216, 0.71297091, 0.70487424, 0.71944349,
       0.71540765, 0.71748255, 0.72610363, 0.7297516 , 0.74764549]), array([0.71009209, 0.74698043, 0.71361115, 0.70489688, 0.72031129,
       0.71692285, 0.71990083, 0.72807203, 0.73375043, 0.74417351]), array([0.71102251, 0.74535881, 0.712239  , 0.70507386, 0.72072866,
       0.71635189, 0.71817178, 0.72545395, 0.73127078, 0.74210221]), array([0.71007761, 0.74367819, 0.71151758, 0.70435303, 0.72139564,
       0.71725412, 0.71553006, 0.72611746, 0.73169771, 0.74516736]), array([0.71114195, 0.74676401, 0.71292041, 0.70417001, 0.71891183,
       0.71539582, 0.71648355, 0.72588591, 0.72602578, 0.7453438 ])]
real metric: [array([0.94887218, 0.8893617 , 0.6629393 , 0.71932299, 0.72727273,
       0.44797688, 0.56912752, 0.35694823, 0.26544944, 0.45056497]), array([0.96322489, 0.90756303, 0.69589041, 0.6846473 , 0.72871573,
       0.44121532, 0.57800892, 0.36463224, 0.26453488, 0.46449704]), array([0.95732575, 0.89821183, 0.68461538, 0.6970128 , 0.71623465,
       0.47819972, 0.57336957, 0.35552408, 0.27177177, 0.47669173]), array([0.94736842, 0.89944134, 0.66906475, 0.68436578, 0.71656977,
       0.4859944 , 0.56845238, 0.3643617 , 0.25      , 0.46382979]), array([0.95495495, 0.90859482, 0.67166213, 0.7228739 , 0.69941349,
       0.43586006, 0.59539919, 0.39337176, 0.24819625, 0.4602026 ])]

estim_algorithm = ts-model, mode = classification, metric = sensitivity, confidence_scores = energy-conf, class_specific = True
test err: [0.11578415069064137, 0.1132613004253307, 0.11013517243698241, 0.11452207898638482, 0.10978783586027203]
estimated metric: [array([0.95357775, 0.96677343, 0.83599637, 0.84720408, 0.78821246,
       0.60907244, 0.68029044, 0.57625505, 0.45823177, 0.48006364]), array([0.95322708, 0.96786267, 0.83652892, 0.84722609, 0.78898092,
       0.61097453, 0.68290111, 0.57892222, 0.46454687, 0.47437674]), array([0.95387836, 0.9676132 , 0.83538737, 0.84735691, 0.78933292,
       0.61027571, 0.6810359 , 0.57538545, 0.46048539, 0.47072043]), array([0.95332667, 0.96664012, 0.83479386, 0.84676806, 0.78997933,
       0.61133574, 0.67824598, 0.57637563, 0.46096881, 0.47623492]), array([0.95397044, 0.96897351, 0.83594722, 0.84658798, 0.78772391,
       0.60916007, 0.67922495, 0.57609511, 0.45216423, 0.47659106])]
real metric: [array([0.94887218, 0.8893617 , 0.6629393 , 0.71932299, 0.72727273,
       0.44797688, 0.56912752, 0.35694823, 0.26544944, 0.45056497]), array([0.96322489, 0.90756303, 0.69589041, 0.6846473 , 0.72871573,
       0.44121532, 0.57800892, 0.36463224, 0.26453488, 0.46449704]), array([0.95732575, 0.89821183, 0.68461538, 0.6970128 , 0.71623465,
       0.47819972, 0.57336957, 0.35552408, 0.27177177, 0.47669173]), array([0.94736842, 0.89944134, 0.66906475, 0.68436578, 0.71656977,
       0.4859944 , 0.56845238, 0.3643617 , 0.25      , 0.46382979]), array([0.95495495, 0.90859482, 0.67166213, 0.7228739 , 0.69941349,
       0.43586006, 0.59539919, 0.39337176, 0.24819625, 0.4602026 ])]

estim_algorithm = ts-model, mode = classification, metric = sensitivity, confidence_scores = entropy-conf, class_specific = False
test err: [0.18342737695228686, 0.18883936162122078, 0.17607037842193574, 0.18052552903754418, 0.17803241309339124]
estimated metric: [array([0.67156378, 0.78615266, 0.58496659, 0.51998741, 0.62435777,
       0.57690921, 0.64528758, 0.61176798, 0.64397908, 0.68565626]), array([0.6655147 , 0.80154883, 0.60442104, 0.51566636, 0.63664296,
       0.60223116, 0.65942241, 0.63377858, 0.65585733, 0.69374507]), array([0.66988815, 0.80919508, 0.5888357 , 0.52456681, 0.6343756 ,
       0.598543  , 0.63330974, 0.61905593, 0.66407708, 0.67473582]), array([0.65889829, 0.78974988, 0.58640087, 0.51013071, 0.63555975,
       0.60910372, 0.63181956, 0.63481307, 0.6513222 , 0.67476446]), array([0.67457381, 0.8169907 , 0.58895801, 0.50755567, 0.62012444,
       0.59203462, 0.62542701, 0.62544058, 0.62978747, 0.69136765])]
real metric: [array([0.94887218, 0.8893617 , 0.6629393 , 0.71932299, 0.72727273,
       0.44797688, 0.56912752, 0.35694823, 0.26544944, 0.45056497]), array([0.96322489, 0.90756303, 0.69589041, 0.6846473 , 0.72871573,
       0.44121532, 0.57800892, 0.36463224, 0.26453488, 0.46449704]), array([0.95732575, 0.89821183, 0.68461538, 0.6970128 , 0.71623465,
       0.47819972, 0.57336957, 0.35552408, 0.27177177, 0.47669173]), array([0.94736842, 0.89944134, 0.66906475, 0.68436578, 0.71656977,
       0.4859944 , 0.56845238, 0.3643617 , 0.25      , 0.46382979]), array([0.95495495, 0.90859482, 0.67166213, 0.7228739 , 0.69941349,
       0.43586006, 0.59539919, 0.39337176, 0.24819625, 0.4602026 ])]

estim_algorithm = ts-model, mode = classification, metric = sensitivity, confidence_scores = entropy-conf, class_specific = True
test err: [0.06812920900620892, 0.07599330414066575, 0.06941816461297506, 0.07043875858191621, 0.059370743519932365]
estimated metric: [array([0.9560043 , 0.97319905, 0.74192485, 0.81297283, 0.69868993,
       0.51153823, 0.61713343, 0.49913987, 0.36451138, 0.4142814 ]), array([0.9506911 , 0.97401576, 0.76082923, 0.80460566, 0.71105895,
       0.53691124, 0.63243362, 0.51929595, 0.38142479, 0.40777873]), array([0.95047448, 0.97872273, 0.74818091, 0.81361876, 0.70962351,
       0.53181461, 0.60611807, 0.50132756, 0.37797602, 0.39502599]), array([0.94449773, 0.97174761, 0.74865462, 0.80439494, 0.71082995,
       0.54197313, 0.60399479, 0.51547476, 0.37381662, 0.40642883]), array([0.95239483, 0.97945556, 0.74881295, 0.8013674 , 0.69477426,
       0.52573413, 0.59748844, 0.50994318, 0.35086537, 0.41140345])]
real metric: [array([0.94887218, 0.8893617 , 0.6629393 , 0.71932299, 0.72727273,
       0.44797688, 0.56912752, 0.35694823, 0.26544944, 0.45056497]), array([0.96322489, 0.90756303, 0.69589041, 0.6846473 , 0.72871573,
       0.44121532, 0.57800892, 0.36463224, 0.26453488, 0.46449704]), array([0.95732575, 0.89821183, 0.68461538, 0.6970128 , 0.71623465,
       0.47819972, 0.57336957, 0.35552408, 0.27177177, 0.47669173]), array([0.94736842, 0.89944134, 0.66906475, 0.68436578, 0.71656977,
       0.4859944 , 0.56845238, 0.3643617 , 0.25      , 0.46382979]), array([0.95495495, 0.90859482, 0.67166213, 0.7228739 , 0.69941349,
       0.43586006, 0.59539919, 0.39337176, 0.24819625, 0.4602026 ])]

estim_algorithm = ts-model, mode = classification, metric = sensitivity, confidence_scores = doctor-conf, class_specific = False
test err: [0.19033162467699297, 0.19611042364832493, 0.18317587780844563, 0.18817844427615096, 0.18560669837934993]
estimated metric: [array([0.65494054, 0.77916708, 0.54046669, 0.4650044 , 0.59805412,
       0.54702221, 0.62959367, 0.58064901, 0.63736748, 0.68861484]), array([0.64458257, 0.79959985, 0.56883877, 0.46117301, 0.61216711,
       0.57336303, 0.64129875, 0.60863706, 0.65535372, 0.70166004]), array([0.65080525, 0.80812719, 0.54672508, 0.47018245, 0.61063944,
       0.57379454, 0.61089042, 0.59176864, 0.66898892, 0.6749521 ]), array([0.63766707, 0.78175517, 0.54438664, 0.45132925, 0.61311369,
       0.58863937, 0.60817913, 0.61458714, 0.64706738, 0.66739146]), array([0.65860968, 0.81673768, 0.54618921, 0.4442926 , 0.5923873 ,
       0.56726028, 0.60672241, 0.60231707, 0.62309191, 0.69042233])]
real metric: [array([0.94887218, 0.8893617 , 0.6629393 , 0.71932299, 0.72727273,
       0.44797688, 0.56912752, 0.35694823, 0.26544944, 0.45056497]), array([0.96322489, 0.90756303, 0.69589041, 0.6846473 , 0.72871573,
       0.44121532, 0.57800892, 0.36463224, 0.26453488, 0.46449704]), array([0.95732575, 0.89821183, 0.68461538, 0.6970128 , 0.71623465,
       0.47819972, 0.57336957, 0.35552408, 0.27177177, 0.47669173]), array([0.94736842, 0.89944134, 0.66906475, 0.68436578, 0.71656977,
       0.4859944 , 0.56845238, 0.3643617 , 0.25      , 0.46382979]), array([0.95495495, 0.90859482, 0.67166213, 0.7228739 , 0.69941349,
       0.43586006, 0.59539919, 0.39337176, 0.24819625, 0.4602026 ])]

estim_algorithm = ts-model, mode = classification, metric = sensitivity, confidence_scores = doctor-conf, class_specific = True
test err: [0.05727794820938501, 0.0695747027123822, 0.06139871418284123, 0.06379559621018602, 0.054445802135398624]
estimated metric: [array([0.95283091, 0.97201468, 0.72553021, 0.80971864, 0.67842296,
       0.46956195, 0.60129911, 0.45611227, 0.30500854, 0.35871333]), array([0.94746256, 0.97401795, 0.74990133, 0.79982602, 0.69085785,
       0.50019979, 0.61358719, 0.48589669, 0.33938597, 0.34869306]), array([0.94797173, 0.9781319 , 0.73284762, 0.80820155, 0.69041431,
       0.49736309, 0.58334681, 0.46705364, 0.33023626, 0.33635466]), array([0.94109379, 0.97095366, 0.73519413, 0.79852017, 0.69250198,
       0.51206301, 0.57971429, 0.48671996, 0.3306743 , 0.34837542]), array([0.9494905 , 0.9787223 , 0.7344403 , 0.79699578, 0.67258227,
       0.48914752, 0.57793293, 0.47306582, 0.29435496, 0.35167428])]
real metric: [array([0.94887218, 0.8893617 , 0.6629393 , 0.71932299, 0.72727273,
       0.44797688, 0.56912752, 0.35694823, 0.26544944, 0.45056497]), array([0.96322489, 0.90756303, 0.69589041, 0.6846473 , 0.72871573,
       0.44121532, 0.57800892, 0.36463224, 0.26453488, 0.46449704]), array([0.95732575, 0.89821183, 0.68461538, 0.6970128 , 0.71623465,
       0.47819972, 0.57336957, 0.35552408, 0.27177177, 0.47669173]), array([0.94736842, 0.89944134, 0.66906475, 0.68436578, 0.71656977,
       0.4859944 , 0.56845238, 0.3643617 , 0.25      , 0.46382979]), array([0.95495495, 0.90859482, 0.67166213, 0.7228739 , 0.69941349,
       0.43586006, 0.59539919, 0.39337176, 0.24819625, 0.4602026 ])]

estim_algorithm = doc-model, mode = classification, metric = sensitivity, confidence_scores = max_class_probability-conf, class_specific = False
test err: [0.1779537114767402, 0.1815034107622155, 0.17225092167826536, 0.1741421073658314, 0.17567970974438699]
estimated metric: [array([0.73518919, 0.76809737, 0.64544576, 0.63199353, 0.68586307,
       0.63569152, 0.71542861, 0.66594783, 0.66658202, 0.70477419]), array([0.72697484, 0.77329266, 0.66086652, 0.62191993, 0.69781137,
       0.65723336, 0.71686636, 0.68159143, 0.65647592, 0.7165794 ]), array([0.7277951 , 0.78349691, 0.65571677, 0.63386392, 0.69496524,
       0.66304675, 0.70200477, 0.68453259, 0.67410053, 0.69681898]), array([0.71846008, 0.7670899 , 0.65477016, 0.62226107, 0.69858645,
       0.66744298, 0.70062013, 0.69384058, 0.66941025, 0.68710299]), array([0.73175232, 0.78479347, 0.6551532 , 0.61797231, 0.67915885,
       0.64674431, 0.69948472, 0.68604008, 0.65430056, 0.71458816])]
real metric: [array([0.94887218, 0.8893617 , 0.6629393 , 0.71932299, 0.72727273,
       0.44797688, 0.56912752, 0.35694823, 0.26544944, 0.45056497]), array([0.96322489, 0.90756303, 0.69589041, 0.6846473 , 0.72871573,
       0.44121532, 0.57800892, 0.36463224, 0.26453488, 0.46449704]), array([0.95732575, 0.89821183, 0.68461538, 0.6970128 , 0.71623465,
       0.47819972, 0.57336957, 0.35552408, 0.27177177, 0.47669173]), array([0.94736842, 0.89944134, 0.66906475, 0.68436578, 0.71656977,
       0.4859944 , 0.56845238, 0.3643617 , 0.25      , 0.46382979]), array([0.95495495, 0.90859482, 0.67166213, 0.7228739 , 0.69941349,
       0.43586006, 0.59539919, 0.39337176, 0.24819625, 0.4602026 ])]

estim_algorithm = doc-model, mode = classification, metric = sensitivity, confidence_scores = max_class_probability-conf, class_specific = True
test err: [0.08576666672744242, 0.08884851269349096, 0.08602817820393327, 0.08867563559789485, 0.08212276231573266]
estimated metric: [array([0.95296584, 0.97178188, 0.76061538, 0.81326084, 0.74217096,
       0.54053362, 0.6526736 , 0.51930807, 0.45491684, 0.48727559]), array([0.94736379, 0.97358437, 0.77603614, 0.80353782, 0.75411925,
       0.56207546, 0.65411135, 0.5347913 , 0.44519937, 0.49887384]), array([0.94729035, 0.97827698, 0.77088639, 0.81473478, 0.75127313,
       0.56788884, 0.63924975, 0.53782397, 0.46260258, 0.47914148]), array([0.94110047, 0.96966517, 0.76993978, 0.80391008, 0.75489433,
       0.57228507, 0.63786512, 0.54704045, 0.45760415, 0.46936415]), array([0.94998624, 0.97931414, 0.77032282, 0.7994891 , 0.73546674,
       0.5515864 , 0.6367297 , 0.53926977, 0.44272551, 0.49692891])]
real metric: [array([0.94887218, 0.8893617 , 0.6629393 , 0.71932299, 0.72727273,
       0.44797688, 0.56912752, 0.35694823, 0.26544944, 0.45056497]), array([0.96322489, 0.90756303, 0.69589041, 0.6846473 , 0.72871573,
       0.44121532, 0.57800892, 0.36463224, 0.26453488, 0.46449704]), array([0.95732575, 0.89821183, 0.68461538, 0.6970128 , 0.71623465,
       0.47819972, 0.57336957, 0.35552408, 0.27177177, 0.47669173]), array([0.94736842, 0.89944134, 0.66906475, 0.68436578, 0.71656977,
       0.4859944 , 0.56845238, 0.3643617 , 0.25      , 0.46382979]), array([0.95495495, 0.90859482, 0.67166213, 0.7228739 , 0.69941349,
       0.43586006, 0.59539919, 0.39337176, 0.24819625, 0.4602026 ])]

estim_algorithm = doc-model, mode = classification, metric = sensitivity, confidence_scores = energy-conf, class_specific = False
test err: [0.19269967993050754, 0.19597070184982945, 0.18548040208468802, 0.1868827515901456, 0.18678560983327613]
estimated metric: [array([0.65974975, 0.76349963, 0.64320815, 0.60584897, 0.66409353,
       0.64204184, 0.66552497, 0.67459941, 0.69141874, 0.73211002]), array([0.65692861, 0.7721731 , 0.64882351, 0.60489377, 0.66950799,
       0.65272484, 0.67607581, 0.68297172, 0.70485389, 0.72825478]), array([0.66060971, 0.77460386, 0.64182624, 0.60710541, 0.66867186,
       0.64959355, 0.664764  , 0.6725013 , 0.70172166, 0.72119703]), array([0.65532299, 0.7653404 , 0.63963626, 0.60212711, 0.67144139,
       0.65379709, 0.65870884, 0.67917062, 0.6998712 , 0.72697612]), array([0.66129642, 0.78140061, 0.6439048 , 0.60091663, 0.66222523,
       0.64639316, 0.65834961, 0.67782244, 0.68057171, 0.72999345])]
real metric: [array([0.94887218, 0.8893617 , 0.6629393 , 0.71932299, 0.72727273,
       0.44797688, 0.56912752, 0.35694823, 0.26544944, 0.45056497]), array([0.96322489, 0.90756303, 0.69589041, 0.6846473 , 0.72871573,
       0.44121532, 0.57800892, 0.36463224, 0.26453488, 0.46449704]), array([0.95732575, 0.89821183, 0.68461538, 0.6970128 , 0.71623465,
       0.47819972, 0.57336957, 0.35552408, 0.27177177, 0.47669173]), array([0.94736842, 0.89944134, 0.66906475, 0.68436578, 0.71656977,
       0.4859944 , 0.56845238, 0.3643617 , 0.25      , 0.46382979]), array([0.95495495, 0.90859482, 0.67166213, 0.7228739 , 0.69941349,
       0.43586006, 0.59539919, 0.39337176, 0.24819625, 0.4602026 ])]

estim_algorithm = doc-model, mode = classification, metric = sensitivity, confidence_scores = energy-conf, class_specific = True
test err: [0.08324095622606573, 0.08988855883333714, 0.08684720612609576, 0.08699796440103971, 0.08023937337971233]
estimated metric: [array([0.93318398, 0.96054569, 0.786184  , 0.8073222 , 0.7302949 ,
       0.56232766, 0.65117765, 0.5380351 , 0.40597812, 0.43731015]), array([0.93122702, 0.96481127, 0.79201114, 0.80594322, 0.73580341,
       0.57284346, 0.66186301, 0.54801558, 0.41744778, 0.43114037]), array([0.93307005, 0.96502738, 0.78514096, 0.80831801, 0.73477657,
       0.56991796, 0.65050434, 0.53714959, 0.41364398, 0.42201436]), array([0.93066957, 0.96033694, 0.78352012, 0.80310114, 0.73737945,
       0.57425525, 0.64438299, 0.54321769, 0.41157122, 0.43006368]), array([0.93524356, 0.96825451, 0.78643915, 0.80214046, 0.72836392,
       0.56654542, 0.64399038, 0.54137071, 0.39467247, 0.43392572])]
real metric: [array([0.94887218, 0.8893617 , 0.6629393 , 0.71932299, 0.72727273,
       0.44797688, 0.56912752, 0.35694823, 0.26544944, 0.45056497]), array([0.96322489, 0.90756303, 0.69589041, 0.6846473 , 0.72871573,
       0.44121532, 0.57800892, 0.36463224, 0.26453488, 0.46449704]), array([0.95732575, 0.89821183, 0.68461538, 0.6970128 , 0.71623465,
       0.47819972, 0.57336957, 0.35552408, 0.27177177, 0.47669173]), array([0.94736842, 0.89944134, 0.66906475, 0.68436578, 0.71656977,
       0.4859944 , 0.56845238, 0.3643617 , 0.25      , 0.46382979]), array([0.95495495, 0.90859482, 0.67166213, 0.7228739 , 0.69941349,
       0.43586006, 0.59539919, 0.39337176, 0.24819625, 0.4602026 ])]

estim_algorithm = doc-model, mode = classification, metric = sensitivity, confidence_scores = entropy-conf, class_specific = False
test err: [0.18037615463634557, 0.18381915907816232, 0.17354535251735007, 0.17594734582721383, 0.17664831875757364]
estimated metric: [array([0.72447801, 0.76916006, 0.63636343, 0.60878005, 0.67271098,
       0.63054317, 0.70019693, 0.65477551, 0.67030064, 0.70173597]), array([0.71722399, 0.77719761, 0.65406349, 0.60154191, 0.68408894,
       0.65000151, 0.70473663, 0.67132936, 0.66586534, 0.71322173]), array([0.71899967, 0.78652781, 0.64286296, 0.61075722, 0.68370308,
       0.65141681, 0.68616477, 0.66765731, 0.68001995, 0.69520188]), array([0.709771  , 0.76944001, 0.64376351, 0.59954367, 0.68550383,
       0.66000581, 0.68595833, 0.68084221, 0.66960108, 0.68691626]), array([0.72328449, 0.7885777 , 0.64369379, 0.59627997, 0.66894662,
       0.64209959, 0.68323013, 0.6713244 , 0.65600438, 0.71013783])]
real metric: [array([0.94887218, 0.8893617 , 0.6629393 , 0.71932299, 0.72727273,
       0.44797688, 0.56912752, 0.35694823, 0.26544944, 0.45056497]), array([0.96322489, 0.90756303, 0.69589041, 0.6846473 , 0.72871573,
       0.44121532, 0.57800892, 0.36463224, 0.26453488, 0.46449704]), array([0.95732575, 0.89821183, 0.68461538, 0.6970128 , 0.71623465,
       0.47819972, 0.57336957, 0.35552408, 0.27177177, 0.47669173]), array([0.94736842, 0.89944134, 0.66906475, 0.68436578, 0.71656977,
       0.4859944 , 0.56845238, 0.3643617 , 0.25      , 0.46382979]), array([0.95495495, 0.90859482, 0.67166213, 0.7228739 , 0.69941349,
       0.43586006, 0.59539919, 0.39337176, 0.24819625, 0.4602026 ])]

estim_algorithm = doc-model, mode = classification, metric = sensitivity, confidence_scores = entropy-conf, class_specific = True
test err: [0.07927036567637998, 0.08458913009900546, 0.08005027474407435, 0.0823220107211502, 0.07597807400029286]
estimated metric: [array([0.94492529, 0.96771751, 0.75166628, 0.8041036 , 0.73023967,
       0.54362737, 0.64465885, 0.51463923, 0.441922  , 0.47914602]), array([0.93919599, 0.97201386, 0.76936634, 0.79740742, 0.74161762,
       0.56301265, 0.64921349, 0.53098656, 0.43792366, 0.49002567]), array([0.94061402, 0.97605511, 0.75816581, 0.8052783 , 0.74123176,
       0.56441663, 0.63062669, 0.52731451, 0.45083372, 0.47188344]), array([0.93481577, 0.9664931 , 0.75906636, 0.79553851, 0.74303252,
       0.57300563, 0.63042025, 0.54049941, 0.44056857, 0.46353656]), array([0.94279682, 0.97751781, 0.75899664, 0.79200369, 0.72647531,
       0.55509942, 0.62769205, 0.53112201, 0.42733375, 0.48695614])]
real metric: [array([0.94887218, 0.8893617 , 0.6629393 , 0.71932299, 0.72727273,
       0.44797688, 0.56912752, 0.35694823, 0.26544944, 0.45056497]), array([0.96322489, 0.90756303, 0.69589041, 0.6846473 , 0.72871573,
       0.44121532, 0.57800892, 0.36463224, 0.26453488, 0.46449704]), array([0.95732575, 0.89821183, 0.68461538, 0.6970128 , 0.71623465,
       0.47819972, 0.57336957, 0.35552408, 0.27177177, 0.47669173]), array([0.94736842, 0.89944134, 0.66906475, 0.68436578, 0.71656977,
       0.4859944 , 0.56845238, 0.3643617 , 0.25      , 0.46382979]), array([0.95495495, 0.90859482, 0.67166213, 0.7228739 , 0.69941349,
       0.43586006, 0.59539919, 0.39337176, 0.24819625, 0.4602026 ])]

estim_algorithm = doc-model, mode = classification, metric = sensitivity, confidence_scores = doctor-conf, class_specific = False
test err: [0.18273768818345187, 0.18504984170587954, 0.17635344455926139, 0.1798807822955497, 0.180914833226325]
estimated metric: [array([0.7366334 , 0.75650619, 0.66898022, 0.66236458, 0.69996751,
       0.66756257, 0.71926058, 0.6817027 , 0.69594155, 0.71757768]), array([0.73033038, 0.76095664, 0.68306444, 0.65266726, 0.70706884,
       0.68183743, 0.72308178, 0.69369887, 0.69133828, 0.72747668]), array([0.73105603, 0.76721116, 0.67632538, 0.66092499, 0.70723608,
       0.6853999 , 0.70936112, 0.69386727, 0.70655418, 0.71326207]), array([0.72299674, 0.75510551, 0.67705771, 0.65285804, 0.70816406,
       0.69331362, 0.71131251, 0.70463215, 0.69955933, 0.70601455]), array([0.73337121, 0.76846099, 0.67605537, 0.65103983, 0.69367282,
       0.67784076, 0.71086539, 0.69638162, 0.68962751, 0.72377735])]
real metric: [array([0.94887218, 0.8893617 , 0.6629393 , 0.71932299, 0.72727273,
       0.44797688, 0.56912752, 0.35694823, 0.26544944, 0.45056497]), array([0.96322489, 0.90756303, 0.69589041, 0.6846473 , 0.72871573,
       0.44121532, 0.57800892, 0.36463224, 0.26453488, 0.46449704]), array([0.95732575, 0.89821183, 0.68461538, 0.6970128 , 0.71623465,
       0.47819972, 0.57336957, 0.35552408, 0.27177177, 0.47669173]), array([0.94736842, 0.89944134, 0.66906475, 0.68436578, 0.71656977,
       0.4859944 , 0.56845238, 0.3643617 , 0.25      , 0.46382979]), array([0.95495495, 0.90859482, 0.67166213, 0.7228739 , 0.69941349,
       0.43586006, 0.59539919, 0.39337176, 0.24819625, 0.4602026 ])]

estim_algorithm = doc-model, mode = classification, metric = sensitivity, confidence_scores = doctor-conf, class_specific = True
test err: [0.09816958895562337, 0.1010276565510286, 0.09769480170020196, 0.10131633092957773, 0.09576759697359558]
estimated metric: [array([0.94908038, 0.96880829, 0.78158272, 0.82347646, 0.75916578,
       0.56620327, 0.66125637, 0.53866323, 0.46921578, 0.50207955]), array([0.94297692, 0.97216844, 0.79575471, 0.81374287, 0.76618471,
       0.58059955, 0.66509093, 0.54981768, 0.46542532, 0.51094925]), array([0.94389981, 0.97631272, 0.78900751, 0.8223933 , 0.76648405,
       0.58383733, 0.651381  , 0.55029793, 0.47909956, 0.4963402 ]), array([0.93638285, 0.9669765 , 0.78984391, 0.81421103, 0.76741203,
       0.59146702, 0.65326838, 0.56049466, 0.4714545 , 0.48912963]), array([0.94551004, 0.97736013, 0.78872087, 0.81253228, 0.75285331,
       0.57625071, 0.65280576, 0.55390387, 0.46208307, 0.50729525])]
real metric: [array([0.94887218, 0.8893617 , 0.6629393 , 0.71932299, 0.72727273,
       0.44797688, 0.56912752, 0.35694823, 0.26544944, 0.45056497]), array([0.96322489, 0.90756303, 0.69589041, 0.6846473 , 0.72871573,
       0.44121532, 0.57800892, 0.36463224, 0.26453488, 0.46449704]), array([0.95732575, 0.89821183, 0.68461538, 0.6970128 , 0.71623465,
       0.47819972, 0.57336957, 0.35552408, 0.27177177, 0.47669173]), array([0.94736842, 0.89944134, 0.66906475, 0.68436578, 0.71656977,
       0.4859944 , 0.56845238, 0.3643617 , 0.25      , 0.46382979]), array([0.95495495, 0.90859482, 0.67166213, 0.7228739 , 0.69941349,
       0.43586006, 0.59539919, 0.39337176, 0.24819625, 0.4602026 ])]

estim_algorithm = atc-model, mode = classification, metric = sensitivity, confidence_scores = max_class_probability-conf, class_specific = False
test err: [0.17497103361403085, 0.1678954309917849, 0.16071695474373443, 0.16267433427445283, 0.1641210379856261]
estimated metric: [array([0.73613767, 0.80940893, 0.53125001, 0.47222223, 0.60242291,
       0.50717705, 0.70121952, 0.58844767, 0.57711445, 0.66949153]), array([0.71157379, 0.83023544, 0.55242391, 0.47095071, 0.64882944,
       0.54523811, 0.68552037, 0.60995852, 0.50777205, 0.67732559]), array([0.72474748, 0.85221675, 0.54237289, 0.49453552, 0.64097149,
       0.5661253 , 0.66869919, 0.61851853, 0.57368423, 0.63714287]), array([0.70686457, 0.81386862, 0.54683841, 0.4674221 , 0.65625   ,
       0.56108598, 0.66455697, 0.64359863, 0.55440417, 0.6101695 ]), array([0.71791531, 0.85011991, 0.56105991, 0.4477096 , 0.61731208,
       0.50125946, 0.66470589, 0.6297578 , 0.52459019, 0.69054442])]
real metric: [array([0.94887218, 0.8893617 , 0.6629393 , 0.71932299, 0.72727273,
       0.44797688, 0.56912752, 0.35694823, 0.26544944, 0.45056497]), array([0.96322489, 0.90756303, 0.69589041, 0.6846473 , 0.72871573,
       0.44121532, 0.57800892, 0.36463224, 0.26453488, 0.46449704]), array([0.95732575, 0.89821183, 0.68461538, 0.6970128 , 0.71623465,
       0.47819972, 0.57336957, 0.35552408, 0.27177177, 0.47669173]), array([0.94736842, 0.89944134, 0.66906475, 0.68436578, 0.71656977,
       0.4859944 , 0.56845238, 0.3643617 , 0.25      , 0.46382979]), array([0.95495495, 0.90859482, 0.67166213, 0.7228739 , 0.69941349,
       0.43586006, 0.59539919, 0.39337176, 0.24819625, 0.4602026 ])]

estim_algorithm = atc-model, mode = classification, metric = sensitivity, confidence_scores = max_class_probability-conf, class_specific = True
test err: [0.0517344888752924, 0.05164428109787862, 0.053450308676634695, 0.05111458762868883, 0.04151711016263405]
estimated metric: [array([0.95092416, 0.97708082, 0.69875   , 0.796875  , 0.65418503,
       0.42822968, 0.59552846, 0.40433215, 0.31840799, 0.35593222]), array([0.94794856, 0.97521685, 0.73393461, 0.78345071, 0.68784839,
       0.47380954, 0.58144797, 0.46473031, 0.30051817, 0.38081397]), array([0.94318182, 0.97783251, 0.71428572, 0.79599272, 0.68848997,
       0.47099769, 0.54065042, 0.44074076, 0.30000004, 0.3457143 ]), array([0.93320965, 0.97080292, 0.72248244, 0.76959396, 0.69308036,
       0.48642535, 0.53797469, 0.44982701, 0.30051817, 0.36723166]), array([0.94462541, 0.98441247, 0.71774194, 0.77614521, 0.66514807,
       0.44080606, 0.52156864, 0.43944639, 0.25683064, 0.39828082])]
real metric: [array([0.94887218, 0.8893617 , 0.6629393 , 0.71932299, 0.72727273,
       0.44797688, 0.56912752, 0.35694823, 0.26544944, 0.45056497]), array([0.96322489, 0.90756303, 0.69589041, 0.6846473 , 0.72871573,
       0.44121532, 0.57800892, 0.36463224, 0.26453488, 0.46449704]), array([0.95732575, 0.89821183, 0.68461538, 0.6970128 , 0.71623465,
       0.47819972, 0.57336957, 0.35552408, 0.27177177, 0.47669173]), array([0.94736842, 0.89944134, 0.66906475, 0.68436578, 0.71656977,
       0.4859944 , 0.56845238, 0.3643617 , 0.25      , 0.46382979]), array([0.95495495, 0.90859482, 0.67166213, 0.7228739 , 0.69941349,
       0.43586006, 0.59539919, 0.39337176, 0.24819625, 0.4602026 ])]

estim_algorithm = atc-model, mode = classification, metric = sensitivity, confidence_scores = energy-conf, class_specific = False
test err: [0.2195470496436082, 0.23847442874567584, 0.21996827709009778, 0.23010959837720169, 0.22294770367733396]
estimated metric: [array([0.55003187, 0.74668275, 0.44250001, 0.31510417, 0.52863437,
       0.46411485, 0.5589431 , 0.54151626, 0.60696519, 0.72881357]), array([0.54500919, 0.77447336, 0.47237881, 0.32570423, 0.55518395,
       0.55238096, 0.58144797, 0.58921164, 0.72020727, 0.74709303]), array([0.55303031, 0.78201971, 0.44552059, 0.3306011 , 0.54804647,
       0.50348029, 0.56504066, 0.57407409, 0.67894739, 0.72285715]), array([0.53555968, 0.76399027, 0.43325528, 0.3068933 , 0.56138393,
       0.54751132, 0.53164558, 0.60899655, 0.65284976, 0.70338984]), array([0.57263844, 0.79256595, 0.42972351, 0.30337079, 0.52505695,
       0.48110833, 0.56470589, 0.56055365, 0.65573772, 0.70487107])]
real metric: [array([0.94887218, 0.8893617 , 0.6629393 , 0.71932299, 0.72727273,
       0.44797688, 0.56912752, 0.35694823, 0.26544944, 0.45056497]), array([0.96322489, 0.90756303, 0.69589041, 0.6846473 , 0.72871573,
       0.44121532, 0.57800892, 0.36463224, 0.26453488, 0.46449704]), array([0.95732575, 0.89821183, 0.68461538, 0.6970128 , 0.71623465,
       0.47819972, 0.57336957, 0.35552408, 0.27177177, 0.47669173]), array([0.94736842, 0.89944134, 0.66906475, 0.68436578, 0.71656977,
       0.4859944 , 0.56845238, 0.3643617 , 0.25      , 0.46382979]), array([0.95495495, 0.90859482, 0.67166213, 0.7228739 , 0.69941349,
       0.43586006, 0.59539919, 0.39337176, 0.24819625, 0.4602026 ])]

estim_algorithm = atc-model, mode = classification, metric = sensitivity, confidence_scores = energy-conf, class_specific = True
test err: [0.06818745126729728, 0.06105771113798042, 0.06702765420121837, 0.06981544613308024, 0.06059177373515643]
estimated metric: [array([0.89929892, 0.96863691, 0.65375   , 0.7109375 , 0.59030837,
       0.35885169, 0.53455285, 0.45126356, 0.2587065 , 0.27683618]), array([0.88364973, 0.96778191, 0.69785795, 0.7068662 , 0.60089187,
       0.43809525, 0.56561087, 0.43983405, 0.25388605, 0.24709305]), array([0.88762626, 0.97044335, 0.67796611, 0.70856102, 0.60401268,
       0.40139213, 0.54268294, 0.41111113, 0.28421056, 0.25428574]), array([0.88249845, 0.9647202 , 0.66159251, 0.68555241, 0.61495536,
       0.43438915, 0.50632912, 0.4463668 , 0.31088086, 0.26271189]), array([0.90032573, 0.98681055, 0.66013825, 0.69144339, 0.59453303,
       0.38790934, 0.53725491, 0.41522493, 0.2131148 , 0.29799429])]
real metric: [array([0.94887218, 0.8893617 , 0.6629393 , 0.71932299, 0.72727273,
       0.44797688, 0.56912752, 0.35694823, 0.26544944, 0.45056497]), array([0.96322489, 0.90756303, 0.69589041, 0.6846473 , 0.72871573,
       0.44121532, 0.57800892, 0.36463224, 0.26453488, 0.46449704]), array([0.95732575, 0.89821183, 0.68461538, 0.6970128 , 0.71623465,
       0.47819972, 0.57336957, 0.35552408, 0.27177177, 0.47669173]), array([0.94736842, 0.89944134, 0.66906475, 0.68436578, 0.71656977,
       0.4859944 , 0.56845238, 0.3643617 , 0.25      , 0.46382979]), array([0.95495495, 0.90859482, 0.67166213, 0.7228739 , 0.69941349,
       0.43586006, 0.59539919, 0.39337176, 0.24819625, 0.4602026 ])]

estim_algorithm = atc-model, mode = classification, metric = sensitivity, confidence_scores = entropy-conf, class_specific = False
test err: [0.17738430105869082, 0.17454320051366, 0.16755540028726076, 0.17083949506720847, 0.16606851783363724]
estimated metric: [array([0.71510516, 0.80337757, 0.50875001, 0.44097223, 0.5814978 ,
       0.47607657, 0.67276423, 0.57039713, 0.57711445, 0.66949153]), array([0.69197796, 0.82899628, 0.52987599, 0.4330986 , 0.61984393,
       0.53095239, 0.66063349, 0.58921164, 0.51813474, 0.68313954]), array([0.70707071, 0.83866995, 0.51210654, 0.46721312, 0.61985217,
       0.56380511, 0.64227643, 0.60000001, 0.57368423, 0.64285715]), array([0.68707483, 0.81021898, 0.51756441, 0.43153919, 0.63169643,
       0.55203621, 0.6350211 , 0.65397925, 0.55958552, 0.60169493]), array([0.70944626, 0.85011991, 0.53571429, 0.41313743, 0.59681094,
       0.49874057, 0.62745099, 0.61937718, 0.50819675, 0.68767909])]
real metric: [array([0.94887218, 0.8893617 , 0.6629393 , 0.71932299, 0.72727273,
       0.44797688, 0.56912752, 0.35694823, 0.26544944, 0.45056497]), array([0.96322489, 0.90756303, 0.69589041, 0.6846473 , 0.72871573,
       0.44121532, 0.57800892, 0.36463224, 0.26453488, 0.46449704]), array([0.95732575, 0.89821183, 0.68461538, 0.6970128 , 0.71623465,
       0.47819972, 0.57336957, 0.35552408, 0.27177177, 0.47669173]), array([0.94736842, 0.89944134, 0.66906475, 0.68436578, 0.71656977,
       0.4859944 , 0.56845238, 0.3643617 , 0.25      , 0.46382979]), array([0.95495495, 0.90859482, 0.67166213, 0.7228739 , 0.69941349,
       0.43586006, 0.59539919, 0.39337176, 0.24819625, 0.4602026 ])]

estim_algorithm = atc-model, mode = classification, metric = sensitivity, confidence_scores = entropy-conf, class_specific = True
test err: [0.05028759116604331, 0.04574834113324634, 0.051504778415051855, 0.04652984139636583, 0.037147493417497915]
estimated metric: [array([0.92415551, 0.96863691, 0.66875   , 0.7734375 , 0.62665199,
       0.3971292 , 0.58739838, 0.39350183, 0.30348262, 0.35593222]), array([0.91181874, 0.96778191, 0.69785795, 0.75440141, 0.65774805,
       0.45952382, 0.57918553, 0.45228218, 0.27979278, 0.38372095]), array([0.91919192, 0.97167488, 0.67796611, 0.74134791, 0.65469905,
       0.45939676, 0.53455285, 0.42962965, 0.30000004, 0.3457143 ]), array([0.89795918, 0.95498784, 0.67330211, 0.7374882 , 0.66964286,
       0.4683258 , 0.53797469, 0.43598618, 0.29533682, 0.37288137]), array([0.91596091, 0.97841727, 0.67741936, 0.73120139, 0.63895217,
       0.43324938, 0.51960785, 0.43252597, 0.25683064, 0.39828082])]
real metric: [array([0.94887218, 0.8893617 , 0.6629393 , 0.71932299, 0.72727273,
       0.44797688, 0.56912752, 0.35694823, 0.26544944, 0.45056497]), array([0.96322489, 0.90756303, 0.69589041, 0.6846473 , 0.72871573,
       0.44121532, 0.57800892, 0.36463224, 0.26453488, 0.46449704]), array([0.95732575, 0.89821183, 0.68461538, 0.6970128 , 0.71623465,
       0.47819972, 0.57336957, 0.35552408, 0.27177177, 0.47669173]), array([0.94736842, 0.89944134, 0.66906475, 0.68436578, 0.71656977,
       0.4859944 , 0.56845238, 0.3643617 , 0.25      , 0.46382979]), array([0.95495495, 0.90859482, 0.67166213, 0.7228739 , 0.69941349,
       0.43586006, 0.59539919, 0.39337176, 0.24819625, 0.4602026 ])]

estim_algorithm = atc-model, mode = classification, metric = sensitivity, confidence_scores = doctor-conf, class_specific = False
test err: [0.17666532125447382, 0.16880938680580895, 0.16073583674143524, 0.16398843614054864, 0.16386464576288584]
estimated metric: [array([0.73231358, 0.80940893, 0.52625001, 0.46875   , 0.59911895,
       0.5047847 , 0.69715448, 0.58844767, 0.58208957, 0.67231639]), array([0.71096142, 0.8314746 , 0.54791432, 0.46742958, 0.64659978,
       0.54285715, 0.68325793, 0.6141079 , 0.50777205, 0.67732559]), array([0.72222222, 0.84852217, 0.53874093, 0.48998179, 0.63780359,
       0.56380511, 0.66260163, 0.61481483, 0.56842108, 0.63714287]), array([0.70439085, 0.81021898, 0.54800937, 0.46364495, 0.65066965,
       0.56561087, 0.65822786, 0.64705884, 0.55440417, 0.60734464]), array([0.71661238, 0.85011991, 0.55990784, 0.44598099, 0.61275627,
       0.50125946, 0.65686275, 0.62629759, 0.52459019, 0.69054442])]
real metric: [array([0.94887218, 0.8893617 , 0.6629393 , 0.71932299, 0.72727273,
       0.44797688, 0.56912752, 0.35694823, 0.26544944, 0.45056497]), array([0.96322489, 0.90756303, 0.69589041, 0.6846473 , 0.72871573,
       0.44121532, 0.57800892, 0.36463224, 0.26453488, 0.46449704]), array([0.95732575, 0.89821183, 0.68461538, 0.6970128 , 0.71623465,
       0.47819972, 0.57336957, 0.35552408, 0.27177177, 0.47669173]), array([0.94736842, 0.89944134, 0.66906475, 0.68436578, 0.71656977,
       0.4859944 , 0.56845238, 0.3643617 , 0.25      , 0.46382979]), array([0.95495495, 0.90859482, 0.67166213, 0.7228739 , 0.69941349,
       0.43586006, 0.59539919, 0.39337176, 0.24819625, 0.4602026 ])]

estim_algorithm = atc-model, mode = classification, metric = sensitivity, confidence_scores = doctor-conf, class_specific = True
test err: [0.047297124093201616, 0.045503316836180016, 0.04851696265132891, 0.04673185550596447, 0.035696569170498064]
estimated metric: [array([0.93116635, 0.96743064, 0.68375   , 0.76041667, 0.65088106,
       0.42344499, 0.59349594, 0.40433215, 0.31343287, 0.35593222]), array([0.92774036, 0.96778191, 0.71364149, 0.74471831, 0.68561873,
       0.46904763, 0.57918553, 0.46473031, 0.29015548, 0.38081397]), array([0.92613636, 0.97044335, 0.70096853, 0.74499089, 0.68954594,
       0.46867751, 0.53658538, 0.44074076, 0.30000004, 0.3457143 ]), array([0.90847248, 0.95620438, 0.70491804, 0.73654391, 0.68973215,
       0.48190046, 0.53797469, 0.44982701, 0.29015548, 0.36723166]), array([0.92508143, 0.97601918, 0.69930876, 0.73120139, 0.66514807,
       0.43828717, 0.52156864, 0.43598618, 0.25683064, 0.39828082])]
real metric: [array([0.94887218, 0.8893617 , 0.6629393 , 0.71932299, 0.72727273,
       0.44797688, 0.56912752, 0.35694823, 0.26544944, 0.45056497]), array([0.96322489, 0.90756303, 0.69589041, 0.6846473 , 0.72871573,
       0.44121532, 0.57800892, 0.36463224, 0.26453488, 0.46449704]), array([0.95732575, 0.89821183, 0.68461538, 0.6970128 , 0.71623465,
       0.47819972, 0.57336957, 0.35552408, 0.27177177, 0.47669173]), array([0.94736842, 0.89944134, 0.66906475, 0.68436578, 0.71656977,
       0.4859944 , 0.56845238, 0.3643617 , 0.25      , 0.46382979]), array([0.95495495, 0.90859482, 0.67166213, 0.7228739 , 0.69941349,
       0.43586006, 0.59539919, 0.39337176, 0.24819625, 0.4602026 ])]

estim_algorithm = ts-atc-model, mode = classification, metric = sensitivity, confidence_scores = max_class_probability-conf, class_specific = False
test err: [0.18150783984680233, 0.19199352526124494, 0.17616247307378274, 0.1885593859276308, 0.17643544412364354]
estimated metric: [array([0.67686425, 0.79131484, 0.47875001, 0.39843751, 0.56277534,
       0.44736843, 0.64227643, 0.54512637, 0.55721395, 0.67231639]), array([0.65707287, 0.8228005 , 0.50958287, 0.38204226, 0.58751394,
       0.52142858, 0.6244344 , 0.58921164, 0.5906736 , 0.68604652]), array([0.66414142, 0.84482759, 0.49152543, 0.41803279, 0.58289335,
       0.53596289, 0.60569106, 0.57407409, 0.58947371, 0.66000001]), array([0.64625851, 0.79683699, 0.48594848, 0.38243627, 0.59375   ,
       0.53846155, 0.60337554, 0.62629759, 0.61139898, 0.62711865]), array([0.67752443, 0.84172662, 0.48387097, 0.36473639, 0.56264237,
       0.48614611, 0.58431373, 0.56055365, 0.54098363, 0.67621777])]
real metric: [array([0.94887218, 0.8893617 , 0.6629393 , 0.71932299, 0.72727273,
       0.44797688, 0.56912752, 0.35694823, 0.26544944, 0.45056497]), array([0.96322489, 0.90756303, 0.69589041, 0.6846473 , 0.72871573,
       0.44121532, 0.57800892, 0.36463224, 0.26453488, 0.46449704]), array([0.95732575, 0.89821183, 0.68461538, 0.6970128 , 0.71623465,
       0.47819972, 0.57336957, 0.35552408, 0.27177177, 0.47669173]), array([0.94736842, 0.89944134, 0.66906475, 0.68436578, 0.71656977,
       0.4859944 , 0.56845238, 0.3643617 , 0.25      , 0.46382979]), array([0.95495495, 0.90859482, 0.67166213, 0.7228739 , 0.69941349,
       0.43586006, 0.59539919, 0.39337176, 0.24819625, 0.4602026 ])]

estim_algorithm = ts-atc-model, mode = classification, metric = sensitivity, confidence_scores = max_class_probability-conf, class_specific = True
test err: [0.059103001570228984, 0.05405794586781987, 0.0651610963898714, 0.06021817910949219, 0.05638771375102121]
estimated metric: [array([0.95347355, 0.97708082, 0.69125   , 0.80381945, 0.62004406,
       0.36602872, 0.5691057 , 0.43321302, 0.26865675, 0.33333335]), array([0.95039804, 0.9739777 , 0.71815107, 0.78521127, 0.65105909,
       0.44523811, 0.56108598, 0.44398343, 0.2487047 , 0.31976746]), array([0.95138889, 0.9729064 , 0.70460049, 0.79326048, 0.65364309,
       0.41531324, 0.51422765, 0.43703706, 0.26842109, 0.29142859]), array([0.94928881, 0.96958638, 0.70843092, 0.77431539, 0.671875  ,
       0.44570137, 0.53797469, 0.46020763, 0.30051817, 0.32485878]), array([0.95374593, 0.98321343, 0.70276498, 0.77355229, 0.6309795 ,
       0.38539044, 0.50588236, 0.44290659, 0.20765032, 0.35243555])]
real metric: [array([0.94887218, 0.8893617 , 0.6629393 , 0.71932299, 0.72727273,
       0.44797688, 0.56912752, 0.35694823, 0.26544944, 0.45056497]), array([0.96322489, 0.90756303, 0.69589041, 0.6846473 , 0.72871573,
       0.44121532, 0.57800892, 0.36463224, 0.26453488, 0.46449704]), array([0.95732575, 0.89821183, 0.68461538, 0.6970128 , 0.71623465,
       0.47819972, 0.57336957, 0.35552408, 0.27177177, 0.47669173]), array([0.94736842, 0.89944134, 0.66906475, 0.68436578, 0.71656977,
       0.4859944 , 0.56845238, 0.3643617 , 0.25      , 0.46382979]), array([0.95495495, 0.90859482, 0.67166213, 0.7228739 , 0.69941349,
       0.43586006, 0.59539919, 0.39337176, 0.24819625, 0.4602026 ])]

estim_algorithm = ts-atc-model, mode = classification, metric = sensitivity, confidence_scores = energy-conf, class_specific = False
test err: [0.2550053406364216, 0.267422931800606, 0.24299478684320563, 0.2501364479813707, 0.2510003000948382]
estimated metric: [array([0.44678139, 0.68878167, 0.45125001, 0.34114584, 0.58259912,
       0.57416269, 0.60975611, 0.62093864, 0.62686569, 0.77118645]), array([0.44029394, 0.71747212, 0.475761  , 0.33538733, 0.59643256,
       0.5857143 , 0.60859729, 0.65975105, 0.73056996, 0.7877907 ]), array([0.45770202, 0.72044335, 0.45883778, 0.34244081, 0.58500528,
       0.58468678, 0.5691057 , 0.61481483, 0.67368423, 0.74571429]), array([0.44836117, 0.69343066, 0.43208432, 0.32105761, 0.58928572,
       0.59728508, 0.55063292, 0.62629759, 0.6683938 , 0.72316385]), array([0.45928339, 0.74940048, 0.43778802, 0.31633536, 0.56605923,
       0.56423175, 0.58235295, 0.64359863, 0.65027324, 0.74785101])]
real metric: [array([0.94887218, 0.8893617 , 0.6629393 , 0.71932299, 0.72727273,
       0.44797688, 0.56912752, 0.35694823, 0.26544944, 0.45056497]), array([0.96322489, 0.90756303, 0.69589041, 0.6846473 , 0.72871573,
       0.44121532, 0.57800892, 0.36463224, 0.26453488, 0.46449704]), array([0.95732575, 0.89821183, 0.68461538, 0.6970128 , 0.71623465,
       0.47819972, 0.57336957, 0.35552408, 0.27177177, 0.47669173]), array([0.94736842, 0.89944134, 0.66906475, 0.68436578, 0.71656977,
       0.4859944 , 0.56845238, 0.3643617 , 0.25      , 0.46382979]), array([0.95495495, 0.90859482, 0.67166213, 0.7228739 , 0.69941349,
       0.43586006, 0.59539919, 0.39337176, 0.24819625, 0.4602026 ])]

estim_algorithm = ts-atc-model, mode = classification, metric = sensitivity, confidence_scores = energy-conf, class_specific = True
test err: [0.05382903675833654, 0.06142079209547857, 0.06231892628887059, 0.05618225528687069, 0.054366596658280766]
estimated metric: [array([0.89356278, 0.9517491 , 0.6675    , 0.71006945, 0.63986785,
       0.41626796, 0.64227643, 0.40794226, 0.2587065 , 0.29378533]), array([0.88854868, 0.95786865, 0.71815107, 0.6971831 , 0.63545151,
       0.46904763, 0.64705883, 0.41078841, 0.27979278, 0.26162793]), array([0.89583333, 0.95566503, 0.68886199, 0.6867031 , 0.62407603,
       0.39675175, 0.60772359, 0.40000002, 0.28947372, 0.25714288]), array([0.89177489, 0.94525548, 0.68618267, 0.67422097, 0.63839286,
       0.43891404, 0.5886076 , 0.41176473, 0.30051817, 0.27401132]), array([0.8970684 , 0.9676259 , 0.6843318 , 0.68625757, 0.61389522,
       0.40302269, 0.62156863, 0.41522493, 0.20218584, 0.29512896])]
real metric: [array([0.94887218, 0.8893617 , 0.6629393 , 0.71932299, 0.72727273,
       0.44797688, 0.56912752, 0.35694823, 0.26544944, 0.45056497]), array([0.96322489, 0.90756303, 0.69589041, 0.6846473 , 0.72871573,
       0.44121532, 0.57800892, 0.36463224, 0.26453488, 0.46449704]), array([0.95732575, 0.89821183, 0.68461538, 0.6970128 , 0.71623465,
       0.47819972, 0.57336957, 0.35552408, 0.27177177, 0.47669173]), array([0.94736842, 0.89944134, 0.66906475, 0.68436578, 0.71656977,
       0.4859944 , 0.56845238, 0.3643617 , 0.25      , 0.46382979]), array([0.95495495, 0.90859482, 0.67166213, 0.7228739 , 0.69941349,
       0.43586006, 0.59539919, 0.39337176, 0.24819625, 0.4602026 ])]

estim_algorithm = ts-atc-model, mode = classification, metric = sensitivity, confidence_scores = entropy-conf, class_specific = False
test err: [0.1961517726777023, 0.21193300708003537, 0.19921124196359163, 0.20590715814483448, 0.2019825401318443]
estimated metric: [array([0.64563416, 0.77804584, 0.45625001, 0.35763889, 0.52643172,
       0.4401914 , 0.58739838, 0.52707583, 0.59701495, 0.70056498]), array([0.63257808, 0.81908303, 0.49718152, 0.34419015, 0.55741361,
       0.52857144, 0.58144797, 0.58091288, 0.69948188, 0.71220931]), array([0.63636364, 0.83990148, 0.46731236, 0.36065574, 0.5406547 ,
       0.51276103, 0.54471546, 0.55925928, 0.67368423, 0.69142858]), array([0.61719233, 0.77737227, 0.4531616 , 0.34183192, 0.56138393,
       0.52714933, 0.55696203, 0.59169552, 0.66321245, 0.66384182]), array([0.65081433, 0.82374101, 0.45967743, 0.33448574, 0.52733486,
       0.47607054, 0.5509804 , 0.55709344, 0.63934428, 0.6790831 ])]
real metric: [array([0.94887218, 0.8893617 , 0.6629393 , 0.71932299, 0.72727273,
       0.44797688, 0.56912752, 0.35694823, 0.26544944, 0.45056497]), array([0.96322489, 0.90756303, 0.69589041, 0.6846473 , 0.72871573,
       0.44121532, 0.57800892, 0.36463224, 0.26453488, 0.46449704]), array([0.95732575, 0.89821183, 0.68461538, 0.6970128 , 0.71623465,
       0.47819972, 0.57336957, 0.35552408, 0.27177177, 0.47669173]), array([0.94736842, 0.89944134, 0.66906475, 0.68436578, 0.71656977,
       0.4859944 , 0.56845238, 0.3643617 , 0.25      , 0.46382979]), array([0.95495495, 0.90859482, 0.67166213, 0.7228739 , 0.69941349,
       0.43586006, 0.59539919, 0.39337176, 0.24819625, 0.4602026 ])]

estim_algorithm = ts-atc-model, mode = classification, metric = sensitivity, confidence_scores = entropy-conf, class_specific = True
test err: [0.060241260946485534, 0.05745917348496612, 0.06475452376688903, 0.0629522356240891, 0.049071646016343305]
estimated metric: [array([0.94518802, 0.97466828, 0.66125   , 0.75954861, 0.61123348,
       0.36602872, 0.54065042, 0.44765345, 0.26865675, 0.29943505]), array([0.94488671, 0.9739777 , 0.69334837, 0.74559859, 0.63879599,
       0.46190477, 0.55429865, 0.43568467, 0.24352336, 0.26453491]), array([0.94002525, 0.97660099, 0.67191284, 0.7431694 , 0.62724393,
       0.42691417, 0.51219513, 0.43703706, 0.27368425, 0.26857145]), array([0.93135436, 0.9647202 , 0.68032787, 0.73465534, 0.640625  ,
       0.45927603, 0.51687765, 0.47058825, 0.30051817, 0.28813561]), array([0.94332248, 0.98201439, 0.67511521, 0.73120139, 0.62642369,
       0.40806047, 0.49803923, 0.42906576, 0.2131148 , 0.33524357])]
real metric: [array([0.94887218, 0.8893617 , 0.6629393 , 0.71932299, 0.72727273,
       0.44797688, 0.56912752, 0.35694823, 0.26544944, 0.45056497]), array([0.96322489, 0.90756303, 0.69589041, 0.6846473 , 0.72871573,
       0.44121532, 0.57800892, 0.36463224, 0.26453488, 0.46449704]), array([0.95732575, 0.89821183, 0.68461538, 0.6970128 , 0.71623465,
       0.47819972, 0.57336957, 0.35552408, 0.27177177, 0.47669173]), array([0.94736842, 0.89944134, 0.66906475, 0.68436578, 0.71656977,
       0.4859944 , 0.56845238, 0.3643617 , 0.25      , 0.46382979]), array([0.95495495, 0.90859482, 0.67166213, 0.7228739 , 0.69941349,
       0.43586006, 0.59539919, 0.39337176, 0.24819625, 0.4602026 ])]

estim_algorithm = ts-atc-model, mode = classification, metric = sensitivity, confidence_scores = doctor-conf, class_specific = False
test err: [0.1976465540912866, 0.21456665349165394, 0.19956197381233803, 0.2056710163317507, 0.20167779591375154]
estimated metric: [array([0.64244742, 0.77804584, 0.45250001, 0.35503473, 0.52863437,
       0.43540671, 0.58739838, 0.52707583, 0.59701495, 0.70338984]), array([0.62829149, 0.81908303, 0.49830891, 0.34419015, 0.55629878,
       0.53095239, 0.58371042, 0.58506226, 0.70984457, 0.71511629]), array([0.63383839, 0.83990148, 0.46489105, 0.36065574, 0.54171067,
       0.51276103, 0.55081302, 0.55925928, 0.67368423, 0.69714287]), array([0.61471862, 0.7810219 , 0.45550352, 0.33805477, 0.56026786,
       0.52488689, 0.55907174, 0.59515572, 0.66321245, 0.66101696]), array([0.64820847, 0.82374101, 0.45967743, 0.33275714, 0.53075171,
       0.47607054, 0.55294119, 0.56055365, 0.6338798 , 0.6790831 ])]
real metric: [array([0.94887218, 0.8893617 , 0.6629393 , 0.71932299, 0.72727273,
       0.44797688, 0.56912752, 0.35694823, 0.26544944, 0.45056497]), array([0.96322489, 0.90756303, 0.69589041, 0.6846473 , 0.72871573,
       0.44121532, 0.57800892, 0.36463224, 0.26453488, 0.46449704]), array([0.95732575, 0.89821183, 0.68461538, 0.6970128 , 0.71623465,
       0.47819972, 0.57336957, 0.35552408, 0.27177177, 0.47669173]), array([0.94736842, 0.89944134, 0.66906475, 0.68436578, 0.71656977,
       0.4859944 , 0.56845238, 0.3643617 , 0.25      , 0.46382979]), array([0.95495495, 0.90859482, 0.67166213, 0.7228739 , 0.69941349,
       0.43586006, 0.59539919, 0.39337176, 0.24819625, 0.4602026 ])]

estim_algorithm = ts-atc-model, mode = classification, metric = sensitivity, confidence_scores = doctor-conf, class_specific = True
test err: [0.05823295482616776, 0.05581494517081047, 0.06501107747001542, 0.06090205661804795, 0.04684173948887521]
estimated metric: [array([0.93753983, 0.96984318, 0.65875   , 0.77430556, 0.61784141,
       0.35885169, 0.56707318, 0.44043323, 0.26368163, 0.30508477]), array([0.9369259 , 0.96778191, 0.69222097, 0.75880282, 0.64659978,
       0.45952382, 0.56108598, 0.43983405, 0.2487047 , 0.27906979]), array([0.93371212, 0.96921182, 0.66464891, 0.74499089, 0.63780359,
       0.4222738 , 0.52439025, 0.44444447, 0.27894741, 0.26857145]), array([0.91589363, 0.96228711, 0.66861827, 0.74126535, 0.65178572,
       0.45475114, 0.52953587, 0.47750867, 0.30051817, 0.30508477]), array([0.93224756, 0.97482014, 0.67281106, 0.73552291, 0.62642369,
       0.40554158, 0.52156864, 0.42214535, 0.20765032, 0.34097423])]
real metric: [array([0.94887218, 0.8893617 , 0.6629393 , 0.71932299, 0.72727273,
       0.44797688, 0.56912752, 0.35694823, 0.26544944, 0.45056497]), array([0.96322489, 0.90756303, 0.69589041, 0.6846473 , 0.72871573,
       0.44121532, 0.57800892, 0.36463224, 0.26453488, 0.46449704]), array([0.95732575, 0.89821183, 0.68461538, 0.6970128 , 0.71623465,
       0.47819972, 0.57336957, 0.35552408, 0.27177177, 0.47669173]), array([0.94736842, 0.89944134, 0.66906475, 0.68436578, 0.71656977,
       0.4859944 , 0.56845238, 0.3643617 , 0.25      , 0.46382979]), array([0.95495495, 0.90859482, 0.67166213, 0.7228739 , 0.69941349,
       0.43586006, 0.59539919, 0.39337176, 0.24819625, 0.4602026 ])]

