estim_algorithm = ac-model, mode = classification, metric = sensitivity, confidence_scores = max_class_probability-conf, class_specific = False
test err: [0.3796716145023673, 0.38191897682432585, 0.39358494986954684, 0.3786588467722809, 0.3905891521101775]
estimated metric: [array([0.91371127, 0.91594359, 0.8610874 , 0.86096488, 0.8359849 ,
       0.81598122, 0.83239026, 0.85243168, 0.84311938, 0.74898871]), array([0.91212552, 0.92743554, 0.85823173, 0.86282757, 0.85465425,
       0.81569657, 0.84796661, 0.83857514, 0.81385167, 0.78259617]), array([0.91054381, 0.91423884, 0.86663763, 0.86077796, 0.85485939,
       0.81404744, 0.84327421, 0.83051882, 0.85560338, 0.82669569]), array([0.91216643, 0.92720792, 0.85841565, 0.86484557, 0.8358853 ,
       0.83444057, 0.86052937, 0.84061882, 0.80950267, 0.8035366 ]), array([0.91295308, 0.90836285, 0.86420559, 0.86153712, 0.86296132,
       0.82744454, 0.86275233, 0.8103885 , 0.81593416, 0.81768802])]
real metric: [array([0.93082707, 0.80722892, 0.80804954, 0.72714078, 0.44782609,
       0.31671159, 0.30481283, 0.18687589, 0.13112392, 0.05752212]), array([0.93079096, 0.85057471, 0.77323944, 0.75730994, 0.45968883,
       0.25236167, 0.31858407, 0.19692737, 0.13256484, 0.06006006]), array([0.91895803, 0.81693989, 0.78962963, 0.76850606, 0.42347697,
       0.2717873 , 0.2752809 , 0.20319303, 0.13872832, 0.05167598]), array([0.93975904, 0.85519126, 0.79710145, 0.77936963, 0.45479833,
       0.27544098, 0.30617978, 0.20851064, 0.13521545, 0.0641791 ]), array([0.92252511, 0.8372093 , 0.7464986 , 0.73715125, 0.44725738,
       0.31825038, 0.28811189, 0.18487395, 0.11965812, 0.05594406])]

estim_algorithm = ac-model, mode = classification, metric = sensitivity, confidence_scores = energy-conf, class_specific = False
test err: [0.29617035366544897, 0.29893198417591843, 0.2868086430870694, 0.2973195574445685, 0.29043747416675697]
estimated metric: [array([0.25495598, 0.28784219, 0.23299889, 0.22470695, 0.22813139,
       0.26333635, 0.23408536, 0.24921947, 0.23562192, 0.23584438]), array([0.26438117, 0.28454329, 0.23159362, 0.22408708, 0.2414403 ,
       0.26963731, 0.24341283, 0.2811477 , 0.22656454, 0.25315458]), array([0.25746698, 0.28459747, 0.22746619, 0.2300302 , 0.23879491,
       0.26990187, 0.23573976, 0.24715475, 0.24175928, 0.25218835]), array([0.25812973, 0.28350603, 0.23060417, 0.22654413, 0.23139697,
       0.27273366, 0.24129401, 0.26059297, 0.21484779, 0.24202827]), array([0.25777454, 0.27784083, 0.23098329, 0.2270702 , 0.24090085,
       0.26800572, 0.24191674, 0.23857439, 0.23093554, 0.24282921])]
real metric: [array([0.93082707, 0.80722892, 0.80804954, 0.72714078, 0.44782609,
       0.31671159, 0.30481283, 0.18687589, 0.13112392, 0.05752212]), array([0.93079096, 0.85057471, 0.77323944, 0.75730994, 0.45968883,
       0.25236167, 0.31858407, 0.19692737, 0.13256484, 0.06006006]), array([0.91895803, 0.81693989, 0.78962963, 0.76850606, 0.42347697,
       0.2717873 , 0.2752809 , 0.20319303, 0.13872832, 0.05167598]), array([0.93975904, 0.85519126, 0.79710145, 0.77936963, 0.45479833,
       0.27544098, 0.30617978, 0.20851064, 0.13521545, 0.0641791 ]), array([0.92252511, 0.8372093 , 0.7464986 , 0.73715125, 0.44725738,
       0.31825038, 0.28811189, 0.18487395, 0.11965812, 0.05594406])]

estim_algorithm = ac-model, mode = classification, metric = sensitivity, confidence_scores = entropy-conf, class_specific = False
test err: [0.36683414199682113, 0.3687759376084407, 0.3785639638901276, 0.36351382748706174, 0.3751163531717088]
estimated metric: [array([0.89952417, 0.90135293, 0.84416045, 0.83812321, 0.81617583,
       0.80596973, 0.81472901, 0.83152537, 0.83030205, 0.74199163]), array([0.898155  , 0.91046187, 0.84084293, 0.84047495, 0.83649496,
       0.80428341, 0.83079803, 0.82276525, 0.79911541, 0.77119754]), array([0.89739427, 0.89913545, 0.8471182 , 0.8405532 , 0.83375255,
       0.80771647, 0.825299  , 0.80649812, 0.8385159 , 0.80470506]), array([0.89767044, 0.91117935, 0.84146418, 0.84418079, 0.81995896,
       0.81982626, 0.84235626, 0.81689458, 0.80070987, 0.77246604]), array([0.89707961, 0.8930646 , 0.8457023 , 0.84030155, 0.83871705,
       0.81504138, 0.84416555, 0.7868949 , 0.80643664, 0.790349  ])]
real metric: [array([0.93082707, 0.80722892, 0.80804954, 0.72714078, 0.44782609,
       0.31671159, 0.30481283, 0.18687589, 0.13112392, 0.05752212]), array([0.93079096, 0.85057471, 0.77323944, 0.75730994, 0.45968883,
       0.25236167, 0.31858407, 0.19692737, 0.13256484, 0.06006006]), array([0.91895803, 0.81693989, 0.78962963, 0.76850606, 0.42347697,
       0.2717873 , 0.2752809 , 0.20319303, 0.13872832, 0.05167598]), array([0.93975904, 0.85519126, 0.79710145, 0.77936963, 0.45479833,
       0.27544098, 0.30617978, 0.20851064, 0.13521545, 0.0641791 ]), array([0.92252511, 0.8372093 , 0.7464986 , 0.73715125, 0.44725738,
       0.31825038, 0.28811189, 0.18487395, 0.11965812, 0.05594406])]

estim_algorithm = ac-model, mode = classification, metric = sensitivity, confidence_scores = doctor-conf, class_specific = False
test err: [0.42340014369910134, 0.42309048763016743, 0.43617268482347954, 0.4165177509975958, 0.43351483739812996]
estimated metric: [array([0.94299345, 0.94362156, 0.90618066, 0.90438494, 0.88542698,
       0.87621383, 0.87844647, 0.89500837, 0.89803952, 0.82180441]), array([0.94179782, 0.95161983, 0.90263838, 0.90670857, 0.90037154,
       0.87234399, 0.89479358, 0.87952492, 0.86546357, 0.84774457]), array([0.93938615, 0.9407779 , 0.90916232, 0.90560179, 0.89703301,
       0.87985842, 0.88738123, 0.87560592, 0.90321037, 0.88188585]), array([0.94122705, 0.95093354, 0.90263523, 0.90803713, 0.88402316,
       0.88542028, 0.90162972, 0.89002114, 0.87529788, 0.84169803]), array([0.94207541, 0.9360303 , 0.90755999, 0.905512  , 0.90931396,
       0.88251533, 0.90441632, 0.85723696, 0.87319588, 0.87477226])]
real metric: [array([0.93082707, 0.80722892, 0.80804954, 0.72714078, 0.44782609,
       0.31671159, 0.30481283, 0.18687589, 0.13112392, 0.05752212]), array([0.93079096, 0.85057471, 0.77323944, 0.75730994, 0.45968883,
       0.25236167, 0.31858407, 0.19692737, 0.13256484, 0.06006006]), array([0.91895803, 0.81693989, 0.78962963, 0.76850606, 0.42347697,
       0.2717873 , 0.2752809 , 0.20319303, 0.13872832, 0.05167598]), array([0.93975904, 0.85519126, 0.79710145, 0.77936963, 0.45479833,
       0.27544098, 0.30617978, 0.20851064, 0.13521545, 0.0641791 ]), array([0.92252511, 0.8372093 , 0.7464986 , 0.73715125, 0.44725738,
       0.31825038, 0.28811189, 0.18487395, 0.11965812, 0.05594406])]

estim_algorithm = ts-model, mode = classification, metric = sensitivity, confidence_scores = max_class_probability-conf, class_specific = False
test err: [0.26304564198266056, 0.2757035985880557, 0.27948513458585716, 0.2756677886695764, 0.26741295532730747]
estimated metric: [array([0.66833156, 0.69260572, 0.59196787, 0.5709469 , 0.5573698 ,
       0.56226076, 0.5714663 , 0.57264792, 0.57331871, 0.48887113]), array([0.67446703, 0.69740717, 0.59056478, 0.57421092, 0.58236417,
       0.57113861, 0.58341986, 0.58614477, 0.55463968, 0.52425059]), array([0.66997839, 0.69344473, 0.5915358 , 0.57858235, 0.57796972,
       0.56479922, 0.56950292, 0.5491882 , 0.58352374, 0.5535177 ]), array([0.67034807, 0.69716032, 0.5887061 , 0.57658954, 0.56213099,
       0.58190392, 0.59311434, 0.5607626 , 0.53542738, 0.52904561]), array([0.66880414, 0.68160174, 0.59169309, 0.57726752, 0.57908507,
       0.57562887, 0.5913813 , 0.53253569, 0.55166245, 0.53391418])]
real metric: [array([0.93082707, 0.80722892, 0.80804954, 0.72714078, 0.44782609,
       0.31671159, 0.30481283, 0.18687589, 0.13112392, 0.05752212]), array([0.93079096, 0.85057471, 0.77323944, 0.75730994, 0.45968883,
       0.25236167, 0.31858407, 0.19692737, 0.13256484, 0.06006006]), array([0.91895803, 0.81693989, 0.78962963, 0.76850606, 0.42347697,
       0.2717873 , 0.2752809 , 0.20319303, 0.13872832, 0.05167598]), array([0.93975904, 0.85519126, 0.79710145, 0.77936963, 0.45479833,
       0.27544098, 0.30617978, 0.20851064, 0.13521545, 0.0641791 ]), array([0.92252511, 0.8372093 , 0.7464986 , 0.73715125, 0.44725738,
       0.31825038, 0.28811189, 0.18487395, 0.11965812, 0.05594406])]

estim_algorithm = ts-model, mode = classification, metric = sensitivity, confidence_scores = max_class_probability-conf, class_specific = True
test err: [0.15979582669318268, 0.162823950123498, 0.1693721327586975, 0.15901611569290092, 0.1619547618033248]
estimated metric: [array([0.94114618, 0.96053743, 0.77220569, 0.74211565, 0.70811705,
       0.47548845, 0.56566039, 0.49936972, 0.29861228, 0.2811365 ]), array([0.93985313, 0.96926871, 0.76928282, 0.74557242, 0.73339284,
       0.48540845, 0.57741659, 0.51824711, 0.29292267, 0.29758836]), array([0.93766532, 0.96046151, 0.77639954, 0.74627723, 0.73088653,
       0.47831522, 0.56347755, 0.48085223, 0.30198403, 0.30466044]), array([0.94003426, 0.96822552, 0.7692886 , 0.74916444, 0.71223455,
       0.49195741, 0.58687639, 0.49228167, 0.28327311, 0.29653478]), array([0.94167694, 0.95646634, 0.7744706 , 0.7463806 , 0.73308929,
       0.48640477, 0.58510099, 0.46675725, 0.29115589, 0.29552498])]
real metric: [array([0.93082707, 0.80722892, 0.80804954, 0.72714078, 0.44782609,
       0.31671159, 0.30481283, 0.18687589, 0.13112392, 0.05752212]), array([0.93079096, 0.85057471, 0.77323944, 0.75730994, 0.45968883,
       0.25236167, 0.31858407, 0.19692737, 0.13256484, 0.06006006]), array([0.91895803, 0.81693989, 0.78962963, 0.76850606, 0.42347697,
       0.2717873 , 0.2752809 , 0.20319303, 0.13872832, 0.05167598]), array([0.93975904, 0.85519126, 0.79710145, 0.77936963, 0.45479833,
       0.27544098, 0.30617978, 0.20851064, 0.13521545, 0.0641791 ]), array([0.92252511, 0.8372093 , 0.7464986 , 0.73715125, 0.44725738,
       0.31825038, 0.28811189, 0.18487395, 0.11965812, 0.05594406])]

estim_algorithm = ts-model, mode = classification, metric = sensitivity, confidence_scores = energy-conf, class_specific = False
test err: [0.32201492927386305, 0.3308722660912777, 0.33340172532896284, 0.33270418729859685, 0.3228358629510033]
estimated metric: [array([0.66814299, 0.68099621, 0.66903761, 0.66991772, 0.67342665,
       0.68910805, 0.67363774, 0.68434496, 0.67151178, 0.68784079]), array([0.67147469, 0.67886656, 0.66872006, 0.66902754, 0.67603458,
       0.69111849, 0.67698953, 0.70006973, 0.67089829, 0.68997269]), array([0.66899441, 0.67911412, 0.66667636, 0.67122199, 0.67571131,
       0.69180261, 0.67531435, 0.68731584, 0.67430472, 0.68568419]), array([0.66921285, 0.67831999, 0.66843353, 0.67001604, 0.67383401,
       0.69166198, 0.67423893, 0.69280113, 0.66723589, 0.68615527]), array([0.66934832, 0.67766038, 0.66841475, 0.67013474, 0.6766249 ,
       0.69000967, 0.6753193 , 0.68513696, 0.6723678 , 0.68516972])]
real metric: [array([0.93082707, 0.80722892, 0.80804954, 0.72714078, 0.44782609,
       0.31671159, 0.30481283, 0.18687589, 0.13112392, 0.05752212]), array([0.93079096, 0.85057471, 0.77323944, 0.75730994, 0.45968883,
       0.25236167, 0.31858407, 0.19692737, 0.13256484, 0.06006006]), array([0.91895803, 0.81693989, 0.78962963, 0.76850606, 0.42347697,
       0.2717873 , 0.2752809 , 0.20319303, 0.13872832, 0.05167598]), array([0.93975904, 0.85519126, 0.79710145, 0.77936963, 0.45479833,
       0.27544098, 0.30617978, 0.20851064, 0.13521545, 0.0641791 ]), array([0.92252511, 0.8372093 , 0.7464986 , 0.73715125, 0.44725738,
       0.31825038, 0.28811189, 0.18487395, 0.11965812, 0.05594406])]

estim_algorithm = ts-model, mode = classification, metric = sensitivity, confidence_scores = energy-conf, class_specific = True
test err: [0.19347313708229627, 0.1956683301036361, 0.20182822570759035, 0.18498210145539773, 0.20019198065003319]
estimated metric: [array([0.93815273, 0.95271423, 0.81295571, 0.77521287, 0.7990042 ,
       0.56573728, 0.66935739, 0.57345022, 0.29633109, 0.2699344 ]), array([0.94012964, 0.95164417, 0.81273684, 0.77443837, 0.80104947,
       0.56842965, 0.67272776, 0.59202421, 0.29202073, 0.28358436]), array([0.93871263, 0.95187729, 0.81108272, 0.77630659, 0.80083694,
       0.56902755, 0.6710384 , 0.57670167, 0.30108069, 0.27979386]), array([0.93890812, 0.95151569, 0.81245938, 0.77526214, 0.79925707,
       0.56906971, 0.66996372, 0.58320705, 0.28274456, 0.27326242]), array([0.93888921, 0.951145  , 0.81245816, 0.77537749, 0.80150904,
       0.56695566, 0.6710484 , 0.57409954, 0.29522882, 0.27268852])]
real metric: [array([0.93082707, 0.80722892, 0.80804954, 0.72714078, 0.44782609,
       0.31671159, 0.30481283, 0.18687589, 0.13112392, 0.05752212]), array([0.93079096, 0.85057471, 0.77323944, 0.75730994, 0.45968883,
       0.25236167, 0.31858407, 0.19692737, 0.13256484, 0.06006006]), array([0.91895803, 0.81693989, 0.78962963, 0.76850606, 0.42347697,
       0.2717873 , 0.2752809 , 0.20319303, 0.13872832, 0.05167598]), array([0.93975904, 0.85519126, 0.79710145, 0.77936963, 0.45479833,
       0.27544098, 0.30617978, 0.20851064, 0.13521545, 0.0641791 ]), array([0.92252511, 0.8372093 , 0.7464986 , 0.73715125, 0.44725738,
       0.31825038, 0.28811189, 0.18487395, 0.11965812, 0.05594406])]

estim_algorithm = ts-model, mode = classification, metric = sensitivity, confidence_scores = entropy-conf, class_specific = False
test err: [0.27053685054108706, 0.28449959057241936, 0.2871645800084369, 0.28168443638585433, 0.2742577672062959]
estimated metric: [array([0.66288073, 0.6852702 , 0.58761874, 0.56336437, 0.55684761,
       0.58281712, 0.57047668, 0.57145704, 0.58723998, 0.50729027]), array([0.67003794, 0.68809078, 0.58539856, 0.56687028, 0.58470471,
       0.59073389, 0.58531299, 0.59061498, 0.56220549, 0.55009322]), array([0.66503994, 0.68636914, 0.58494265, 0.57329298, 0.57834433,
       0.5905166 , 0.56987311, 0.54856912, 0.59440159, 0.56969465]), array([0.66495254, 0.68680725, 0.58315355, 0.5701222 , 0.56413815,
       0.59825247, 0.59358941, 0.56351328, 0.54195666, 0.53333286]), array([0.66328812, 0.67248237, 0.5848884 , 0.57018024, 0.57854193,
       0.59256484, 0.5897036 , 0.53236898, 0.56804331, 0.54290565])]
real metric: [array([0.93082707, 0.80722892, 0.80804954, 0.72714078, 0.44782609,
       0.31671159, 0.30481283, 0.18687589, 0.13112392, 0.05752212]), array([0.93079096, 0.85057471, 0.77323944, 0.75730994, 0.45968883,
       0.25236167, 0.31858407, 0.19692737, 0.13256484, 0.06006006]), array([0.91895803, 0.81693989, 0.78962963, 0.76850606, 0.42347697,
       0.2717873 , 0.2752809 , 0.20319303, 0.13872832, 0.05167598]), array([0.93975904, 0.85519126, 0.79710145, 0.77936963, 0.45479833,
       0.27544098, 0.30617978, 0.20851064, 0.13521545, 0.0641791 ]), array([0.92252511, 0.8372093 , 0.7464986 , 0.73715125, 0.44725738,
       0.31825038, 0.28811189, 0.18487395, 0.11965812, 0.05594406])]

estim_algorithm = ts-model, mode = classification, metric = sensitivity, confidence_scores = entropy-conf, class_specific = True
test err: [0.15446233518073074, 0.1576522328720469, 0.16315379420358772, 0.15161712751214101, 0.1559004235270828]
estimated metric: [array([0.94270108, 0.95822159, 0.77643118, 0.74599784, 0.71682912,
       0.4827499 , 0.56751525, 0.50386766, 0.26280871, 0.24238305]), array([0.94140809, 0.96616315, 0.77274028, 0.74955775, 0.743165  ,
       0.49246239, 0.58229439, 0.52947416, 0.25286574, 0.26199058]), array([0.93950862, 0.95673664, 0.77806948, 0.75218637, 0.73778066,
       0.49044286, 0.56680127, 0.48565442, 0.26712907, 0.25964498]), array([0.94115273, 0.96501404, 0.7730441 , 0.75413809, 0.72348187,
       0.49664056, 0.59043799, 0.50093131, 0.23895634, 0.24954211]), array([0.94205474, 0.95302807, 0.77663595, 0.75101482, 0.73915505,
       0.49105264, 0.58653682, 0.47068437, 0.25757972, 0.24874207])]
real metric: [array([0.93082707, 0.80722892, 0.80804954, 0.72714078, 0.44782609,
       0.31671159, 0.30481283, 0.18687589, 0.13112392, 0.05752212]), array([0.93079096, 0.85057471, 0.77323944, 0.75730994, 0.45968883,
       0.25236167, 0.31858407, 0.19692737, 0.13256484, 0.06006006]), array([0.91895803, 0.81693989, 0.78962963, 0.76850606, 0.42347697,
       0.2717873 , 0.2752809 , 0.20319303, 0.13872832, 0.05167598]), array([0.93975904, 0.85519126, 0.79710145, 0.77936963, 0.45479833,
       0.27544098, 0.30617978, 0.20851064, 0.13521545, 0.0641791 ]), array([0.92252511, 0.8372093 , 0.7464986 , 0.73715125, 0.44725738,
       0.31825038, 0.28811189, 0.18487395, 0.11965812, 0.05594406])]

estim_algorithm = ts-model, mode = classification, metric = sensitivity, confidence_scores = doctor-conf, class_specific = False
test err: [0.26019182236702376, 0.27807791338126087, 0.28161033766051446, 0.2724167552557214, 0.26676964283288285]
estimated metric: [array([0.66602047, 0.67940545, 0.56793636, 0.54060138, 0.52618562,
       0.56818775, 0.5381566 , 0.55241049, 0.58036848, 0.4621991 ]), array([0.6707423 , 0.68717793, 0.56011965, 0.54494386, 0.57117489,
       0.57334464, 0.56345798, 0.56925814, 0.53708725, 0.53771178]), array([0.66797228, 0.68295385, 0.56516032, 0.55424544, 0.56006857,
       0.58533539, 0.55342231, 0.5118595 , 0.5932862 , 0.55257219]), array([0.66556765, 0.68618846, 0.56015836, 0.5527453 , 0.54167238,
       0.58774582, 0.58168191, 0.53880646, 0.50761243, 0.50421122]), array([0.66463892, 0.66405124, 0.56251485, 0.54781949, 0.56176696,
       0.58094609, 0.57456952, 0.48260099, 0.56013457, 0.51741433])]
real metric: [array([0.93082707, 0.80722892, 0.80804954, 0.72714078, 0.44782609,
       0.31671159, 0.30481283, 0.18687589, 0.13112392, 0.05752212]), array([0.93079096, 0.85057471, 0.77323944, 0.75730994, 0.45968883,
       0.25236167, 0.31858407, 0.19692737, 0.13256484, 0.06006006]), array([0.91895803, 0.81693989, 0.78962963, 0.76850606, 0.42347697,
       0.2717873 , 0.2752809 , 0.20319303, 0.13872832, 0.05167598]), array([0.93975904, 0.85519126, 0.79710145, 0.77936963, 0.45479833,
       0.27544098, 0.30617978, 0.20851064, 0.13521545, 0.0641791 ]), array([0.92252511, 0.8372093 , 0.7464986 , 0.73715125, 0.44725738,
       0.31825038, 0.28811189, 0.18487395, 0.11965812, 0.05594406])]

estim_algorithm = ts-model, mode = classification, metric = sensitivity, confidence_scores = doctor-conf, class_specific = True
test err: [0.12740468416479728, 0.134830999910422, 0.13862387123140985, 0.12715524505210304, 0.13155100477656614]
estimated metric: [array([0.94280303, 0.95841359, 0.78348369, 0.74655306, 0.71504571,
       0.44536159, 0.5332316 , 0.48440542, 0.19396173, 0.13977448]), array([0.94160275, 0.96547082, 0.77740089, 0.7502588 , 0.74893962,
       0.45670151, 0.55852778, 0.51218455, 0.18752321, 0.16769967]), array([0.93919324, 0.95649465, 0.78433115, 0.75357838, 0.74080469,
       0.46231527, 0.54833719, 0.44607175, 0.20139229, 0.17144389]), array([0.94103269, 0.9646347 , 0.77808659, 0.75693154, 0.72397347,
       0.46642863, 0.57664834, 0.47642986, 0.16161572, 0.15861066]), array([0.94187385, 0.95255224, 0.78295572, 0.75088931, 0.74835882,
       0.46284553, 0.56940629, 0.41790483, 0.19324772, 0.15295576])]
real metric: [array([0.93082707, 0.80722892, 0.80804954, 0.72714078, 0.44782609,
       0.31671159, 0.30481283, 0.18687589, 0.13112392, 0.05752212]), array([0.93079096, 0.85057471, 0.77323944, 0.75730994, 0.45968883,
       0.25236167, 0.31858407, 0.19692737, 0.13256484, 0.06006006]), array([0.91895803, 0.81693989, 0.78962963, 0.76850606, 0.42347697,
       0.2717873 , 0.2752809 , 0.20319303, 0.13872832, 0.05167598]), array([0.93975904, 0.85519126, 0.79710145, 0.77936963, 0.45479833,
       0.27544098, 0.30617978, 0.20851064, 0.13521545, 0.0641791 ]), array([0.92252511, 0.8372093 , 0.7464986 , 0.73715125, 0.44725738,
       0.31825038, 0.28811189, 0.18487395, 0.11965812, 0.05594406])]

estim_algorithm = doc-model, mode = classification, metric = sensitivity, confidence_scores = max_class_probability-conf, class_specific = False
test err: [0.27858144724143175, 0.28646998611958274, 0.29829434016924056, 0.29292264497560705, 0.2859650327734367]
estimated metric: [array([0.70383702, 0.70606935, 0.65121315, 0.65109064, 0.62611065,
       0.60610698, 0.62251602, 0.64255744, 0.63324515, 0.53911452]), array([0.70225127, 0.7175613 , 0.64835749, 0.65295333, 0.64478   ,
       0.60582233, 0.63809237, 0.6287009 , 0.60397744, 0.57272198]), array([0.70066957, 0.7043646 , 0.65676338, 0.65090372, 0.64498514,
       0.6041732 , 0.63339998, 0.62064458, 0.64572915, 0.6168215 ]), array([0.70229218, 0.71733367, 0.6485414 , 0.65497133, 0.62601106,
       0.62456633, 0.65065513, 0.63074459, 0.59962844, 0.5936624 ]), array([0.70307884, 0.6984886 , 0.65433134, 0.65166287, 0.65308708,
       0.61757029, 0.65287809, 0.60051427, 0.60605993, 0.60781382])]
real metric: [array([0.93082707, 0.80722892, 0.80804954, 0.72714078, 0.44782609,
       0.31671159, 0.30481283, 0.18687589, 0.13112392, 0.05752212]), array([0.93079096, 0.85057471, 0.77323944, 0.75730994, 0.45968883,
       0.25236167, 0.31858407, 0.19692737, 0.13256484, 0.06006006]), array([0.91895803, 0.81693989, 0.78962963, 0.76850606, 0.42347697,
       0.2717873 , 0.2752809 , 0.20319303, 0.13872832, 0.05167598]), array([0.93975904, 0.85519126, 0.79710145, 0.77936963, 0.45479833,
       0.27544098, 0.30617978, 0.20851064, 0.13521545, 0.0641791 ]), array([0.92252511, 0.8372093 , 0.7464986 , 0.73715125, 0.44725738,
       0.31825038, 0.28811189, 0.18487395, 0.11965812, 0.05594406])]

estim_algorithm = doc-model, mode = classification, metric = sensitivity, confidence_scores = max_class_probability-conf, class_specific = True
test err: [0.17838580112850827, 0.17712962067865498, 0.19261706622148683, 0.17752086241771656, 0.1874247393155964]
estimated metric: [array([0.94302467, 0.95854819, 0.79116057, 0.75608455, 0.7409113 ,
       0.51577133, 0.60355716, 0.53466494, 0.33535926, 0.28911685]), array([0.94137248, 0.96785699, 0.7883049 , 0.75794724, 0.75958065,
       0.51548668, 0.61913352, 0.52118523, 0.31027836, 0.32225207]), array([0.9392689 , 0.95627005, 0.79671079, 0.75589763, 0.75978578,
       0.51383755, 0.61444112, 0.51287156, 0.34415757, 0.36588897]), array([0.94146693, 0.96586865, 0.78848881, 0.75996524, 0.7408117 ,
       0.53423068, 0.63169627, 0.52285208, 0.29967546, 0.34986441]), array([0.94260585, 0.95279259, 0.79427875, 0.75665678, 0.76788772,
       0.52723464, 0.63391924, 0.49270479, 0.30812421, 0.35552285])]
real metric: [array([0.93082707, 0.80722892, 0.80804954, 0.72714078, 0.44782609,
       0.31671159, 0.30481283, 0.18687589, 0.13112392, 0.05752212]), array([0.93079096, 0.85057471, 0.77323944, 0.75730994, 0.45968883,
       0.25236167, 0.31858407, 0.19692737, 0.13256484, 0.06006006]), array([0.91895803, 0.81693989, 0.78962963, 0.76850606, 0.42347697,
       0.2717873 , 0.2752809 , 0.20319303, 0.13872832, 0.05167598]), array([0.93975904, 0.85519126, 0.79710145, 0.77936963, 0.45479833,
       0.27544098, 0.30617978, 0.20851064, 0.13521545, 0.0641791 ]), array([0.92252511, 0.8372093 , 0.7464986 , 0.73715125, 0.44725738,
       0.31825038, 0.28811189, 0.18487395, 0.11965812, 0.05594406])]

estim_algorithm = doc-model, mode = classification, metric = sensitivity, confidence_scores = energy-conf, class_specific = False
test err: [0.30402421299530324, 0.3162494501350007, 0.3180228485427127, 0.31515608965221314, 0.3061763614166805]
estimated metric: [array([0.63643903, 0.66632175, 0.61410965, 0.60575754, 0.60972566,
       0.64403434, 0.61569688, 0.63035643, 0.61728024, 0.6174027 ]), array([0.6455773 , 0.66317934, 0.61298393, 0.60535881, 0.62281152,
       0.64879825, 0.62496626, 0.66126555, 0.60654113, 0.63348296]), array([0.63888819, 0.6638466 , 0.60888022, 0.61139664, 0.6203336 ,
       0.64996416, 0.61728672, 0.62850033, 0.62341761, 0.63384661]), array([0.63959078, 0.66296487, 0.61162388, 0.60768094, 0.61244959,
       0.65308744, 0.622871  , 0.64160896, 0.59642965, 0.61987763]), array([0.63909468, 0.65701079, 0.61210602, 0.60813835, 0.62185526,
       0.64823845, 0.62328105, 0.61836886, 0.61259387, 0.62448748])]
real metric: [array([0.93082707, 0.80722892, 0.80804954, 0.72714078, 0.44782609,
       0.31671159, 0.30481283, 0.18687589, 0.13112392, 0.05752212]), array([0.93079096, 0.85057471, 0.77323944, 0.75730994, 0.45968883,
       0.25236167, 0.31858407, 0.19692737, 0.13256484, 0.06006006]), array([0.91895803, 0.81693989, 0.78962963, 0.76850606, 0.42347697,
       0.2717873 , 0.2752809 , 0.20319303, 0.13872832, 0.05167598]), array([0.93975904, 0.85519126, 0.79710145, 0.77936963, 0.45479833,
       0.27544098, 0.30617978, 0.20851064, 0.13521545, 0.0641791 ]), array([0.92252511, 0.8372093 , 0.7464986 , 0.73715125, 0.44725738,
       0.31825038, 0.28811189, 0.18487395, 0.11965812, 0.05594406])]

estim_algorithm = doc-model, mode = classification, metric = sensitivity, confidence_scores = energy-conf, class_specific = True
test err: [0.17146070268332553, 0.17258439110010765, 0.18008480719467163, 0.16769717223774347, 0.17369005057724204]
estimated metric: [array([0.9302517 , 0.94205492, 0.78460197, 0.75452198, 0.76186515,
       0.52624385, 0.61646189, 0.53830742, 0.27955311, 0.25081792]), array([0.93241279, 0.94275816, 0.78446413, 0.75493901, 0.7729582 ,
       0.53179964, 0.62573108, 0.56951708, 0.27049574, 0.26812812]), array([0.93070636, 0.94233956, 0.7814691 , 0.75964612, 0.77123272,
       0.53244317, 0.61805116, 0.53624269, 0.28569047, 0.26716189]), array([0.93022032, 0.94156664, 0.78212538, 0.75715174, 0.76347862,
       0.53564115, 0.62363577, 0.54965161, 0.25877898, 0.25700181]), array([0.93047067, 0.93748469, 0.78282399, 0.75705307, 0.77179748,
       0.53084095, 0.6240458 , 0.5271944 , 0.27486674, 0.25780275])]
real metric: [array([0.93082707, 0.80722892, 0.80804954, 0.72714078, 0.44782609,
       0.31671159, 0.30481283, 0.18687589, 0.13112392, 0.05752212]), array([0.93079096, 0.85057471, 0.77323944, 0.75730994, 0.45968883,
       0.25236167, 0.31858407, 0.19692737, 0.13256484, 0.06006006]), array([0.91895803, 0.81693989, 0.78962963, 0.76850606, 0.42347697,
       0.2717873 , 0.2752809 , 0.20319303, 0.13872832, 0.05167598]), array([0.93975904, 0.85519126, 0.79710145, 0.77936963, 0.45479833,
       0.27544098, 0.30617978, 0.20851064, 0.13521545, 0.0641791 ]), array([0.92252511, 0.8372093 , 0.7464986 , 0.73715125, 0.44725738,
       0.31825038, 0.28811189, 0.18487395, 0.11965812, 0.05594406])]

estim_algorithm = doc-model, mode = classification, metric = sensitivity, confidence_scores = entropy-conf, class_specific = False
test err: [0.27943785024171924, 0.287491982750084, 0.29706488810864373, 0.2913286072399279, 0.28432072190589297]
estimated metric: [array([0.70376001, 0.70558877, 0.64839629, 0.64235905, 0.62041168,
       0.61020558, 0.61896486, 0.63576123, 0.63453791, 0.54622752]), array([0.70239084, 0.71469771, 0.64507878, 0.64471079, 0.6407308 ,
       0.60851926, 0.63503388, 0.6270011 , 0.60335127, 0.57543343]), array([0.70163011, 0.70337129, 0.65135404, 0.64478904, 0.63798839,
       0.61195232, 0.62953485, 0.61073397, 0.64275176, 0.60894095]), array([0.70190628, 0.71541519, 0.64570002, 0.64841663, 0.62419481,
       0.62406211, 0.6465921 , 0.62113043, 0.60494573, 0.57670192]), array([0.70131545, 0.69730044, 0.64994763, 0.64453739, 0.64295289,
       0.61927722, 0.6484014 , 0.59113076, 0.6106725 , 0.59458489])]
real metric: [array([0.93082707, 0.80722892, 0.80804954, 0.72714078, 0.44782609,
       0.31671159, 0.30481283, 0.18687589, 0.13112392, 0.05752212]), array([0.93079096, 0.85057471, 0.77323944, 0.75730994, 0.45968883,
       0.25236167, 0.31858407, 0.19692737, 0.13256484, 0.06006006]), array([0.91895803, 0.81693989, 0.78962963, 0.76850606, 0.42347697,
       0.2717873 , 0.2752809 , 0.20319303, 0.13872832, 0.05167598]), array([0.93975904, 0.85519126, 0.79710145, 0.77936963, 0.45479833,
       0.27544098, 0.30617978, 0.20851064, 0.13521545, 0.0641791 ]), array([0.92252511, 0.8372093 , 0.7464986 , 0.73715125, 0.44725738,
       0.31825038, 0.28811189, 0.18487395, 0.11965812, 0.05594406])]

estim_algorithm = doc-model, mode = classification, metric = sensitivity, confidence_scores = entropy-conf, class_specific = True
test err: [0.1763764811387009, 0.17506856674643947, 0.18805807222177157, 0.17339163297927568, 0.18289204757921276]
estimated metric: [array([0.94576883, 0.95568678, 0.7893771 , 0.75622271, 0.73876981,
       0.51383927, 0.60239906, 0.536709  , 0.32710199, 0.27866415]), array([0.9442351 , 0.96330017, 0.78605959, 0.75857445, 0.75908893,
       0.51219635, 0.61846808, 0.5282039 , 0.30256128, 0.3100997 ]), array([0.94299838, 0.95255608, 0.79233486, 0.7586527 , 0.75634653,
       0.51558601, 0.61296905, 0.51168174, 0.33558797, 0.3403368 ]), array([0.94397122, 0.96232902, 0.78668084, 0.76228029, 0.74255294,
       0.5276958 , 0.6300263 , 0.5220782 , 0.29917445, 0.31785301]), array([0.94381545, 0.94938374, 0.79091895, 0.75840105, 0.76131102,
       0.52307734, 0.6318356 , 0.49207853, 0.30788137, 0.32769746])]
real metric: [array([0.93082707, 0.80722892, 0.80804954, 0.72714078, 0.44782609,
       0.31671159, 0.30481283, 0.18687589, 0.13112392, 0.05752212]), array([0.93079096, 0.85057471, 0.77323944, 0.75730994, 0.45968883,
       0.25236167, 0.31858407, 0.19692737, 0.13256484, 0.06006006]), array([0.91895803, 0.81693989, 0.78962963, 0.76850606, 0.42347697,
       0.2717873 , 0.2752809 , 0.20319303, 0.13872832, 0.05167598]), array([0.93975904, 0.85519126, 0.79710145, 0.77936963, 0.45479833,
       0.27544098, 0.30617978, 0.20851064, 0.13521545, 0.0641791 ]), array([0.92252511, 0.8372093 , 0.7464986 , 0.73715125, 0.44725738,
       0.31825038, 0.28811189, 0.18487395, 0.11965812, 0.05594406])]

estim_algorithm = doc-model, mode = classification, metric = sensitivity, confidence_scores = doctor-conf, class_specific = False
test err: [0.29099164964370994, 0.2976847513170767, 0.30839893615433395, 0.30308127702521315, 0.2963183418633154]
estimated metric: [array([0.70492649, 0.7055546 , 0.66826704, 0.66637122, 0.64736003,
       0.63814687, 0.64050358, 0.65694143, 0.65997258, 0.58373751]), array([0.70378117, 0.71355287, 0.66471801, 0.66866065, 0.66230459,
       0.63514018, 0.65672663, 0.64312278, 0.62806491, 0.61047292]), array([0.70157848, 0.70271888, 0.67116479, 0.66774154, 0.65912635,
       0.64179147, 0.64988275, 0.63753898, 0.66514343, 0.64381895]), array([0.70333873, 0.71292855, 0.66478737, 0.67019823, 0.6460767 ,
       0.64735333, 0.66425076, 0.65195419, 0.63723095, 0.60810263]), array([0.70406044, 0.69796335, 0.66972401, 0.66744746, 0.671247  ,
       0.64448949, 0.66634937, 0.61917002, 0.63512894, 0.63670536])]
real metric: [array([0.93082707, 0.80722892, 0.80804954, 0.72714078, 0.44782609,
       0.31671159, 0.30481283, 0.18687589, 0.13112392, 0.05752212]), array([0.93079096, 0.85057471, 0.77323944, 0.75730994, 0.45968883,
       0.25236167, 0.31858407, 0.19692737, 0.13256484, 0.06006006]), array([0.91895803, 0.81693989, 0.78962963, 0.76850606, 0.42347697,
       0.2717873 , 0.2752809 , 0.20319303, 0.13872832, 0.05167598]), array([0.93975904, 0.85519126, 0.79710145, 0.77936963, 0.45479833,
       0.27544098, 0.30617978, 0.20851064, 0.13521545, 0.0641791 ]), array([0.92252511, 0.8372093 , 0.7464986 , 0.73715125, 0.44725738,
       0.31825038, 0.28811189, 0.18487395, 0.11965812, 0.05594406])]

estim_algorithm = doc-model, mode = classification, metric = sensitivity, confidence_scores = doctor-conf, class_specific = True
test err: [0.19081059361569194, 0.19161766810337144, 0.20340082963326958, 0.18740176296456035, 0.2009147685337241]
estimated metric: [array([0.94281997, 0.95778506, 0.80496372, 0.76494469, 0.76181268,
       0.54166723, 0.62592598, 0.5505191 , 0.34968128, 0.31993335]), array([0.94162434, 0.96534798, 0.80139155, 0.76726832, 0.77675723,
       0.53935956, 0.64209403, 0.53744467, 0.32668429, 0.35030661]), array([0.93921278, 0.95467053, 0.80791549, 0.76624261, 0.7734187 ,
       0.54525369, 0.63532445, 0.53190988, 0.35358137, 0.38012801]), array([0.94105367, 0.96412907, 0.80141733, 0.76865659, 0.76040885,
       0.55112038, 0.64973761, 0.54553187, 0.3277105 , 0.35857134]), array([0.94190194, 0.9506311 , 0.80638255, 0.76607175, 0.78569965,
       0.54828346, 0.65171677, 0.51321631, 0.32950989, 0.37321431])]
real metric: [array([0.93082707, 0.80722892, 0.80804954, 0.72714078, 0.44782609,
       0.31671159, 0.30481283, 0.18687589, 0.13112392, 0.05752212]), array([0.93079096, 0.85057471, 0.77323944, 0.75730994, 0.45968883,
       0.25236167, 0.31858407, 0.19692737, 0.13256484, 0.06006006]), array([0.91895803, 0.81693989, 0.78962963, 0.76850606, 0.42347697,
       0.2717873 , 0.2752809 , 0.20319303, 0.13872832, 0.05167598]), array([0.93975904, 0.85519126, 0.79710145, 0.77936963, 0.45479833,
       0.27544098, 0.30617978, 0.20851064, 0.13521545, 0.0641791 ]), array([0.92252511, 0.8372093 , 0.7464986 , 0.73715125, 0.44725738,
       0.31825038, 0.28811189, 0.18487395, 0.11965812, 0.05594406])]

estim_algorithm = atc-model, mode = classification, metric = sensitivity, confidence_scores = max_class_probability-conf, class_specific = False
test err: [0.20560869766261733, 0.20263395335978207, 0.2123866985616024, 0.2029838082036386, 0.20253647123784732]
estimated metric: [array([0.6909822 , 0.70404625, 0.53239437, 0.52149877, 0.47609563,
       0.39677421, 0.50000002, 0.5223881 , 0.47368427, 0.30769249]), array([0.69282891, 0.7200957 , 0.52562327, 0.52492493, 0.51422765,
       0.39215689, 0.51600002, 0.53146856, 0.39423083, 0.25000019]), array([0.70395103, 0.7108014 , 0.54822695, 0.5133721 , 0.54385966,
       0.36111114, 0.48648651, 0.45454549, 0.50000005, 0.32432451]), array([0.69430052, 0.74159908, 0.53578875, 0.53832117, 0.47326734,
       0.45818184, 0.51836737, 0.45695368, 0.35714292, 0.34883736]), array([0.68346884, 0.6902238 , 0.54146676, 0.52581262, 0.48832273,
       0.43986256, 0.56147543, 0.44604321, 0.37634415, 0.32500017])]
real metric: [array([0.93082707, 0.80722892, 0.80804954, 0.72714078, 0.44782609,
       0.31671159, 0.30481283, 0.18687589, 0.13112392, 0.05752212]), array([0.93079096, 0.85057471, 0.77323944, 0.75730994, 0.45968883,
       0.25236167, 0.31858407, 0.19692737, 0.13256484, 0.06006006]), array([0.91895803, 0.81693989, 0.78962963, 0.76850606, 0.42347697,
       0.2717873 , 0.2752809 , 0.20319303, 0.13872832, 0.05167598]), array([0.93975904, 0.85519126, 0.79710145, 0.77936963, 0.45479833,
       0.27544098, 0.30617978, 0.20851064, 0.13521545, 0.0641791 ]), array([0.92252511, 0.8372093 , 0.7464986 , 0.73715125, 0.44725738,
       0.31825038, 0.28811189, 0.18487395, 0.11965812, 0.05594406])]

estim_algorithm = atc-model, mode = classification, metric = sensitivity, confidence_scores = max_class_probability-conf, class_specific = True
test err: [0.084155203259987, 0.08993876868250023, 0.09894985877682191, 0.0975834355823877, 0.09267034616203539]
estimated metric: [array([0.93164848, 0.95953757, 0.75845071, 0.71990172, 0.63944224,
       0.2903226 , 0.43984965, 0.44029855, 0.1368422 , 0.07692331]), array([0.93280632, 0.96650718, 0.75415513, 0.72552553, 0.6788618 ,
       0.32549022, 0.45200002, 0.44055948, 0.15384624, 0.10000022]), array([0.92654424, 0.96051103, 0.77163121, 0.7127907 , 0.69517545,
       0.27777781, 0.43243246, 0.39160843, 0.10784322, 0.16216239]), array([0.92803685, 0.96639629, 0.75330091, 0.72506083, 0.65742575,
       0.3818182 , 0.48163267, 0.39072852, 0.12244907, 0.13953508]), array([0.93658537, 0.94817432, 0.76627827, 0.71383047, 0.69002124,
       0.34364263, 0.50819674, 0.35251803, 0.0860216 , 0.12500022])]
real metric: [array([0.93082707, 0.80722892, 0.80804954, 0.72714078, 0.44782609,
       0.31671159, 0.30481283, 0.18687589, 0.13112392, 0.05752212]), array([0.93079096, 0.85057471, 0.77323944, 0.75730994, 0.45968883,
       0.25236167, 0.31858407, 0.19692737, 0.13256484, 0.06006006]), array([0.91895803, 0.81693989, 0.78962963, 0.76850606, 0.42347697,
       0.2717873 , 0.2752809 , 0.20319303, 0.13872832, 0.05167598]), array([0.93975904, 0.85519126, 0.79710145, 0.77936963, 0.45479833,
       0.27544098, 0.30617978, 0.20851064, 0.13521545, 0.0641791 ]), array([0.92252511, 0.8372093 , 0.7464986 , 0.73715125, 0.44725738,
       0.31825038, 0.28811189, 0.18487395, 0.11965812, 0.05594406])]

estim_algorithm = atc-model, mode = classification, metric = sensitivity, confidence_scores = energy-conf, class_specific = False
test err: [0.30045551589302333, 0.31542793606003017, 0.31183781772432, 0.30378676508853625, 0.2967009738067522]
estimated metric: [array([0.5956347 , 0.62427746, 0.48521127, 0.47850123, 0.49601595,
       0.61612904, 0.49248122, 0.59701496, 0.5684211 , 0.58974369]), array([0.61321288, 0.61842106, 0.48130194, 0.49009009, 0.54065042,
       0.627451  , 0.54800002, 0.60139863, 0.54807697, 0.6000001 ]), array([0.60378409, 0.63879211, 0.49503546, 0.50174419, 0.55043861,
       0.67460319, 0.52252254, 0.52447556, 0.58823533, 0.56756768]), array([0.59643063, 0.60486675, 0.47394024, 0.49635037, 0.50297031,
       0.65818183, 0.57551022, 0.60264903, 0.40816333, 0.53488383]), array([0.59078591, 0.58421673, 0.47772447, 0.49458254, 0.54989385,
       0.63230242, 0.53688526, 0.47482018, 0.51612908, 0.57500011])]
real metric: [array([0.93082707, 0.80722892, 0.80804954, 0.72714078, 0.44782609,
       0.31671159, 0.30481283, 0.18687589, 0.13112392, 0.05752212]), array([0.93079096, 0.85057471, 0.77323944, 0.75730994, 0.45968883,
       0.25236167, 0.31858407, 0.19692737, 0.13256484, 0.06006006]), array([0.91895803, 0.81693989, 0.78962963, 0.76850606, 0.42347697,
       0.2717873 , 0.2752809 , 0.20319303, 0.13872832, 0.05167598]), array([0.93975904, 0.85519126, 0.79710145, 0.77936963, 0.45479833,
       0.27544098, 0.30617978, 0.20851064, 0.13521545, 0.0641791 ]), array([0.92252511, 0.8372093 , 0.7464986 , 0.73715125, 0.44725738,
       0.31825038, 0.28811189, 0.18487395, 0.11965812, 0.05594406])]

estim_algorithm = atc-model, mode = classification, metric = sensitivity, confidence_scores = energy-conf, class_specific = True
test err: [0.11339655710630021, 0.13422496890903166, 0.1317155907512219, 0.12996496198523458, 0.11618256564213174]
estimated metric: [array([0.95002872, 0.94219653, 0.76830986, 0.7463145 , 0.68127491,
       0.44516131, 0.48872182, 0.52985078, 0.10526325, 0.05128229]), array([0.94466403, 0.95454546, 0.74584488, 0.76276276, 0.77845529,
       0.47450982, 0.54400002, 0.58041961, 0.10576932, 0.07500023]), array([0.94546466, 0.93495935, 0.75460993, 0.75755814, 0.7631579 ,
       0.44444447, 0.50450453, 0.49650353, 0.14705891, 0.13513537]), array([0.94818653, 0.95596756, 0.75399583, 0.77128954, 0.73267327,
       0.4618182 , 0.55510206, 0.58278148, 0.11224499, 0.09302347]), array([0.95176152, 0.93639576, 0.75051405, 0.74633525, 0.76008493,
       0.46735397, 0.52459018, 0.45323745, 0.12903235, 0.10000022])]
real metric: [array([0.93082707, 0.80722892, 0.80804954, 0.72714078, 0.44782609,
       0.31671159, 0.30481283, 0.18687589, 0.13112392, 0.05752212]), array([0.93079096, 0.85057471, 0.77323944, 0.75730994, 0.45968883,
       0.25236167, 0.31858407, 0.19692737, 0.13256484, 0.06006006]), array([0.91895803, 0.81693989, 0.78962963, 0.76850606, 0.42347697,
       0.2717873 , 0.2752809 , 0.20319303, 0.13872832, 0.05167598]), array([0.93975904, 0.85519126, 0.79710145, 0.77936963, 0.45479833,
       0.27544098, 0.30617978, 0.20851064, 0.13521545, 0.0641791 ]), array([0.92252511, 0.8372093 , 0.7464986 , 0.73715125, 0.44725738,
       0.31825038, 0.28811189, 0.18487395, 0.11965812, 0.05594406])]

estim_algorithm = atc-model, mode = classification, metric = sensitivity, confidence_scores = entropy-conf, class_specific = False
test err: [0.21042279459571467, 0.2078935251647449, 0.2190066673637109, 0.20660163934171813, 0.20311016757781625]
estimated metric: [array([0.69327973, 0.71098266, 0.53380282, 0.52272728, 0.47211156,
       0.40967744, 0.50000002, 0.53731347, 0.48421058, 0.3333335 ]), array([0.69791079, 0.72248804, 0.53047092, 0.52492493, 0.51422765,
       0.38823532, 0.52400002, 0.53846157, 0.42307698, 0.27500018]), array([0.70728993, 0.7108014 , 0.54822695, 0.52151163, 0.54605264,
       0.38095241, 0.49549552, 0.45454549, 0.51960789, 0.35135153]), array([0.69833046, 0.74391657, 0.53856845, 0.54257908, 0.47722773,
       0.46909093, 0.522449  , 0.45695368, 0.38775516, 0.34883736]), array([0.69051491, 0.6902238 , 0.54215216, 0.53154876, 0.47983016,
       0.43986256, 0.55327871, 0.46043169, 0.39784953, 0.32500017])]
real metric: [array([0.93082707, 0.80722892, 0.80804954, 0.72714078, 0.44782609,
       0.31671159, 0.30481283, 0.18687589, 0.13112392, 0.05752212]), array([0.93079096, 0.85057471, 0.77323944, 0.75730994, 0.45968883,
       0.25236167, 0.31858407, 0.19692737, 0.13256484, 0.06006006]), array([0.91895803, 0.81693989, 0.78962963, 0.76850606, 0.42347697,
       0.2717873 , 0.2752809 , 0.20319303, 0.13872832, 0.05167598]), array([0.93975904, 0.85519126, 0.79710145, 0.77936963, 0.45479833,
       0.27544098, 0.30617978, 0.20851064, 0.13521545, 0.0641791 ]), array([0.92252511, 0.8372093 , 0.7464986 , 0.73715125, 0.44725738,
       0.31825038, 0.28811189, 0.18487395, 0.11965812, 0.05594406])]

estim_algorithm = atc-model, mode = classification, metric = sensitivity, confidence_scores = entropy-conf, class_specific = True
test err: [0.08597162151120573, 0.09514181805458315, 0.09214771909476302, 0.09866657077043012, 0.09973123121216328]
estimated metric: [array([0.94773119, 0.9583815 , 0.78028169, 0.73280098, 0.65936256,
       0.27419357, 0.44360904, 0.44029855, 0.1368422 , 0.05128229]), array([0.94466403, 0.96770335, 0.77700831, 0.73933934, 0.71544716,
       0.31764709, 0.48000002, 0.4615385 , 0.14423085, 0.10000022]), array([0.9410128 , 0.94541231, 0.7858156 , 0.73488372, 0.69956141,
       0.27380955, 0.42792795, 0.39160843, 0.10784322, 0.13513537]), array([0.9447323 , 0.9640788 , 0.7685893 , 0.74391728, 0.68712872,
       0.37454548, 0.48979594, 0.40397355, 0.11224499, 0.13953508]), array([0.94525745, 0.9434629 , 0.77313228, 0.73103888, 0.73248408,
       0.34020621, 0.52459018, 0.37410076, 0.0860216 , 0.12500022])]
real metric: [array([0.93082707, 0.80722892, 0.80804954, 0.72714078, 0.44782609,
       0.31671159, 0.30481283, 0.18687589, 0.13112392, 0.05752212]), array([0.93079096, 0.85057471, 0.77323944, 0.75730994, 0.45968883,
       0.25236167, 0.31858407, 0.19692737, 0.13256484, 0.06006006]), array([0.91895803, 0.81693989, 0.78962963, 0.76850606, 0.42347697,
       0.2717873 , 0.2752809 , 0.20319303, 0.13872832, 0.05167598]), array([0.93975904, 0.85519126, 0.79710145, 0.77936963, 0.45479833,
       0.27544098, 0.30617978, 0.20851064, 0.13521545, 0.0641791 ]), array([0.92252511, 0.8372093 , 0.7464986 , 0.73715125, 0.44725738,
       0.31825038, 0.28811189, 0.18487395, 0.11965812, 0.05594406])]

estim_algorithm = atc-model, mode = classification, metric = sensitivity, confidence_scores = doctor-conf, class_specific = False
test err: [0.20491794770876384, 0.20365555178856423, 0.21556614455791623, 0.2031764192758306, 0.20187642482674445]
estimated metric: [array([0.6909822 , 0.70520232, 0.53239437, 0.52149877, 0.4741036 ,
       0.39677421, 0.49624062, 0.5223881 , 0.47368427, 0.30769249]), array([0.69282891, 0.7200957 , 0.52562327, 0.52432433, 0.51422765,
       0.39215689, 0.51600002, 0.53146856, 0.40384621, 0.25000019]), array([0.705064  , 0.71196284, 0.54893617, 0.5133721 , 0.54605264,
       0.36507939, 0.49549552, 0.45454549, 0.51960789, 0.32432451]), array([0.69487623, 0.74159908, 0.53648367, 0.53710463, 0.47524754,
       0.45818184, 0.51836737, 0.45695368, 0.35714292, 0.34883736]), array([0.68401084, 0.6902238 , 0.54215216, 0.52708732, 0.48832273,
       0.43986256, 0.55737707, 0.44604321, 0.37634415, 0.32500017])]
real metric: [array([0.93082707, 0.80722892, 0.80804954, 0.72714078, 0.44782609,
       0.31671159, 0.30481283, 0.18687589, 0.13112392, 0.05752212]), array([0.93079096, 0.85057471, 0.77323944, 0.75730994, 0.45968883,
       0.25236167, 0.31858407, 0.19692737, 0.13256484, 0.06006006]), array([0.91895803, 0.81693989, 0.78962963, 0.76850606, 0.42347697,
       0.2717873 , 0.2752809 , 0.20319303, 0.13872832, 0.05167598]), array([0.93975904, 0.85519126, 0.79710145, 0.77936963, 0.45479833,
       0.27544098, 0.30617978, 0.20851064, 0.13521545, 0.0641791 ]), array([0.92252511, 0.8372093 , 0.7464986 , 0.73715125, 0.44725738,
       0.31825038, 0.28811189, 0.18487395, 0.11965812, 0.05594406])]

estim_algorithm = atc-model, mode = classification, metric = sensitivity, confidence_scores = doctor-conf, class_specific = True
test err: [0.08479599687413013, 0.0947784368043504, 0.09738487188338182, 0.09849477102685249, 0.09435311926266099]
estimated metric: [array([0.93624354, 0.94566474, 0.75774648, 0.71990172, 0.63944224,
       0.2903226 , 0.44736844, 0.44776124, 0.1368422 , 0.07692331]), array([0.9271598 , 0.96411483, 0.75415513, 0.72432433, 0.6788618 ,
       0.32549022, 0.47200002, 0.46853151, 0.15384624, 0.10000022]), array([0.92877017, 0.94773519, 0.77163121, 0.71569768, 0.69298246,
       0.27777781, 0.43243246, 0.39160843, 0.10784322, 0.16216239]), array([0.93321819, 0.96060255, 0.75191105, 0.7256691 , 0.65940595,
       0.3818182 , 0.48571431, 0.40397355, 0.12244907, 0.13953508]), array([0.9300813 , 0.93875147, 0.76490747, 0.71191842, 0.69002124,
       0.34707906, 0.50819674, 0.38129501, 0.0860216 , 0.12500022])]
real metric: [array([0.93082707, 0.80722892, 0.80804954, 0.72714078, 0.44782609,
       0.31671159, 0.30481283, 0.18687589, 0.13112392, 0.05752212]), array([0.93079096, 0.85057471, 0.77323944, 0.75730994, 0.45968883,
       0.25236167, 0.31858407, 0.19692737, 0.13256484, 0.06006006]), array([0.91895803, 0.81693989, 0.78962963, 0.76850606, 0.42347697,
       0.2717873 , 0.2752809 , 0.20319303, 0.13872832, 0.05167598]), array([0.93975904, 0.85519126, 0.79710145, 0.77936963, 0.45479833,
       0.27544098, 0.30617978, 0.20851064, 0.13521545, 0.0641791 ]), array([0.92252511, 0.8372093 , 0.7464986 , 0.73715125, 0.44725738,
       0.31825038, 0.28811189, 0.18487395, 0.11965812, 0.05594406])]

estim_algorithm = ts-atc-model, mode = classification, metric = sensitivity, confidence_scores = max_class_probability-conf, class_specific = False
test err: [0.22560691912841674, 0.2412638198839765, 0.25246725823414934, 0.2430533683740689, 0.22747186806343755]
estimated metric: [array([0.68064331, 0.683237  , 0.50845071, 0.492629  , 0.47011953,
       0.47096776, 0.48120303, 0.48507467, 0.52631584, 0.35897452]), array([0.67927725, 0.69138756, 0.50623269, 0.50330331, 0.51219513,
       0.47450982, 0.52000002, 0.51748255, 0.45192313, 0.42500014]), array([0.68892599, 0.69802556, 0.5212766 , 0.50581396, 0.5263158 ,
       0.484127  , 0.4774775 , 0.42657347, 0.60784318, 0.48648663]), array([0.67242372, 0.70104288, 0.50521196, 0.50729927, 0.48118813,
       0.51272729, 0.53877553, 0.48344374, 0.40816333, 0.4651164 ]), array([0.67479675, 0.66548881, 0.52090473, 0.50541747, 0.48832273,
       0.51202751, 0.55327871, 0.44604321, 0.46236565, 0.35000016])]
real metric: [array([0.93082707, 0.80722892, 0.80804954, 0.72714078, 0.44782609,
       0.31671159, 0.30481283, 0.18687589, 0.13112392, 0.05752212]), array([0.93079096, 0.85057471, 0.77323944, 0.75730994, 0.45968883,
       0.25236167, 0.31858407, 0.19692737, 0.13256484, 0.06006006]), array([0.91895803, 0.81693989, 0.78962963, 0.76850606, 0.42347697,
       0.2717873 , 0.2752809 , 0.20319303, 0.13872832, 0.05167598]), array([0.93975904, 0.85519126, 0.79710145, 0.77936963, 0.45479833,
       0.27544098, 0.30617978, 0.20851064, 0.13521545, 0.0641791 ]), array([0.92252511, 0.8372093 , 0.7464986 , 0.73715125, 0.44725738,
       0.31825038, 0.28811189, 0.18487395, 0.11965812, 0.05594406])]

estim_algorithm = ts-atc-model, mode = classification, metric = sensitivity, confidence_scores = max_class_probability-conf, class_specific = True
test err: [0.08835858225458094, 0.09980173785736882, 0.10002339398728022, 0.1071956359951256, 0.10399561942762829]
estimated metric: [array([0.93509477, 0.96763006, 0.77323944, 0.72788698, 0.65936256,
       0.33225809, 0.46240604, 0.44029855, 0.10526325, 0.07692331]), array([0.93732355, 0.97248804, 0.7700831 , 0.73093093, 0.7093496 ,
       0.36862748, 0.48800002, 0.48951053, 0.13461547, 0.05000024]), array([0.92765721, 0.97212544, 0.7858156 , 0.73023256, 0.70175439,
       0.34126987, 0.44144147, 0.39860144, 0.13725499, 0.13513537]), array([0.92976396, 0.97450753, 0.76441974, 0.74209246, 0.68910892,
       0.41454548, 0.49387757, 0.43708613, 0.14285723, 0.13953508]), array([0.9403794 , 0.95759717, 0.76970528, 0.72785214, 0.73036094,
       0.38831617, 0.5122951 , 0.38129501, 0.11827966, 0.15000021])]
real metric: [array([0.93082707, 0.80722892, 0.80804954, 0.72714078, 0.44782609,
       0.31671159, 0.30481283, 0.18687589, 0.13112392, 0.05752212]), array([0.93079096, 0.85057471, 0.77323944, 0.75730994, 0.45968883,
       0.25236167, 0.31858407, 0.19692737, 0.13256484, 0.06006006]), array([0.91895803, 0.81693989, 0.78962963, 0.76850606, 0.42347697,
       0.2717873 , 0.2752809 , 0.20319303, 0.13872832, 0.05167598]), array([0.93975904, 0.85519126, 0.79710145, 0.77936963, 0.45479833,
       0.27544098, 0.30617978, 0.20851064, 0.13521545, 0.0641791 ]), array([0.92252511, 0.8372093 , 0.7464986 , 0.73715125, 0.44725738,
       0.31825038, 0.28811189, 0.18487395, 0.11965812, 0.05594406])]

estim_algorithm = ts-atc-model, mode = classification, metric = sensitivity, confidence_scores = energy-conf, class_specific = False
test err: [0.35871308399646484, 0.37820414433953103, 0.38046729658746203, 0.35814446858111637, 0.3628654092514742]
estimated metric: [array([0.50201034, 0.55260116, 0.50211268, 0.50061425, 0.58366535,
       0.72258065, 0.58646618, 0.65671644, 0.60000004, 0.66666675]), array([0.53246754, 0.54545455, 0.49792244, 0.50690691, 0.61178863,
       0.73725491, 0.62000002, 0.74825177, 0.60576927, 0.65000009]), array([0.51252087, 0.55052265, 0.48439717, 0.51453489, 0.62719299,
       0.78174604, 0.5855856 , 0.6783217 , 0.58823533, 0.67567576]), array([0.51352908, 0.53765933, 0.47324531, 0.52311436, 0.58217823,
       0.75636365, 0.59183675, 0.70198677, 0.41836741, 0.65116287]), array([0.52032521, 0.53710248, 0.47292667, 0.51752709, 0.62208069,
       0.74226805, 0.59016395, 0.69784175, 0.56989252, 0.62500009])]
real metric: [array([0.93082707, 0.80722892, 0.80804954, 0.72714078, 0.44782609,
       0.31671159, 0.30481283, 0.18687589, 0.13112392, 0.05752212]), array([0.93079096, 0.85057471, 0.77323944, 0.75730994, 0.45968883,
       0.25236167, 0.31858407, 0.19692737, 0.13256484, 0.06006006]), array([0.91895803, 0.81693989, 0.78962963, 0.76850606, 0.42347697,
       0.2717873 , 0.2752809 , 0.20319303, 0.13872832, 0.05167598]), array([0.93975904, 0.85519126, 0.79710145, 0.77936963, 0.45479833,
       0.27544098, 0.30617978, 0.20851064, 0.13521545, 0.0641791 ]), array([0.92252511, 0.8372093 , 0.7464986 , 0.73715125, 0.44725738,
       0.31825038, 0.28811189, 0.18487395, 0.11965812, 0.05594406])]

estim_algorithm = ts-atc-model, mode = classification, metric = sensitivity, confidence_scores = energy-conf, class_specific = True
test err: [0.14505092680529433, 0.15777776420959416, 0.16181826243324204, 0.1453661511773107, 0.14684483310088792]
estimated metric: [array([0.94715681, 0.93294798, 0.78943662, 0.76412777, 0.7808765 ,
       0.50967744, 0.57142859, 0.60447764, 0.09473694, 0.05128229]), array([0.94014681, 0.93301435, 0.79639889, 0.77237237, 0.82113822,
       0.52549021, 0.62000002, 0.65734268, 0.09615393, 0.07500023]), array([0.94045632, 0.92450639, 0.78723404, 0.77209302, 0.82894737,
       0.56746033, 0.56756759, 0.61538464, 0.11764715, 0.10810835]), array([0.94242948, 0.93279258, 0.79569145, 0.76642336, 0.8059406 ,
       0.52727274, 0.57959185, 0.6291391 , 0.10204091, 0.09302347]), array([0.94200542, 0.91990577, 0.7875257 , 0.75334608, 0.82590234,
       0.51890036, 0.57377051, 0.5755396 , 0.12903235, 0.10000022])]
real metric: [array([0.93082707, 0.80722892, 0.80804954, 0.72714078, 0.44782609,
       0.31671159, 0.30481283, 0.18687589, 0.13112392, 0.05752212]), array([0.93079096, 0.85057471, 0.77323944, 0.75730994, 0.45968883,
       0.25236167, 0.31858407, 0.19692737, 0.13256484, 0.06006006]), array([0.91895803, 0.81693989, 0.78962963, 0.76850606, 0.42347697,
       0.2717873 , 0.2752809 , 0.20319303, 0.13872832, 0.05167598]), array([0.93975904, 0.85519126, 0.79710145, 0.77936963, 0.45479833,
       0.27544098, 0.30617978, 0.20851064, 0.13521545, 0.0641791 ]), array([0.92252511, 0.8372093 , 0.7464986 , 0.73715125, 0.44725738,
       0.31825038, 0.28811189, 0.18487395, 0.11965812, 0.05594406])]

estim_algorithm = ts-atc-model, mode = classification, metric = sensitivity, confidence_scores = entropy-conf, class_specific = False
test err: [0.24976276118096546, 0.26553562622362265, 0.27143628508146633, 0.257684421101373, 0.25328890933190207]
estimated metric: [array([0.66858128, 0.65895954, 0.49788733, 0.46867322, 0.46215141,
       0.53870969, 0.48496243, 0.46268661, 0.57894741, 0.43589758]), array([0.66798419, 0.66267943, 0.49030471, 0.48288289, 0.49390245,
       0.53725492, 0.50800002, 0.52447556, 0.5288462 , 0.47500013]), array([0.66332777, 0.67595819, 0.51347518, 0.49593024, 0.49342106,
       0.54761907, 0.46396399, 0.44055948, 0.64705886, 0.54054066]), array([0.65630397, 0.66628042, 0.48922863, 0.48296837, 0.46930694,
       0.57818183, 0.52653063, 0.47682123, 0.42857149, 0.4651164 ]), array([0.65203252, 0.63250884, 0.4969157 , 0.48629701, 0.48407644,
       0.53951892, 0.52868854, 0.3956835 , 0.54838715, 0.47500013])]
real metric: [array([0.93082707, 0.80722892, 0.80804954, 0.72714078, 0.44782609,
       0.31671159, 0.30481283, 0.18687589, 0.13112392, 0.05752212]), array([0.93079096, 0.85057471, 0.77323944, 0.75730994, 0.45968883,
       0.25236167, 0.31858407, 0.19692737, 0.13256484, 0.06006006]), array([0.91895803, 0.81693989, 0.78962963, 0.76850606, 0.42347697,
       0.2717873 , 0.2752809 , 0.20319303, 0.13872832, 0.05167598]), array([0.93975904, 0.85519126, 0.79710145, 0.77936963, 0.45479833,
       0.27544098, 0.30617978, 0.20851064, 0.13521545, 0.0641791 ]), array([0.92252511, 0.8372093 , 0.7464986 , 0.73715125, 0.44725738,
       0.31825038, 0.28811189, 0.18487395, 0.11965812, 0.05594406])]

estim_algorithm = ts-atc-model, mode = classification, metric = sensitivity, confidence_scores = entropy-conf, class_specific = True
test err: [0.09319601390705994, 0.11414707375027681, 0.10337567185833885, 0.10846852582435222, 0.10171063361905411]
estimated metric: [array([0.92705342, 0.96531792, 0.77112676, 0.73832924, 0.6932271 ,
       0.36129034, 0.47368423, 0.41791049, 0.10526325, 0.05128229]), array([0.92772445, 0.97488038, 0.74792244, 0.74474475, 0.75203253,
       0.39215689, 0.49600002, 0.53146856, 0.1153847 , 0.07500023]), array([0.92264886, 0.96399535, 0.76524823, 0.75988372, 0.73684211,
       0.37698415, 0.43243246, 0.41958046, 0.13725499, 0.10810835]), array([0.92630973, 0.96755504, 0.76164003, 0.75608273, 0.71287129,
       0.42545457, 0.4979592 , 0.45695368, 0.11224499, 0.09302347]), array([0.93224932, 0.95641932, 0.76216587, 0.73550032, 0.7685775 ,
       0.38144332, 0.49590166, 0.38848925, 0.15053773, 0.10000022])]
real metric: [array([0.93082707, 0.80722892, 0.80804954, 0.72714078, 0.44782609,
       0.31671159, 0.30481283, 0.18687589, 0.13112392, 0.05752212]), array([0.93079096, 0.85057471, 0.77323944, 0.75730994, 0.45968883,
       0.25236167, 0.31858407, 0.19692737, 0.13256484, 0.06006006]), array([0.91895803, 0.81693989, 0.78962963, 0.76850606, 0.42347697,
       0.2717873 , 0.2752809 , 0.20319303, 0.13872832, 0.05167598]), array([0.93975904, 0.85519126, 0.79710145, 0.77936963, 0.45479833,
       0.27544098, 0.30617978, 0.20851064, 0.13521545, 0.0641791 ]), array([0.92252511, 0.8372093 , 0.7464986 , 0.73715125, 0.44725738,
       0.31825038, 0.28811189, 0.18487395, 0.11965812, 0.05594406])]

estim_algorithm = ts-atc-model, mode = classification, metric = sensitivity, confidence_scores = doctor-conf, class_specific = False
test err: [0.24771467847070375, 0.25980695764359085, 0.2676227793547913, 0.2533979884810823, 0.24617892800367072]
estimated metric: [array([0.66800689, 0.66936417, 0.49647888, 0.46928747, 0.46414344,
       0.52903227, 0.48120303, 0.46268661, 0.57894741, 0.43589758]), array([0.6691135 , 0.66985646, 0.49376732, 0.48768769, 0.48780489,
       0.53725492, 0.50800002, 0.52447556, 0.51923082, 0.45000014]), array([0.67334446, 0.67944251, 0.51347518, 0.49360465, 0.50438598,
       0.53968256, 0.45495498, 0.41958046, 0.64705886, 0.54054066]), array([0.6586068 , 0.66975667, 0.49200834, 0.48296837, 0.47722773,
       0.55636365, 0.50612247, 0.47682123, 0.42857149, 0.4651164 ]), array([0.66070461, 0.63486455, 0.4989719 , 0.48438496, 0.47770702,
       0.53951892, 0.52868854, 0.40287774, 0.53763446, 0.42500014])]
real metric: [array([0.93082707, 0.80722892, 0.80804954, 0.72714078, 0.44782609,
       0.31671159, 0.30481283, 0.18687589, 0.13112392, 0.05752212]), array([0.93079096, 0.85057471, 0.77323944, 0.75730994, 0.45968883,
       0.25236167, 0.31858407, 0.19692737, 0.13256484, 0.06006006]), array([0.91895803, 0.81693989, 0.78962963, 0.76850606, 0.42347697,
       0.2717873 , 0.2752809 , 0.20319303, 0.13872832, 0.05167598]), array([0.93975904, 0.85519126, 0.79710145, 0.77936963, 0.45479833,
       0.27544098, 0.30617978, 0.20851064, 0.13521545, 0.0641791 ]), array([0.92252511, 0.8372093 , 0.7464986 , 0.73715125, 0.44725738,
       0.31825038, 0.28811189, 0.18487395, 0.11965812, 0.05594406])]

estim_algorithm = ts-atc-model, mode = classification, metric = sensitivity, confidence_scores = doctor-conf, class_specific = True
test err: [0.09010044953097744, 0.11445969957775612, 0.1050750823455957, 0.10911105535659045, 0.10449952081433059]
estimated metric: [array([0.93566916, 0.94450867, 0.76971831, 0.73832924, 0.70119523,
       0.34193551, 0.45488724, 0.43283586, 0.11578957, 0.07692331]), array([0.9271598 , 0.96889952, 0.74930748, 0.74414415, 0.78455285,
       0.37647061, 0.47600002, 0.52447556, 0.14423085, 0.10000022]), array([0.92821369, 0.95121951, 0.76382979, 0.75872093, 0.75000001,
       0.36507939, 0.41891895, 0.41958046, 0.14705891, 0.13513537]), array([0.93321819, 0.9640788 , 0.75955525, 0.75729927, 0.73069307,
       0.40363639, 0.47346941, 0.47019871, 0.14285723, 0.13953508]), array([0.9300813 , 0.94581861, 0.76010967, 0.73550032, 0.79193206,
       0.38144332, 0.47950822, 0.38848925, 0.16129041, 0.12500022])]
real metric: [array([0.93082707, 0.80722892, 0.80804954, 0.72714078, 0.44782609,
       0.31671159, 0.30481283, 0.18687589, 0.13112392, 0.05752212]), array([0.93079096, 0.85057471, 0.77323944, 0.75730994, 0.45968883,
       0.25236167, 0.31858407, 0.19692737, 0.13256484, 0.06006006]), array([0.91895803, 0.81693989, 0.78962963, 0.76850606, 0.42347697,
       0.2717873 , 0.2752809 , 0.20319303, 0.13872832, 0.05167598]), array([0.93975904, 0.85519126, 0.79710145, 0.77936963, 0.45479833,
       0.27544098, 0.30617978, 0.20851064, 0.13521545, 0.0641791 ]), array([0.92252511, 0.8372093 , 0.7464986 , 0.73715125, 0.44725738,
       0.31825038, 0.28811189, 0.18487395, 0.11965812, 0.05594406])]

