estim_algorithm = ac-model, mode = classification, metric = auc, confidence_scores = max_class_probability-conf, class_specific = False
test err: [0.09486122174611053, 0.10112827293067764, 0.09665379003979481, 0.09976712197507354, 0.09304921595129256]
estimated metric: [array([0.97953081, 0.98523268, 0.97773599, 0.97320636, 0.98106268,
       0.97995187, 0.98016689, 0.98198904, 0.98010902, 0.98202353]), array([0.97977852, 0.98539283, 0.97780317, 0.97316659, 0.98188984,
       0.9793581 , 0.98199015, 0.98198554, 0.9810887 , 0.98113838]), array([0.97993062, 0.98502011, 0.97783861, 0.97318065, 0.98125343,
       0.98110964, 0.98225031, 0.98254924, 0.98019286, 0.98044691]), array([0.98047412, 0.98559377, 0.97783499, 0.97334519, 0.98145798,
       0.98032952, 0.98047848, 0.9812953 , 0.98062177, 0.98019399]), array([0.98002171, 0.98549921, 0.97838141, 0.97368188, 0.98045718,
       0.98073242, 0.98200995, 0.98247881, 0.9803405 , 0.97966345])]
real metric: [array([0.94901194, 0.95065883, 0.88487234, 0.83059178, 0.88156617,
       0.82471059, 0.77846882, 0.88919021, 0.93610037, 0.92722561]), array([0.93969928, 0.94277453, 0.89453494, 0.81294586, 0.89951457,
       0.82009228, 0.7801254 , 0.86314186, 0.92286448, 0.91661589]), array([0.94568182, 0.96076852, 0.8833402 , 0.82533622, 0.89579191,
       0.81670251, 0.77517213, 0.89087583, 0.92487183, 0.91869351]), array([0.95037166, 0.9535805 , 0.88798721, 0.81538484, 0.90109299,
       0.80684723, 0.77632716, 0.88655842, 0.92085722, 0.90494666]), array([0.94961754, 0.95678419, 0.89182882, 0.83700543, 0.90358392,
       0.82697784, 0.77225968, 0.89243492, 0.92882014, 0.91346187])]

estim_algorithm = ac-model, mode = classification, metric = auc, confidence_scores = energy-conf, class_specific = False
test err: [0.09236450867069981, 0.093427344512269, 0.10295229755423381, 0.09041808160580912, 0.0970907017428159]
estimated metric: [array([0.7664358 , 0.85775776, 0.83682887, 0.73111637, 0.83276916,
       0.80222478, 0.70760074, 0.8642146 , 0.77282991, 0.75697358]), array([0.78363683, 0.87495737, 0.81481923, 0.77505957, 0.75751406,
       0.73721922, 0.75633088, 0.79634261, 0.72508672, 0.83706916]), array([0.71508328, 0.84698834, 0.87111562, 0.78964036, 0.76899177,
       0.73724289, 0.72599584, 0.80766427, 0.79131848, 0.75367065]), array([0.75253803, 0.85656273, 0.79516879, 0.81434945, 0.80137617,
       0.74972288, 0.81464276, 0.85713103, 0.74851418, 0.78639823]), array([0.72784865, 0.84626181, 0.80908831, 0.83393455, 0.79370001,
       0.75359467, 0.69663189, 0.83323319, 0.75601989, 0.85155438])]
real metric: [array([0.94901194, 0.95065883, 0.88487234, 0.83059178, 0.88156617,
       0.82471059, 0.77846882, 0.88919021, 0.93610037, 0.92722561]), array([0.93969928, 0.94277453, 0.89453494, 0.81294586, 0.89951457,
       0.82009228, 0.7801254 , 0.86314186, 0.92286448, 0.91661589]), array([0.94568182, 0.96076852, 0.8833402 , 0.82533622, 0.89579191,
       0.81670251, 0.77517213, 0.89087583, 0.92487183, 0.91869351]), array([0.95037166, 0.9535805 , 0.88798721, 0.81538484, 0.90109299,
       0.80684723, 0.77632716, 0.88655842, 0.92085722, 0.90494666]), array([0.94961754, 0.95678419, 0.89182882, 0.83700543, 0.90358392,
       0.82697784, 0.77225968, 0.89243492, 0.92882014, 0.91346187])]

estim_algorithm = ac-model, mode = classification, metric = auc, confidence_scores = entropy-conf, class_specific = False
test err: [0.09018947789715434, 0.09675146384867994, 0.09213425435030756, 0.09523380558335379, 0.08860612648644775]
estimated metric: [array([0.97442217, 0.98223787, 0.97173453, 0.96520901, 0.97698342,
       0.97566915, 0.97631464, 0.97791911, 0.97636314, 0.97743841]), array([0.97498513, 0.98265295, 0.97224288, 0.96547847, 0.97832589,
       0.9753625 , 0.97838457, 0.97795433, 0.97699411, 0.9774429 ]), array([0.9747721 , 0.98197986, 0.97165408, 0.96512599, 0.97694142,
       0.97678436, 0.97816083, 0.97821111, 0.97809421, 0.97685306]), array([0.97526583, 0.98218241, 0.97177436, 0.96487907, 0.97702299,
       0.97629986, 0.97712718, 0.97844263, 0.97759532, 0.9757023 ]), array([0.97505398, 0.98239639, 0.97211592, 0.96518551, 0.9779427 ,
       0.97718785, 0.9777053 , 0.97847993, 0.97702893, 0.97573913])]
real metric: [array([0.94901194, 0.95065883, 0.88487234, 0.83059178, 0.88156617,
       0.82471059, 0.77846882, 0.88919021, 0.93610037, 0.92722561]), array([0.93969928, 0.94277453, 0.89453494, 0.81294586, 0.89951457,
       0.82009228, 0.7801254 , 0.86314186, 0.92286448, 0.91661589]), array([0.94568182, 0.96076852, 0.8833402 , 0.82533622, 0.89579191,
       0.81670251, 0.77517213, 0.89087583, 0.92487183, 0.91869351]), array([0.95037166, 0.9535805 , 0.88798721, 0.81538484, 0.90109299,
       0.80684723, 0.77632716, 0.88655842, 0.92085722, 0.90494666]), array([0.94961754, 0.95678419, 0.89182882, 0.83700543, 0.90358392,
       0.82697784, 0.77225968, 0.89243492, 0.92882014, 0.91346187])]

estim_algorithm = ac-model, mode = classification, metric = auc, confidence_scores = doctor-conf, class_specific = False
test err: [0.10360886545695569, 0.10988101598930755, 0.1052362473461893, 0.10871120675492647, 0.1016994272265674]
estimated metric: [array([0.98776875, 0.99276196, 0.98619916, 0.98399105, 0.98881053,
       0.98913696, 0.98966928, 0.98974238, 0.98997686, 0.99042839]), array([0.98811498, 0.99280046, 0.98674988, 0.98391881, 0.99001561,
       0.98861918, 0.98989982, 0.99037278, 0.9908322 , 0.98979554]), array([0.98817007, 0.99268696, 0.98648518, 0.98361451, 0.98948849,
       0.98899864, 0.98972787, 0.99174065, 0.98903462, 0.98964995]), array([0.9879674 , 0.99273186, 0.98664042, 0.98392783, 0.98965886,
       0.98935109, 0.99051822, 0.99057449, 0.98924419, 0.99045159]), array([0.98758247, 0.99236713, 0.98696788, 0.98413513, 0.98942144,
       0.98831372, 0.99018989, 0.99092376, 0.9896264 , 0.99024083])]
real metric: [array([0.94901194, 0.95065883, 0.88487234, 0.83059178, 0.88156617,
       0.82471059, 0.77846882, 0.88919021, 0.93610037, 0.92722561]), array([0.93969928, 0.94277453, 0.89453494, 0.81294586, 0.89951457,
       0.82009228, 0.7801254 , 0.86314186, 0.92286448, 0.91661589]), array([0.94568182, 0.96076852, 0.8833402 , 0.82533622, 0.89579191,
       0.81670251, 0.77517213, 0.89087583, 0.92487183, 0.91869351]), array([0.95037166, 0.9535805 , 0.88798721, 0.81538484, 0.90109299,
       0.80684723, 0.77632716, 0.88655842, 0.92085722, 0.90494666]), array([0.94961754, 0.95678419, 0.89182882, 0.83700543, 0.90358392,
       0.82697784, 0.77225968, 0.89243492, 0.92882014, 0.91346187])]

estim_algorithm = ts-model, mode = classification, metric = auc, confidence_scores = max_class_probability-conf, class_specific = False
test err: [0.062412495019350735, 0.0661470075525356, 0.06404396610221982, 0.06783760664538092, 0.05997167440322896]
estimated metric: [array([0.93873075, 0.9567263 , 0.93528523, 0.9240543 , 0.94970423,
       0.94973924, 0.9476758 , 0.95523706, 0.94946711, 0.9493392 ]), array([0.93810773, 0.95607619, 0.93602685, 0.91990846, 0.9485076 ,
       0.94878776, 0.95281317, 0.95188615, 0.946253  , 0.95222915]), array([0.93867709, 0.95650981, 0.93471166, 0.92366222, 0.94771888,
       0.94927098, 0.94711742, 0.95264746, 0.95399043, 0.95084129]), array([0.9400577 , 0.95659049, 0.93516418, 0.92325435, 0.9508076 ,
       0.94962563, 0.95100889, 0.95628645, 0.95034224, 0.94856453]), array([0.93955694, 0.95675664, 0.93539831, 0.9223937 , 0.95102887,
       0.94675443, 0.94665295, 0.9520932 , 0.95280181, 0.94887795])]
real metric: [array([0.94901194, 0.95065883, 0.88487234, 0.83059178, 0.88156617,
       0.82471059, 0.77846882, 0.88919021, 0.93610037, 0.92722561]), array([0.93969928, 0.94277453, 0.89453494, 0.81294586, 0.89951457,
       0.82009228, 0.7801254 , 0.86314186, 0.92286448, 0.91661589]), array([0.94568182, 0.96076852, 0.8833402 , 0.82533622, 0.89579191,
       0.81670251, 0.77517213, 0.89087583, 0.92487183, 0.91869351]), array([0.95037166, 0.9535805 , 0.88798721, 0.81538484, 0.90109299,
       0.80684723, 0.77632716, 0.88655842, 0.92085722, 0.90494666]), array([0.94961754, 0.95678419, 0.89182882, 0.83700543, 0.90358392,
       0.82697784, 0.77225968, 0.89243492, 0.92882014, 0.91346187])]

estim_algorithm = ts-model, mode = classification, metric = auc, confidence_scores = max_class_probability-conf, class_specific = True
test err: [0.07663135670839069, 0.08230631236958089, 0.07732196692150353, 0.08016150477966877, 0.07358280957685323]
estimated metric: [array([0.96564195, 0.97361014, 0.95216542, 0.93181295, 0.96538617,
       0.9506935 , 0.9696284 , 0.97078848, 0.96805745, 0.97092576]), array([0.96635956, 0.97381675, 0.95217469, 0.92850921, 0.9664976 ,
       0.94696339, 0.97088256, 0.97066898, 0.96951001, 0.96998946]), array([0.96600171, 0.9736895 , 0.95177862, 0.9311273 , 0.96534281,
       0.94137414, 0.9713585 , 0.97132418, 0.96924549, 0.96921188]), array([0.96646088, 0.97382328, 0.95188114, 0.93074208, 0.96438269,
       0.94190024, 0.96964649, 0.97027068, 0.9674962 , 0.96896527]), array([0.96629334, 0.97392017, 0.95328462, 0.9295496 , 0.96560501,
       0.9403071 , 0.97119019, 0.97110595, 0.96832246, 0.96902404])]
real metric: [array([0.94901194, 0.95065883, 0.88487234, 0.83059178, 0.88156617,
       0.82471059, 0.77846882, 0.88919021, 0.93610037, 0.92722561]), array([0.93969928, 0.94277453, 0.89453494, 0.81294586, 0.89951457,
       0.82009228, 0.7801254 , 0.86314186, 0.92286448, 0.91661589]), array([0.94568182, 0.96076852, 0.8833402 , 0.82533622, 0.89579191,
       0.81670251, 0.77517213, 0.89087583, 0.92487183, 0.91869351]), array([0.95037166, 0.9535805 , 0.88798721, 0.81538484, 0.90109299,
       0.80684723, 0.77632716, 0.88655842, 0.92085722, 0.90494666]), array([0.94961754, 0.95678419, 0.89182882, 0.83700543, 0.90358392,
       0.82697784, 0.77225968, 0.89243492, 0.92882014, 0.91346187])]

estim_algorithm = ts-model, mode = classification, metric = auc, confidence_scores = energy-conf, class_specific = False
test err: [0.05300245329340618, 0.05102359082641158, 0.05146321545764441, 0.05896518428985172, 0.055838732616987644]
estimated metric: [array([0.87429768, 0.95143411, 0.92317939, 0.86245598, 0.94555617,
       0.92353145, 0.87195627, 0.96820023, 0.90543063, 0.90883993]), array([0.89980986, 0.96804528, 0.91200133, 0.90099192, 0.89930551,
       0.89068692, 0.89816809, 0.91844337, 0.86931917, 0.95848598]), array([0.85300626, 0.93583893, 0.93715789, 0.90549978, 0.89260364,
       0.89106449, 0.88601641, 0.94300976, 0.91740715, 0.90364088]), array([0.877227  , 0.95920827, 0.9046658 , 0.91791479, 0.91468238,
       0.89003461, 0.93992708, 0.97052769, 0.89156164, 0.92297599]), array([0.85327521, 0.94149519, 0.91917769, 0.92428169, 0.91897828,
       0.89661934, 0.86886131, 0.9431128 , 0.88751802, 0.97197524])]
real metric: [array([0.94901194, 0.95065883, 0.88487234, 0.83059178, 0.88156617,
       0.82471059, 0.77846882, 0.88919021, 0.93610037, 0.92722561]), array([0.93969928, 0.94277453, 0.89453494, 0.81294586, 0.89951457,
       0.82009228, 0.7801254 , 0.86314186, 0.92286448, 0.91661589]), array([0.94568182, 0.96076852, 0.8833402 , 0.82533622, 0.89579191,
       0.81670251, 0.77517213, 0.89087583, 0.92487183, 0.91869351]), array([0.95037166, 0.9535805 , 0.88798721, 0.81538484, 0.90109299,
       0.80684723, 0.77632716, 0.88655842, 0.92085722, 0.90494666]), array([0.94961754, 0.95678419, 0.89182882, 0.83700543, 0.90358392,
       0.82697784, 0.77225968, 0.89243492, 0.92882014, 0.91346187])]

estim_algorithm = ts-model, mode = classification, metric = auc, confidence_scores = energy-conf, class_specific = True
test err: [0.09396549570165326, 0.09574527729403141, 0.09536670684006054, 0.09805709230798407, 0.09042450325394455]
estimated metric: [array([0.99629861, 0.99673461, 0.97968432, 0.94517144, 0.98352057,
       0.9722567 , 0.98450912, 0.98443686, 0.9693748 , 0.98006459]), array([0.99624584, 0.99672087, 0.97939471, 0.95774181, 0.98421569,
       0.95403611, 0.98509451, 0.96501581, 0.95055541, 0.9807411 ]), array([0.99627486, 0.9967047 , 0.97954379, 0.96035008, 0.98310744,
       0.95550722, 0.98512609, 0.98193148, 0.97029621, 0.98205968]), array([0.99627017, 0.99670724, 0.97937014, 0.96832995, 0.98385238,
       0.95390157, 0.98480274, 0.98543527, 0.95631894, 0.9795364 ]), array([0.99623512, 0.99665814, 0.97955219, 0.9658665 , 0.98330978,
       0.95715106, 0.98416072, 0.9783952 , 0.95518091, 0.98050978])]
real metric: [array([0.94901194, 0.95065883, 0.88487234, 0.83059178, 0.88156617,
       0.82471059, 0.77846882, 0.88919021, 0.93610037, 0.92722561]), array([0.93969928, 0.94277453, 0.89453494, 0.81294586, 0.89951457,
       0.82009228, 0.7801254 , 0.86314186, 0.92286448, 0.91661589]), array([0.94568182, 0.96076852, 0.8833402 , 0.82533622, 0.89579191,
       0.81670251, 0.77517213, 0.89087583, 0.92487183, 0.91869351]), array([0.95037166, 0.9535805 , 0.88798721, 0.81538484, 0.90109299,
       0.80684723, 0.77632716, 0.88655842, 0.92085722, 0.90494666]), array([0.94961754, 0.95678419, 0.89182882, 0.83700543, 0.90358392,
       0.82697784, 0.77225968, 0.89243492, 0.92882014, 0.91346187])]

estim_algorithm = ts-model, mode = classification, metric = auc, confidence_scores = entropy-conf, class_specific = False
test err: [0.06241562309595117, 0.06613559605302946, 0.06422839194030207, 0.06794136999247138, 0.06000146830733768]
estimated metric: [array([0.93889931, 0.95686387, 0.93519056, 0.92360724, 0.94973046,
       0.94940811, 0.9481045 , 0.95543596, 0.94937791, 0.94970971]), array([0.93834397, 0.95598392, 0.93599414, 0.91995303, 0.94910285,
       0.94926901, 0.95333052, 0.95185025, 0.94679489, 0.95033185]), array([0.93912442, 0.95666041, 0.93474392, 0.92371796, 0.94799005,
       0.94975217, 0.94761778, 0.95301346, 0.954375  , 0.95119222]), array([0.94061772, 0.95661251, 0.93538737, 0.9227204 , 0.95036407,
       0.95016027, 0.95156647, 0.95662665, 0.95089326, 0.948911  ]), array([0.94014542, 0.95692472, 0.93545465, 0.92216266, 0.95085261,
       0.94726954, 0.947289  , 0.9516794 , 0.95343917, 0.94862763])]
real metric: [array([0.94901194, 0.95065883, 0.88487234, 0.83059178, 0.88156617,
       0.82471059, 0.77846882, 0.88919021, 0.93610037, 0.92722561]), array([0.93969928, 0.94277453, 0.89453494, 0.81294586, 0.89951457,
       0.82009228, 0.7801254 , 0.86314186, 0.92286448, 0.91661589]), array([0.94568182, 0.96076852, 0.8833402 , 0.82533622, 0.89579191,
       0.81670251, 0.77517213, 0.89087583, 0.92487183, 0.91869351]), array([0.95037166, 0.9535805 , 0.88798721, 0.81538484, 0.90109299,
       0.80684723, 0.77632716, 0.88655842, 0.92085722, 0.90494666]), array([0.94961754, 0.95678419, 0.89182882, 0.83700543, 0.90358392,
       0.82697784, 0.77225968, 0.89243492, 0.92882014, 0.91346187])]

estim_algorithm = ts-model, mode = classification, metric = auc, confidence_scores = entropy-conf, class_specific = True
test err: [0.07550643669948841, 0.08061243127630677, 0.07603402402668025, 0.07934760942341954, 0.07224516240166753]
estimated metric: [array([0.96559746, 0.97325019, 0.95205296, 0.93332841, 0.96499561,
       0.95196108, 0.9685485 , 0.96568234, 0.96344697, 0.96859752]), array([0.96616542, 0.97350776, 0.95214749, 0.9283554 , 0.96587763,
       0.94512192, 0.96958906, 0.96725671, 0.96223674, 0.96817528]), array([0.96619635, 0.97348137, 0.951726  , 0.93143047, 0.96505843,
       0.94142027, 0.97006422, 0.96720356, 0.96274957, 0.96824447]), array([0.96675464, 0.97359102, 0.95180417, 0.93052593, 0.96381793,
       0.94352834, 0.96801351, 0.9677981 , 0.96426128, 0.96733506]), array([0.966237  , 0.97363186, 0.95315989, 0.92937735, 0.96523664,
       0.93904552, 0.96899989, 0.96723115, 0.96531482, 0.96699187])]
real metric: [array([0.94901194, 0.95065883, 0.88487234, 0.83059178, 0.88156617,
       0.82471059, 0.77846882, 0.88919021, 0.93610037, 0.92722561]), array([0.93969928, 0.94277453, 0.89453494, 0.81294586, 0.89951457,
       0.82009228, 0.7801254 , 0.86314186, 0.92286448, 0.91661589]), array([0.94568182, 0.96076852, 0.8833402 , 0.82533622, 0.89579191,
       0.81670251, 0.77517213, 0.89087583, 0.92487183, 0.91869351]), array([0.95037166, 0.9535805 , 0.88798721, 0.81538484, 0.90109299,
       0.80684723, 0.77632716, 0.88655842, 0.92085722, 0.90494666]), array([0.94961754, 0.95678419, 0.89182882, 0.83700543, 0.90358392,
       0.82697784, 0.77225968, 0.89243492, 0.92882014, 0.91346187])]

estim_algorithm = ts-model, mode = classification, metric = auc, confidence_scores = doctor-conf, class_specific = False
test err: [0.061347311558886564, 0.06476583838849631, 0.06314999453053279, 0.06673600433020668, 0.05920853911536959]
estimated metric: [array([0.93859031, 0.95573581, 0.9354244 , 0.92526167, 0.94754581,
       0.94818457, 0.94561716, 0.95412106, 0.94677206, 0.94777365]), array([0.93893639, 0.95502682, 0.9364417 , 0.92048903, 0.94675955,
       0.94653609, 0.95115114, 0.94978423, 0.94373387, 0.94958287]), array([0.9384072 , 0.95518253, 0.93496954, 0.92645695, 0.94632008,
       0.94615945, 0.94511222, 0.94947107, 0.95164232, 0.94929186]), array([0.93955246, 0.95535707, 0.93552843, 0.92502924, 0.94945306,
       0.94741704, 0.94784801, 0.95325417, 0.94861309, 0.94762297]), array([0.93836932, 0.95529917, 0.93529643, 0.9249797 , 0.94893539,
       0.94557229, 0.9449023 , 0.94940364, 0.94958052, 0.94705452])]
real metric: [array([0.94901194, 0.95065883, 0.88487234, 0.83059178, 0.88156617,
       0.82471059, 0.77846882, 0.88919021, 0.93610037, 0.92722561]), array([0.93969928, 0.94277453, 0.89453494, 0.81294586, 0.89951457,
       0.82009228, 0.7801254 , 0.86314186, 0.92286448, 0.91661589]), array([0.94568182, 0.96076852, 0.8833402 , 0.82533622, 0.89579191,
       0.81670251, 0.77517213, 0.89087583, 0.92487183, 0.91869351]), array([0.95037166, 0.9535805 , 0.88798721, 0.81538484, 0.90109299,
       0.80684723, 0.77632716, 0.88655842, 0.92085722, 0.90494666]), array([0.94961754, 0.95678419, 0.89182882, 0.83700543, 0.90358392,
       0.82697784, 0.77225968, 0.89243492, 0.92882014, 0.91346187])]

estim_algorithm = ts-model, mode = classification, metric = auc, confidence_scores = doctor-conf, class_specific = True
test err: [0.08613053876747814, 0.09016481567463476, 0.08663624381620007, 0.08987350446499681, 0.08251392754254658]
estimated metric: [array([0.9749508 , 0.98423049, 0.97856972, 0.94320362, 0.97338663,
       0.95861745, 0.98015585, 0.98017843, 0.96801153, 0.97239754]), array([0.97524259, 0.98405696, 0.97900938, 0.93908711, 0.97304562,
       0.95232802, 0.97926744, 0.980504  , 0.95641446, 0.97500167]), array([0.97508639, 0.98409568, 0.97858454, 0.94287161, 0.97310075,
       0.94876879, 0.97983294, 0.98192189, 0.9672174 , 0.97211693]), array([0.97575418, 0.98432419, 0.97891304, 0.94389515, 0.9725382 ,
       0.95165635, 0.98022602, 0.98094963, 0.96207737, 0.97235479]), array([0.97511885, 0.98363028, 0.97899644, 0.9426522 , 0.97328345,
       0.94901501, 0.97978202, 0.9813838 , 0.96197658, 0.97207502])]
real metric: [array([0.94901194, 0.95065883, 0.88487234, 0.83059178, 0.88156617,
       0.82471059, 0.77846882, 0.88919021, 0.93610037, 0.92722561]), array([0.93969928, 0.94277453, 0.89453494, 0.81294586, 0.89951457,
       0.82009228, 0.7801254 , 0.86314186, 0.92286448, 0.91661589]), array([0.94568182, 0.96076852, 0.8833402 , 0.82533622, 0.89579191,
       0.81670251, 0.77517213, 0.89087583, 0.92487183, 0.91869351]), array([0.95037166, 0.9535805 , 0.88798721, 0.81538484, 0.90109299,
       0.80684723, 0.77632716, 0.88655842, 0.92085722, 0.90494666]), array([0.94961754, 0.95678419, 0.89182882, 0.83700543, 0.90358392,
       0.82697784, 0.77225968, 0.89243492, 0.92882014, 0.91346187])]

estim_algorithm = doc-model, mode = classification, metric = auc, confidence_scores = max_class_probability-conf, class_specific = False
test err: [0.04414996630971253, 0.046056075939590414, 0.04564943341984813, 0.0457064292318218, 0.04532576871273417]
estimated metric: [array([0.88217828, 0.88976484, 0.87920628, 0.87404189, 0.88496453,
       0.883826  , 0.88396238, 0.885901  , 0.8840593 , 0.88590735]), array([0.88237316, 0.89003328, 0.87970575, 0.8738599 , 0.88597072,
       0.88330855, 0.88583095, 0.88600259, 0.88506503, 0.88499157]), array([0.88261681, 0.88958829, 0.87911758, 0.87393115, 0.88514581,
       0.884931  , 0.88606378, 0.88660568, 0.88399614, 0.88417405]), array([0.88309454, 0.8901857 , 0.87946162, 0.87381866, 0.8854699 ,
       0.88425315, 0.88427451, 0.8852926 , 0.88448033, 0.88413273]), array([0.88248907, 0.89007338, 0.88022582, 0.87422168, 0.88449016,
       0.88453672, 0.88575848, 0.88647548, 0.88425558, 0.88353816])]
real metric: [array([0.94901194, 0.95065883, 0.88487234, 0.83059178, 0.88156617,
       0.82471059, 0.77846882, 0.88919021, 0.93610037, 0.92722561]), array([0.93969928, 0.94277453, 0.89453494, 0.81294586, 0.89951457,
       0.82009228, 0.7801254 , 0.86314186, 0.92286448, 0.91661589]), array([0.94568182, 0.96076852, 0.8833402 , 0.82533622, 0.89579191,
       0.81670251, 0.77517213, 0.89087583, 0.92487183, 0.91869351]), array([0.95037166, 0.9535805 , 0.88798721, 0.81538484, 0.90109299,
       0.80684723, 0.77632716, 0.88655842, 0.92085722, 0.90494666]), array([0.94961754, 0.95678419, 0.89182882, 0.83700543, 0.90358392,
       0.82697784, 0.77225968, 0.89243492, 0.92882014, 0.91346187])]

estim_algorithm = doc-model, mode = classification, metric = auc, confidence_scores = max_class_probability-conf, class_specific = True
test err: [0.08460893746458073, 0.09087786201819066, 0.08630368234326072, 0.08940447953107258, 0.08271616615573266]
estimated metric: [array([0.98224558, 0.98380698, 0.96803398, 0.95341393, 0.97140141,
       0.95171904, 0.97398855, 0.97244274, 0.96703284, 0.97440098]), array([0.98222883, 0.98397204, 0.96819213, 0.95335992, 0.97225791,
       0.95115026, 0.97587008, 0.97246226, 0.96804934, 0.97354494]), array([0.98187218, 0.98356703, 0.96810528, 0.95332862, 0.97158206,
       0.95284159, 0.97606829, 0.97301372, 0.96709357, 0.97279897]), array([0.98228972, 0.98413709, 0.96813923, 0.9534387 , 0.97178461,
       0.95208069, 0.97429159, 0.9717487 , 0.96752166, 0.97256669]), array([0.9821069 , 0.98404163, 0.96870413, 0.95380968, 0.97078135,
       0.95244382, 0.97583866, 0.97291581, 0.96725116, 0.97204289])]
real metric: [array([0.94901194, 0.95065883, 0.88487234, 0.83059178, 0.88156617,
       0.82471059, 0.77846882, 0.88919021, 0.93610037, 0.92722561]), array([0.93969928, 0.94277453, 0.89453494, 0.81294586, 0.89951457,
       0.82009228, 0.7801254 , 0.86314186, 0.92286448, 0.91661589]), array([0.94568182, 0.96076852, 0.8833402 , 0.82533622, 0.89579191,
       0.81670251, 0.77517213, 0.89087583, 0.92487183, 0.91869351]), array([0.95037166, 0.9535805 , 0.88798721, 0.81538484, 0.90109299,
       0.80684723, 0.77632716, 0.88655842, 0.92085722, 0.90494666]), array([0.94961754, 0.95678419, 0.89182882, 0.83700543, 0.90358392,
       0.82697784, 0.77225968, 0.89243492, 0.92882014, 0.91346187])]

estim_algorithm = doc-model, mode = classification, metric = auc, confidence_scores = energy-conf, class_specific = False
test err: [0.06552719123228407, 0.07051239349551372, 0.06715129761622314, 0.07126571513055688, 0.06258254659342126]
estimated metric: [array([0.93489036, 0.95907518, 0.93026163, 0.92338351, 0.95035465,
       0.95747958, 0.94700191, 0.96083764, 0.9573888 , 0.95875216]), array([0.935274  , 0.95509053, 0.93200813, 0.91870064, 0.95252623,
       0.95850964, 0.95887979, 0.95658972, 0.96169322, 0.95931057]), array([0.93872317, 0.95682547, 0.93102729, 0.92453982, 0.95269487,
       0.95661932, 0.95292581, 0.95848212, 0.95523664, 0.95986955]), array([0.93632516, 0.95864268, 0.92954253, 0.9247377 , 0.95715659,
       0.95619231, 0.95617253, 0.95865751, 0.96011517, 0.95097586]), array([0.9310768 , 0.95691052, 0.93117283, 0.92464219, 0.95582781,
       0.95890963, 0.93597186, 0.95710324, 0.95142664, 0.95847683])]
real metric: [array([0.94901194, 0.95065883, 0.88487234, 0.83059178, 0.88156617,
       0.82471059, 0.77846882, 0.88919021, 0.93610037, 0.92722561]), array([0.93969928, 0.94277453, 0.89453494, 0.81294586, 0.89951457,
       0.82009228, 0.7801254 , 0.86314186, 0.92286448, 0.91661589]), array([0.94568182, 0.96076852, 0.8833402 , 0.82533622, 0.89579191,
       0.81670251, 0.77517213, 0.89087583, 0.92487183, 0.91869351]), array([0.95037166, 0.9535805 , 0.88798721, 0.81538484, 0.90109299,
       0.80684723, 0.77632716, 0.88655842, 0.92085722, 0.90494666]), array([0.94961754, 0.95678419, 0.89182882, 0.83700543, 0.90358392,
       0.82697784, 0.77225968, 0.89243492, 0.92882014, 0.91346187])]

estim_algorithm = doc-model, mode = classification, metric = auc, confidence_scores = energy-conf, class_specific = True
test err: [0.0664476846166379, 0.07212661035152845, 0.06576125993067708, 0.07521522349934283, 0.06271500932157259]
estimated metric: [array([0.94895128, 0.97129292, 0.92777625, 0.93203385, 0.96200107,
       0.9594451 , 0.92007883, 0.96442867, 0.96024667, 0.97049756]), array([0.94857722, 0.97134347, 0.93339924, 0.92782356, 0.96344983,
       0.95565576, 0.96585335, 0.91738547, 0.95963755, 0.97044975]), array([0.95043459, 0.97098272, 0.92683461, 0.92594953, 0.96248692,
       0.95878228, 0.93880737, 0.92915774, 0.96130333, 0.97010798]), array([0.95013928, 0.9712993 , 0.92631056, 0.92691788, 0.96260663,
       0.95770114, 0.96253734, 0.96465659, 0.96307102, 0.97040163]), array([0.95073153, 0.97136688, 0.92896989, 0.92839781, 0.9637544 ,
       0.95796817, 0.90903855, 0.95687246, 0.96242891, 0.97039586])]
real metric: [array([0.94901194, 0.95065883, 0.88487234, 0.83059178, 0.88156617,
       0.82471059, 0.77846882, 0.88919021, 0.93610037, 0.92722561]), array([0.93969928, 0.94277453, 0.89453494, 0.81294586, 0.89951457,
       0.82009228, 0.7801254 , 0.86314186, 0.92286448, 0.91661589]), array([0.94568182, 0.96076852, 0.8833402 , 0.82533622, 0.89579191,
       0.81670251, 0.77517213, 0.89087583, 0.92487183, 0.91869351]), array([0.95037166, 0.9535805 , 0.88798721, 0.81538484, 0.90109299,
       0.80684723, 0.77632716, 0.88655842, 0.92085722, 0.90494666]), array([0.94961754, 0.95678419, 0.89182882, 0.83700543, 0.90358392,
       0.82697784, 0.77225968, 0.89243492, 0.92882014, 0.91346187])]

estim_algorithm = doc-model, mode = classification, metric = auc, confidence_scores = entropy-conf, class_specific = False
test err: [0.04339814593614866, 0.04473328729734387, 0.04328068741694023, 0.044342836946785834, 0.042635865193777475]
estimated metric: [array([0.88637602, 0.89643194, 0.88260163, 0.87568538, 0.89067008,
       0.88935501, 0.88989491, 0.89163442, 0.89004625, 0.89114401]), array([0.88688753, 0.89683834, 0.88332107, 0.87578055, 0.89205112,
       0.8890282 , 0.89197721, 0.89168806, 0.89070421, 0.89103718]), array([0.88690026, 0.89620141, 0.8823817 , 0.87566033, 0.89068609,
       0.89043947, 0.89179881, 0.89208692, 0.89165745, 0.89041284]), array([0.88751561, 0.89648382, 0.88283437, 0.87510473, 0.89074728,
       0.88995968, 0.89067499, 0.89213584, 0.89119743, 0.88938694]), array([0.88716145, 0.89668539, 0.88349701, 0.8754348 , 0.89170279,
       0.89084941, 0.89131344, 0.89233624, 0.89072231, 0.88942228])]
real metric: [array([0.94901194, 0.95065883, 0.88487234, 0.83059178, 0.88156617,
       0.82471059, 0.77846882, 0.88919021, 0.93610037, 0.92722561]), array([0.93969928, 0.94277453, 0.89453494, 0.81294586, 0.89951457,
       0.82009228, 0.7801254 , 0.86314186, 0.92286448, 0.91661589]), array([0.94568182, 0.96076852, 0.8833402 , 0.82533622, 0.89579191,
       0.81670251, 0.77517213, 0.89087583, 0.92487183, 0.91869351]), array([0.95037166, 0.9535805 , 0.88798721, 0.81538484, 0.90109299,
       0.80684723, 0.77632716, 0.88655842, 0.92085722, 0.90494666]), array([0.94961754, 0.95678419, 0.89182882, 0.83700543, 0.90358392,
       0.82697784, 0.77225968, 0.89243492, 0.92882014, 0.91346187])]

estim_algorithm = doc-model, mode = classification, metric = auc, confidence_scores = entropy-conf, class_specific = True
test err: [0.08257432847089935, 0.08910428073735424, 0.08451437732934304, 0.08763273092753023, 0.08093410705259052]
estimated metric: [array([0.98002365, 0.98373784, 0.96461207, 0.94877159, 0.97019206,
       0.94987219, 0.97271167, 0.97064659, 0.9646767 , 0.97289558]), array([0.98009485, 0.98414835, 0.96514991, 0.94899806, 0.97156938,
       0.94958476, 0.97480271, 0.97071683, 0.96536113, 0.97292592]), array([0.98012601, 0.98407211, 0.96445595, 0.94864895, 0.97010487,
       0.9509185 , 0.97451097, 0.97090152, 0.96637457, 0.97226478]), array([0.9805878 , 0.98451254, 0.96460436, 0.94832286, 0.97021066,
       0.95045214, 0.97346495, 0.97113397, 0.9658782 , 0.97111373]), array([0.98000064, 0.98444532, 0.9649768 , 0.94866852, 0.97108111,
       0.95131012, 0.97405128, 0.97114527, 0.96529027, 0.9711461 ])]
real metric: [array([0.94901194, 0.95065883, 0.88487234, 0.83059178, 0.88156617,
       0.82471059, 0.77846882, 0.88919021, 0.93610037, 0.92722561]), array([0.93969928, 0.94277453, 0.89453494, 0.81294586, 0.89951457,
       0.82009228, 0.7801254 , 0.86314186, 0.92286448, 0.91661589]), array([0.94568182, 0.96076852, 0.8833402 , 0.82533622, 0.89579191,
       0.81670251, 0.77517213, 0.89087583, 0.92487183, 0.91869351]), array([0.95037166, 0.9535805 , 0.88798721, 0.81538484, 0.90109299,
       0.80684723, 0.77632716, 0.88655842, 0.92085722, 0.90494666]), array([0.94961754, 0.95678419, 0.89182882, 0.83700543, 0.90358392,
       0.82697784, 0.77225968, 0.89243492, 0.92882014, 0.91346187])]

estim_algorithm = doc-model, mode = classification, metric = auc, confidence_scores = doctor-conf, class_specific = False
test err: [0.05106264002998948, 0.049863763734155186, 0.052549251096856084, 0.053334158180178136, 0.05232476696558307]
estimated metric: [array([0.86311891, 0.87128378, 0.85903519, 0.85579893, 0.86644333,
       0.86678909, 0.86741752, 0.86786968, 0.86805097, 0.86843156]), array([0.86325667, 0.87146333, 0.86000415, 0.85536913, 0.86816323,
       0.86654585, 0.86818913, 0.86868849, 0.86904378, 0.8679221 ]), array([0.86356096, 0.87144676, 0.85955643, 0.85425222, 0.86715059,
       0.86688039, 0.8681501 , 0.87027039, 0.86710206, 0.86751578]), array([0.86144734, 0.87142135, 0.85921409, 0.85530217, 0.86751948,
       0.86733157, 0.86827865, 0.86901659, 0.86718301, 0.86860436]), array([0.8630094 , 0.87118691, 0.85984038, 0.85534881, 0.86716684,
       0.86625094, 0.86815324, 0.86934678, 0.86793365, 0.86830983])]
real metric: [array([0.94901194, 0.95065883, 0.88487234, 0.83059178, 0.88156617,
       0.82471059, 0.77846882, 0.88919021, 0.93610037, 0.92722561]), array([0.93969928, 0.94277453, 0.89453494, 0.81294586, 0.89951457,
       0.82009228, 0.7801254 , 0.86314186, 0.92286448, 0.91661589]), array([0.94568182, 0.96076852, 0.8833402 , 0.82533622, 0.89579191,
       0.81670251, 0.77517213, 0.89087583, 0.92487183, 0.91869351]), array([0.95037166, 0.9535805 , 0.88798721, 0.81538484, 0.90109299,
       0.80684723, 0.77632716, 0.88655842, 0.92085722, 0.90494666]), array([0.94961754, 0.95678419, 0.89182882, 0.83700543, 0.90358392,
       0.82697784, 0.77225968, 0.89243492, 0.92882014, 0.91346187])]

estim_algorithm = doc-model, mode = classification, metric = auc, confidence_scores = doctor-conf, class_specific = True
test err: [0.08962839310142925, 0.09590612896618418, 0.0911775126714224, 0.09470523384183235, 0.08768387738898431]
estimated metric: [array([0.98687219, 0.98970649, 0.97292066, 0.96055748, 0.97676101,
       0.95677559, 0.9799718 , 0.97549397, 0.9712774 , 0.97834402]), array([0.98716355, 0.98977008, 0.97352962, 0.9604122 , 0.97802127,
       0.95630296, 0.98022822, 0.97614145, 0.9721128 , 0.97768822]), array([0.98728417, 0.989592  , 0.97321917, 0.9600828 , 0.97736993,
       0.95655615, 0.97993062, 0.97741883, 0.97018282, 0.97737313]), array([0.98699381, 0.9896812 , 0.97331361, 0.9603925 , 0.97763015,
       0.95703494, 0.98077754, 0.97635394, 0.97049214, 0.9783364 ]), array([0.98662619, 0.98931189, 0.97366383, 0.96055671, 0.97736253,
       0.95596012, 0.98044767, 0.97670261, 0.9709004 , 0.97808121])]
real metric: [array([0.94901194, 0.95065883, 0.88487234, 0.83059178, 0.88156617,
       0.82471059, 0.77846882, 0.88919021, 0.93610037, 0.92722561]), array([0.93969928, 0.94277453, 0.89453494, 0.81294586, 0.89951457,
       0.82009228, 0.7801254 , 0.86314186, 0.92286448, 0.91661589]), array([0.94568182, 0.96076852, 0.8833402 , 0.82533622, 0.89579191,
       0.81670251, 0.77517213, 0.89087583, 0.92487183, 0.91869351]), array([0.95037166, 0.9535805 , 0.88798721, 0.81538484, 0.90109299,
       0.80684723, 0.77632716, 0.88655842, 0.92085722, 0.90494666]), array([0.94961754, 0.95678419, 0.89182882, 0.83700543, 0.90358392,
       0.82697784, 0.77225968, 0.89243492, 0.92882014, 0.91346187])]

