estim_algorithm = moval-ensemble-cls-f1score, mode = classification, metric = f1score
test err: [0.18301007432470248, 0.1816816460220046, 0.16783323726869642, 0.17942893210583516, 0.1700418648090432]
estimated metric: [array([0.62800659, 0.76806084, 0.68973419, 0.71308631, 0.86243217,
       0.85440932, 0.67623319, 0.67266188, 0.68247424, 0.70530211]), array([0.6477655 , 0.77541955, 0.70238095, 0.71393414, 0.88455772,
       0.86604614, 0.67095589, 0.64773737, 0.7242525 , 0.69534051]), array([0.6560488 , 0.77760968, 0.69033531, 0.70160727, 0.85758803,
       0.85701944, 0.65842056, 0.64074388, 0.68000001, 0.70786518]), array([0.63204047, 0.75615104, 0.70553539, 0.70901068, 0.8857645 ,
       0.85100789, 0.66913125, 0.70991254, 0.69925612, 0.68502995]), array([0.63577906, 0.7813907 , 0.69136317, 0.71056338, 0.87172599,
       0.8502994 , 0.65875913, 0.6489445 , 0.67665954, 0.64444446])]
real metric: [array([0.6084425 , 0.81201044, 0.60993789, 0.47085714, 0.59937402,
       0.57093723, 0.48746239, 0.51731602, 0.43524416, 0.39861751]), array([0.62270372, 0.81217617, 0.63985807, 0.46282306, 0.63013699,
       0.58782609, 0.47958115, 0.50758342, 0.41801386, 0.42438453]), array([0.60869565, 0.81373844, 0.63727219, 0.45571596, 0.62874251,
       0.51423641, 0.48053393, 0.54736842, 0.45283019, 0.4820296 ]), array([0.61393969, 0.80555556, 0.63647643, 0.46495327, 0.63531114,
       0.53472222, 0.50825083, 0.55435847, 0.45063879, 0.40315315]), array([0.62547893, 0.81621975, 0.62971429, 0.45718837, 0.58395368,
       0.54377104, 0.46442688, 0.54233871, 0.44191344, 0.4341637 ])]

