estim_algorithm = ac-model, mode = classification, metric = precision, confidence_scores = max_class_probability-conf, class_specific = False
test err: [0.2675047568176473, 0.27855696419426423, 0.2965159864755728, 0.28152485656485526, 0.281545503455471]
estimated metric: [array([0.81480296, 0.87576574, 0.88851449, 0.77862424, 0.90309744,
       0.68636903, 0.96783161, 0.677245  , 0.72547957, 0.7190725 ]), array([0.82040155, 0.87800859, 0.88147373, 0.78907755, 0.90186708,
       0.66181677, 0.96844932, 0.63105677, 0.71759057, 0.72409073]), array([0.81900404, 0.87479158, 0.8782469 , 0.79202925, 0.8998237 ,
       0.65923518, 0.96559929, 0.6259146 , 0.73222467, 0.71160122]), array([0.8092025 , 0.87444476, 0.88449388, 0.78577717, 0.90608881,
       0.64064869, 0.96854408, 0.63334178, 0.75637151, 0.71885763]), array([0.8189821 , 0.8806008 , 0.88459432, 0.79973717, 0.9067033 ,
       0.62136826, 0.96661296, 0.64958994, 0.72450645, 0.73386049])]
real metric: [array([0.73565574, 0.77972973, 0.51013111, 0.54878049, 0.42573222,
       0.828     , 0.25030328, 0.9382716 , 0.83387622, 0.9047619 ]), array([0.71372549, 0.74802111, 0.49811321, 0.55479452, 0.44947368,
       0.78787879, 0.27402701, 0.95477387, 0.85858586, 0.91776316]), array([0.67938931, 0.75328084, 0.4483188 , 0.53478261, 0.43555094,
       0.82478632, 0.26480263, 0.96534653, 0.83841463, 0.95221843]), array([0.69639066, 0.74348422, 0.46790123, 0.56161137, 0.42755102,
       0.81339713, 0.26735016, 0.95918367, 0.82072829, 0.90689655]), array([0.72332016, 0.76061776, 0.49022005, 0.54643629, 0.43273092,
       0.80310881, 0.25516956, 0.94285714, 0.83606557, 0.91401274])]

estim_algorithm = ac-model, mode = classification, metric = precision, confidence_scores = energy-conf, class_specific = False
test err: [0.5188348705187874, 0.5184982315332025, 0.5106448440571036, 0.5140380254200094, 0.5126000943061362]
estimated metric: [array([0.29002322, 0.31602467, 0.23944495, 0.12319508, 0.28611509,
       0.10227667, 0.59236853, 0.10324834, 0.09253985, 0.1057877 ]), array([0.29722686, 0.3216223 , 0.22386547, 0.13477711, 0.27808829,
       0.09348605, 0.60289845, 0.08170425, 0.08918728, 0.10706119]), array([0.30419435, 0.32209062, 0.21653121, 0.13884505, 0.28184624,
       0.08910573, 0.59087187, 0.08660683, 0.10278672, 0.10970248]), array([0.29208004, 0.30449237, 0.22068153, 0.125183  , 0.28733564,
       0.07815214, 0.60727574, 0.0852713 , 0.10358098, 0.09991249]), array([0.28887606, 0.3220989 , 0.2218702 , 0.14088342, 0.29055123,
       0.07673718, 0.58977802, 0.09703204, 0.09756586, 0.12236207])]
real metric: [array([0.73565574, 0.77972973, 0.51013111, 0.54878049, 0.42573222,
       0.828     , 0.25030328, 0.9382716 , 0.83387622, 0.9047619 ]), array([0.71372549, 0.74802111, 0.49811321, 0.55479452, 0.44947368,
       0.78787879, 0.27402701, 0.95477387, 0.85858586, 0.91776316]), array([0.67938931, 0.75328084, 0.4483188 , 0.53478261, 0.43555094,
       0.82478632, 0.26480263, 0.96534653, 0.83841463, 0.95221843]), array([0.69639066, 0.74348422, 0.46790123, 0.56161137, 0.42755102,
       0.81339713, 0.26735016, 0.95918367, 0.82072829, 0.90689655]), array([0.72332016, 0.76061776, 0.49022005, 0.54643629, 0.43273092,
       0.80310881, 0.25516956, 0.94285714, 0.83606557, 0.91401274])]

estim_algorithm = ac-model, mode = classification, metric = precision, confidence_scores = entropy-conf, class_specific = False
test err: [0.27077573521356235, 0.28217414164446275, 0.3000134658968701, 0.28485724583320554, 0.2849106163701429]
estimated metric: [array([0.78424974, 0.85540008, 0.86774072, 0.7433818 , 0.88496877,
       0.64536379, 0.96199686, 0.6362815 , 0.68451358, 0.67839892]), array([0.78932517, 0.85737509, 0.85882968, 0.75392039, 0.88287958,
       0.61984296, 0.96254847, 0.58567441, 0.67519801, 0.68326825]), array([0.78913839, 0.85467854, 0.85574598, 0.7589306 , 0.88142715,
       0.61669618, 0.95948326, 0.58206724, 0.69306205, 0.67208458]), array([0.77622637, 0.85265678, 0.86131818, 0.74877952, 0.88742828,
       0.59510729, 0.96264277, 0.58803334, 0.71623769, 0.6770181 ]), array([0.78882645, 0.86113148, 0.86312492, 0.76726647, 0.88950704,
       0.57830347, 0.96055166, 0.60823615, 0.68595171, 0.69636005])]
real metric: [array([0.73565574, 0.77972973, 0.51013111, 0.54878049, 0.42573222,
       0.828     , 0.25030328, 0.9382716 , 0.83387622, 0.9047619 ]), array([0.71372549, 0.74802111, 0.49811321, 0.55479452, 0.44947368,
       0.78787879, 0.27402701, 0.95477387, 0.85858586, 0.91776316]), array([0.67938931, 0.75328084, 0.4483188 , 0.53478261, 0.43555094,
       0.82478632, 0.26480263, 0.96534653, 0.83841463, 0.95221843]), array([0.69639066, 0.74348422, 0.46790123, 0.56161137, 0.42755102,
       0.81339713, 0.26735016, 0.95918367, 0.82072829, 0.90689655]), array([0.72332016, 0.76061776, 0.49022005, 0.54643629, 0.43273092,
       0.80310881, 0.25516956, 0.94285714, 0.83606557, 0.91401274])]

estim_algorithm = ac-model, mode = classification, metric = precision, confidence_scores = doctor-conf, class_specific = False
test err: [0.2592907516807563, 0.26884692279681877, 0.2873565124290699, 0.27374086477291143, 0.2717080520582436]
estimated metric: [array([0.87441238, 0.91407719, 0.92580566, 0.84704188, 0.93533686,
       0.77148271, 0.97841949, 0.7642448 , 0.80362971, 0.79740591]), array([0.87562326, 0.91483561, 0.91984575, 0.85323084, 0.93376552,
       0.75022153, 0.97861052, 0.72265923, 0.79581408, 0.79959411]), array([0.87559582, 0.91231821, 0.91819941, 0.85582738, 0.93215207,
       0.74712475, 0.97662458, 0.71858376, 0.80689414, 0.78919049]), array([0.8686767 , 0.91302722, 0.92328538, 0.85117581, 0.93707342,
       0.73419316, 0.97873918, 0.72555594, 0.82717169, 0.79645204]), array([0.87560785, 0.91713565, 0.92310314, 0.86208926, 0.93734786,
       0.71645446, 0.97752059, 0.7377354 , 0.80166896, 0.80741456])]
real metric: [array([0.73565574, 0.77972973, 0.51013111, 0.54878049, 0.42573222,
       0.828     , 0.25030328, 0.9382716 , 0.83387622, 0.9047619 ]), array([0.71372549, 0.74802111, 0.49811321, 0.55479452, 0.44947368,
       0.78787879, 0.27402701, 0.95477387, 0.85858586, 0.91776316]), array([0.67938931, 0.75328084, 0.4483188 , 0.53478261, 0.43555094,
       0.82478632, 0.26480263, 0.96534653, 0.83841463, 0.95221843]), array([0.69639066, 0.74348422, 0.46790123, 0.56161137, 0.42755102,
       0.81339713, 0.26735016, 0.95918367, 0.82072829, 0.90689655]), array([0.72332016, 0.76061776, 0.49022005, 0.54643629, 0.43273092,
       0.80310881, 0.25516956, 0.94285714, 0.83606557, 0.91401274])]

estim_algorithm = ts-model, mode = classification, metric = precision, confidence_scores = max_class_probability-conf, class_specific = False
test err: [0.3423138773573264, 0.3371535387764973, 0.3420149463835637, 0.3452948886625662, 0.3385897910811497]
estimated metric: [array([0.53158984, 0.68081424, 0.66838593, 0.46717068, 0.70748282,
       0.37303534, 0.89695413, 0.36885293, 0.40401328, 0.40711688]), array([0.54366812, 0.68842696, 0.65349261, 0.48555425, 0.70423114,
       0.35183691, 0.89951293, 0.32037779, 0.39463545, 0.41513071]), array([0.54399081, 0.68554358, 0.64575287, 0.49464304, 0.70472438,
       0.34676655, 0.89299912, 0.32166923, 0.4210729 , 0.40918711]), array([0.5185103 , 0.67407319, 0.65083806, 0.47324034, 0.71183257,
       0.31931568, 0.89959735, 0.32227221, 0.43812586, 0.40267102]), array([0.5381794 , 0.69017071, 0.65427886, 0.49966151, 0.71789336,
       0.30780853, 0.89384829, 0.34681862, 0.41087766, 0.43490409])]
real metric: [array([0.73565574, 0.77972973, 0.51013111, 0.54878049, 0.42573222,
       0.828     , 0.25030328, 0.9382716 , 0.83387622, 0.9047619 ]), array([0.71372549, 0.74802111, 0.49811321, 0.55479452, 0.44947368,
       0.78787879, 0.27402701, 0.95477387, 0.85858586, 0.91776316]), array([0.67938931, 0.75328084, 0.4483188 , 0.53478261, 0.43555094,
       0.82478632, 0.26480263, 0.96534653, 0.83841463, 0.95221843]), array([0.69639066, 0.74348422, 0.46790123, 0.56161137, 0.42755102,
       0.81339713, 0.26735016, 0.95918367, 0.82072829, 0.90689655]), array([0.72332016, 0.76061776, 0.49022005, 0.54643629, 0.43273092,
       0.80310881, 0.25516956, 0.94285714, 0.83606557, 0.91401274])]

estim_algorithm = ts-model, mode = classification, metric = precision, confidence_scores = max_class_probability-conf, class_specific = True
test err: [0.3094426835469745, 0.3137643658716621, 0.3210226932271054, 0.31775288770757565, 0.3207316301132223]
estimated metric: [array([0.19412598, 0.80532222, 0.83641373, 0.40608564, 0.86445214,
       0.62515188, 0.94284859, 0.61847354, 0.67191531, 0.66230713]), array([0.20375209, 0.8035432 , 0.82363717, 0.42105012, 0.86042234,
       0.59983015, 0.94232691, 0.56356532, 0.65837745, 0.66359751]), array([0.19811432, 0.79664493, 0.8170065 , 0.4231557 , 0.85739084,
       0.59389537, 0.93826851, 0.55799748, 0.67211904, 0.64678656]), array([0.18702244, 0.79839846, 0.82882897, 0.41538253, 0.86706524,
       0.58176834, 0.94406726, 0.56606576, 0.70379565, 0.65871736]), array([0.18389922, 0.79928414, 0.82004334, 0.42400948, 0.86128321,
       0.54610154, 0.93778583, 0.56693302, 0.65533036, 0.66186901])]
real metric: [array([0.73565574, 0.77972973, 0.51013111, 0.54878049, 0.42573222,
       0.828     , 0.25030328, 0.9382716 , 0.83387622, 0.9047619 ]), array([0.71372549, 0.74802111, 0.49811321, 0.55479452, 0.44947368,
       0.78787879, 0.27402701, 0.95477387, 0.85858586, 0.91776316]), array([0.67938931, 0.75328084, 0.4483188 , 0.53478261, 0.43555094,
       0.82478632, 0.26480263, 0.96534653, 0.83841463, 0.95221843]), array([0.69639066, 0.74348422, 0.46790123, 0.56161137, 0.42755102,
       0.81339713, 0.26735016, 0.95918367, 0.82072829, 0.90689655]), array([0.72332016, 0.76061776, 0.49022005, 0.54643629, 0.43273092,
       0.80310881, 0.25516956, 0.94285714, 0.83606557, 0.91401274])]

estim_algorithm = ts-model, mode = classification, metric = precision, confidence_scores = energy-conf, class_specific = False
test err: [0.3053469301772444, 0.30359905979242635, 0.3138501501150401, 0.30728153509987427, 0.31184132165794104]
estimated metric: [array([0.62508977, 0.73182731, 0.7542782 , 0.58385894, 0.78194874,
       0.46015965, 0.92534446, 0.45386653, 0.50678026, 0.49958562]), array([0.63601224, 0.73677522, 0.74245345, 0.60131469, 0.78009836,
       0.43942105, 0.92711738, 0.40151338, 0.4980725 , 0.50753874]), array([0.64308083, 0.73837638, 0.74457438, 0.61377079, 0.78281614,
       0.44170015, 0.92352403, 0.40819433, 0.52538682, 0.49942644]), array([0.61539705, 0.72765491, 0.7459518 , 0.59057458, 0.78596931,
       0.41175056, 0.92766275, 0.39864571, 0.54554145, 0.49402015]), array([0.6342229 , 0.74187777, 0.74841096, 0.61499336, 0.78951285,
       0.39407508, 0.92283763, 0.41872832, 0.50565557, 0.51820731])]
real metric: [array([0.73565574, 0.77972973, 0.51013111, 0.54878049, 0.42573222,
       0.828     , 0.25030328, 0.9382716 , 0.83387622, 0.9047619 ]), array([0.71372549, 0.74802111, 0.49811321, 0.55479452, 0.44947368,
       0.78787879, 0.27402701, 0.95477387, 0.85858586, 0.91776316]), array([0.67938931, 0.75328084, 0.4483188 , 0.53478261, 0.43555094,
       0.82478632, 0.26480263, 0.96534653, 0.83841463, 0.95221843]), array([0.69639066, 0.74348422, 0.46790123, 0.56161137, 0.42755102,
       0.81339713, 0.26735016, 0.95918367, 0.82072829, 0.90689655]), array([0.72332016, 0.76061776, 0.49022005, 0.54643629, 0.43273092,
       0.80310881, 0.25516956, 0.94285714, 0.83606557, 0.91401274])]

estim_algorithm = ts-model, mode = classification, metric = precision, confidence_scores = energy-conf, class_specific = True
test err: [0.25014238743809003, 0.2585870086136628, 0.27640602905247186, 0.26913015090775855, 0.2605666853799776]
estimated metric: [array([0.88684239, 0.92857502, 0.93646755, 0.86037328, 0.94380603,
       0.81454453, 0.97750127, 0.81021608, 0.84359201, 0.83779781]), array([0.88522644, 0.92683534, 0.93000213, 0.86360028, 0.94074611,
       0.79426001, 0.976788  , 0.76882437, 0.83231337, 0.83553956]), array([0.88261167, 0.92468405, 0.92825367, 0.86583551, 0.93939326,
       0.79036629, 0.97511482, 0.76496242, 0.84088493, 0.82520042]), array([0.88002862, 0.92829551, 0.93499988, 0.86779616, 0.94566273,
       0.78775692, 0.97827796, 0.77682133, 0.86375787, 0.83739936]), array([0.87826174, 0.92732316, 0.9307135 , 0.87050094, 0.94238258,
       0.76015496, 0.97543438, 0.77520639, 0.8335711 , 0.83756651])]
real metric: [array([0.73565574, 0.77972973, 0.51013111, 0.54878049, 0.42573222,
       0.828     , 0.25030328, 0.9382716 , 0.83387622, 0.9047619 ]), array([0.71372549, 0.74802111, 0.49811321, 0.55479452, 0.44947368,
       0.78787879, 0.27402701, 0.95477387, 0.85858586, 0.91776316]), array([0.67938931, 0.75328084, 0.4483188 , 0.53478261, 0.43555094,
       0.82478632, 0.26480263, 0.96534653, 0.83841463, 0.95221843]), array([0.69639066, 0.74348422, 0.46790123, 0.56161137, 0.42755102,
       0.81339713, 0.26735016, 0.95918367, 0.82072829, 0.90689655]), array([0.72332016, 0.76061776, 0.49022005, 0.54643629, 0.43273092,
       0.80310881, 0.25516956, 0.94285714, 0.83606557, 0.91401274])]

estim_algorithm = ts-model, mode = classification, metric = precision, confidence_scores = entropy-conf, class_specific = False
test err: [0.3477832458068419, 0.341967263467485, 0.3468331947348576, 0.3510778342319565, 0.3433941315295209]
estimated metric: [array([0.51939329, 0.6720238 , 0.65830481, 0.45602765, 0.69855656,
       0.36506274, 0.89262992, 0.36158045, 0.38814228, 0.39233771]), array([0.53010488, 0.67995837, 0.64241212, 0.47527673, 0.69448671,
       0.34724525, 0.89525422, 0.31263731, 0.38045096, 0.40073581]), array([0.53254214, 0.67732283, 0.63374532, 0.48496509, 0.69525952,
       0.33894225, 0.8886193 , 0.31370085, 0.4056598 , 0.39570555]), array([0.5034619 , 0.66462332, 0.63922295, 0.45987181, 0.70241008,
       0.31221115, 0.89515602, 0.31632893, 0.42093839, 0.38746469]), array([0.52315421, 0.68108223, 0.64288348, 0.49051869, 0.7081849 ,
       0.30031415, 0.8893051 , 0.34093866, 0.3970249 , 0.42169727])]
real metric: [array([0.73565574, 0.77972973, 0.51013111, 0.54878049, 0.42573222,
       0.828     , 0.25030328, 0.9382716 , 0.83387622, 0.9047619 ]), array([0.71372549, 0.74802111, 0.49811321, 0.55479452, 0.44947368,
       0.78787879, 0.27402701, 0.95477387, 0.85858586, 0.91776316]), array([0.67938931, 0.75328084, 0.4483188 , 0.53478261, 0.43555094,
       0.82478632, 0.26480263, 0.96534653, 0.83841463, 0.95221843]), array([0.69639066, 0.74348422, 0.46790123, 0.56161137, 0.42755102,
       0.81339713, 0.26735016, 0.95918367, 0.82072829, 0.90689655]), array([0.72332016, 0.76061776, 0.49022005, 0.54643629, 0.43273092,
       0.80310881, 0.25516956, 0.94285714, 0.83606557, 0.91401274])]

estim_algorithm = ts-model, mode = classification, metric = precision, confidence_scores = entropy-conf, class_specific = True
test err: [0.30621977215252366, 0.31083557668797807, 0.31932309134137626, 0.3130857125813152, 0.31593038328669965]
estimated metric: [array([0.29635536, 0.78101601, 0.83125149, 0.35054745, 0.85741147,
       0.61127098, 0.93959541, 0.6045018 , 0.65882102, 0.64902967]), array([0.29639865, 0.77984048, 0.81816244, 0.37516887, 0.85290704,
       0.58505056, 0.93890843, 0.54845463, 0.64447856, 0.64979804]), array([0.28846548, 0.77742852, 0.81267143, 0.36963096, 0.85025314,
       0.58002951, 0.93487124, 0.54384736, 0.65939224, 0.6336125 ]), array([0.29764431, 0.76773538, 0.82430808, 0.35949231, 0.86033878,
       0.56780184, 0.94097177, 0.5519787 , 0.69174495, 0.64575581]), array([0.28773898, 0.76936756, 0.81558419, 0.37819074, 0.85422147,
       0.53171857, 0.93432162, 0.55266944, 0.64214045, 0.64879522])]
real metric: [array([0.73565574, 0.77972973, 0.51013111, 0.54878049, 0.42573222,
       0.828     , 0.25030328, 0.9382716 , 0.83387622, 0.9047619 ]), array([0.71372549, 0.74802111, 0.49811321, 0.55479452, 0.44947368,
       0.78787879, 0.27402701, 0.95477387, 0.85858586, 0.91776316]), array([0.67938931, 0.75328084, 0.4483188 , 0.53478261, 0.43555094,
       0.82478632, 0.26480263, 0.96534653, 0.83841463, 0.95221843]), array([0.69639066, 0.74348422, 0.46790123, 0.56161137, 0.42755102,
       0.81339713, 0.26735016, 0.95918367, 0.82072829, 0.90689655]), array([0.72332016, 0.76061776, 0.49022005, 0.54643629, 0.43273092,
       0.80310881, 0.25516956, 0.94285714, 0.83606557, 0.91401274])]

estim_algorithm = ts-model, mode = classification, metric = precision, confidence_scores = doctor-conf, class_specific = False
test err: [0.3436974532450165, 0.33789048557926493, 0.34295619077921247, 0.34562844362351025, 0.33846366090455626]
estimated metric: [array([0.62779444, 0.66706907, 0.63021703, 0.42431179, 0.67435529,
       0.34669768, 0.88237521, 0.34450442, 0.3544259 , 0.36807878]), array([0.63724011, 0.67492406, 0.61118347, 0.44088791, 0.66956432,
       0.3278943 , 0.88446288, 0.29618922, 0.35078899, 0.37231012]), array([0.64516178, 0.67124664, 0.59797084, 0.45101219, 0.669805  ,
       0.31774245, 0.87658275, 0.29094393, 0.37004795, 0.36818804]), array([0.62459007, 0.65721925, 0.60368233, 0.42423098, 0.67960416,
       0.29472031, 0.88494388, 0.30287186, 0.38617068, 0.36103227]), array([0.62308185, 0.67760276, 0.61052869, 0.46026314, 0.68435734,
       0.28152027, 0.878717  , 0.32788006, 0.36859927, 0.39831701])]
real metric: [array([0.73565574, 0.77972973, 0.51013111, 0.54878049, 0.42573222,
       0.828     , 0.25030328, 0.9382716 , 0.83387622, 0.9047619 ]), array([0.71372549, 0.74802111, 0.49811321, 0.55479452, 0.44947368,
       0.78787879, 0.27402701, 0.95477387, 0.85858586, 0.91776316]), array([0.67938931, 0.75328084, 0.4483188 , 0.53478261, 0.43555094,
       0.82478632, 0.26480263, 0.96534653, 0.83841463, 0.95221843]), array([0.69639066, 0.74348422, 0.46790123, 0.56161137, 0.42755102,
       0.81339713, 0.26735016, 0.95918367, 0.82072829, 0.90689655]), array([0.72332016, 0.76061776, 0.49022005, 0.54643629, 0.43273092,
       0.80310881, 0.25516956, 0.94285714, 0.83606557, 0.91401274])]

estim_algorithm = ts-model, mode = classification, metric = precision, confidence_scores = doctor-conf, class_specific = True
test err: [0.29139144112866733, 0.295823562949091, 0.30930489116836724, 0.30228668703246864, 0.30512164509002104]
estimated metric: [array([0.82957532, 0.72517019, 0.83179027, 0.25625908, 0.8492737 ,
       0.59570936, 0.93579681, 0.58885146, 0.64405449, 0.63407474]), array([0.8291865 , 0.71318076, 0.81807945, 0.28464676, 0.84310428,
       0.56647045, 0.93439625, 0.52955353, 0.6268623 , 0.63229497]), array([0.82039067, 0.71929446, 0.81658797, 0.28126307, 0.84211628,
       0.56472623, 0.93095897, 0.52829784, 0.64521196, 0.61897912]), array([0.83850575, 0.70463064, 0.82789614, 0.27225352, 0.8533734 ,
       0.55381315, 0.93773681, 0.53789468, 0.67950351, 0.63265789]), array([0.83953083, 0.69879898, 0.81892499, 0.27108192, 0.84631233,
       0.51622154, 0.93040421, 0.53726235, 0.6277393 , 0.63450944])]
real metric: [array([0.73565574, 0.77972973, 0.51013111, 0.54878049, 0.42573222,
       0.828     , 0.25030328, 0.9382716 , 0.83387622, 0.9047619 ]), array([0.71372549, 0.74802111, 0.49811321, 0.55479452, 0.44947368,
       0.78787879, 0.27402701, 0.95477387, 0.85858586, 0.91776316]), array([0.67938931, 0.75328084, 0.4483188 , 0.53478261, 0.43555094,
       0.82478632, 0.26480263, 0.96534653, 0.83841463, 0.95221843]), array([0.69639066, 0.74348422, 0.46790123, 0.56161137, 0.42755102,
       0.81339713, 0.26735016, 0.95918367, 0.82072829, 0.90689655]), array([0.72332016, 0.76061776, 0.49022005, 0.54643629, 0.43273092,
       0.80310881, 0.25516956, 0.94285714, 0.83606557, 0.91401274])]

estim_algorithm = doc-model, mode = classification, metric = precision, confidence_scores = max_class_probability-conf, class_specific = False
test err: [0.3131287105663324, 0.3100890822168053, 0.3209148035387813, 0.3144797977588297, 0.31705880553735194]
estimated metric: [array([0.60363986, 0.71710926, 0.72582988, 0.53991397, 0.75840219,
       0.43101369, 0.91677465, 0.41917218, 0.4736747 , 0.46810505]), array([0.610902  , 0.72305967, 0.71371983, 0.55522351, 0.75650173,
       0.40172484, 0.91857204, 0.37201995, 0.46529284, 0.47446682]), array([0.61308809, 0.71960064, 0.70767364, 0.56405006, 0.7559381 ,
       0.40436348, 0.91303755, 0.37069   , 0.48854828, 0.46524192]), array([0.59334077, 0.71366155, 0.71387534, 0.55106109, 0.76426038,
       0.37833849, 0.91965051, 0.37459573, 0.51262386, 0.46825625]), array([0.60921005, 0.72638344, 0.71637813, 0.57185849, 0.7677662 ,
       0.36141971, 0.91388043, 0.39373938, 0.47480151, 0.48916647])]
real metric: [array([0.73565574, 0.77972973, 0.51013111, 0.54878049, 0.42573222,
       0.828     , 0.25030328, 0.9382716 , 0.83387622, 0.9047619 ]), array([0.71372549, 0.74802111, 0.49811321, 0.55479452, 0.44947368,
       0.78787879, 0.27402701, 0.95477387, 0.85858586, 0.91776316]), array([0.67938931, 0.75328084, 0.4483188 , 0.53478261, 0.43555094,
       0.82478632, 0.26480263, 0.96534653, 0.83841463, 0.95221843]), array([0.69639066, 0.74348422, 0.46790123, 0.56161137, 0.42755102,
       0.81339713, 0.26735016, 0.95918367, 0.82072829, 0.90689655]), array([0.72332016, 0.76061776, 0.49022005, 0.54643629, 0.43273092,
       0.80310881, 0.25516956, 0.94285714, 0.83606557, 0.91401274])]

estim_algorithm = doc-model, mode = classification, metric = precision, confidence_scores = max_class_probability-conf, class_specific = True
test err: [0.29443840341383404, 0.29977328505477085, 0.3083103192006501, 0.3046266086945297, 0.3063834174605492]
estimated metric: [array([0.36546589, 0.83093429, 0.84337195, 0.40111636, 0.86706231,
       0.63040003, 0.94404678, 0.62375893, 0.6764278 , 0.66731191]), array([0.37781426, 0.83184946, 0.83096972, 0.40852241, 0.86268456,
       0.60437406, 0.94334927, 0.56822461, 0.66225319, 0.66781832]), array([0.36506361, 0.8260629 , 0.82451018, 0.40933686, 0.85921951,
       0.59751685, 0.93913365, 0.56170284, 0.67497335, 0.65021417]), array([0.3356969 , 0.82985482, 0.8371283 , 0.41917849, 0.86999038,
       0.58798833, 0.94540466, 0.57234762, 0.70836877, 0.664453  ]), array([0.36041769, 0.82640497, 0.82837756, 0.4104844 , 0.8638578 ,
       0.55147973, 0.93904165, 0.57225771, 0.65955806, 0.66671262])]
real metric: [array([0.73565574, 0.77972973, 0.51013111, 0.54878049, 0.42573222,
       0.828     , 0.25030328, 0.9382716 , 0.83387622, 0.9047619 ]), array([0.71372549, 0.74802111, 0.49811321, 0.55479452, 0.44947368,
       0.78787879, 0.27402701, 0.95477387, 0.85858586, 0.91776316]), array([0.67938931, 0.75328084, 0.4483188 , 0.53478261, 0.43555094,
       0.82478632, 0.26480263, 0.96534653, 0.83841463, 0.95221843]), array([0.69639066, 0.74348422, 0.46790123, 0.56161137, 0.42755102,
       0.81339713, 0.26735016, 0.95918367, 0.82072829, 0.90689655]), array([0.72332016, 0.76061776, 0.49022005, 0.54643629, 0.43273092,
       0.80310881, 0.25516956, 0.94285714, 0.83606557, 0.91401274])]

estim_algorithm = doc-model, mode = classification, metric = precision, confidence_scores = energy-conf, class_specific = False
test err: [0.3286043720105772, 0.3236973970398584, 0.3295820498754279, 0.3323275676468963, 0.3266097413585569]
estimated metric: [array([0.55502718, 0.69321333, 0.70016697, 0.51275097, 0.7346694 ,
       0.40482215, 0.90631708, 0.4004027 , 0.43603555, 0.43576694]), array([0.56694472, 0.69953108, 0.68618371, 0.53262422, 0.73163267,
       0.38460172, 0.90861855, 0.34845082, 0.42695698, 0.4442803 ]), array([0.57231298, 0.6995267 , 0.68526954, 0.54365586, 0.73396723,
       0.38169165, 0.90362314, 0.35409456, 0.45504366, 0.43800682]), array([0.54341773, 0.68702564, 0.68741399, 0.51814716, 0.73811831,
       0.35193236, 0.90866265, 0.34840614, 0.47163184, 0.42924787]), array([0.56350738, 0.70226218, 0.69047192, 0.54569154, 0.74260922,
       0.33861976, 0.90313766, 0.37136295, 0.43738019, 0.45959531])]
real metric: [array([0.73565574, 0.77972973, 0.51013111, 0.54878049, 0.42573222,
       0.828     , 0.25030328, 0.9382716 , 0.83387622, 0.9047619 ]), array([0.71372549, 0.74802111, 0.49811321, 0.55479452, 0.44947368,
       0.78787879, 0.27402701, 0.95477387, 0.85858586, 0.91776316]), array([0.67938931, 0.75328084, 0.4483188 , 0.53478261, 0.43555094,
       0.82478632, 0.26480263, 0.96534653, 0.83841463, 0.95221843]), array([0.69639066, 0.74348422, 0.46790123, 0.56161137, 0.42755102,
       0.81339713, 0.26735016, 0.95918367, 0.82072829, 0.90689655]), array([0.72332016, 0.76061776, 0.49022005, 0.54643629, 0.43273092,
       0.80310881, 0.25516956, 0.94285714, 0.83606557, 0.91401274])]

estim_algorithm = doc-model, mode = classification, metric = precision, confidence_scores = energy-conf, class_specific = True
test err: [0.2468906166289147, 0.25609375237634946, 0.27467723242924896, 0.26609736810943413, 0.25939712066749543]
estimated metric: [array([0.86323933, 0.92395769, 0.93232325, 0.84413203, 0.94010982,
       0.80411069, 0.97596495, 0.79959863, 0.83446028, 0.8283966 ]), array([0.86092016, 0.92251904, 0.92562357, 0.84848476, 0.93699409,
       0.78336828, 0.97525816, 0.75699806, 0.82298719, 0.82635538]), array([0.85778865, 0.91979129, 0.92357363, 0.85016775, 0.93538928,
       0.77883483, 0.97340397, 0.7524712 , 0.83154009, 0.81513692]), array([0.85459131, 0.92355338, 0.93066802, 0.85185874, 0.9419974 ,
       0.77596349, 0.97675862, 0.76460184, 0.85541237, 0.82776124]), array([0.85254897, 0.922565  , 0.92615963, 0.85519617, 0.93854502,
       0.74743314, 0.97373686, 0.76303405, 0.82384098, 0.82802178])]
real metric: [array([0.73565574, 0.77972973, 0.51013111, 0.54878049, 0.42573222,
       0.828     , 0.25030328, 0.9382716 , 0.83387622, 0.9047619 ]), array([0.71372549, 0.74802111, 0.49811321, 0.55479452, 0.44947368,
       0.78787879, 0.27402701, 0.95477387, 0.85858586, 0.91776316]), array([0.67938931, 0.75328084, 0.4483188 , 0.53478261, 0.43555094,
       0.82478632, 0.26480263, 0.96534653, 0.83841463, 0.95221843]), array([0.69639066, 0.74348422, 0.46790123, 0.56161137, 0.42755102,
       0.81339713, 0.26735016, 0.95918367, 0.82072829, 0.90689655]), array([0.72332016, 0.76061776, 0.49022005, 0.54643629, 0.43273092,
       0.80310881, 0.25516956, 0.94285714, 0.83606557, 0.91401274])]

estim_algorithm = doc-model, mode = classification, metric = precision, confidence_scores = entropy-conf, class_specific = False
test err: [0.3181087069989646, 0.31493723691455766, 0.3234465871350562, 0.32002866420197296, 0.3191754412278335]
estimated metric: [array([0.59501916, 0.71071421, 0.7175406 , 0.52895167, 0.75070925,
       0.42181718, 0.91363388, 0.41121232, 0.46056289, 0.4554283 ]), array([0.60079864, 0.71609027, 0.70344639, 0.54341779, 0.74787692,
       0.39492063, 0.91533344, 0.36217815, 0.45171659, 0.4620912 ]), array([0.6042631 , 0.71352682, 0.69724238, 0.55368409, 0.74758688,
       0.39433319, 0.90976631, 0.36137861, 0.47586216, 0.45443101]), array([0.58155935, 0.70644719, 0.70353207, 0.53729701, 0.75600148,
       0.36913292, 0.91625384, 0.36553897, 0.49812288, 0.45629193]), array([0.59938263, 0.72006728, 0.70746279, 0.5613571 , 0.75990871,
       0.35402272, 0.91075313, 0.38620139, 0.46468054, 0.47879812])]
real metric: [array([0.73565574, 0.77972973, 0.51013111, 0.54878049, 0.42573222,
       0.828     , 0.25030328, 0.9382716 , 0.83387622, 0.9047619 ]), array([0.71372549, 0.74802111, 0.49811321, 0.55479452, 0.44947368,
       0.78787879, 0.27402701, 0.95477387, 0.85858586, 0.91776316]), array([0.67938931, 0.75328084, 0.4483188 , 0.53478261, 0.43555094,
       0.82478632, 0.26480263, 0.96534653, 0.83841463, 0.95221843]), array([0.69639066, 0.74348422, 0.46790123, 0.56161137, 0.42755102,
       0.81339713, 0.26735016, 0.95918367, 0.82072829, 0.90689655]), array([0.72332016, 0.76061776, 0.49022005, 0.54643629, 0.43273092,
       0.80310881, 0.25516956, 0.94285714, 0.83606557, 0.91401274])]

estim_algorithm = doc-model, mode = classification, metric = precision, confidence_scores = entropy-conf, class_specific = True
test err: [0.2924823059299348, 0.2982325683904725, 0.3070005236144854, 0.3034716029480695, 0.3048898845437883]
estimated metric: [array([0.3806718 , 0.83706268, 0.84525732, 0.40819696, 0.86783382,
       0.631968  , 0.94440459, 0.62533832, 0.67825942, 0.66875047]), array([0.3902838 , 0.83596942, 0.83248067, 0.41327449, 0.86322832,
       0.6054759 , 0.9435967 , 0.56933989, 0.66365837, 0.66880365]), array([0.37453573, 0.83190672, 0.82672692, 0.41543935, 0.8600417 ,
       0.5991682 , 0.93952698, 0.56339376, 0.67691199, 0.65173269]), array([0.34716217, 0.83508516, 0.83874794, 0.42198698, 0.87050663,
       0.58909825, 0.94564341, 0.5734691 , 0.71004531, 0.66542634]), array([0.37121328, 0.83239772, 0.83059177, 0.41691845, 0.8646645 ,
       0.55318391, 0.93943843, 0.57394393, 0.6617571 , 0.66823932])]
real metric: [array([0.73565574, 0.77972973, 0.51013111, 0.54878049, 0.42573222,
       0.828     , 0.25030328, 0.9382716 , 0.83387622, 0.9047619 ]), array([0.71372549, 0.74802111, 0.49811321, 0.55479452, 0.44947368,
       0.78787879, 0.27402701, 0.95477387, 0.85858586, 0.91776316]), array([0.67938931, 0.75328084, 0.4483188 , 0.53478261, 0.43555094,
       0.82478632, 0.26480263, 0.96534653, 0.83841463, 0.95221843]), array([0.69639066, 0.74348422, 0.46790123, 0.56161137, 0.42755102,
       0.81339713, 0.26735016, 0.95918367, 0.82072829, 0.90689655]), array([0.72332016, 0.76061776, 0.49022005, 0.54643629, 0.43273092,
       0.80310881, 0.25516956, 0.94285714, 0.83606557, 0.91401274])]

estim_algorithm = doc-model, mode = classification, metric = precision, confidence_scores = doctor-conf, class_specific = False
test err: [0.3077092608214753, 0.3063780682462462, 0.31733043901733315, 0.30853264279138737, 0.31387831296478147]
estimated metric: [array([0.6236521 , 0.72552671, 0.73980035, 0.55969864, 0.7700754 ,
       0.44611665, 0.92103486, 0.43359366, 0.48927364, 0.48070199]), array([0.6301794 , 0.72998547, 0.72631123, 0.57325253, 0.76732959,
       0.41719047, 0.92224022, 0.38504219, 0.4807977 , 0.48649751]), array([0.63230534, 0.72884198, 0.72305863, 0.58398764, 0.76791701,
       0.41939331, 0.91737749, 0.38542963, 0.50432756, 0.47871967]), array([0.61385845, 0.72185613, 0.72893731, 0.56773886, 0.7747295 ,
       0.39446637, 0.92348423, 0.38772977, 0.52562679, 0.4816927 ]), array([0.62923229, 0.73456239, 0.73110542, 0.59084632, 0.77823143,
       0.37610691, 0.9180241 , 0.40511251, 0.48906931, 0.50076609])]
real metric: [array([0.73565574, 0.77972973, 0.51013111, 0.54878049, 0.42573222,
       0.828     , 0.25030328, 0.9382716 , 0.83387622, 0.9047619 ]), array([0.71372549, 0.74802111, 0.49811321, 0.55479452, 0.44947368,
       0.78787879, 0.27402701, 0.95477387, 0.85858586, 0.91776316]), array([0.67938931, 0.75328084, 0.4483188 , 0.53478261, 0.43555094,
       0.82478632, 0.26480263, 0.96534653, 0.83841463, 0.95221843]), array([0.69639066, 0.74348422, 0.46790123, 0.56161137, 0.42755102,
       0.81339713, 0.26735016, 0.95918367, 0.82072829, 0.90689655]), array([0.72332016, 0.76061776, 0.49022005, 0.54643629, 0.43273092,
       0.80310881, 0.25516956, 0.94285714, 0.83606557, 0.91401274])]

estim_algorithm = doc-model, mode = classification, metric = precision, confidence_scores = doctor-conf, class_specific = True
test err: [0.30745397596389673, 0.3129647885386042, 0.3211550681942429, 0.3168259254204765, 0.3194413514482504]
estimated metric: [array([0.27383196, 0.82803009, 0.83980179, 0.37692046, 0.86404132,
       0.62426136, 0.94265955, 0.61759103, 0.67036204, 0.66047577]), array([0.28369069, 0.82694704, 0.82655655, 0.38464581, 0.85924738,
       0.597097  , 0.94179472, 0.56105668, 0.6558037 , 0.6604906 ]), array([0.27236496, 0.82327907, 0.82069591, 0.38672031, 0.85622247,
       0.59109444, 0.93771456, 0.5556476 , 0.66938671, 0.64413195]), array([0.24618258, 0.82738946, 0.83437205, 0.39918903, 0.86747791,
       0.58245005, 0.9442562 , 0.56692385, 0.70354919, 0.65886271]), array([0.25946191, 0.82427281, 0.82531295, 0.39414046, 0.86117918,
       0.54561406, 0.93773496, 0.56671942, 0.65428561, 0.66092734])]
real metric: [array([0.73565574, 0.77972973, 0.51013111, 0.54878049, 0.42573222,
       0.828     , 0.25030328, 0.9382716 , 0.83387622, 0.9047619 ]), array([0.71372549, 0.74802111, 0.49811321, 0.55479452, 0.44947368,
       0.78787879, 0.27402701, 0.95477387, 0.85858586, 0.91776316]), array([0.67938931, 0.75328084, 0.4483188 , 0.53478261, 0.43555094,
       0.82478632, 0.26480263, 0.96534653, 0.83841463, 0.95221843]), array([0.69639066, 0.74348422, 0.46790123, 0.56161137, 0.42755102,
       0.81339713, 0.26735016, 0.95918367, 0.82072829, 0.90689655]), array([0.72332016, 0.76061776, 0.49022005, 0.54643629, 0.43273092,
       0.80310881, 0.25516956, 0.94285714, 0.83606557, 0.91401274])]

