estim_algorithm = moval-ensemble-cls-sensitivity, mode = classification, metric = sensitivity
test err: [0.1425330624792181, 0.14555074149440408, 0.15769851608328103, 0.14354892784928447, 0.1325890806679054]
estimated metric: [array([0.91401038, 0.9499795 , 0.6545398 , 0.65984073, 0.36935288,
       0.44047622, 0.62135487, 0.6569848 , 0.35637482, 0.40331495]), array([0.90883191, 0.94056525, 0.65377698, 0.67095392, 0.34129354,
       0.39846747, 0.63155556, 0.67816093, 0.35811352, 0.40155949]), array([0.91200184, 0.93892216, 0.67018217, 0.63938053, 0.35280296,
       0.44569292, 0.63738739, 0.71491229, 0.31877731, 0.41187743]), array([0.90689822, 0.94424388, 0.65367966, 0.67080746, 0.34532135,
       0.31773883, 0.65848113, 0.73219374, 0.35770442, 0.42777781]), array([0.90083799, 0.94865526, 0.65018315, 0.63976609, 0.37240311,
       0.41570885, 0.64426524, 0.64860429, 0.36428573, 0.34937615])]
real metric: [array([0.86697248, 0.8457223 , 0.71450382, 0.54820144, 0.69972826,
       0.24420191, 0.65007112, 0.31310345, 0.41359773, 0.25735294]), array([0.86131387, 0.84760522, 0.71819425, 0.58333333, 0.6913229 ,
       0.21118881, 0.6676259 , 0.32064422, 0.42836676, 0.23971631]), array([0.86853767, 0.85060565, 0.70986745, 0.56586826, 0.72093023,
       0.22576177, 0.66022099, 0.30097087, 0.45867769, 0.24460432]), array([0.87354651, 0.86452514, 0.73      , 0.59942775, 0.71278195,
       0.20759837, 0.67037552, 0.3047619 , 0.4423676 , 0.2546495 ]), array([0.87239945, 0.85422343, 0.73432836, 0.55902307, 0.71238349,
       0.23583461, 0.63674033, 0.28744327, 0.43777452, 0.27327327])]

