estim_algorithm = moval-ensemble-cls-precision, mode = classification, metric = precision
test err: [0.24978587735032795, 0.24725226947145645, 0.25242532634408577, 0.25235924548125144, 0.2434634726475624]
estimated metric: [array([0.5720042 , 0.55225272, 0.76674319, 0.81754129, 0.78560757,
       0.64933759, 0.59055177, 0.58850997, 0.52768152, 0.55712437]), array([0.54185673, 0.57140152, 0.76716855, 0.82075549, 0.77831267,
       0.66064001, 0.60585561, 0.58473177, 0.55491818, 0.55908862]), array([0.55670139, 0.56657657, 0.75657026, 0.82221767, 0.79194658,
       0.6627501 , 0.59603214, 0.58655128, 0.54248341, 0.58208522]), array([0.56700978, 0.55688603, 0.77262516, 0.81520305, 0.79860615,
       0.66510965, 0.581786  , 0.60101519, 0.55534699, 0.58514308]), array([0.55864797, 0.55386435, 0.76698186, 0.82156907, 0.78727516,
       0.67199726, 0.58279837, 0.56663523, 0.56239316, 0.57068063])]
real metric: [array([0.48913858, 0.71396896, 0.56077982, 0.43426633, 0.55228758,
       0.72413793, 0.87811634, 0.9273743 , 0.85763889, 0.95665635]), array([0.48057883, 0.73068433, 0.55990783, 0.41092437, 0.56716418,
       0.71428571, 0.92650919, 0.90830946, 0.88643533, 0.95341615]), array([0.48514056, 0.73662551, 0.57849197, 0.43540268, 0.53895411,
       0.77272727, 0.90082645, 0.91977077, 0.89261745, 0.94871795]), array([0.46853677, 0.73539519, 0.56371986, 0.43633126, 0.53838174,
       0.74120083, 0.89349112, 0.92076503, 0.86858974, 0.96296296]), array([0.49621785, 0.74266366, 0.56577416, 0.41582492, 0.53289474,
       0.71881188, 0.85174419, 0.9068323 , 0.85276074, 0.94642857])]

