estim_algorithm = ac-model, mode = classification, metric = sensitivity, confidence_scores = max_class_probability-conf, class_specific = False
test err: [0.26469100270578017, 0.26600497722655225, 0.27400321417359014, 0.284573627110195, 0.2665708570427975]
estimated metric: [array([0.85639875, 0.91441639, 0.83043678, 0.75814561, 0.81752767,
       0.80839328, 0.81177827, 0.86581238, 0.83987643, 0.88105508]), array([0.86141174, 0.92271654, 0.82708224, 0.7572814 , 0.8346618 ,
       0.80149933, 0.84002575, 0.84331606, 0.84033614, 0.88200922]), array([0.85474878, 0.91791207, 0.83727498, 0.75644836, 0.83085543,
       0.81187132, 0.81566328, 0.83762799, 0.82420711, 0.88674666]), array([0.8631155 , 0.915667  , 0.84051711, 0.76271118, 0.83306421,
       0.81882153, 0.82599012, 0.85603979, 0.84807315, 0.87627701]), array([0.85476975, 0.91596524, 0.83488625, 0.75939194, 0.83238515,
       0.80320192, 0.81978195, 0.84332056, 0.84192318, 0.889673  ])]
real metric: [array([0.97101449, 0.86079545, 0.615727  , 0.55555556, 0.73827534,
       0.39082058, 0.29045643, 0.38688086, 0.45255474, 0.70408163]), array([0.97901049, 0.88702929, 0.64447806, 0.52580195, 0.74930748,
       0.37583001, 0.28186969, 0.39124088, 0.46608947, 0.68483063]), array([0.98569385, 0.87207703, 0.63247863, 0.51878613, 0.73558368,
       0.35614525, 0.26696165, 0.37784091, 0.44923077, 0.70041609]), array([0.96322489, 0.83424658, 0.62898551, 0.52898551, 0.70914127,
       0.34866469, 0.26129944, 0.3973607 , 0.44490934, 0.67794118]), array([0.9652568 , 0.86052999, 0.60875706, 0.51386861, 0.73830409,
       0.3739255 , 0.32666667, 0.39321075, 0.46901408, 0.70103093])]

estim_algorithm = ac-model, mode = classification, metric = sensitivity, confidence_scores = energy-conf, class_specific = False
test err: [0.3605871566873729, 0.36203362592358723, 0.35556626754300225, 0.3478751566882709, 0.360520168900223]
estimated metric: [array([0.21038981, 0.3963446 , 0.21138236, 0.12740532, 0.18387046,
       0.17112426, 0.15573647, 0.25146703, 0.290764  , 0.36180621]), array([0.21058566, 0.40070476, 0.20322608, 0.12883243, 0.18778181,
       0.18256097, 0.17218184, 0.22823102, 0.29424079, 0.35680634]), array([0.21358823, 0.39738598, 0.20638681, 0.130468  , 0.18951571,
       0.17553355, 0.1550501 , 0.22501506, 0.28595827, 0.36064961]), array([0.21190976, 0.37999615, 0.20724267, 0.1264496 , 0.18076385,
       0.18340756, 0.15522536, 0.22871388, 0.29350954, 0.34878917]), array([0.21117674, 0.40058279, 0.2107165 , 0.12539022, 0.19118979,
       0.17449576, 0.16335618, 0.21695352, 0.29717613, 0.35432517])]
real metric: [array([0.97101449, 0.86079545, 0.615727  , 0.55555556, 0.73827534,
       0.39082058, 0.29045643, 0.38688086, 0.45255474, 0.70408163]), array([0.97901049, 0.88702929, 0.64447806, 0.52580195, 0.74930748,
       0.37583001, 0.28186969, 0.39124088, 0.46608947, 0.68483063]), array([0.98569385, 0.87207703, 0.63247863, 0.51878613, 0.73558368,
       0.35614525, 0.26696165, 0.37784091, 0.44923077, 0.70041609]), array([0.96322489, 0.83424658, 0.62898551, 0.52898551, 0.70914127,
       0.34866469, 0.26129944, 0.3973607 , 0.44490934, 0.67794118]), array([0.9652568 , 0.86052999, 0.60875706, 0.51386861, 0.73830409,
       0.3739255 , 0.32666667, 0.39321075, 0.46901408, 0.70103093])]

estim_algorithm = ac-model, mode = classification, metric = sensitivity, confidence_scores = entropy-conf, class_specific = False
test err: [0.24208183955077808, 0.24355082437689868, 0.25202128365842824, 0.26078122262697606, 0.2436947905388777]
estimated metric: [array([0.82581399, 0.90456413, 0.80712874, 0.70908444, 0.78118861,
       0.7713346 , 0.76660349, 0.84031804, 0.82469122, 0.86585222]), array([0.82821993, 0.91048974, 0.80071495, 0.70949595, 0.79920865,
       0.77304943, 0.79360957, 0.81432958, 0.82629937, 0.86399791]), array([0.8240645 , 0.90916873, 0.81099989, 0.71107681, 0.79405451,
       0.78054677, 0.76600237, 0.81213419, 0.81187013, 0.87225023]), array([0.83307835, 0.90567473, 0.81288893, 0.7127202 , 0.7921078 ,
       0.7850948 , 0.78039065, 0.82613223, 0.83297809, 0.86121247]), array([0.82476042, 0.90634822, 0.80937463, 0.70743853, 0.79562823,
       0.77363477, 0.77696163, 0.81788151, 0.82303999, 0.87145171])]
real metric: [array([0.97101449, 0.86079545, 0.615727  , 0.55555556, 0.73827534,
       0.39082058, 0.29045643, 0.38688086, 0.45255474, 0.70408163]), array([0.97901049, 0.88702929, 0.64447806, 0.52580195, 0.74930748,
       0.37583001, 0.28186969, 0.39124088, 0.46608947, 0.68483063]), array([0.98569385, 0.87207703, 0.63247863, 0.51878613, 0.73558368,
       0.35614525, 0.26696165, 0.37784091, 0.44923077, 0.70041609]), array([0.96322489, 0.83424658, 0.62898551, 0.52898551, 0.70914127,
       0.34866469, 0.26129944, 0.3973607 , 0.44490934, 0.67794118]), array([0.9652568 , 0.86052999, 0.60875706, 0.51386861, 0.73830409,
       0.3739255 , 0.32666667, 0.39321075, 0.46901408, 0.70103093])]

estim_algorithm = ac-model, mode = classification, metric = sensitivity, confidence_scores = doctor-conf, class_specific = False
test err: [0.3036155497306729, 0.30541760500362053, 0.31600539494309315, 0.32329994431749565, 0.30591026958162953]
estimated metric: [array([0.90149432, 0.94281739, 0.88096763, 0.82035047, 0.86838752,
       0.86471331, 0.85697898, 0.90962512, 0.89611323, 0.92182927]), array([0.9055954 , 0.94593216, 0.87679366, 0.8208242 , 0.88324176,
       0.86217014, 0.88703244, 0.891367  , 0.89553818, 0.92433888]), array([0.90000624, 0.94721338, 0.88685179, 0.8197659 , 0.87930425,
       0.87348228, 0.86716173, 0.89392418, 0.88657302, 0.92960996]), array([0.90776584, 0.94591417, 0.89198085, 0.82768444, 0.88330885,
       0.87165002, 0.86864001, 0.90072544, 0.90126917, 0.91790164]), array([0.90183762, 0.94413708, 0.88579028, 0.82320825, 0.87781172,
       0.86550311, 0.86512353, 0.89368035, 0.89672038, 0.92901651])]
real metric: [array([0.97101449, 0.86079545, 0.615727  , 0.55555556, 0.73827534,
       0.39082058, 0.29045643, 0.38688086, 0.45255474, 0.70408163]), array([0.97901049, 0.88702929, 0.64447806, 0.52580195, 0.74930748,
       0.37583001, 0.28186969, 0.39124088, 0.46608947, 0.68483063]), array([0.98569385, 0.87207703, 0.63247863, 0.51878613, 0.73558368,
       0.35614525, 0.26696165, 0.37784091, 0.44923077, 0.70041609]), array([0.96322489, 0.83424658, 0.62898551, 0.52898551, 0.70914127,
       0.34866469, 0.26129944, 0.3973607 , 0.44490934, 0.67794118]), array([0.9652568 , 0.86052999, 0.60875706, 0.51386861, 0.73830409,
       0.3739255 , 0.32666667, 0.39321075, 0.46901408, 0.70103093])]

estim_algorithm = ts-model, mode = classification, metric = sensitivity, confidence_scores = max_class_probability-conf, class_specific = False
test err: [0.15981235102177865, 0.1593608695443438, 0.1568978966094487, 0.15859899019071225, 0.14804107175208486]
estimated metric: [array([0.65728787, 0.80962026, 0.64361424, 0.50643423, 0.60085978,
       0.57902263, 0.57490809, 0.67974763, 0.67501685, 0.73489662]), array([0.65824031, 0.81825981, 0.63534632, 0.50878357, 0.61618131,
       0.58714891, 0.60275324, 0.64412272, 0.67918327, 0.73144527]), array([0.65664523, 0.81419041, 0.6439244 , 0.50905933, 0.61399647,
       0.58817897, 0.56452373, 0.63756154, 0.66022398, 0.7393904 ]), array([0.66277328, 0.8077911 , 0.6429644 , 0.50749356, 0.60260095,
       0.60317005, 0.57959525, 0.65376241, 0.68588712, 0.72483218]), array([0.65485617, 0.81381539, 0.64636587, 0.50322585, 0.61687483,
       0.58238403, 0.5824684 , 0.63867681, 0.67798887, 0.73594447])]
real metric: [array([0.97101449, 0.86079545, 0.615727  , 0.55555556, 0.73827534,
       0.39082058, 0.29045643, 0.38688086, 0.45255474, 0.70408163]), array([0.97901049, 0.88702929, 0.64447806, 0.52580195, 0.74930748,
       0.37583001, 0.28186969, 0.39124088, 0.46608947, 0.68483063]), array([0.98569385, 0.87207703, 0.63247863, 0.51878613, 0.73558368,
       0.35614525, 0.26696165, 0.37784091, 0.44923077, 0.70041609]), array([0.96322489, 0.83424658, 0.62898551, 0.52898551, 0.70914127,
       0.34866469, 0.26129944, 0.3973607 , 0.44490934, 0.67794118]), array([0.9652568 , 0.86052999, 0.60875706, 0.51386861, 0.73830409,
       0.3739255 , 0.32666667, 0.39321075, 0.46901408, 0.70103093])]

estim_algorithm = ts-model, mode = classification, metric = sensitivity, confidence_scores = max_class_probability-conf, class_specific = True
test err: [0.13515713417910796, 0.13408929150565374, 0.13878301780969754, 0.1399220846687519, 0.13378520666113297]
estimated metric: [array([0.94245494, 0.96723503, 0.78183874, 0.7918392 , 0.67206644,
       0.51317442, 0.5371082 , 0.56023854, 0.44353539, 0.50749634]), array([0.9475537 , 0.97486502, 0.77707546, 0.79107887, 0.6894436 ,
       0.52387952, 0.56458524, 0.52475941, 0.4480655 , 0.50327599]), array([0.94157413, 0.96825552, 0.78722047, 0.78955212, 0.68581837,
       0.52227062, 0.52652931, 0.51795518, 0.43514333, 0.50805201]), array([0.94691036, 0.96923232, 0.78914918, 0.79716892, 0.6778349 ,
       0.5387469 , 0.54004563, 0.53053658, 0.44787512, 0.49464412]), array([0.94172622, 0.96805386, 0.78566309, 0.79464418, 0.68885969,
       0.51790254, 0.54441263, 0.51279212, 0.45066602, 0.50101177])]
real metric: [array([0.97101449, 0.86079545, 0.615727  , 0.55555556, 0.73827534,
       0.39082058, 0.29045643, 0.38688086, 0.45255474, 0.70408163]), array([0.97901049, 0.88702929, 0.64447806, 0.52580195, 0.74930748,
       0.37583001, 0.28186969, 0.39124088, 0.46608947, 0.68483063]), array([0.98569385, 0.87207703, 0.63247863, 0.51878613, 0.73558368,
       0.35614525, 0.26696165, 0.37784091, 0.44923077, 0.70041609]), array([0.96322489, 0.83424658, 0.62898551, 0.52898551, 0.70914127,
       0.34866469, 0.26129944, 0.3973607 , 0.44490934, 0.67794118]), array([0.9652568 , 0.86052999, 0.60875706, 0.51386861, 0.73830409,
       0.3739255 , 0.32666667, 0.39321075, 0.46901408, 0.70103093])]

estim_algorithm = ts-model, mode = classification, metric = sensitivity, confidence_scores = energy-conf, class_specific = False
test err: [0.20513505335351528, 0.2120089429301077, 0.21602781921392925, 0.20948118919903802, 0.20428364804413368]
estimated metric: [array([0.71456923, 0.77470207, 0.7147394 , 0.69773574, 0.71079967,
       0.70792269, 0.70261894, 0.73079484, 0.7459756 , 0.77762581]), array([0.71472378, 0.77522936, 0.71264414, 0.69779901, 0.71112384,
       0.71130256, 0.70628781, 0.72516576, 0.74716907, 0.77559149]), array([0.71584696, 0.7738894 , 0.7131863 , 0.69845399, 0.71172023,
       0.70848704, 0.70336978, 0.72436749, 0.74571091, 0.77666416]), array([0.71480045, 0.76720189, 0.71378692, 0.69731841, 0.70991716,
       0.70998683, 0.70218306, 0.72451919, 0.74609564, 0.77282319]), array([0.71519692, 0.77559803, 0.71437194, 0.69713473, 0.71241663,
       0.70840389, 0.70488695, 0.72118534, 0.74843783, 0.77401011])]
real metric: [array([0.97101449, 0.86079545, 0.615727  , 0.55555556, 0.73827534,
       0.39082058, 0.29045643, 0.38688086, 0.45255474, 0.70408163]), array([0.97901049, 0.88702929, 0.64447806, 0.52580195, 0.74930748,
       0.37583001, 0.28186969, 0.39124088, 0.46608947, 0.68483063]), array([0.98569385, 0.87207703, 0.63247863, 0.51878613, 0.73558368,
       0.35614525, 0.26696165, 0.37784091, 0.44923077, 0.70041609]), array([0.96322489, 0.83424658, 0.62898551, 0.52898551, 0.70914127,
       0.34866469, 0.26129944, 0.3973607 , 0.44490934, 0.67794118]), array([0.9652568 , 0.86052999, 0.60875706, 0.51386861, 0.73830409,
       0.3739255 , 0.32666667, 0.39321075, 0.46901408, 0.70103093])]

estim_algorithm = ts-model, mode = classification, metric = sensitivity, confidence_scores = energy-conf, class_specific = True
test err: [0.16732680202382605, 0.16362253759304418, 0.17590895853228217, 0.17744857938013786, 0.16719655220818552]
estimated metric: [array([0.9564356 , 0.98129754, 0.83725536, 0.84118486, 0.78029467,
       0.60046375, 0.66458547, 0.58283728, 0.48502787, 0.52727333]), array([0.95640175, 0.98152627, 0.83551469, 0.84123306, 0.78055226,
       0.60446413, 0.66847604, 0.57533118, 0.48715451, 0.52381933]), array([0.95713764, 0.98103193, 0.83596224, 0.8417821 , 0.78111315,
       0.60116145, 0.66536603, 0.57428279, 0.48402779, 0.52550614]), array([0.95663085, 0.97881525, 0.83646611, 0.84083926, 0.77950089,
       0.6030466 , 0.66411655, 0.57457019, 0.4852769 , 0.51908814]), array([0.95678874, 0.98132073, 0.83694317, 0.84068377, 0.78173547,
       0.60105079, 0.66698326, 0.5702033 , 0.4892131 , 0.5213903 ])]
real metric: [array([0.97101449, 0.86079545, 0.615727  , 0.55555556, 0.73827534,
       0.39082058, 0.29045643, 0.38688086, 0.45255474, 0.70408163]), array([0.97901049, 0.88702929, 0.64447806, 0.52580195, 0.74930748,
       0.37583001, 0.28186969, 0.39124088, 0.46608947, 0.68483063]), array([0.98569385, 0.87207703, 0.63247863, 0.51878613, 0.73558368,
       0.35614525, 0.26696165, 0.37784091, 0.44923077, 0.70041609]), array([0.96322489, 0.83424658, 0.62898551, 0.52898551, 0.70914127,
       0.34866469, 0.26129944, 0.3973607 , 0.44490934, 0.67794118]), array([0.9652568 , 0.86052999, 0.60875706, 0.51386861, 0.73830409,
       0.3739255 , 0.32666667, 0.39321075, 0.46901408, 0.70103093])]

estim_algorithm = ts-model, mode = classification, metric = sensitivity, confidence_scores = entropy-conf, class_specific = False
test err: [0.16241722969646982, 0.16538846156523954, 0.1599691948869443, 0.1611562607413554, 0.150689753200589]
estimated metric: [array([0.63916896, 0.81400427, 0.63127575, 0.46705768, 0.57565096,
       0.55946657, 0.54106387, 0.67296105, 0.6874355 , 0.74273183]), array([0.63796852, 0.82127265, 0.62009328, 0.4720067 , 0.59076467,
       0.57332122, 0.57256694, 0.6346647 , 0.69094858, 0.7387224 ]), array([0.63891459, 0.81889473, 0.628345  , 0.47411337, 0.58790593,
       0.5719118 , 0.53094143, 0.63052173, 0.67325182, 0.74721413]), array([0.64576071, 0.81146463, 0.62794376, 0.4682887 , 0.57257644,
       0.5832582 , 0.54682123, 0.64310325, 0.69862454, 0.73138121]), array([0.63779507, 0.81857617, 0.63154661, 0.46494453, 0.59056637,
       0.56719256, 0.55213429, 0.6306015 , 0.68912684, 0.74282337])]
real metric: [array([0.97101449, 0.86079545, 0.615727  , 0.55555556, 0.73827534,
       0.39082058, 0.29045643, 0.38688086, 0.45255474, 0.70408163]), array([0.97901049, 0.88702929, 0.64447806, 0.52580195, 0.74930748,
       0.37583001, 0.28186969, 0.39124088, 0.46608947, 0.68483063]), array([0.98569385, 0.87207703, 0.63247863, 0.51878613, 0.73558368,
       0.35614525, 0.26696165, 0.37784091, 0.44923077, 0.70041609]), array([0.96322489, 0.83424658, 0.62898551, 0.52898551, 0.70914127,
       0.34866469, 0.26129944, 0.3973607 , 0.44490934, 0.67794118]), array([0.9652568 , 0.86052999, 0.60875706, 0.51386861, 0.73830409,
       0.3739255 , 0.32666667, 0.39321075, 0.46901408, 0.70103093])]

estim_algorithm = ts-model, mode = classification, metric = sensitivity, confidence_scores = entropy-conf, class_specific = True
test err: [0.13320084424050366, 0.13243405243795928, 0.13698710251507873, 0.1371663886683561, 0.13168984001379913]
estimated metric: [array([0.93927652, 0.96675963, 0.77901755, 0.78501073, 0.65591634,
       0.48894831, 0.51101715, 0.55764098, 0.4305007 , 0.49638267]), array([0.94404335, 0.97246284, 0.77169366, 0.78409885, 0.67317499,
       0.50551793, 0.54288195, 0.51813587, 0.43412736, 0.49209307]), array([0.93834191, 0.96881299, 0.78193005, 0.78411142, 0.66874592,
       0.50103613, 0.50078864, 0.51232615, 0.42208404, 0.49659727]), array([0.94337881, 0.9687812 , 0.78345843, 0.78922078, 0.65758034,
       0.51464312, 0.51539001, 0.5227084 , 0.43525103, 0.48200215]), array([0.93885824, 0.9682954 , 0.78079524, 0.78479262, 0.67132481,
       0.49758556, 0.52187116, 0.5054714 , 0.43892787, 0.48944937])]
real metric: [array([0.97101449, 0.86079545, 0.615727  , 0.55555556, 0.73827534,
       0.39082058, 0.29045643, 0.38688086, 0.45255474, 0.70408163]), array([0.97901049, 0.88702929, 0.64447806, 0.52580195, 0.74930748,
       0.37583001, 0.28186969, 0.39124088, 0.46608947, 0.68483063]), array([0.98569385, 0.87207703, 0.63247863, 0.51878613, 0.73558368,
       0.35614525, 0.26696165, 0.37784091, 0.44923077, 0.70041609]), array([0.96322489, 0.83424658, 0.62898551, 0.52898551, 0.70914127,
       0.34866469, 0.26129944, 0.3973607 , 0.44490934, 0.67794118]), array([0.9652568 , 0.86052999, 0.60875706, 0.51386861, 0.73830409,
       0.3739255 , 0.32666667, 0.39321075, 0.46901408, 0.70103093])]

estim_algorithm = ts-model, mode = classification, metric = sensitivity, confidence_scores = doctor-conf, class_specific = False
test err: [0.16864782236826797, 0.1735688253463708, 0.16851597583706254, 0.17100311170634716, 0.15528275048983722]
estimated metric: [array([0.6108201 , 0.81658496, 0.59550364, 0.38495064, 0.5271033 ,
       0.51766779, 0.48505132, 0.66250207, 0.6884941 , 0.75115199]), array([0.60801703, 0.8266683 , 0.58145985, 0.39218746, 0.54890125,
       0.53107085, 0.52613817, 0.61070484, 0.69256567, 0.74667602]), array([0.6098319 , 0.82190514, 0.59247399, 0.39472504, 0.5422853 ,
       0.53380388, 0.47982747, 0.61057442, 0.67079534, 0.75735536]), array([0.62061233, 0.8125429 , 0.59202735, 0.3856119 , 0.52175128,
       0.53906174, 0.49672798, 0.62752123, 0.70517436, 0.73968316]), array([0.60979823, 0.82194718, 0.59451691, 0.38224253, 0.54667024,
       0.52041899, 0.50640602, 0.61378725, 0.68934015, 0.75518156])]
real metric: [array([0.97101449, 0.86079545, 0.615727  , 0.55555556, 0.73827534,
       0.39082058, 0.29045643, 0.38688086, 0.45255474, 0.70408163]), array([0.97901049, 0.88702929, 0.64447806, 0.52580195, 0.74930748,
       0.37583001, 0.28186969, 0.39124088, 0.46608947, 0.68483063]), array([0.98569385, 0.87207703, 0.63247863, 0.51878613, 0.73558368,
       0.35614525, 0.26696165, 0.37784091, 0.44923077, 0.70041609]), array([0.96322489, 0.83424658, 0.62898551, 0.52898551, 0.70914127,
       0.34866469, 0.26129944, 0.3973607 , 0.44490934, 0.67794118]), array([0.9652568 , 0.86052999, 0.60875706, 0.51386861, 0.73830409,
       0.3739255 , 0.32666667, 0.39321075, 0.46901408, 0.70103093])]

estim_algorithm = ts-model, mode = classification, metric = sensitivity, confidence_scores = doctor-conf, class_specific = True
test err: [0.1256512992641119, 0.12352161649607851, 0.12910845604217452, 0.12942873956697593, 0.12231358494068963]
estimated metric: [array([0.9339779 , 0.96633401, 0.76196911, 0.76529764, 0.61176524,
       0.43733971, 0.45469843, 0.54239488, 0.41411306, 0.4773549 ]), array([0.93797785, 0.97010256, 0.75162265, 0.766472  , 0.63623973,
       0.45844806, 0.49556448, 0.48510333, 0.42048502, 0.4703825 ]), array([0.93268631, 0.96907371, 0.76547982, 0.76636006, 0.62823623,
       0.4530127 , 0.44636403, 0.4825181 , 0.40176844, 0.47566766]), array([0.93851542, 0.96910371, 0.76992241, 0.77313279, 0.61487802,
       0.46367186, 0.46358718, 0.49948787, 0.42606496, 0.46083429]), array([0.93429247, 0.9680392 , 0.76340761, 0.76763901, 0.63194472,
       0.43989257, 0.47444676, 0.48012628, 0.42928033, 0.47154539])]
real metric: [array([0.97101449, 0.86079545, 0.615727  , 0.55555556, 0.73827534,
       0.39082058, 0.29045643, 0.38688086, 0.45255474, 0.70408163]), array([0.97901049, 0.88702929, 0.64447806, 0.52580195, 0.74930748,
       0.37583001, 0.28186969, 0.39124088, 0.46608947, 0.68483063]), array([0.98569385, 0.87207703, 0.63247863, 0.51878613, 0.73558368,
       0.35614525, 0.26696165, 0.37784091, 0.44923077, 0.70041609]), array([0.96322489, 0.83424658, 0.62898551, 0.52898551, 0.70914127,
       0.34866469, 0.26129944, 0.3973607 , 0.44490934, 0.67794118]), array([0.9652568 , 0.86052999, 0.60875706, 0.51386861, 0.73830409,
       0.3739255 , 0.32666667, 0.39321075, 0.46901408, 0.70103093])]

estim_algorithm = doc-model, mode = classification, metric = sensitivity, confidence_scores = max_class_probability-conf, class_specific = False
test err: [0.1768727227433728, 0.18055303572237363, 0.18453822857094734, 0.18226132990161914, 0.17542396679998545]
estimated metric: [array([0.70328968, 0.76130731, 0.67732771, 0.60503654, 0.6644186 ,
       0.65528421, 0.6586692 , 0.71270331, 0.68676736, 0.727946  ]), array([0.70830266, 0.76960747, 0.67397317, 0.60417233, 0.68155272,
       0.64839026, 0.68691668, 0.69020699, 0.68722707, 0.72890015]), array([0.70163971, 0.764803  , 0.68416591, 0.60333929, 0.67774636,
       0.65876225, 0.66255422, 0.68451892, 0.67109804, 0.73363758]), array([0.71000643, 0.76255792, 0.68740804, 0.60960211, 0.67995513,
       0.66571246, 0.67288105, 0.70293072, 0.69496408, 0.72316794]), array([0.70166068, 0.76285617, 0.68177718, 0.60628287, 0.67927608,
       0.65009285, 0.66667289, 0.6902115 , 0.68881411, 0.73656393])]
real metric: [array([0.97101449, 0.86079545, 0.615727  , 0.55555556, 0.73827534,
       0.39082058, 0.29045643, 0.38688086, 0.45255474, 0.70408163]), array([0.97901049, 0.88702929, 0.64447806, 0.52580195, 0.74930748,
       0.37583001, 0.28186969, 0.39124088, 0.46608947, 0.68483063]), array([0.98569385, 0.87207703, 0.63247863, 0.51878613, 0.73558368,
       0.35614525, 0.26696165, 0.37784091, 0.44923077, 0.70041609]), array([0.96322489, 0.83424658, 0.62898551, 0.52898551, 0.70914127,
       0.34866469, 0.26129944, 0.3973607 , 0.44490934, 0.67794118]), array([0.9652568 , 0.86052999, 0.60875706, 0.51386861, 0.73830409,
       0.3739255 , 0.32666667, 0.39321075, 0.46901408, 0.70103093])]

estim_algorithm = doc-model, mode = classification, metric = sensitivity, confidence_scores = max_class_probability-conf, class_specific = True
test err: [0.14383877169760312, 0.13966729023493069, 0.14789816764168676, 0.15606733024315936, 0.14037063100510144]
estimated metric: [array([0.93334747, 0.96579528, 0.79249733, 0.78671722, 0.72072649,
       0.5601263 , 0.59591419, 0.5660557 , 0.47533781, 0.510563  ]), array([0.9377033 , 0.97113538, 0.78914279, 0.78578819, 0.73786061,
       0.55323236, 0.62416167, 0.54343992, 0.47596102, 0.51143376]), array([0.93246643, 0.96877552, 0.79933553, 0.78475959, 0.73405425,
       0.56360434, 0.59979921, 0.53771879, 0.45936918, 0.51603306]), array([0.93850864, 0.96781539, 0.80257766, 0.79093541, 0.73626302,
       0.57055455, 0.61012604, 0.55633574, 0.4834518 , 0.50645072]), array([0.93272096, 0.96665845, 0.7969468 , 0.78811657, 0.73558397,
       0.55493495, 0.60391788, 0.54403264, 0.47776098, 0.51897619])]
real metric: [array([0.97101449, 0.86079545, 0.615727  , 0.55555556, 0.73827534,
       0.39082058, 0.29045643, 0.38688086, 0.45255474, 0.70408163]), array([0.97901049, 0.88702929, 0.64447806, 0.52580195, 0.74930748,
       0.37583001, 0.28186969, 0.39124088, 0.46608947, 0.68483063]), array([0.98569385, 0.87207703, 0.63247863, 0.51878613, 0.73558368,
       0.35614525, 0.26696165, 0.37784091, 0.44923077, 0.70041609]), array([0.96322489, 0.83424658, 0.62898551, 0.52898551, 0.70914127,
       0.34866469, 0.26129944, 0.3973607 , 0.44490934, 0.67794118]), array([0.9652568 , 0.86052999, 0.60875706, 0.51386861, 0.73830409,
       0.3739255 , 0.32666667, 0.39321075, 0.46901408, 0.70103093])]

estim_algorithm = doc-model, mode = classification, metric = sensitivity, confidence_scores = energy-conf, class_specific = False
test err: [0.17570994364864617, 0.18189423798346538, 0.18373974298655504, 0.17953078714747459, 0.1726707494002618]
estimated metric: [array([0.66179301, 0.82657099, 0.66156724, 0.57866863, 0.63420772,
       0.62260511, 0.60721732, 0.70113114, 0.73807972, 0.79639352]), array([0.66181401, 0.83031066, 0.65349837, 0.58031329, 0.6383803 ,
       0.63375567, 0.62366269, 0.67865241, 0.73951518, 0.79484318]), array([0.66473415, 0.82837936, 0.65672839, 0.58174917, 0.64038478,
       0.6270144 , 0.60653094, 0.67584284, 0.73478821, 0.79674664]), array([0.66327102, 0.81488948, 0.6574384 , 0.57793046, 0.63136995,
       0.63479686, 0.6067062 , 0.67926755, 0.74203507, 0.78819741]), array([0.66242581, 0.82966076, 0.66115499, 0.57662208, 0.64113308,
       0.62597662, 0.61462012, 0.66782397, 0.74347511, 0.79263699])]
real metric: [array([0.97101449, 0.86079545, 0.615727  , 0.55555556, 0.73827534,
       0.39082058, 0.29045643, 0.38688086, 0.45255474, 0.70408163]), array([0.97901049, 0.88702929, 0.64447806, 0.52580195, 0.74930748,
       0.37583001, 0.28186969, 0.39124088, 0.46608947, 0.68483063]), array([0.98569385, 0.87207703, 0.63247863, 0.51878613, 0.73558368,
       0.35614525, 0.26696165, 0.37784091, 0.44923077, 0.70041609]), array([0.96322489, 0.83424658, 0.62898551, 0.52898551, 0.70914127,
       0.34866469, 0.26129944, 0.3973607 , 0.44490934, 0.67794118]), array([0.9652568 , 0.86052999, 0.60875706, 0.51386861, 0.73830409,
       0.3739255 , 0.32666667, 0.39321075, 0.46901408, 0.70103093])]

estim_algorithm = doc-model, mode = classification, metric = sensitivity, confidence_scores = energy-conf, class_specific = True
test err: [0.14367448130166932, 0.1440336048352208, 0.14898507417210136, 0.14794059433602583, 0.14329786862632643]
estimated metric: [array([0.92728688, 0.97782105, 0.80145137, 0.7803086 , 0.7006558 ,
       0.54272373, 0.59284077, 0.56584385, 0.45377049, 0.5106532 ]), array([0.92644269, 0.97829337, 0.79532518, 0.78222954, 0.70511662,
       0.55416045, 0.60928614, 0.54260784, 0.45704368, 0.50595168]), array([0.92782171, 0.97753111, 0.79733716, 0.78312482, 0.70692241,
       0.54713302, 0.5921544 , 0.53939188, 0.44896476, 0.50974755]), array([0.93005885, 0.97614951, 0.79691931, 0.77959914, 0.69790104,
       0.55500703, 0.59232965, 0.5430907 , 0.45651603, 0.49810113]), array([0.92795292, 0.97800888, 0.80058456, 0.7786806 , 0.70711089,
       0.54609524, 0.60030178, 0.53133034, 0.46018262, 0.50342361])]
real metric: [array([0.97101449, 0.86079545, 0.615727  , 0.55555556, 0.73827534,
       0.39082058, 0.29045643, 0.38688086, 0.45255474, 0.70408163]), array([0.97901049, 0.88702929, 0.64447806, 0.52580195, 0.74930748,
       0.37583001, 0.28186969, 0.39124088, 0.46608947, 0.68483063]), array([0.98569385, 0.87207703, 0.63247863, 0.51878613, 0.73558368,
       0.35614525, 0.26696165, 0.37784091, 0.44923077, 0.70041609]), array([0.96322489, 0.83424658, 0.62898551, 0.52898551, 0.70914127,
       0.34866469, 0.26129944, 0.3973607 , 0.44490934, 0.67794118]), array([0.9652568 , 0.86052999, 0.60875706, 0.51386861, 0.73830409,
       0.3739255 , 0.32666667, 0.39321075, 0.46901408, 0.70103093])]

estim_algorithm = doc-model, mode = classification, metric = sensitivity, confidence_scores = entropy-conf, class_specific = False
test err: [0.17000775268171525, 0.1741347475225996, 0.17816871340160373, 0.17515772049635356, 0.16832411072053932]
estimated metric: [array([0.68896168, 0.76770271, 0.67026732, 0.57230082, 0.6443272 ,
       0.63447319, 0.62974208, 0.70345662, 0.68782981, 0.7289908 ]), array([0.69137342, 0.77362832, 0.66387656, 0.57263453, 0.66234723,
       0.63618802, 0.65674815, 0.67746816, 0.68943795, 0.7271365 ]), array([0.68720582, 0.77230731, 0.67413847, 0.57421539, 0.65719309,
       0.64368535, 0.62918871, 0.67527278, 0.67500871, 0.73538882]), array([0.69621693, 0.76881332, 0.67602751, 0.57585878, 0.65524638,
       0.64823339, 0.64352924, 0.68927081, 0.69611667, 0.72435105]), array([0.687899  , 0.7694868 , 0.67251321, 0.57057711, 0.65876681,
       0.63677335, 0.64010022, 0.68102009, 0.68620217, 0.73459029])]
real metric: [array([0.97101449, 0.86079545, 0.615727  , 0.55555556, 0.73827534,
       0.39082058, 0.29045643, 0.38688086, 0.45255474, 0.70408163]), array([0.97901049, 0.88702929, 0.64447806, 0.52580195, 0.74930748,
       0.37583001, 0.28186969, 0.39124088, 0.46608947, 0.68483063]), array([0.98569385, 0.87207703, 0.63247863, 0.51878613, 0.73558368,
       0.35614525, 0.26696165, 0.37784091, 0.44923077, 0.70041609]), array([0.96322489, 0.83424658, 0.62898551, 0.52898551, 0.70914127,
       0.34866469, 0.26129944, 0.3973607 , 0.44490934, 0.67794118]), array([0.9652568 , 0.86052999, 0.60875706, 0.51386861, 0.73830409,
       0.3739255 , 0.32666667, 0.39321075, 0.46901408, 0.70103093])]

estim_algorithm = doc-model, mode = classification, metric = sensitivity, confidence_scores = entropy-conf, class_specific = True
test err: [0.13950459162879744, 0.13679915113484106, 0.14475070566493406, 0.14666810471479766, 0.13861460899929762]
estimated metric: [array([0.92098108, 0.9657809 , 0.78557017, 0.76826423, 0.70185588,
       0.54749618, 0.574204  , 0.56334296, 0.45946525, 0.50682163]), array([0.92321364, 0.96909908, 0.77915638, 0.76837163, 0.71987591,
       0.54918784, 0.60121007, 0.53725691, 0.46175055, 0.5044385 ]), array([0.9195156 , 0.96952961, 0.78944132, 0.76982747, 0.71472178,
       0.55668518, 0.57394922, 0.53495135, 0.44682082, 0.51245368]), array([0.92691495, 0.96675956, 0.79133036, 0.77129167, 0.71277507,
       0.56123321, 0.5880498 , 0.54905045, 0.46826094, 0.50272809]), array([0.92083876, 0.96667217, 0.78781606, 0.76684689, 0.7162955 ,
       0.54977318, 0.58464579, 0.54138751, 0.45879543, 0.51171313])]
real metric: [array([0.97101449, 0.86079545, 0.615727  , 0.55555556, 0.73827534,
       0.39082058, 0.29045643, 0.38688086, 0.45255474, 0.70408163]), array([0.97901049, 0.88702929, 0.64447806, 0.52580195, 0.74930748,
       0.37583001, 0.28186969, 0.39124088, 0.46608947, 0.68483063]), array([0.98569385, 0.87207703, 0.63247863, 0.51878613, 0.73558368,
       0.35614525, 0.26696165, 0.37784091, 0.44923077, 0.70041609]), array([0.96322489, 0.83424658, 0.62898551, 0.52898551, 0.70914127,
       0.34866469, 0.26129944, 0.3973607 , 0.44490934, 0.67794118]), array([0.9652568 , 0.86052999, 0.60875706, 0.51386861, 0.73830409,
       0.3739255 , 0.32666667, 0.39321075, 0.46901408, 0.70103093])]

estim_algorithm = doc-model, mode = classification, metric = sensitivity, confidence_scores = doctor-conf, class_specific = False
test err: [0.18471277816156592, 0.1902262153607435, 0.19553837896862397, 0.18969241168404333, 0.18483004367633615]
estimated metric: [array([0.70993646, 0.75101708, 0.68972928, 0.62925594, 0.6770318 ,
       0.67321148, 0.66600224, 0.7181584 , 0.70417217, 0.73057512]), array([0.71406676, 0.7546289 , 0.68563594, 0.63014487, 0.69215803,
       0.67051647, 0.69509137, 0.6997743 , 0.70402753, 0.73271879]), array([0.70874236, 0.75527231, 0.69542528, 0.62832197, 0.68805962,
       0.68154121, 0.67639051, 0.70198312, 0.69463195, 0.7376689 ]), array([0.71620319, 0.75399727, 0.70013259, 0.63659945, 0.69179272,
       0.67970896, 0.67824245, 0.70936267, 0.7095796 , 0.7268252 ]), array([0.71018073, 0.75225577, 0.6941539 , 0.63196305, 0.68659736,
       0.67356204, 0.67459121, 0.70302317, 0.7053238 , 0.73709985])]
real metric: [array([0.97101449, 0.86079545, 0.615727  , 0.55555556, 0.73827534,
       0.39082058, 0.29045643, 0.38688086, 0.45255474, 0.70408163]), array([0.97901049, 0.88702929, 0.64447806, 0.52580195, 0.74930748,
       0.37583001, 0.28186969, 0.39124088, 0.46608947, 0.68483063]), array([0.98569385, 0.87207703, 0.63247863, 0.51878613, 0.73558368,
       0.35614525, 0.26696165, 0.37784091, 0.44923077, 0.70041609]), array([0.96322489, 0.83424658, 0.62898551, 0.52898551, 0.70914127,
       0.34866469, 0.26129944, 0.3973607 , 0.44490934, 0.67794118]), array([0.9652568 , 0.86052999, 0.60875706, 0.51386861, 0.73830409,
       0.3739255 , 0.32666667, 0.39321075, 0.46901408, 0.70103093])]

estim_algorithm = doc-model, mode = classification, metric = sensitivity, confidence_scores = doctor-conf, class_specific = True
test err: [0.14733009690500629, 0.14435654649285046, 0.1568210814603382, 0.16194079156026295, 0.14743680482321123]
estimated metric: [array([0.92514192, 0.96375215, 0.8020388 , 0.79003863, 0.73599104,
       0.57247764, 0.60868066, 0.57494828, 0.47737358, 0.51545665]), array([0.92918574, 0.96585738, 0.79792854, 0.79051909, 0.75105774,
       0.56947902, 0.63696903, 0.55713495, 0.47821161, 0.51660045]), array([0.92374821, 0.96793145, 0.80778536, 0.78937038, 0.74685712,
       0.58043032, 0.6190199 , 0.55790083, 0.46701658, 0.5213588 ]), array([0.93102446, 0.96685571, 0.81285849, 0.7972874 , 0.75084346,
       0.57786236, 0.6207224 , 0.56637905, 0.48275576, 0.51270529]), array([0.92574681, 0.9647836 , 0.80666793, 0.79285736, 0.74549606,
       0.57205858, 0.61757327, 0.55993287, 0.47970376, 0.52096952])]
real metric: [array([0.97101449, 0.86079545, 0.615727  , 0.55555556, 0.73827534,
       0.39082058, 0.29045643, 0.38688086, 0.45255474, 0.70408163]), array([0.97901049, 0.88702929, 0.64447806, 0.52580195, 0.74930748,
       0.37583001, 0.28186969, 0.39124088, 0.46608947, 0.68483063]), array([0.98569385, 0.87207703, 0.63247863, 0.51878613, 0.73558368,
       0.35614525, 0.26696165, 0.37784091, 0.44923077, 0.70041609]), array([0.96322489, 0.83424658, 0.62898551, 0.52898551, 0.70914127,
       0.34866469, 0.26129944, 0.3973607 , 0.44490934, 0.67794118]), array([0.9652568 , 0.86052999, 0.60875706, 0.51386861, 0.73830409,
       0.3739255 , 0.32666667, 0.39321075, 0.46901408, 0.70103093])]

estim_algorithm = atc-model, mode = classification, metric = sensitivity, confidence_scores = max_class_probability-conf, class_specific = False
test err: [0.15704345829608077, 0.15978920748257228, 0.15309629428544497, 0.16053310999457715, 0.14381363481769766]
estimated metric: [array([0.65850144, 0.80423281, 0.61435727, 0.44972068, 0.57260557,
       0.54624279, 0.55760371, 0.68524591, 0.64661655, 0.71756979]), array([0.66764419, 0.82569975, 0.59722223, 0.43669987, 0.61128206,
       0.5231214 , 0.64179106, 0.66780823, 0.61728396, 0.7006689 ]), array([0.65142857, 0.80735108, 0.61349694, 0.42507205, 0.59561129,
       0.54375001, 0.55913981, 0.61111112, 0.5891892 , 0.72670808]), array([0.67226107, 0.80371353, 0.61597543, 0.43115439, 0.61164022,
       0.58303888, 0.61658033, 0.65397925, 0.62595421, 0.72611465]), array([0.65247186, 0.80946124, 0.62063734, 0.42877908, 0.62076272,
       0.5446154 , 0.59109313, 0.64548496, 0.60756502, 0.73486089])]
real metric: [array([0.97101449, 0.86079545, 0.615727  , 0.55555556, 0.73827534,
       0.39082058, 0.29045643, 0.38688086, 0.45255474, 0.70408163]), array([0.97901049, 0.88702929, 0.64447806, 0.52580195, 0.74930748,
       0.37583001, 0.28186969, 0.39124088, 0.46608947, 0.68483063]), array([0.98569385, 0.87207703, 0.63247863, 0.51878613, 0.73558368,
       0.35614525, 0.26696165, 0.37784091, 0.44923077, 0.70041609]), array([0.96322489, 0.83424658, 0.62898551, 0.52898551, 0.70914127,
       0.34866469, 0.26129944, 0.3973607 , 0.44490934, 0.67794118]), array([0.9652568 , 0.86052999, 0.60875706, 0.51386861, 0.73830409,
       0.3739255 , 0.32666667, 0.39321075, 0.46901408, 0.70103093])]

estim_algorithm = atc-model, mode = classification, metric = sensitivity, confidence_scores = max_class_probability-conf, class_specific = True
test err: [0.12432926733050723, 0.11815369088072473, 0.12402779639236587, 0.13422494533817114, 0.12452385820222456]
estimated metric: [array([0.92411143, 0.95899471, 0.75959934, 0.74022347, 0.62718847,
       0.47109828, 0.47004611, 0.50163936, 0.37844613, 0.49425288]), array([0.93108504, 0.96946565, 0.74845679, 0.75248933, 0.65435898,
       0.46242776, 0.50248759, 0.42808221, 0.37777779, 0.4916388 ]), array([0.91952381, 0.9721166 , 0.76687117, 0.73631124, 0.6447231 ,
       0.46562502, 0.44623659, 0.42708335, 0.35945948, 0.49689442]), array([0.93613054, 0.97082228, 0.78648234, 0.77051461, 0.65925926,
       0.51236751, 0.50777205, 0.4463668 , 0.39694658, 0.45541402]), array([0.92755751, 0.96714849, 0.75417299, 0.75726745, 0.65889831,
       0.45538463, 0.49797573, 0.44816055, 0.36879434, 0.47626842])]
real metric: [array([0.97101449, 0.86079545, 0.615727  , 0.55555556, 0.73827534,
       0.39082058, 0.29045643, 0.38688086, 0.45255474, 0.70408163]), array([0.97901049, 0.88702929, 0.64447806, 0.52580195, 0.74930748,
       0.37583001, 0.28186969, 0.39124088, 0.46608947, 0.68483063]), array([0.98569385, 0.87207703, 0.63247863, 0.51878613, 0.73558368,
       0.35614525, 0.26696165, 0.37784091, 0.44923077, 0.70041609]), array([0.96322489, 0.83424658, 0.62898551, 0.52898551, 0.70914127,
       0.34866469, 0.26129944, 0.3973607 , 0.44490934, 0.67794118]), array([0.9652568 , 0.86052999, 0.60875706, 0.51386861, 0.73830409,
       0.3739255 , 0.32666667, 0.39321075, 0.46901408, 0.70103093])]

estim_algorithm = atc-model, mode = classification, metric = sensitivity, confidence_scores = energy-conf, class_specific = False
test err: [0.19852562129211293, 0.20097975206311758, 0.1846336570334281, 0.2037700606866399, 0.1787240611712628]
estimated metric: [array([0.54178675, 0.87037037, 0.50584308, 0.22486035, 0.42945418,
       0.40462429, 0.35944703, 0.64590165, 0.7744361 , 0.83743843]), array([0.54594331, 0.87022901, 0.4830247 , 0.24466573, 0.43282052,
       0.44797689, 0.37313436, 0.5821918 , 0.76296297, 0.83444816]), array([0.55428572, 0.86818758, 0.48619633, 0.23631125, 0.43887148,
       0.40000002, 0.29032262, 0.55902779, 0.74054055, 0.84627329]), array([0.55897436, 0.85941645, 0.47619048, 0.2225313 , 0.3978836 ,
       0.42402829, 0.35233164, 0.57093427, 0.78625955, 0.83439491]), array([0.54968184, 0.87253614, 0.49013658, 0.2136628 , 0.46292373,
       0.3969231 , 0.34817816, 0.57190637, 0.76122932, 0.85106383])]
real metric: [array([0.97101449, 0.86079545, 0.615727  , 0.55555556, 0.73827534,
       0.39082058, 0.29045643, 0.38688086, 0.45255474, 0.70408163]), array([0.97901049, 0.88702929, 0.64447806, 0.52580195, 0.74930748,
       0.37583001, 0.28186969, 0.39124088, 0.46608947, 0.68483063]), array([0.98569385, 0.87207703, 0.63247863, 0.51878613, 0.73558368,
       0.35614525, 0.26696165, 0.37784091, 0.44923077, 0.70041609]), array([0.96322489, 0.83424658, 0.62898551, 0.52898551, 0.70914127,
       0.34866469, 0.26129944, 0.3973607 , 0.44490934, 0.67794118]), array([0.9652568 , 0.86052999, 0.60875706, 0.51386861, 0.73830409,
       0.3739255 , 0.32666667, 0.39321075, 0.46901408, 0.70103093])]

estim_algorithm = atc-model, mode = classification, metric = sensitivity, confidence_scores = energy-conf, class_specific = True
test err: [0.10934262260260508, 0.09316112016696332, 0.0981321421450438, 0.09015545084779028, 0.0907085224005257]
estimated metric: [array([0.8376561 , 0.96957672, 0.68280468, 0.5377095 , 0.47373842,
       0.32080927, 0.35483874, 0.48852461, 0.43107771, 0.45977012]), array([0.83528837, 0.96819338, 0.66203704, 0.5490754 , 0.47076924,
       0.35838152, 0.36815924, 0.4452055 , 0.42962964, 0.4916388 ]), array([0.83047619, 0.9721166 , 0.66257669, 0.56628243, 0.47753397,
       0.31250002, 0.28494628, 0.44444446, 0.42162164, 0.46583852]), array([0.84801865, 0.96419098, 0.67127497, 0.54381085, 0.44867725,
       0.36042405, 0.33160625, 0.43598618, 0.44529263, 0.46019109]), array([0.84140969, 0.96846255, 0.68588771, 0.55377908, 0.49258475,
       0.31384617, 0.32793525, 0.41471574, 0.46572105, 0.47463176])]
real metric: [array([0.97101449, 0.86079545, 0.615727  , 0.55555556, 0.73827534,
       0.39082058, 0.29045643, 0.38688086, 0.45255474, 0.70408163]), array([0.97901049, 0.88702929, 0.64447806, 0.52580195, 0.74930748,
       0.37583001, 0.28186969, 0.39124088, 0.46608947, 0.68483063]), array([0.98569385, 0.87207703, 0.63247863, 0.51878613, 0.73558368,
       0.35614525, 0.26696165, 0.37784091, 0.44923077, 0.70041609]), array([0.96322489, 0.83424658, 0.62898551, 0.52898551, 0.70914127,
       0.34866469, 0.26129944, 0.3973607 , 0.44490934, 0.67794118]), array([0.9652568 , 0.86052999, 0.60875706, 0.51386861, 0.73830409,
       0.3739255 , 0.32666667, 0.39321075, 0.46901408, 0.70103093])]

estim_algorithm = atc-model, mode = classification, metric = sensitivity, confidence_scores = entropy-conf, class_specific = False
test err: [0.15492665971000003, 0.16130248022663687, 0.15342025607994852, 0.16572814107351033, 0.14675328236630686]
estimated metric: [array([0.64313161, 0.80026455, 0.60601002, 0.41480448, 0.54685891,
       0.51734105, 0.51152076, 0.66229509, 0.64160402, 0.71100165]), array([0.64173998, 0.83206107, 0.58179013, 0.39687056, 0.58564103,
       0.50867053, 0.60199007, 0.630137  , 0.62222223, 0.70234114]), array([0.63047619, 0.80608365, 0.58588958, 0.39625361, 0.57680251,
       0.52187501, 0.51075271, 0.59722224, 0.5837838 , 0.72204969]), array([0.65407926, 0.79973475, 0.59447005, 0.40333798, 0.57142858,
       0.55477033, 0.57512956, 0.64359863, 0.64631044, 0.72611465]), array([0.63387176, 0.80683312, 0.59939303, 0.39389536, 0.59851695,
       0.52615386, 0.57085022, 0.63210704, 0.60992909, 0.73813421])]
real metric: [array([0.97101449, 0.86079545, 0.615727  , 0.55555556, 0.73827534,
       0.39082058, 0.29045643, 0.38688086, 0.45255474, 0.70408163]), array([0.97901049, 0.88702929, 0.64447806, 0.52580195, 0.74930748,
       0.37583001, 0.28186969, 0.39124088, 0.46608947, 0.68483063]), array([0.98569385, 0.87207703, 0.63247863, 0.51878613, 0.73558368,
       0.35614525, 0.26696165, 0.37784091, 0.44923077, 0.70041609]), array([0.96322489, 0.83424658, 0.62898551, 0.52898551, 0.70914127,
       0.34866469, 0.26129944, 0.3973607 , 0.44490934, 0.67794118]), array([0.9652568 , 0.86052999, 0.60875706, 0.51386861, 0.73830409,
       0.3739255 , 0.32666667, 0.39321075, 0.46901408, 0.70103093])]

estim_algorithm = atc-model, mode = classification, metric = sensitivity, confidence_scores = entropy-conf, class_specific = True
test err: [0.12137000813620547, 0.1135059288631195, 0.11836962897047303, 0.12495513016941558, 0.11647942917555584]
estimated metric: [array([0.87463977, 0.95767196, 0.7345576 , 0.67458101, 0.58393409,
       0.45953759, 0.45622122, 0.50163936, 0.37844613, 0.49917899]), array([0.87927664, 0.95928753, 0.71450618, 0.67852063, 0.62153847,
       0.45375724, 0.49751246, 0.4212329 , 0.37530866, 0.48662208]), array([0.87809524, 0.96577947, 0.74693252, 0.68299712, 0.60815047,
       0.43750002, 0.41935487, 0.42013891, 0.35405407, 0.49534162]), array([0.88671329, 0.96286472, 0.74500768, 0.68150209, 0.61481482,
       0.48763253, 0.49222801, 0.43598618, 0.39440205, 0.45541402]), array([0.8825257 , 0.96189225, 0.72230653, 0.67877907, 0.62817797,
       0.44000002, 0.47368423, 0.44816055, 0.36643028, 0.47954174])]
real metric: [array([0.97101449, 0.86079545, 0.615727  , 0.55555556, 0.73827534,
       0.39082058, 0.29045643, 0.38688086, 0.45255474, 0.70408163]), array([0.97901049, 0.88702929, 0.64447806, 0.52580195, 0.74930748,
       0.37583001, 0.28186969, 0.39124088, 0.46608947, 0.68483063]), array([0.98569385, 0.87207703, 0.63247863, 0.51878613, 0.73558368,
       0.35614525, 0.26696165, 0.37784091, 0.44923077, 0.70041609]), array([0.96322489, 0.83424658, 0.62898551, 0.52898551, 0.70914127,
       0.34866469, 0.26129944, 0.3973607 , 0.44490934, 0.67794118]), array([0.9652568 , 0.86052999, 0.60875706, 0.51386861, 0.73830409,
       0.3739255 , 0.32666667, 0.39321075, 0.46901408, 0.70103093])]

estim_algorithm = atc-model, mode = classification, metric = sensitivity, confidence_scores = doctor-conf, class_specific = False
test err: [0.156829689409352, 0.15811154506092978, 0.15230434778400043, 0.16024410525057192, 0.14492953242462098]
estimated metric: [array([0.65898175, 0.8015873 , 0.61435727, 0.44413409, 0.57054583,
       0.53757227, 0.55760371, 0.68196722, 0.64661655, 0.71756979]), array([0.66617791, 0.83078881, 0.59722223, 0.42958749, 0.60923077,
       0.52023123, 0.63184081, 0.65753426, 0.6197531 , 0.69899666]), array([0.64857143, 0.8035488 , 0.61042945, 0.41930837, 0.59352143,
       0.53750001, 0.54838712, 0.60416668, 0.5891892 , 0.72515528]), array([0.66899767, 0.80371353, 0.61136713, 0.42976357, 0.60740741,
       0.57597175, 0.61139898, 0.65397925, 0.62340968, 0.7245223 ]), array([0.65100343, 0.80814718, 0.61456753, 0.42296512, 0.61546611,
       0.54153848, 0.59514172, 0.64548496, 0.60992909, 0.73486089])]
real metric: [array([0.97101449, 0.86079545, 0.615727  , 0.55555556, 0.73827534,
       0.39082058, 0.29045643, 0.38688086, 0.45255474, 0.70408163]), array([0.97901049, 0.88702929, 0.64447806, 0.52580195, 0.74930748,
       0.37583001, 0.28186969, 0.39124088, 0.46608947, 0.68483063]), array([0.98569385, 0.87207703, 0.63247863, 0.51878613, 0.73558368,
       0.35614525, 0.26696165, 0.37784091, 0.44923077, 0.70041609]), array([0.96322489, 0.83424658, 0.62898551, 0.52898551, 0.70914127,
       0.34866469, 0.26129944, 0.3973607 , 0.44490934, 0.67794118]), array([0.9652568 , 0.86052999, 0.60875706, 0.51386861, 0.73830409,
       0.3739255 , 0.32666667, 0.39321075, 0.46901408, 0.70103093])]

estim_algorithm = atc-model, mode = classification, metric = sensitivity, confidence_scores = doctor-conf, class_specific = True
test err: [0.12048748047495439, 0.1118284986097492, 0.12040024768544, 0.12899194836522385, 0.1187282317696153]
estimated metric: [array([0.89385207, 0.95238095, 0.74457429, 0.69832403, 0.6261586 ,
       0.46820811, 0.47004611, 0.49836067, 0.37844613, 0.49425288]), array([0.8998045 , 0.96437659, 0.72376544, 0.69701281, 0.6523077 ,
       0.45953759, 0.49253734, 0.42465755, 0.37283952, 0.4916388 ]), array([0.89714286, 0.96577947, 0.75306749, 0.70028819, 0.64054337,
       0.45625002, 0.44623659, 0.42708335, 0.35675677, 0.49689442]), array([0.9030303 , 0.96551724, 0.76497696, 0.71905425, 0.65925926,
       0.50530037, 0.5025907 , 0.4463668 , 0.39185752, 0.45541402]), array([0.89769946, 0.95795007, 0.73748104, 0.70203489, 0.65677966,
       0.45230771, 0.48987856, 0.44816055, 0.36643028, 0.47626842])]
real metric: [array([0.97101449, 0.86079545, 0.615727  , 0.55555556, 0.73827534,
       0.39082058, 0.29045643, 0.38688086, 0.45255474, 0.70408163]), array([0.97901049, 0.88702929, 0.64447806, 0.52580195, 0.74930748,
       0.37583001, 0.28186969, 0.39124088, 0.46608947, 0.68483063]), array([0.98569385, 0.87207703, 0.63247863, 0.51878613, 0.73558368,
       0.35614525, 0.26696165, 0.37784091, 0.44923077, 0.70041609]), array([0.96322489, 0.83424658, 0.62898551, 0.52898551, 0.70914127,
       0.34866469, 0.26129944, 0.3973607 , 0.44490934, 0.67794118]), array([0.9652568 , 0.86052999, 0.60875706, 0.51386861, 0.73830409,
       0.3739255 , 0.32666667, 0.39321075, 0.46901408, 0.70103093])]

estim_algorithm = ts-atc-model, mode = classification, metric = sensitivity, confidence_scores = max_class_probability-conf, class_specific = False
test err: [0.1679893446675245, 0.17286917136388352, 0.15403729990276457, 0.17681420719482444, 0.15471574640225655]
estimated metric: [array([0.5975024 , 0.80555556, 0.58096829, 0.34776537, 0.507724  ,
       0.50000001, 0.46543781, 0.64590165, 0.65914788, 0.73234812]), array([0.59872923, 0.84351145, 0.55709877, 0.32859176, 0.5374359 ,
       0.49421967, 0.53731346, 0.59246577, 0.65185186, 0.73244148]), array([0.60428572, 0.82002535, 0.56288344, 0.3501441 , 0.54022989,
       0.46562502, 0.4354839 , 0.58333335, 0.60810812, 0.73136646]), array([0.62331003, 0.81167109, 0.55913979, 0.31988874, 0.51534392,
       0.5017668 , 0.5025907 , 0.63667821, 0.68956744, 0.73248408]), array([0.6020558 , 0.81997372, 0.57814872, 0.31831396, 0.53919492,
       0.45846156, 0.50202431, 0.62541807, 0.63829788, 0.75777414])]
real metric: [array([0.97101449, 0.86079545, 0.615727  , 0.55555556, 0.73827534,
       0.39082058, 0.29045643, 0.38688086, 0.45255474, 0.70408163]), array([0.97901049, 0.88702929, 0.64447806, 0.52580195, 0.74930748,
       0.37583001, 0.28186969, 0.39124088, 0.46608947, 0.68483063]), array([0.98569385, 0.87207703, 0.63247863, 0.51878613, 0.73558368,
       0.35614525, 0.26696165, 0.37784091, 0.44923077, 0.70041609]), array([0.96322489, 0.83424658, 0.62898551, 0.52898551, 0.70914127,
       0.34866469, 0.26129944, 0.3973607 , 0.44490934, 0.67794118]), array([0.9652568 , 0.86052999, 0.60875706, 0.51386861, 0.73830409,
       0.3739255 , 0.32666667, 0.39321075, 0.46901408, 0.70103093])]

estim_algorithm = ts-atc-model, mode = classification, metric = sensitivity, confidence_scores = max_class_probability-conf, class_specific = True
test err: [0.11406436405779945, 0.10851572155188341, 0.10332620311235838, 0.11752880429087897, 0.10237212472956603]
estimated metric: [array([0.94236311, 0.96164021, 0.74791319, 0.74860336, 0.57981463,
       0.37861273, 0.41013828, 0.51475411, 0.41604011, 0.47290641]), array([0.94770284, 0.97455471, 0.72530865, 0.75106686, 0.60615385,
       0.39884395, 0.46268659, 0.44178084, 0.40493829, 0.4832776 ]), array([0.94190476, 0.96451204, 0.75      , 0.74207493, 0.60292581,
       0.37812502, 0.3494624 , 0.42013891, 0.39459461, 0.47826088]), array([0.94731935, 0.96419098, 0.77112136, 0.77468707, 0.5968254 ,
       0.42402829, 0.40932646, 0.43944639, 0.40203564, 0.45700638]), array([0.94419971, 0.96452037, 0.73748104, 0.76453489, 0.62076272,
       0.38769233, 0.39271258, 0.43143815, 0.42316786, 0.46317513])]
real metric: [array([0.97101449, 0.86079545, 0.615727  , 0.55555556, 0.73827534,
       0.39082058, 0.29045643, 0.38688086, 0.45255474, 0.70408163]), array([0.97901049, 0.88702929, 0.64447806, 0.52580195, 0.74930748,
       0.37583001, 0.28186969, 0.39124088, 0.46608947, 0.68483063]), array([0.98569385, 0.87207703, 0.63247863, 0.51878613, 0.73558368,
       0.35614525, 0.26696165, 0.37784091, 0.44923077, 0.70041609]), array([0.96322489, 0.83424658, 0.62898551, 0.52898551, 0.70914127,
       0.34866469, 0.26129944, 0.3973607 , 0.44490934, 0.67794118]), array([0.9652568 , 0.86052999, 0.60875706, 0.51386861, 0.73830409,
       0.3739255 , 0.32666667, 0.39321075, 0.46901408, 0.70103093])]

estim_algorithm = ts-atc-model, mode = classification, metric = sensitivity, confidence_scores = energy-conf, class_specific = False
test err: [0.21164626912109402, 0.21947039927548645, 0.20692866169877258, 0.22094751051619502, 0.19931653983307437]
estimated metric: [array([0.49519693, 0.87962963, 0.47746245, 0.20391063, 0.41709578,
       0.37572256, 0.2995392 , 0.67868854, 0.77944863, 0.87192118]), array([0.48924731, 0.87531807, 0.45987655, 0.21337128, 0.41435898,
       0.44508672, 0.34825874, 0.61301371, 0.78518519, 0.86956522]), array([0.50285715, 0.86311787, 0.42791412, 0.21613834, 0.40961338,
       0.38750002, 0.29032262, 0.56597224, 0.76756757, 0.88354037]), array([0.50815851, 0.86206897, 0.42242704, 0.17663423, 0.38201059,
       0.41342758, 0.29015548, 0.61591697, 0.79134861, 0.85987261]), array([0.49730788, 0.87647832, 0.44157816, 0.18750001, 0.43008475,
       0.40307694, 0.33603242, 0.58193981, 0.77304965, 0.87725041])]
real metric: [array([0.97101449, 0.86079545, 0.615727  , 0.55555556, 0.73827534,
       0.39082058, 0.29045643, 0.38688086, 0.45255474, 0.70408163]), array([0.97901049, 0.88702929, 0.64447806, 0.52580195, 0.74930748,
       0.37583001, 0.28186969, 0.39124088, 0.46608947, 0.68483063]), array([0.98569385, 0.87207703, 0.63247863, 0.51878613, 0.73558368,
       0.35614525, 0.26696165, 0.37784091, 0.44923077, 0.70041609]), array([0.96322489, 0.83424658, 0.62898551, 0.52898551, 0.70914127,
       0.34866469, 0.26129944, 0.3973607 , 0.44490934, 0.67794118]), array([0.9652568 , 0.86052999, 0.60875706, 0.51386861, 0.73830409,
       0.3739255 , 0.32666667, 0.39321075, 0.46901408, 0.70103093])]

estim_algorithm = ts-atc-model, mode = classification, metric = sensitivity, confidence_scores = energy-conf, class_specific = True
test err: [0.10285755704263674, 0.090320888266881, 0.0892201172144213, 0.0851502955735309, 0.09026297871418734]
estimated metric: [array([0.84341979, 0.96296296, 0.6527546 , 0.48603353, 0.44284244,
       0.28901736, 0.33179727, 0.44262297, 0.46365916, 0.51724139]), array([0.83382209, 0.96310433, 0.64814815, 0.49644382, 0.44000001,
       0.32658961, 0.37313436, 0.38356166, 0.44444446, 0.51505018]), array([0.82952381, 0.96451204, 0.63343559, 0.50720462, 0.43678162,
       0.29687502, 0.31720434, 0.40972224, 0.45675677, 0.51708075]), array([0.85314685, 0.95490716, 0.65284179, 0.48400557, 0.41058202,
       0.31095409, 0.30051817, 0.40484431, 0.44274811, 0.5111465 ]), array([0.84581498, 0.95663601, 0.66616085, 0.5014535 , 0.46080509,
       0.29538464, 0.35627533, 0.35451507, 0.48463358, 0.5237316 ])]
real metric: [array([0.97101449, 0.86079545, 0.615727  , 0.55555556, 0.73827534,
       0.39082058, 0.29045643, 0.38688086, 0.45255474, 0.70408163]), array([0.97901049, 0.88702929, 0.64447806, 0.52580195, 0.74930748,
       0.37583001, 0.28186969, 0.39124088, 0.46608947, 0.68483063]), array([0.98569385, 0.87207703, 0.63247863, 0.51878613, 0.73558368,
       0.35614525, 0.26696165, 0.37784091, 0.44923077, 0.70041609]), array([0.96322489, 0.83424658, 0.62898551, 0.52898551, 0.70914127,
       0.34866469, 0.26129944, 0.3973607 , 0.44490934, 0.67794118]), array([0.9652568 , 0.86052999, 0.60875706, 0.51386861, 0.73830409,
       0.3739255 , 0.32666667, 0.39321075, 0.46901408, 0.70103093])]

estim_algorithm = ts-atc-model, mode = classification, metric = sensitivity, confidence_scores = entropy-conf, class_specific = False
test err: [0.1786747795101359, 0.18115300627675018, 0.16616287701968727, 0.18555995561528887, 0.16511132828668812]
estimated metric: [array([0.58021134, 0.81746032, 0.57095159, 0.27513967, 0.47991762,
       0.45375724, 0.42396316, 0.64262296, 0.70175439, 0.77175698]), array([0.58064516, 0.85750636, 0.54166667, 0.28307256, 0.4974359 ,
       0.46242776, 0.47761197, 0.56506851, 0.7234568 , 0.75752509]), array([0.59190476, 0.84030418, 0.54141105, 0.29106629, 0.49216301,
       0.43437502, 0.36559143, 0.59375001, 0.67297298, 0.75776398]), array([0.5986014 , 0.83421751, 0.53609832, 0.27816413, 0.46455027,
       0.48056539, 0.43005184, 0.59515572, 0.76590331, 0.7611465 ]), array([0.58394518, 0.84231275, 0.54021245, 0.27325582, 0.50317797,
       0.43692309, 0.40485832, 0.61872911, 0.72340426, 0.78723405])]
real metric: [array([0.97101449, 0.86079545, 0.615727  , 0.55555556, 0.73827534,
       0.39082058, 0.29045643, 0.38688086, 0.45255474, 0.70408163]), array([0.97901049, 0.88702929, 0.64447806, 0.52580195, 0.74930748,
       0.37583001, 0.28186969, 0.39124088, 0.46608947, 0.68483063]), array([0.98569385, 0.87207703, 0.63247863, 0.51878613, 0.73558368,
       0.35614525, 0.26696165, 0.37784091, 0.44923077, 0.70041609]), array([0.96322489, 0.83424658, 0.62898551, 0.52898551, 0.70914127,
       0.34866469, 0.26129944, 0.3973607 , 0.44490934, 0.67794118]), array([0.9652568 , 0.86052999, 0.60875706, 0.51386861, 0.73830409,
       0.3739255 , 0.32666667, 0.39321075, 0.46901408, 0.70103093])]

estim_algorithm = ts-atc-model, mode = classification, metric = sensitivity, confidence_scores = entropy-conf, class_specific = True
test err: [0.11217147350963327, 0.10224223527188311, 0.10563648587141412, 0.11325539716237101, 0.09978685064640576]
estimated metric: [array([0.92651297, 0.96164021, 0.71953256, 0.69832403, 0.54994851,
       0.37572256, 0.36866362, 0.53442624, 0.41102758, 0.4449918 ]), array([0.92913001, 0.97201018, 0.70370371, 0.69132291, 0.57948718,
       0.40751447, 0.41791048, 0.45205481, 0.40987656, 0.47658864]), array([0.92333333, 0.96197719, 0.73773007, 0.69740634, 0.57889238,
       0.38125002, 0.33333337, 0.45833335, 0.40000002, 0.45807454]), array([0.93566434, 0.96949602, 0.74654378, 0.7162726 , 0.55449736,
       0.39575974, 0.38341972, 0.45674742, 0.40966923, 0.43152867]), array([0.92657856, 0.96846255, 0.71927163, 0.7005814 , 0.59216102,
       0.36923079, 0.3643725 , 0.46153848, 0.43262413, 0.44026187])]
real metric: [array([0.97101449, 0.86079545, 0.615727  , 0.55555556, 0.73827534,
       0.39082058, 0.29045643, 0.38688086, 0.45255474, 0.70408163]), array([0.97901049, 0.88702929, 0.64447806, 0.52580195, 0.74930748,
       0.37583001, 0.28186969, 0.39124088, 0.46608947, 0.68483063]), array([0.98569385, 0.87207703, 0.63247863, 0.51878613, 0.73558368,
       0.35614525, 0.26696165, 0.37784091, 0.44923077, 0.70041609]), array([0.96322489, 0.83424658, 0.62898551, 0.52898551, 0.70914127,
       0.34866469, 0.26129944, 0.3973607 , 0.44490934, 0.67794118]), array([0.9652568 , 0.86052999, 0.60875706, 0.51386861, 0.73830409,
       0.3739255 , 0.32666667, 0.39321075, 0.46901408, 0.70103093])]

estim_algorithm = ts-atc-model, mode = classification, metric = sensitivity, confidence_scores = doctor-conf, class_specific = False
test err: [0.180668848385031, 0.18140486734175137, 0.1681658889632843, 0.18653446341944974, 0.16575876017096874]
estimated metric: [array([0.57829011, 0.81746032, 0.56594325, 0.27374303, 0.47785788,
       0.45086707, 0.42396316, 0.64262296, 0.70927319, 0.77668309]), array([0.57771261, 0.85877863, 0.53858025, 0.28449503, 0.49538462,
       0.45375724, 0.47761197, 0.56506851, 0.72592593, 0.76086957]), array([0.59142857, 0.84537389, 0.53374234, 0.28818445, 0.49007315,
       0.43437502, 0.36559143, 0.59722224, 0.67837839, 0.76086957]), array([0.595338  , 0.83421751, 0.53149002, 0.27399167, 0.46243387,
       0.47349825, 0.41968915, 0.59861593, 0.76590331, 0.77070064]), array([0.57953989, 0.84625493, 0.54021245, 0.26889536, 0.50000001,
       0.43692309, 0.39271258, 0.62207359, 0.72576833, 0.79214403])]
real metric: [array([0.97101449, 0.86079545, 0.615727  , 0.55555556, 0.73827534,
       0.39082058, 0.29045643, 0.38688086, 0.45255474, 0.70408163]), array([0.97901049, 0.88702929, 0.64447806, 0.52580195, 0.74930748,
       0.37583001, 0.28186969, 0.39124088, 0.46608947, 0.68483063]), array([0.98569385, 0.87207703, 0.63247863, 0.51878613, 0.73558368,
       0.35614525, 0.26696165, 0.37784091, 0.44923077, 0.70041609]), array([0.96322489, 0.83424658, 0.62898551, 0.52898551, 0.70914127,
       0.34866469, 0.26129944, 0.3973607 , 0.44490934, 0.67794118]), array([0.9652568 , 0.86052999, 0.60875706, 0.51386861, 0.73830409,
       0.3739255 , 0.32666667, 0.39321075, 0.46901408, 0.70103093])]

estim_algorithm = ts-atc-model, mode = classification, metric = sensitivity, confidence_scores = doctor-conf, class_specific = True
test err: [0.11150176688010596, 0.10270888298124634, 0.10665564206047166, 0.11359671337842711, 0.09990444304477279]
estimated metric: [array([0.91498559, 0.9510582 , 0.71452421, 0.68715084, 0.55406798,
       0.37283239, 0.38248851, 0.53114756, 0.40852132, 0.44827587]), array([0.91935484, 0.96564886, 0.69290124, 0.68705548, 0.58051282,
       0.40751447, 0.44776122, 0.45205481, 0.41234569, 0.48662208]), array([0.90666667, 0.96324461, 0.72852761, 0.69020173, 0.58516197,
       0.38125002, 0.3494624 , 0.45138891, 0.3864865 , 0.46583852]), array([0.91934732, 0.96551724, 0.74193549, 0.69958276, 0.55343916,
       0.39575974, 0.39378241, 0.45674742, 0.4071247 , 0.43312103]), array([0.91483113, 0.96057819, 0.71471928, 0.69476745, 0.58792373,
       0.36615387, 0.37651824, 0.45484952, 0.42789599, 0.45008184])]
real metric: [array([0.97101449, 0.86079545, 0.615727  , 0.55555556, 0.73827534,
       0.39082058, 0.29045643, 0.38688086, 0.45255474, 0.70408163]), array([0.97901049, 0.88702929, 0.64447806, 0.52580195, 0.74930748,
       0.37583001, 0.28186969, 0.39124088, 0.46608947, 0.68483063]), array([0.98569385, 0.87207703, 0.63247863, 0.51878613, 0.73558368,
       0.35614525, 0.26696165, 0.37784091, 0.44923077, 0.70041609]), array([0.96322489, 0.83424658, 0.62898551, 0.52898551, 0.70914127,
       0.34866469, 0.26129944, 0.3973607 , 0.44490934, 0.67794118]), array([0.9652568 , 0.86052999, 0.60875706, 0.51386861, 0.73830409,
       0.3739255 , 0.32666667, 0.39321075, 0.46901408, 0.70103093])]

