estim_algorithm = moval-ensemble-cls-f1score, mode = classification, metric = f1score
test err: [0.11108062160389039, 0.11845336933880699, 0.13038655931739251, 0.11821372304499633, 0.12069749980376657]
estimated metric: [array([0.53451179, 0.76340243, 0.58917039, 0.6742671 , 0.70507309,
       0.35106385, 0.55565612, 0.47148292, 0.35734876, 0.1860467 ]), array([0.53596032, 0.76907976, 0.58869523, 0.67839661, 0.73467639,
       0.39958161, 0.54368933, 0.48677251, 0.38341974, 0.36734707]), array([0.53026172, 0.76677011, 0.60165289, 0.66701111, 0.74839891,
       0.38115634, 0.52328161, 0.42857146, 0.43478265, 0.42553204]), array([0.54033614, 0.77646503, 0.58133421, 0.68725047, 0.71282923,
       0.43304845, 0.58789627, 0.38790039, 0.35294123, 0.48235303]), array([0.53124586, 0.75513197, 0.5966656 , 0.67836586, 0.72242315,
       0.40693432, 0.60305345, 0.36470592, 0.33928577, 0.36734707])]
real metric: [array([0.51454697, 0.74813896, 0.5053243 , 0.43245576, 0.51845638,
       0.44676806, 0.44970414, 0.31377246, 0.23067174, 0.10878661]), array([0.53166599, 0.77284595, 0.5097493 , 0.44103874, 0.54211843,
       0.37550201, 0.46551724, 0.32828871, 0.23057644, 0.11331445]), array([0.51045016, 0.75078468, 0.51127098, 0.4636622 , 0.50487157,
       0.39612487, 0.41970021, 0.33653846, 0.2418136 , 0.09827357]), array([0.51978342, 0.78495298, 0.5166745 , 0.4645602 , 0.53431373,
       0.40118577, 0.45559039, 0.34345794, 0.23605707, 0.12061711]), array([0.50590087, 0.74951204, 0.49056604, 0.44622222, 0.53807107,
       0.44234801, 0.42961418, 0.3094959 , 0.21132075, 0.10596026])]

