estim_algorithm = ac-model, mode = classification, metric = auc, confidence_scores = max_class_probability-conf, class_specific = False
test err: [0.027183408035052627, 0.028231374676697618, 0.02795754441244993, 0.029413115080911222, 0.02766223301328774]
estimated metric: [array([0.98627472, 0.98894537, 0.98531435, 0.97899384, 0.98544927,
       0.98318869, 0.98472946, 0.98322644, 0.98357974, 0.98348577]), array([0.98632694, 0.98937586, 0.98522916, 0.97869704, 0.98560559,
       0.98302135, 0.98388813, 0.98476116, 0.98450826, 0.98396167]), array([0.98588652, 0.9889777 , 0.98487846, 0.97876893, 0.98547641,
       0.98245315, 0.98300311, 0.98372021, 0.9835319 , 0.98418773]), array([0.98633378, 0.98916709, 0.98500138, 0.97851754, 0.98551571,
       0.98315678, 0.98254669, 0.98361465, 0.98435042, 0.98389991]), array([0.98646376, 0.98914276, 0.98473167, 0.97941994, 0.98524944,
       0.98345144, 0.98354942, 0.98416108, 0.98299255, 0.98451719])]
real metric: [array([0.98064417, 0.99199642, 0.95720764, 0.92649325, 0.95644213,
       0.9225786 , 0.93479045, 0.95818011, 0.97454467, 0.97457823]), array([0.97812545, 0.99183479, 0.95787852, 0.92726168, 0.95287525,
       0.92954699, 0.93505438, 0.95728523, 0.96998617, 0.9681308 ]), array([0.9805091 , 0.99035771, 0.95057284, 0.92592841, 0.95291925,
       0.93217828, 0.93638847, 0.95627512, 0.96836135, 0.97057816]), array([0.98179071, 0.99108416, 0.95323559, 0.9168652 , 0.95367081,
       0.92017111, 0.94132791, 0.95172564, 0.97217214, 0.96976365]), array([0.97763439, 0.99303364, 0.95685522, 0.93445088, 0.95141181,
       0.93203777, 0.93396844, 0.95464328, 0.97011719, 0.97068605])]

estim_algorithm = ac-model, mode = classification, metric = auc, confidence_scores = energy-conf, class_specific = False
test err: [0.1605882667699058, 0.1518749982256619, 0.15129727587924674, 0.1453933349234312, 0.1498119875432794]
estimated metric: [array([0.74720704, 0.86383221, 0.80739802, 0.8378494 , 0.78550575,
       0.72491687, 0.75775534, 0.80128545, 0.79228327, 0.85353965]), array([0.76781444, 0.8915611 , 0.85159077, 0.74408618, 0.89710804,
       0.75266404, 0.74966387, 0.75620861, 0.79552115, 0.84301108]), array([0.73421601, 0.90635295, 0.84503524, 0.81559298, 0.8278218 ,
       0.74798502, 0.76630304, 0.78479408, 0.7357305 , 0.8872643 ]), array([0.78106415, 0.89879377, 0.78923472, 0.83060118, 0.91261531,
       0.73017414, 0.6949364 , 0.83179052, 0.8227571 , 0.80590628]), array([0.76074656, 0.90028127, 0.81936274, 0.82384173, 0.84805316,
       0.74386174, 0.71000581, 0.81124602, 0.79286222, 0.86645755])]
real metric: [array([0.98064417, 0.99199642, 0.95720764, 0.92649325, 0.95644213,
       0.9225786 , 0.93479045, 0.95818011, 0.97454467, 0.97457823]), array([0.97812545, 0.99183479, 0.95787852, 0.92726168, 0.95287525,
       0.92954699, 0.93505438, 0.95728523, 0.96998617, 0.9681308 ]), array([0.9805091 , 0.99035771, 0.95057284, 0.92592841, 0.95291925,
       0.93217828, 0.93638847, 0.95627512, 0.96836135, 0.97057816]), array([0.98179071, 0.99108416, 0.95323559, 0.9168652 , 0.95367081,
       0.92017111, 0.94132791, 0.95172564, 0.97217214, 0.96976365]), array([0.97763439, 0.99303364, 0.95685522, 0.93445088, 0.95141181,
       0.93203777, 0.93396844, 0.95464328, 0.97011719, 0.97068605])]

estim_algorithm = ac-model, mode = classification, metric = auc, confidence_scores = entropy-conf, class_specific = False
test err: [0.02424554572388593, 0.025081439815261907, 0.024983527391058823, 0.02643463692799073, 0.024435527514202172]
estimated metric: [array([0.98267826, 0.98673541, 0.98209075, 0.97276792, 0.98264028,
       0.97897788, 0.98095792, 0.98050227, 0.98107075, 0.98096768]), array([0.98266585, 0.98699354, 0.98195196, 0.97290022, 0.98272431,
       0.97862579, 0.98047371, 0.98191218, 0.97982601, 0.98103759]), array([0.98234497, 0.98677417, 0.98171887, 0.97327341, 0.98203579,
       0.97887188, 0.9804241 , 0.98086318, 0.97946541, 0.98096511]), array([0.9826186 , 0.98684072, 0.98206671, 0.97236473, 0.98186185,
       0.97907846, 0.98016803, 0.98020882, 0.98157633, 0.98088217]), array([0.98255762, 0.98650474, 0.98099786, 0.97321745, 0.98191647,
       0.97926633, 0.97999296, 0.98073273, 0.98051059, 0.9804394 ])]
real metric: [array([0.98064417, 0.99199642, 0.95720764, 0.92649325, 0.95644213,
       0.9225786 , 0.93479045, 0.95818011, 0.97454467, 0.97457823]), array([0.97812545, 0.99183479, 0.95787852, 0.92726168, 0.95287525,
       0.92954699, 0.93505438, 0.95728523, 0.96998617, 0.9681308 ]), array([0.9805091 , 0.99035771, 0.95057284, 0.92592841, 0.95291925,
       0.93217828, 0.93638847, 0.95627512, 0.96836135, 0.97057816]), array([0.98179071, 0.99108416, 0.95323559, 0.9168652 , 0.95367081,
       0.92017111, 0.94132791, 0.95172564, 0.97217214, 0.96976365]), array([0.97763439, 0.99303364, 0.95685522, 0.93445088, 0.95141181,
       0.93203777, 0.93396844, 0.95464328, 0.97011719, 0.97068605])]

estim_algorithm = ac-model, mode = classification, metric = auc, confidence_scores = doctor-conf, class_specific = False
test err: [0.031420189493515036, 0.03272368380044231, 0.03265616254032808, 0.034008696071651676, 0.03169397609369736]
estimated metric: [array([0.99036506, 0.99296632, 0.989766  , 0.98477818, 0.99020005,
       0.9879429 , 0.98927222, 0.98835995, 0.98916352, 0.98884337]), array([0.99072575, 0.99338163, 0.98969414, 0.98492579, 0.98987967,
       0.98859586, 0.98974518, 0.98972146, 0.98917174, 0.9893749 ]), array([0.99006775, 0.99314424, 0.98955527, 0.98479283, 0.99018683,
       0.98740825, 0.98901124, 0.98909255, 0.98867755, 0.9886938 ]), array([0.99081379, 0.99318792, 0.98976389, 0.98463209, 0.99041585,
       0.9879956 , 0.98879517, 0.98882219, 0.98820383, 0.98926356]), array([0.99051657, 0.99311944, 0.98911541, 0.98510005, 0.99029492,
       0.98824631, 0.98828881, 0.98947419, 0.98764697, 0.98997577])]
real metric: [array([0.98064417, 0.99199642, 0.95720764, 0.92649325, 0.95644213,
       0.9225786 , 0.93479045, 0.95818011, 0.97454467, 0.97457823]), array([0.97812545, 0.99183479, 0.95787852, 0.92726168, 0.95287525,
       0.92954699, 0.93505438, 0.95728523, 0.96998617, 0.9681308 ]), array([0.9805091 , 0.99035771, 0.95057284, 0.92592841, 0.95291925,
       0.93217828, 0.93638847, 0.95627512, 0.96836135, 0.97057816]), array([0.98179071, 0.99108416, 0.95323559, 0.9168652 , 0.95367081,
       0.92017111, 0.94132791, 0.95172564, 0.97217214, 0.96976365]), array([0.97763439, 0.99303364, 0.95685522, 0.93445088, 0.95141181,
       0.93203777, 0.93396844, 0.95464328, 0.97011719, 0.97068605])]

estim_algorithm = ts-model, mode = classification, metric = auc, confidence_scores = max_class_probability-conf, class_specific = False
test err: [0.01586074053803329, 0.014149250910508292, 0.01464989482540351, 0.01649395509049869, 0.01393808127969839]
estimated metric: [array([0.9544989 , 0.96748174, 0.95828735, 0.94197392, 0.9601572 ,
       0.95379891, 0.9600392 , 0.9569868 , 0.96110352, 0.95800973]), array([0.95479834, 0.96833618, 0.95820646, 0.94188065, 0.96100888,
       0.95570082, 0.96009775, 0.95797222, 0.96005776, 0.95835714]), array([0.95381229, 0.96764964, 0.95777072, 0.94316421, 0.95911409,
       0.95284825, 0.95657524, 0.95882266, 0.95770617, 0.95817207]), array([0.95397609, 0.96766279, 0.95730005, 0.94253058, 0.95930465,
       0.95361242, 0.95244063, 0.96071544, 0.95982779, 0.95731197]), array([0.95389889, 0.96749511, 0.95703221, 0.9430175 , 0.95907738,
       0.95690974, 0.95805641, 0.95744642, 0.9603595 , 0.95850921])]
real metric: [array([0.98064417, 0.99199642, 0.95720764, 0.92649325, 0.95644213,
       0.9225786 , 0.93479045, 0.95818011, 0.97454467, 0.97457823]), array([0.97812545, 0.99183479, 0.95787852, 0.92726168, 0.95287525,
       0.92954699, 0.93505438, 0.95728523, 0.96998617, 0.9681308 ]), array([0.9805091 , 0.99035771, 0.95057284, 0.92592841, 0.95291925,
       0.93217828, 0.93638847, 0.95627512, 0.96836135, 0.97057816]), array([0.98179071, 0.99108416, 0.95323559, 0.9168652 , 0.95367081,
       0.92017111, 0.94132791, 0.95172564, 0.97217214, 0.96976365]), array([0.97763439, 0.99303364, 0.95685522, 0.93445088, 0.95141181,
       0.93203777, 0.93396844, 0.95464328, 0.97011719, 0.97068605])]

estim_algorithm = ts-model, mode = classification, metric = auc, confidence_scores = max_class_probability-conf, class_specific = True
test err: [0.013632620125709427, 0.014487439061223194, 0.014572268986364333, 0.015721886381688133, 0.013585210539748871]
estimated metric: [array([0.97942542, 0.98243166, 0.96124311, 0.94843711, 0.97093374,
       0.94861359, 0.97841906, 0.97184608, 0.97570743, 0.97515768]), array([0.98011571, 0.98266184, 0.96062219, 0.94630302, 0.97070809,
       0.95180166, 0.97846176, 0.97217672, 0.97644408, 0.97521268]), array([0.97997327, 0.98279474, 0.96176994, 0.94905477, 0.97029762,
       0.94714904, 0.97831769, 0.97294959, 0.97562042, 0.97566667]), array([0.98006506, 0.98267395, 0.96064943, 0.94830833, 0.97002877,
       0.94702348, 0.97772213, 0.97134467, 0.97621251, 0.97472571]), array([0.98009008, 0.98263137, 0.96042416, 0.94852132, 0.96918996,
       0.9504819 , 0.97678395, 0.97238108, 0.97446703, 0.97491539])]
real metric: [array([0.98064417, 0.99199642, 0.95720764, 0.92649325, 0.95644213,
       0.9225786 , 0.93479045, 0.95818011, 0.97454467, 0.97457823]), array([0.97812545, 0.99183479, 0.95787852, 0.92726168, 0.95287525,
       0.92954699, 0.93505438, 0.95728523, 0.96998617, 0.9681308 ]), array([0.9805091 , 0.99035771, 0.95057284, 0.92592841, 0.95291925,
       0.93217828, 0.93638847, 0.95627512, 0.96836135, 0.97057816]), array([0.98179071, 0.99108416, 0.95323559, 0.9168652 , 0.95367081,
       0.92017111, 0.94132791, 0.95172564, 0.97217214, 0.96976365]), array([0.97763439, 0.99303364, 0.95685522, 0.93445088, 0.95141181,
       0.93203777, 0.93396844, 0.95464328, 0.97011719, 0.97068605])]

estim_algorithm = ts-model, mode = classification, metric = auc, confidence_scores = energy-conf, class_specific = False
test err: [0.03818426283809549, 0.03386240412145356, 0.03488391823002875, 0.03478524283009142, 0.0330532019917674]
estimated metric: [array([0.87796924, 0.95711442, 0.91550754, 0.93753965, 0.91716152,
       0.88531424, 0.88765252, 0.94523264, 0.92799627, 0.9662178 ]), array([0.8839444 , 0.95962885, 0.95076901, 0.88978702, 0.96271563,
       0.90160934, 0.90050398, 0.90724395, 0.92679313, 0.96604069]), array([0.86847498, 0.95563387, 0.94705   , 0.92778947, 0.9336063 ,
       0.8823175 , 0.91735275, 0.9197081 , 0.89730369, 0.96971496]), array([0.90782542, 0.95734234, 0.90492906, 0.93172449, 0.97142215,
       0.88663483, 0.87331338, 0.93626505, 0.94515663, 0.95456241]), array([0.8853699 , 0.96049132, 0.91911377, 0.93403205, 0.96036458,
       0.89152565, 0.87930859, 0.93532316, 0.92876302, 0.96792015])]
real metric: [array([0.98064417, 0.99199642, 0.95720764, 0.92649325, 0.95644213,
       0.9225786 , 0.93479045, 0.95818011, 0.97454467, 0.97457823]), array([0.97812545, 0.99183479, 0.95787852, 0.92726168, 0.95287525,
       0.92954699, 0.93505438, 0.95728523, 0.96998617, 0.9681308 ]), array([0.9805091 , 0.99035771, 0.95057284, 0.92592841, 0.95291925,
       0.93217828, 0.93638847, 0.95627512, 0.96836135, 0.97057816]), array([0.98179071, 0.99108416, 0.95323559, 0.9168652 , 0.95367081,
       0.92017111, 0.94132791, 0.95172564, 0.97217214, 0.96976365]), array([0.97763439, 0.99303364, 0.95685522, 0.93445088, 0.95141181,
       0.93203777, 0.93396844, 0.95464328, 0.97011719, 0.97068605])]

estim_algorithm = ts-model, mode = classification, metric = auc, confidence_scores = energy-conf, class_specific = True
test err: [0.02422252525012103, 0.025357810257019497, 0.025408200000354365, 0.026759209244193883, 0.024627639953031445]
estimated metric: [array([0.99739443, 0.99755364, 0.97689605, 0.97180062, 0.98282597,
       0.96408841, 0.98763252, 0.9780991 , 0.98010071, 0.98328946]), array([0.99739244, 0.997583  , 0.97707825, 0.97143898, 0.98244226,
       0.96935254, 0.98734972, 0.97524288, 0.97927429, 0.98440301]), array([0.99741493, 0.99759695, 0.97728718, 0.97180437, 0.9824686 ,
       0.9623333 , 0.98746348, 0.97897203, 0.97817979, 0.98463005]), array([0.9974072 , 0.99757215, 0.97705716, 0.97183153, 0.98245261,
       0.96404245, 0.98682994, 0.97973546, 0.97940793, 0.98306259]), array([0.99740394, 0.99757235, 0.97676679, 0.97197367, 0.98207217,
       0.96555591, 0.98769885, 0.97931782, 0.98029942, 0.98245416])]
real metric: [array([0.98064417, 0.99199642, 0.95720764, 0.92649325, 0.95644213,
       0.9225786 , 0.93479045, 0.95818011, 0.97454467, 0.97457823]), array([0.97812545, 0.99183479, 0.95787852, 0.92726168, 0.95287525,
       0.92954699, 0.93505438, 0.95728523, 0.96998617, 0.9681308 ]), array([0.9805091 , 0.99035771, 0.95057284, 0.92592841, 0.95291925,
       0.93217828, 0.93638847, 0.95627512, 0.96836135, 0.97057816]), array([0.98179071, 0.99108416, 0.95323559, 0.9168652 , 0.95367081,
       0.92017111, 0.94132791, 0.95172564, 0.97217214, 0.96976365]), array([0.97763439, 0.99303364, 0.95685522, 0.93445088, 0.95141181,
       0.93203777, 0.93396844, 0.95464328, 0.97011719, 0.97068605])]

estim_algorithm = ts-model, mode = classification, metric = auc, confidence_scores = entropy-conf, class_specific = False
test err: [0.015854748832635435, 0.014276728488375657, 0.014749100360344113, 0.01667138070332259, 0.014025912567967235]
estimated metric: [array([0.95533714, 0.96792848, 0.95884961, 0.94225529, 0.96084481,
       0.9542433 , 0.96076482, 0.95754495, 0.96165326, 0.95837804]), array([0.95548217, 0.96876238, 0.95890454, 0.94220506, 0.96135692,
       0.95631266, 0.96074568, 0.95860769, 0.96060091, 0.95869497]), array([0.95454309, 0.96802367, 0.95814053, 0.94375914, 0.95943567,
       0.95377081, 0.95721169, 0.95895403, 0.95830139, 0.95845668]), array([0.95451696, 0.96799147, 0.95789573, 0.94314956, 0.95961545,
       0.95419651, 0.95309435, 0.96120468, 0.96011245, 0.95763599]), array([0.9546488 , 0.96786409, 0.95753162, 0.94323885, 0.95973618,
       0.95749993, 0.95875046, 0.95777655, 0.96099823, 0.95886721])]
real metric: [array([0.98064417, 0.99199642, 0.95720764, 0.92649325, 0.95644213,
       0.9225786 , 0.93479045, 0.95818011, 0.97454467, 0.97457823]), array([0.97812545, 0.99183479, 0.95787852, 0.92726168, 0.95287525,
       0.92954699, 0.93505438, 0.95728523, 0.96998617, 0.9681308 ]), array([0.9805091 , 0.99035771, 0.95057284, 0.92592841, 0.95291925,
       0.93217828, 0.93638847, 0.95627512, 0.96836135, 0.97057816]), array([0.98179071, 0.99108416, 0.95323559, 0.9168652 , 0.95367081,
       0.92017111, 0.94132791, 0.95172564, 0.97217214, 0.96976365]), array([0.97763439, 0.99303364, 0.95685522, 0.93445088, 0.95141181,
       0.93203777, 0.93396844, 0.95464328, 0.97011719, 0.97068605])]

estim_algorithm = ts-model, mode = classification, metric = auc, confidence_scores = entropy-conf, class_specific = True
test err: [0.013879347341282055, 0.014263084060865317, 0.014456562331276634, 0.01574702550255148, 0.01372686714134913]
estimated metric: [array([0.9790108 , 0.97941911, 0.96130843, 0.94808653, 0.97070744,
       0.94841202, 0.97851702, 0.97183756, 0.9735828 , 0.97413411]), array([0.97943871, 0.97967495, 0.96078373, 0.94598804, 0.97045403,
       0.95163817, 0.9788509 , 0.97250454, 0.97240902, 0.97454834]), array([0.97949588, 0.97970023, 0.96175102, 0.94815593, 0.96990229,
       0.94771691, 0.97816708, 0.97243045, 0.97255414, 0.97541899]), array([0.97953915, 0.97955943, 0.96065667, 0.94729717, 0.96949957,
       0.94788323, 0.97767445, 0.97082091, 0.97428646, 0.97450756]), array([0.97946042, 0.97914231, 0.96049088, 0.94772325, 0.96907067,
       0.95075077, 0.97713429, 0.97220861, 0.97329729, 0.9750462 ])]
real metric: [array([0.98064417, 0.99199642, 0.95720764, 0.92649325, 0.95644213,
       0.9225786 , 0.93479045, 0.95818011, 0.97454467, 0.97457823]), array([0.97812545, 0.99183479, 0.95787852, 0.92726168, 0.95287525,
       0.92954699, 0.93505438, 0.95728523, 0.96998617, 0.9681308 ]), array([0.9805091 , 0.99035771, 0.95057284, 0.92592841, 0.95291925,
       0.93217828, 0.93638847, 0.95627512, 0.96836135, 0.97057816]), array([0.98179071, 0.99108416, 0.95323559, 0.9168652 , 0.95367081,
       0.92017111, 0.94132791, 0.95172564, 0.97217214, 0.96976365]), array([0.97763439, 0.99303364, 0.95685522, 0.93445088, 0.95141181,
       0.93203777, 0.93396844, 0.95464328, 0.97011719, 0.97068605])]

estim_algorithm = ts-model, mode = classification, metric = auc, confidence_scores = doctor-conf, class_specific = False
test err: [0.016437398237588198, 0.014552646879076125, 0.015272599823459099, 0.017058700915545233, 0.014562398032895562]
estimated metric: [array([0.95793505, 0.96933959, 0.96160142, 0.94840747, 0.96197794,
       0.95731677, 0.95980536, 0.95954789, 0.96198234, 0.96109719]), array([0.95838733, 0.97023095, 0.96150104, 0.94723927, 0.96197563,
       0.95720957, 0.96198354, 0.95898838, 0.96117116, 0.96175667]), array([0.95798031, 0.96977281, 0.96078604, 0.94850292, 0.96104645,
       0.95576403, 0.95871239, 0.95989817, 0.95926784, 0.96050699]), array([0.95760688, 0.96949209, 0.96011134, 0.94844967, 0.96095384,
       0.95657497, 0.95458429, 0.96129115, 0.96159734, 0.96049636]), array([0.95763702, 0.96942142, 0.95969153, 0.94923989, 0.96110556,
       0.95811482, 0.95893271, 0.95974924, 0.96238534, 0.95986983])]
real metric: [array([0.98064417, 0.99199642, 0.95720764, 0.92649325, 0.95644213,
       0.9225786 , 0.93479045, 0.95818011, 0.97454467, 0.97457823]), array([0.97812545, 0.99183479, 0.95787852, 0.92726168, 0.95287525,
       0.92954699, 0.93505438, 0.95728523, 0.96998617, 0.9681308 ]), array([0.9805091 , 0.99035771, 0.95057284, 0.92592841, 0.95291925,
       0.93217828, 0.93638847, 0.95627512, 0.96836135, 0.97057816]), array([0.98179071, 0.99108416, 0.95323559, 0.9168652 , 0.95367081,
       0.92017111, 0.94132791, 0.95172564, 0.97217214, 0.96976365]), array([0.97763439, 0.99303364, 0.95685522, 0.93445088, 0.95141181,
       0.93203777, 0.93396844, 0.95464328, 0.97011719, 0.97068605])]

estim_algorithm = ts-model, mode = classification, metric = auc, confidence_scores = doctor-conf, class_specific = True
test err: [0.01697053479919126, 0.0182169034290225, 0.018081611126560128, 0.019378400345637682, 0.017452775566779478]
estimated metric: [array([0.98210165, 0.98591499, 0.96595895, 0.95459398, 0.98312783,
       0.95144606, 0.98206085, 0.97247659, 0.98004846, 0.97726881]), array([0.98229244, 0.98612467, 0.96562445, 0.95244811, 0.98218124,
       0.95609681, 0.98199675, 0.97386299, 0.9806068 , 0.97749381]), array([0.98195439, 0.98599768, 0.96619838, 0.95480623, 0.98231727,
       0.95165229, 0.98128629, 0.97407349, 0.98071615, 0.97716257]), array([0.98222813, 0.98570931, 0.96546302, 0.95467336, 0.9828538 ,
       0.95197709, 0.98110617, 0.97373497, 0.98033491, 0.97676046]), array([0.98207304, 0.98585541, 0.96502724, 0.95430349, 0.98209236,
       0.95508188, 0.97990644, 0.97352992, 0.98016001, 0.9769802 ])]
real metric: [array([0.98064417, 0.99199642, 0.95720764, 0.92649325, 0.95644213,
       0.9225786 , 0.93479045, 0.95818011, 0.97454467, 0.97457823]), array([0.97812545, 0.99183479, 0.95787852, 0.92726168, 0.95287525,
       0.92954699, 0.93505438, 0.95728523, 0.96998617, 0.9681308 ]), array([0.9805091 , 0.99035771, 0.95057284, 0.92592841, 0.95291925,
       0.93217828, 0.93638847, 0.95627512, 0.96836135, 0.97057816]), array([0.98179071, 0.99108416, 0.95323559, 0.9168652 , 0.95367081,
       0.92017111, 0.94132791, 0.95172564, 0.97217214, 0.96976365]), array([0.97763439, 0.99303364, 0.95685522, 0.93445088, 0.95141181,
       0.93203777, 0.93396844, 0.95464328, 0.97011719, 0.97068605])]

estim_algorithm = doc-model, mode = classification, metric = auc, confidence_scores = max_class_probability-conf, class_specific = False
test err: [0.06342478205315967, 0.06220647098491712, 0.06228840451257369, 0.06096298993742997, 0.06310163309904926]
estimated metric: [array([0.8961416 , 0.90031115, 0.89529076, 0.88689997, 0.89588311,
       0.89314416, 0.89488627, 0.89339073, 0.89367775, 0.89358236]), array([0.89621694, 0.90075217, 0.89511878, 0.8869839 , 0.89587576,
       0.89323385, 0.89403584, 0.89490932, 0.89458715, 0.89420084]), array([0.89560595, 0.90039242, 0.89479987, 0.88700539, 0.89581805,
       0.89247714, 0.89312927, 0.89394268, 0.89364408, 0.89436977]), array([0.89624755, 0.90034872, 0.89497298, 0.88668111, 0.89589257,
       0.89317837, 0.89263432, 0.89375295, 0.89438032, 0.89408813]), array([0.89640356, 0.90039839, 0.8943345 , 0.88783068, 0.8955669 ,
       0.89351616, 0.89355646, 0.89441181, 0.89304731, 0.89475658])]
real metric: [array([0.98064417, 0.99199642, 0.95720764, 0.92649325, 0.95644213,
       0.9225786 , 0.93479045, 0.95818011, 0.97454467, 0.97457823]), array([0.97812545, 0.99183479, 0.95787852, 0.92726168, 0.95287525,
       0.92954699, 0.93505438, 0.95728523, 0.96998617, 0.9681308 ]), array([0.9805091 , 0.99035771, 0.95057284, 0.92592841, 0.95291925,
       0.93217828, 0.93638847, 0.95627512, 0.96836135, 0.97057816]), array([0.98179071, 0.99108416, 0.95323559, 0.9168652 , 0.95367081,
       0.92017111, 0.94132791, 0.95172564, 0.97217214, 0.96976365]), array([0.97763439, 0.99303364, 0.95685522, 0.93445088, 0.95141181,
       0.93203777, 0.93396844, 0.95464328, 0.97011719, 0.97068605])]

estim_algorithm = doc-model, mode = classification, metric = auc, confidence_scores = max_class_probability-conf, class_specific = True
test err: [0.017615080888082457, 0.018736539712396326, 0.018642986234768778, 0.01994243907137454, 0.01813132640966658]
estimated metric: [array([0.99022422, 0.990592  , 0.96760623, 0.96121681, 0.97400308,
       0.95895977, 0.98095116, 0.97295315, 0.97796831, 0.9763229 ]), array([0.99036662, 0.99067964, 0.96752149, 0.96100342, 0.97415359,
       0.95889376, 0.98014337, 0.97452257, 0.97891871, 0.97683119]), array([0.99040073, 0.99080075, 0.96729497, 0.96118889, 0.97416101,
       0.95839373, 0.97938523, 0.97361664, 0.97807611, 0.97718051]), array([0.99042255, 0.99075581, 0.96737547, 0.96084425, 0.9741604 ,
       0.95904259, 0.97886272, 0.97343512, 0.97883645, 0.97683926]), array([0.9905438 , 0.99068436, 0.9669279 , 0.96173707, 0.97380868,
       0.95926366, 0.97978418, 0.97392107, 0.97739845, 0.97738423])]
real metric: [array([0.98064417, 0.99199642, 0.95720764, 0.92649325, 0.95644213,
       0.9225786 , 0.93479045, 0.95818011, 0.97454467, 0.97457823]), array([0.97812545, 0.99183479, 0.95787852, 0.92726168, 0.95287525,
       0.92954699, 0.93505438, 0.95728523, 0.96998617, 0.9681308 ]), array([0.9805091 , 0.99035771, 0.95057284, 0.92592841, 0.95291925,
       0.93217828, 0.93638847, 0.95627512, 0.96836135, 0.97057816]), array([0.98179071, 0.99108416, 0.95323559, 0.9168652 , 0.95367081,
       0.92017111, 0.94132791, 0.95172564, 0.97217214, 0.96976365]), array([0.97763439, 0.99303364, 0.95685522, 0.93445088, 0.95141181,
       0.93203777, 0.93396844, 0.95464328, 0.97011719, 0.97068605])]

estim_algorithm = doc-model, mode = classification, metric = auc, confidence_scores = energy-conf, class_specific = False
test err: [0.016438668108610388, 0.01460543040821457, 0.015476868227375174, 0.01584056043061981, 0.014216411943666796]
estimated metric: [array([0.94913409, 0.96928312, 0.95469923, 0.94227927, 0.96234949,
       0.95775552, 0.96353271, 0.96427341, 0.96550457, 0.9676693 ]), array([0.94833589, 0.96935469, 0.95606502, 0.94026687, 0.96366114,
       0.95889287, 0.96557874, 0.9606436 , 0.96524787, 0.96791764]), array([0.94460583, 0.96859547, 0.9558887 , 0.94382995, 0.96238618,
       0.95270535, 0.96439621, 0.9644534 , 0.96444945, 0.96678431]), array([0.94565185, 0.96866278, 0.95471046, 0.94170578, 0.96274908,
       0.96089274, 0.94371087, 0.96490338, 0.96569297, 0.96807352]), array([0.94732409, 0.96914302, 0.95409659, 0.94432299, 0.96189097,
       0.95935733, 0.95751512, 0.96013862, 0.96488386, 0.96742765])]
real metric: [array([0.98064417, 0.99199642, 0.95720764, 0.92649325, 0.95644213,
       0.9225786 , 0.93479045, 0.95818011, 0.97454467, 0.97457823]), array([0.97812545, 0.99183479, 0.95787852, 0.92726168, 0.95287525,
       0.92954699, 0.93505438, 0.95728523, 0.96998617, 0.9681308 ]), array([0.9805091 , 0.99035771, 0.95057284, 0.92592841, 0.95291925,
       0.93217828, 0.93638847, 0.95627512, 0.96836135, 0.97057816]), array([0.98179071, 0.99108416, 0.95323559, 0.9168652 , 0.95367081,
       0.92017111, 0.94132791, 0.95172564, 0.97217214, 0.96976365]), array([0.97763439, 0.99303364, 0.95685522, 0.93445088, 0.95141181,
       0.93203777, 0.93396844, 0.95464328, 0.97011719, 0.97068605])]

estim_algorithm = doc-model, mode = classification, metric = auc, confidence_scores = energy-conf, class_specific = True
test err: [0.013153823495806072, 0.016511125514391423, 0.01681100547886478, 0.016076363876681876, 0.014992059643053012]
estimated metric: [array([0.97080211, 0.98150334, 0.95982335, 0.94737521, 0.97301   ,
       0.93212024, 0.97945021, 0.97248419, 0.97663191, 0.97512309]), array([0.97022948, 0.98157678, 0.96171383, 0.9474676 , 0.97204581,
       0.95906513, 0.97908039, 0.97299351, 0.976317  , 0.97629301]), array([0.97040394, 0.98165308, 0.96094533, 0.94843183, 0.97356716,
       0.95520566, 0.97906582, 0.97324095, 0.97605502, 0.97599037]), array([0.97041691, 0.98163736, 0.96110777, 0.94373969, 0.97259954,
       0.93694187, 0.97854914, 0.97314954, 0.9766819 , 0.97610565]), array([0.97028688, 0.9815001 , 0.95825121, 0.94597061, 0.97320025,
       0.95120777, 0.97920532, 0.97447048, 0.97711118, 0.97579338])]
real metric: [array([0.98064417, 0.99199642, 0.95720764, 0.92649325, 0.95644213,
       0.9225786 , 0.93479045, 0.95818011, 0.97454467, 0.97457823]), array([0.97812545, 0.99183479, 0.95787852, 0.92726168, 0.95287525,
       0.92954699, 0.93505438, 0.95728523, 0.96998617, 0.9681308 ]), array([0.9805091 , 0.99035771, 0.95057284, 0.92592841, 0.95291925,
       0.93217828, 0.93638847, 0.95627512, 0.96836135, 0.97057816]), array([0.98179071, 0.99108416, 0.95323559, 0.9168652 , 0.95367081,
       0.92017111, 0.94132791, 0.95172564, 0.97217214, 0.96976365]), array([0.97763439, 0.99303364, 0.95685522, 0.93445088, 0.95141181,
       0.93203777, 0.93396844, 0.95464328, 0.97011719, 0.97068605])]

estim_algorithm = doc-model, mode = classification, metric = auc, confidence_scores = entropy-conf, class_specific = False
test err: [0.057350073193650195, 0.05631212543400429, 0.05623573936165778, 0.05488266349585223, 0.05731463600785362]
estimated metric: [array([0.9018426 , 0.90735387, 0.90138262, 0.89026931, 0.90243799,
       0.89848342, 0.90069271, 0.90020354, 0.90068016, 0.90060872]), array([0.90183441, 0.90782189, 0.90121074, 0.89064049, 0.9025276 ,
       0.89837772, 0.90028403, 0.90171755, 0.89961035, 0.90083324]), array([0.9013336 , 0.90745401, 0.90096389, 0.89095621, 0.90190803,
       0.89840297, 0.90013671, 0.90062222, 0.89920386, 0.90072978]), array([0.90182979, 0.90744927, 0.90135895, 0.89001182, 0.90179696,
       0.89867494, 0.89988291, 0.89998701, 0.90130459, 0.90068404]), array([0.9017344 , 0.90717899, 0.90010879, 0.89114446, 0.90179229,
       0.89893631, 0.89968927, 0.90059493, 0.90018624, 0.90032663])]
real metric: [array([0.98064417, 0.99199642, 0.95720764, 0.92649325, 0.95644213,
       0.9225786 , 0.93479045, 0.95818011, 0.97454467, 0.97457823]), array([0.97812545, 0.99183479, 0.95787852, 0.92726168, 0.95287525,
       0.92954699, 0.93505438, 0.95728523, 0.96998617, 0.9681308 ]), array([0.9805091 , 0.99035771, 0.95057284, 0.92592841, 0.95291925,
       0.93217828, 0.93638847, 0.95627512, 0.96836135, 0.97057816]), array([0.98179071, 0.99108416, 0.95323559, 0.9168652 , 0.95367081,
       0.92017111, 0.94132791, 0.95172564, 0.97217214, 0.96976365]), array([0.97763439, 0.99303364, 0.95685522, 0.93445088, 0.95141181,
       0.93203777, 0.93396844, 0.95464328, 0.97011719, 0.97068605])]

estim_algorithm = doc-model, mode = classification, metric = auc, confidence_scores = entropy-conf, class_specific = True
test err: [0.01708225379813063, 0.01795630391173203, 0.01797889020288409, 0.019316364058106016, 0.017300142536415986]
estimated metric: [array([0.98816722, 0.98888392, 0.96670969, 0.95782507, 0.97385516,
       0.95777423, 0.98011935, 0.9731344 , 0.97822398, 0.97736021]), array([0.98826254, 0.98917079, 0.96657298, 0.95800538, 0.97396852,
       0.95750363, 0.97967413, 0.97458923, 0.97701066, 0.97745644]), array([0.98827624, 0.98900079, 0.96645918, 0.95849933, 0.97340344,
       0.95782001, 0.97974505, 0.97365531, 0.97677422, 0.97751017]), array([0.98817506, 0.98889142, 0.9667026 , 0.95744932, 0.97311997,
       0.95793651, 0.97936654, 0.9728706 , 0.97876708, 0.97730599]), array([0.98837467, 0.98878339, 0.96556402, 0.9583507 , 0.97314339,
       0.95808337, 0.9791621 , 0.97337315, 0.97766633, 0.97683849])]
real metric: [array([0.98064417, 0.99199642, 0.95720764, 0.92649325, 0.95644213,
       0.9225786 , 0.93479045, 0.95818011, 0.97454467, 0.97457823]), array([0.97812545, 0.99183479, 0.95787852, 0.92726168, 0.95287525,
       0.92954699, 0.93505438, 0.95728523, 0.96998617, 0.9681308 ]), array([0.9805091 , 0.99035771, 0.95057284, 0.92592841, 0.95291925,
       0.93217828, 0.93638847, 0.95627512, 0.96836135, 0.97057816]), array([0.98179071, 0.99108416, 0.95323559, 0.9168652 , 0.95367081,
       0.92017111, 0.94132791, 0.95172564, 0.97217214, 0.96976365]), array([0.97763439, 0.99303364, 0.95685522, 0.93445088, 0.95141181,
       0.93203777, 0.93396844, 0.95464328, 0.97011719, 0.97068605])]

estim_algorithm = doc-model, mode = classification, metric = auc, confidence_scores = doctor-conf, class_specific = False
test err: [0.07976798322772546, 0.07833940742127041, 0.07866267524780127, 0.07753496473616839, 0.07921303188284314]
estimated metric: [array([0.87921677, 0.88384092, 0.87820784, 0.87035616, 0.88005161,
       0.87706864, 0.87881908, 0.87533876, 0.87859136, 0.8782847 ]), array([0.87953825, 0.88431492, 0.87770834, 0.8713272 , 0.87971013,
       0.87809369, 0.87665154, 0.87936633, 0.87869839, 0.8791764 ]), array([0.87754219, 0.88197406, 0.87664659, 0.87036742, 0.87996545,
       0.87672962, 0.87853257, 0.87894453, 0.87826816, 0.87847133]), array([0.87974463, 0.88389424, 0.87847439, 0.87104286, 0.87786706,
       0.87720113, 0.875573  , 0.8757622 , 0.87782097, 0.8790768 ]), array([0.87971854, 0.88392924, 0.87597869, 0.87095623, 0.88010049,
       0.87762227, 0.87778316, 0.87940091, 0.87739314, 0.87982568])]
real metric: [array([0.98064417, 0.99199642, 0.95720764, 0.92649325, 0.95644213,
       0.9225786 , 0.93479045, 0.95818011, 0.97454467, 0.97457823]), array([0.97812545, 0.99183479, 0.95787852, 0.92726168, 0.95287525,
       0.92954699, 0.93505438, 0.95728523, 0.96998617, 0.9681308 ]), array([0.9805091 , 0.99035771, 0.95057284, 0.92592841, 0.95291925,
       0.93217828, 0.93638847, 0.95627512, 0.96836135, 0.97057816]), array([0.98179071, 0.99108416, 0.95323559, 0.9168652 , 0.95367081,
       0.92017111, 0.94132791, 0.95172564, 0.97217214, 0.96976365]), array([0.97763439, 0.99303364, 0.95685522, 0.93445088, 0.95141181,
       0.93203777, 0.93396844, 0.95464328, 0.97011719, 0.97068605])]

estim_algorithm = doc-model, mode = classification, metric = auc, confidence_scores = doctor-conf, class_specific = True
test err: [0.018804333219806423, 0.02009806646955231, 0.02018456741045488, 0.021434810197850894, 0.019144711714611184]
estimated metric: [array([0.99111313, 0.99303944, 0.97008342, 0.96245763, 0.97644871,
       0.95951922, 0.98216515, 0.97369089, 0.97880528, 0.97817613]), array([0.9914361 , 0.99294892, 0.97001938, 0.96267271, 0.97615187,
       0.96028842, 0.98267658, 0.97509891, 0.97887772, 0.97878931]), array([0.99140667, 0.99304761, 0.96989261, 0.96258908, 0.97652876,
       0.95912164, 0.98205058, 0.97458769, 0.97848387, 0.97820586]), array([0.9913977 , 0.99305838, 0.97012123, 0.96239581, 0.97673734,
       0.95964138, 0.98180097, 0.97427509, 0.97798559, 0.97874154]), array([0.99164045, 0.99288998, 0.96938351, 0.96295691, 0.97654755,
       0.95987122, 0.98118219, 0.97485626, 0.97731789, 0.97935252])]
real metric: [array([0.98064417, 0.99199642, 0.95720764, 0.92649325, 0.95644213,
       0.9225786 , 0.93479045, 0.95818011, 0.97454467, 0.97457823]), array([0.97812545, 0.99183479, 0.95787852, 0.92726168, 0.95287525,
       0.92954699, 0.93505438, 0.95728523, 0.96998617, 0.9681308 ]), array([0.9805091 , 0.99035771, 0.95057284, 0.92592841, 0.95291925,
       0.93217828, 0.93638847, 0.95627512, 0.96836135, 0.97057816]), array([0.98179071, 0.99108416, 0.95323559, 0.9168652 , 0.95367081,
       0.92017111, 0.94132791, 0.95172564, 0.97217214, 0.96976365]), array([0.97763439, 0.99303364, 0.95685522, 0.93445088, 0.95141181,
       0.93203777, 0.93396844, 0.95464328, 0.97011719, 0.97068605])]

