estim_algorithm = ac-model, mode = classification, metric = auc, confidence_scores = max_class_probability-conf, class_specific = False
test err: [0.41955158708619944, 0.41852153881816045, 0.41868004571602524, 0.41688960608862685, 0.4165076382390359]
estimated metric: [array([0.53356118, 0.55763457, 0.53346745, 0.53004541, 0.5381896 ,
       0.53721644, 0.54596394, 0.54628749, 0.54944479, 0.54824398]), array([0.53336056, 0.55758415, 0.53356772, 0.5300834 , 0.53833636,
       0.53722097, 0.54647126, 0.54639186, 0.54855409, 0.54889773]), array([0.53341642, 0.55772191, 0.53368494, 0.53011521, 0.53859173,
       0.53739652, 0.54713689, 0.54610447, 0.54892571, 0.54873941]), array([0.53352866, 0.55768671, 0.53331539, 0.53009351, 0.53877802,
       0.53726824, 0.54622225, 0.5460119 , 0.54991929, 0.54811365]), array([0.53337706, 0.55774144, 0.53306891, 0.53014104, 0.53790394,
       0.53677704, 0.54591029, 0.54563954, 0.54880316, 0.5480234 ])]
real metric: [array([0.97696787, 0.99373805, 0.96283295, 0.93833507, 0.9582552 ,
       0.94877065, 0.96197501, 0.94568946, 0.95868201, 0.97032445]), array([0.97228911, 0.99453954, 0.96506749, 0.92203501, 0.96166184,
       0.9474059 , 0.9706683 , 0.94321286, 0.95556171, 0.97324175]), array([0.97274481, 0.99396886, 0.96621676, 0.93301912, 0.96210155,
       0.94643133, 0.96984057, 0.94012527, 0.95912428, 0.96506112]), array([0.9729386 , 0.99518003, 0.96359867, 0.92985395, 0.96305785,
       0.94250351, 0.96684041, 0.9309799 , 0.95956478, 0.96531597]), array([0.96979015, 0.99380284, 0.95687448, 0.93580237, 0.96004411,
       0.93588779, 0.96576413, 0.93950047, 0.95684947, 0.9681464 ])]

estim_algorithm = ac-model, mode = classification, metric = auc, confidence_scores = energy-conf, class_specific = False
test err: [0.08171366503301705, 0.08622371270570525, 0.08093452159607809, 0.08113151302594947, 0.08038164582486505]
estimated metric: [array([0.90220587, 0.82929727, 0.92463394, 0.93029517, 0.89716035,
       0.92557226, 0.88906835, 0.90239351, 0.81529391, 0.78251345]), array([0.90929802, 0.82294985, 0.93056183, 0.93001882, 0.92987934,
       0.90878715, 0.91056636, 0.8670925 , 0.78662377, 0.76363634]), array([0.90358281, 0.81719045, 0.9225538 , 0.92744123, 0.91280961,
       0.91546171, 0.89322848, 0.91287269, 0.81617637, 0.7779713 ]), array([0.89525409, 0.81097583, 0.92803386, 0.93410538, 0.93938232,
       0.92130787, 0.89994484, 0.88021233, 0.78961209, 0.78819281]), array([0.89333073, 0.82632499, 0.93492529, 0.92430598, 0.93592032,
       0.94040837, 0.89906666, 0.89405924, 0.78368737, 0.75565796])]
real metric: [array([0.97696787, 0.99373805, 0.96283295, 0.93833507, 0.9582552 ,
       0.94877065, 0.96197501, 0.94568946, 0.95868201, 0.97032445]), array([0.97228911, 0.99453954, 0.96506749, 0.92203501, 0.96166184,
       0.9474059 , 0.9706683 , 0.94321286, 0.95556171, 0.97324175]), array([0.97274481, 0.99396886, 0.96621676, 0.93301912, 0.96210155,
       0.94643133, 0.96984057, 0.94012527, 0.95912428, 0.96506112]), array([0.9729386 , 0.99518003, 0.96359867, 0.92985395, 0.96305785,
       0.94250351, 0.96684041, 0.9309799 , 0.95956478, 0.96531597]), array([0.96979015, 0.99380284, 0.95687448, 0.93580237, 0.96004411,
       0.93588779, 0.96576413, 0.93950047, 0.95684947, 0.9681464 ])]

estim_algorithm = ac-model, mode = classification, metric = auc, confidence_scores = entropy-conf, class_specific = False
test err: [0.4135366220416633, 0.41252861443364974, 0.4128715541455857, 0.4110037115856013, 0.41018081361338343]
estimated metric: [array([0.55015383, 0.54415236, 0.54990986, 0.55001198, 0.54864882,
       0.54909126, 0.5472081 , 0.54753958, 0.54706214, 0.54642656]), array([0.55015952, 0.54421424, 0.54991686, 0.55004544, 0.54857951,
       0.54908332, 0.54722625, 0.54756408, 0.54717407, 0.54643404]), array([0.55012776, 0.54407865, 0.54993225, 0.5500463 , 0.54850389,
       0.54902694, 0.54707606, 0.54770664, 0.5468961 , 0.54652354]), array([0.55013033, 0.54408745, 0.54991071, 0.54999782, 0.54852876,
       0.54909603, 0.54723905, 0.54759285, 0.54673678, 0.54647679]), array([0.55015174, 0.54415561, 0.54993613, 0.55007694, 0.54862814,
       0.54905499, 0.54746326, 0.54775465, 0.54694504, 0.54648756])]
real metric: [array([0.97696787, 0.99373805, 0.96283295, 0.93833507, 0.9582552 ,
       0.94877065, 0.96197501, 0.94568946, 0.95868201, 0.97032445]), array([0.97228911, 0.99453954, 0.96506749, 0.92203501, 0.96166184,
       0.9474059 , 0.9706683 , 0.94321286, 0.95556171, 0.97324175]), array([0.97274481, 0.99396886, 0.96621676, 0.93301912, 0.96210155,
       0.94643133, 0.96984057, 0.94012527, 0.95912428, 0.96506112]), array([0.9729386 , 0.99518003, 0.96359867, 0.92985395, 0.96305785,
       0.94250351, 0.96684041, 0.9309799 , 0.95956478, 0.96531597]), array([0.96979015, 0.99380284, 0.95687448, 0.93580237, 0.96004411,
       0.93588779, 0.96576413, 0.93950047, 0.95684947, 0.9681464 ])]

estim_algorithm = ac-model, mode = classification, metric = auc, confidence_scores = doctor-conf, class_specific = False
test err: [0.21978097321063222, 0.21689595493514052, 0.2181193691421822, 0.21794775617543088, 0.21789134554446088]
estimated metric: [array([0.63302462, 0.91616851, 0.63607445, 0.64120019, 0.69908778,
       0.66535428, 0.79437053, 0.775009  , 0.84375624, 0.81371539]), array([0.6299312 , 0.92133047, 0.64647827, 0.64428379, 0.70459153,
       0.66346497, 0.79245378, 0.77465644, 0.84625124, 0.81328227]), array([0.62844842, 0.91867354, 0.64273988, 0.64056102, 0.70149356,
       0.66577493, 0.79560563, 0.77341017, 0.84247421, 0.81825863]), array([0.6326702 , 0.92186344, 0.6334204 , 0.64061975, 0.69633721,
       0.66514245, 0.79104924, 0.76882248, 0.84715118, 0.81327978]), array([0.63306028, 0.91937879, 0.64304328, 0.62975461, 0.69491187,
       0.66535093, 0.79095139, 0.76864382, 0.84766026, 0.81079352])]
real metric: [array([0.97696787, 0.99373805, 0.96283295, 0.93833507, 0.9582552 ,
       0.94877065, 0.96197501, 0.94568946, 0.95868201, 0.97032445]), array([0.97228911, 0.99453954, 0.96506749, 0.92203501, 0.96166184,
       0.9474059 , 0.9706683 , 0.94321286, 0.95556171, 0.97324175]), array([0.97274481, 0.99396886, 0.96621676, 0.93301912, 0.96210155,
       0.94643133, 0.96984057, 0.94012527, 0.95912428, 0.96506112]), array([0.9729386 , 0.99518003, 0.96359867, 0.92985395, 0.96305785,
       0.94250351, 0.96684041, 0.9309799 , 0.95956478, 0.96531597]), array([0.96979015, 0.99380284, 0.95687448, 0.93580237, 0.96004411,
       0.93588779, 0.96576413, 0.93950047, 0.95684947, 0.9681464 ])]

estim_algorithm = ts-model, mode = classification, metric = auc, confidence_scores = max_class_probability-conf, class_specific = False
test err: [0.05251953179819112, 0.05193987975095996, 0.05156192670502975, 0.05047030510872859, 0.050520928007580554]
estimated metric: [array([0.8755258 , 0.95388436, 0.87978283, 0.82861889, 0.90218857,
       0.89861052, 0.93473538, 0.93360617, 0.94378121, 0.93964168]), array([0.87443471, 0.95393705, 0.87967276, 0.82798975, 0.90221891,
       0.89854646, 0.93398557, 0.93350024, 0.94284462, 0.93915464]), array([0.87442249, 0.95445007, 0.88165808, 0.82824967, 0.90303483,
       0.89938664, 0.93524991, 0.93270966, 0.94352801, 0.94032504]), array([0.87611268, 0.95421632, 0.87941269, 0.82798059, 0.90296425,
       0.89890667, 0.93368739, 0.93333166, 0.94355525, 0.93966664]), array([0.8744615 , 0.95326164, 0.87847716, 0.82811965, 0.90072495,
       0.89708364, 0.93334567, 0.93212904, 0.94158755, 0.93806214])]
real metric: [array([0.97696787, 0.99373805, 0.96283295, 0.93833507, 0.9582552 ,
       0.94877065, 0.96197501, 0.94568946, 0.95868201, 0.97032445]), array([0.97228911, 0.99453954, 0.96506749, 0.92203501, 0.96166184,
       0.9474059 , 0.9706683 , 0.94321286, 0.95556171, 0.97324175]), array([0.97274481, 0.99396886, 0.96621676, 0.93301912, 0.96210155,
       0.94643133, 0.96984057, 0.94012527, 0.95912428, 0.96506112]), array([0.9729386 , 0.99518003, 0.96359867, 0.92985395, 0.96305785,
       0.94250351, 0.96684041, 0.9309799 , 0.95956478, 0.96531597]), array([0.96979015, 0.99380284, 0.95687448, 0.93580237, 0.96004411,
       0.93588779, 0.96576413, 0.93950047, 0.95684947, 0.9681464 ])]

estim_algorithm = ts-model, mode = classification, metric = auc, confidence_scores = max_class_probability-conf, class_specific = True
test err: [0.005776728234776729, 0.006730476339440394, 0.004866652667767169, 0.0065195803336509095, 0.005974067444116238]
estimated metric: [array([0.97037677, 0.9895127 , 0.96004015, 0.94241466, 0.96896618,
       0.94737057, 0.97206877, 0.95599842, 0.96146905, 0.96554685]), array([0.97021346, 0.98957606, 0.96036097, 0.94171712, 0.96929012,
       0.94756155, 0.97223067, 0.95625759, 0.96093008, 0.96512415]), array([0.97025879, 0.98961131, 0.96143084, 0.94168282, 0.96920833,
       0.94757249, 0.97279957, 0.95498521, 0.96080338, 0.96568847]), array([0.97017001, 0.98954025, 0.9601077 , 0.94122363, 0.96948729,
       0.94755864, 0.97146693, 0.9553442 , 0.9609196 , 0.96521939]), array([0.96970283, 0.98914382, 0.95993269, 0.94183831, 0.96797941,
       0.94641184, 0.97122913, 0.95478713, 0.9591168 , 0.96372455])]
real metric: [array([0.97696787, 0.99373805, 0.96283295, 0.93833507, 0.9582552 ,
       0.94877065, 0.96197501, 0.94568946, 0.95868201, 0.97032445]), array([0.97228911, 0.99453954, 0.96506749, 0.92203501, 0.96166184,
       0.9474059 , 0.9706683 , 0.94321286, 0.95556171, 0.97324175]), array([0.97274481, 0.99396886, 0.96621676, 0.93301912, 0.96210155,
       0.94643133, 0.96984057, 0.94012527, 0.95912428, 0.96506112]), array([0.9729386 , 0.99518003, 0.96359867, 0.92985395, 0.96305785,
       0.94250351, 0.96684041, 0.9309799 , 0.95956478, 0.96531597]), array([0.96979015, 0.99380284, 0.95687448, 0.93580237, 0.96004411,
       0.93588779, 0.96576413, 0.93950047, 0.95684947, 0.9681464 ])]

estim_algorithm = ts-model, mode = classification, metric = auc, confidence_scores = energy-conf, class_specific = False
test err: [0.02229714181375426, 0.02861372276902089, 0.0229650509326065, 0.027116728101811694, 0.029773699192424518]
estimated metric: [array([0.96444511, 0.9511154 , 0.96991183, 0.96980048, 0.96603755,
       0.96803458, 0.96608732, 0.96759236, 0.94399754, 0.9087887 ]), array([0.9643297 , 0.94741536, 0.96894335, 0.96942001, 0.96780549,
       0.96841148, 0.96534341, 0.96637048, 0.91483621, 0.88980622]), array([0.96314011, 0.94128941, 0.96869872, 0.96806811, 0.96665078,
       0.96740685, 0.96536086, 0.96462768, 0.94473463, 0.90412225]), array([0.96346612, 0.93517773, 0.96852202, 0.96963228, 0.96611913,
       0.96891248, 0.96629955, 0.96552667, 0.91761366, 0.91483414]), array([0.96285866, 0.94981333, 0.97071332, 0.96880531, 0.96796524,
       0.96850519, 0.9659226 , 0.96695481, 0.91176333, 0.88140965])]
real metric: [array([0.97696787, 0.99373805, 0.96283295, 0.93833507, 0.9582552 ,
       0.94877065, 0.96197501, 0.94568946, 0.95868201, 0.97032445]), array([0.97228911, 0.99453954, 0.96506749, 0.92203501, 0.96166184,
       0.9474059 , 0.9706683 , 0.94321286, 0.95556171, 0.97324175]), array([0.97274481, 0.99396886, 0.96621676, 0.93301912, 0.96210155,
       0.94643133, 0.96984057, 0.94012527, 0.95912428, 0.96506112]), array([0.9729386 , 0.99518003, 0.96359867, 0.92985395, 0.96305785,
       0.94250351, 0.96684041, 0.9309799 , 0.95956478, 0.96531597]), array([0.96979015, 0.99380284, 0.95687448, 0.93580237, 0.96004411,
       0.93588779, 0.96576413, 0.93950047, 0.95684947, 0.9681464 ])]

estim_algorithm = ts-model, mode = classification, metric = auc, confidence_scores = energy-conf, class_specific = True
test err: [0.015817611853913262, 0.01643659517952554, 0.017180740454246557, 0.017834501452850836, 0.019357111430551976]
estimated metric: [array([0.9927361 , 0.99316831, 0.97799976, 0.96753396, 0.98261515,
       0.95142825, 0.98518828, 0.9755151 , 0.97496248, 0.97145997]), array([0.99280064, 0.99321418, 0.97729783, 0.96866766, 0.98219295,
       0.94548023, 0.98450725, 0.97231408, 0.97247804, 0.97188897]), array([0.99269326, 0.99309161, 0.97802304, 0.96862631, 0.98260138,
       0.94856948, 0.98473678, 0.97792983, 0.97658509, 0.97582979]), array([0.99282089, 0.99320089, 0.97816961, 0.96854505, 0.98214085,
       0.94971911, 0.98462408, 0.97465741, 0.96769822, 0.97264429]), array([0.99280834, 0.99332399, 0.97796666, 0.96466066, 0.98277817,
       0.96153049, 0.98468295, 0.97783236, 0.97073853, 0.96875349])]
real metric: [array([0.97696787, 0.99373805, 0.96283295, 0.93833507, 0.9582552 ,
       0.94877065, 0.96197501, 0.94568946, 0.95868201, 0.97032445]), array([0.97228911, 0.99453954, 0.96506749, 0.92203501, 0.96166184,
       0.9474059 , 0.9706683 , 0.94321286, 0.95556171, 0.97324175]), array([0.97274481, 0.99396886, 0.96621676, 0.93301912, 0.96210155,
       0.94643133, 0.96984057, 0.94012527, 0.95912428, 0.96506112]), array([0.9729386 , 0.99518003, 0.96359867, 0.92985395, 0.96305785,
       0.94250351, 0.96684041, 0.9309799 , 0.95956478, 0.96531597]), array([0.96979015, 0.99380284, 0.95687448, 0.93580237, 0.96004411,
       0.93588779, 0.96576413, 0.93950047, 0.95684947, 0.9681464 ])]

estim_algorithm = ts-model, mode = classification, metric = auc, confidence_scores = entropy-conf, class_specific = False
test err: [0.04611252905576518, 0.045395077196615605, 0.04527350880468596, 0.045682879394183064, 0.04429657641199284]
estimated metric: [array([0.88301148, 0.9595985 , 0.88707607, 0.82475904, 0.91064841,
       0.90678567, 0.94250995, 0.941835  , 0.95104475, 0.94717657]), array([0.88171267, 0.95983886, 0.88705455, 0.82518902, 0.91048809,
       0.90675209, 0.94208254, 0.94173072, 0.95003847, 0.94684573]), array([0.88151887, 0.96007923, 0.88943969, 0.82500509, 0.9112008 ,
       0.90773117, 0.94324731, 0.94096725, 0.95067869, 0.94771443]), array([0.88368868, 0.95979013, 0.88656789, 0.82517405, 0.91120211,
       0.90712992, 0.94150182, 0.94141954, 0.95053271, 0.94687732]), array([0.88203133, 0.95915619, 0.88584896, 0.82450005, 0.90887692,
       0.9047846 , 0.94123593, 0.94042361, 0.94889172, 0.94559343])]
real metric: [array([0.97696787, 0.99373805, 0.96283295, 0.93833507, 0.9582552 ,
       0.94877065, 0.96197501, 0.94568946, 0.95868201, 0.97032445]), array([0.97228911, 0.99453954, 0.96506749, 0.92203501, 0.96166184,
       0.9474059 , 0.9706683 , 0.94321286, 0.95556171, 0.97324175]), array([0.97274481, 0.99396886, 0.96621676, 0.93301912, 0.96210155,
       0.94643133, 0.96984057, 0.94012527, 0.95912428, 0.96506112]), array([0.9729386 , 0.99518003, 0.96359867, 0.92985395, 0.96305785,
       0.94250351, 0.96684041, 0.9309799 , 0.95956478, 0.96531597]), array([0.96979015, 0.99380284, 0.95687448, 0.93580237, 0.96004411,
       0.93588779, 0.96576413, 0.93950047, 0.95684947, 0.9681464 ])]

estim_algorithm = ts-model, mode = classification, metric = auc, confidence_scores = entropy-conf, class_specific = True
test err: [0.006387361073588416, 0.007298447347343517, 0.0052897204609108515, 0.007078885022868908, 0.0063858646730525544]
estimated metric: [array([0.96819533, 0.98481159, 0.95942924, 0.94146257, 0.96835792,
       0.94676906, 0.97169528, 0.95551254, 0.9608178 , 0.96446452]), array([0.96773228, 0.98493887, 0.95953814, 0.94072253, 0.96856812,
       0.94704903, 0.97170147, 0.95573625, 0.9601445 , 0.96403415]), array([0.96777269, 0.98520503, 0.96072603, 0.94071705, 0.96837136,
       0.94718762, 0.97244275, 0.95469177, 0.96064874, 0.96480777]), array([0.96811842, 0.98480705, 0.95948537, 0.94034681, 0.96883424,
       0.9471206 , 0.97119663, 0.9550002 , 0.96052115, 0.9640528 ]), array([0.96765944, 0.98464084, 0.95930099, 0.94100358, 0.96737111,
       0.94608964, 0.97073788, 0.95448329, 0.95890345, 0.96274758])]
real metric: [array([0.97696787, 0.99373805, 0.96283295, 0.93833507, 0.9582552 ,
       0.94877065, 0.96197501, 0.94568946, 0.95868201, 0.97032445]), array([0.97228911, 0.99453954, 0.96506749, 0.92203501, 0.96166184,
       0.9474059 , 0.9706683 , 0.94321286, 0.95556171, 0.97324175]), array([0.97274481, 0.99396886, 0.96621676, 0.93301912, 0.96210155,
       0.94643133, 0.96984057, 0.94012527, 0.95912428, 0.96506112]), array([0.9729386 , 0.99518003, 0.96359867, 0.92985395, 0.96305785,
       0.94250351, 0.96684041, 0.9309799 , 0.95956478, 0.96531597]), array([0.96979015, 0.99380284, 0.95687448, 0.93580237, 0.96004411,
       0.93588779, 0.96576413, 0.93950047, 0.95684947, 0.9681464 ])]

estim_algorithm = ts-model, mode = classification, metric = auc, confidence_scores = doctor-conf, class_specific = False
test err: [0.038037286173147854, 0.03119687973461236, 0.03540193637885982, 0.03794919873221865, 0.0356685815383628]
estimated metric: [array([0.8759952 , 0.97466399, 0.87959877, 0.8306722 , 0.9610435 ,
       0.93804145, 0.97266331, 0.97301163, 0.97309382, 0.97381375]), array([0.87146813, 0.974516  , 0.9124848 , 0.84388527, 0.96070684,
       0.93745967, 0.97329234, 0.97297716, 0.97253376, 0.97337198]), array([0.86081833, 0.97495686, 0.901159  , 0.84517112, 0.96151265,
       0.93630811, 0.97338204, 0.97334115, 0.97310819, 0.97378286]), array([0.87608115, 0.97510421, 0.87473272, 0.83178725, 0.96202358,
       0.93959496, 0.97338489, 0.97360776, 0.97349261, 0.97389904]), array([0.87995854, 0.97418601, 0.88933092, 0.81754884, 0.96053268,
       0.93498537, 0.97246326, 0.97207371, 0.97270175, 0.97307107])]
real metric: [array([0.97696787, 0.99373805, 0.96283295, 0.93833507, 0.9582552 ,
       0.94877065, 0.96197501, 0.94568946, 0.95868201, 0.97032445]), array([0.97228911, 0.99453954, 0.96506749, 0.92203501, 0.96166184,
       0.9474059 , 0.9706683 , 0.94321286, 0.95556171, 0.97324175]), array([0.97274481, 0.99396886, 0.96621676, 0.93301912, 0.96210155,
       0.94643133, 0.96984057, 0.94012527, 0.95912428, 0.96506112]), array([0.9729386 , 0.99518003, 0.96359867, 0.92985395, 0.96305785,
       0.94250351, 0.96684041, 0.9309799 , 0.95956478, 0.96531597]), array([0.96979015, 0.99380284, 0.95687448, 0.93580237, 0.96004411,
       0.93588779, 0.96576413, 0.93950047, 0.95684947, 0.9681464 ])]

estim_algorithm = ts-model, mode = classification, metric = auc, confidence_scores = doctor-conf, class_specific = True
test err: [0.007555903347693393, 0.009352553273696228, 0.007599303875732377, 0.009445633060871827, 0.010146537187936167]
estimated metric: [array([0.9842498 , 0.99302354, 0.96714258, 0.95177379, 0.97345561,
       0.94901466, 0.97702747, 0.95768393, 0.96175155, 0.9660711 ]), array([0.98424577, 0.99315868, 0.96782734, 0.95137068, 0.97363468,
       0.94902955, 0.97746784, 0.95800813, 0.96118672, 0.96596559]), array([0.98448981, 0.99314469, 0.96835804, 0.95094735, 0.97391559,
       0.94949978, 0.97802959, 0.95684827, 0.96133903, 0.96640621]), array([0.9845337 , 0.9931148 , 0.96750505, 0.95090428, 0.97367623,
       0.94902798, 0.97678509, 0.95759565, 0.96124481, 0.96577195]), array([0.98410151, 0.99293176, 0.96735678, 0.95167903, 0.97311536,
       0.94839505, 0.97634342, 0.95676181, 0.96001208, 0.96480418])]
real metric: [array([0.97696787, 0.99373805, 0.96283295, 0.93833507, 0.9582552 ,
       0.94877065, 0.96197501, 0.94568946, 0.95868201, 0.97032445]), array([0.97228911, 0.99453954, 0.96506749, 0.92203501, 0.96166184,
       0.9474059 , 0.9706683 , 0.94321286, 0.95556171, 0.97324175]), array([0.97274481, 0.99396886, 0.96621676, 0.93301912, 0.96210155,
       0.94643133, 0.96984057, 0.94012527, 0.95912428, 0.96506112]), array([0.9729386 , 0.99518003, 0.96359867, 0.92985395, 0.96305785,
       0.94250351, 0.96684041, 0.9309799 , 0.95956478, 0.96531597]), array([0.96979015, 0.99380284, 0.95687448, 0.93580237, 0.96004411,
       0.93588779, 0.96576413, 0.93950047, 0.95684947, 0.9681464 ])]

estim_algorithm = doc-model, mode = classification, metric = auc, confidence_scores = max_class_probability-conf, class_specific = False
test err: [0.11103336515916909, 0.11000979221437931, 0.11014305592557591, 0.10836005890245126, 0.10801179478690211]
estimated metric: [array([0.8420641 , 0.86483442, 0.84235024, 0.83913258, 0.84673008,
       0.84613321, 0.8542019 , 0.85475968, 0.85803271, 0.85699814]), array([0.84203339, 0.86463943, 0.84229914, 0.83919039, 0.84706867,
       0.84604239, 0.85468463, 0.85488964, 0.85715982, 0.85757809]), array([0.84223999, 0.86496838, 0.84239797, 0.8392222 , 0.8472629 ,
       0.84635352, 0.85537953, 0.85457505, 0.85746108, 0.8573425 ]), array([0.84220358, 0.86488071, 0.84219802, 0.83916722, 0.84728797,
       0.84610741, 0.85440317, 0.85461612, 0.8585331 , 0.85683578]), array([0.84181185, 0.86495801, 0.84180931, 0.83924441, 0.84648488,
       0.84578066, 0.85399634, 0.85397972, 0.85754521, 0.85673387])]
real metric: [array([0.97696787, 0.99373805, 0.96283295, 0.93833507, 0.9582552 ,
       0.94877065, 0.96197501, 0.94568946, 0.95868201, 0.97032445]), array([0.97228911, 0.99453954, 0.96506749, 0.92203501, 0.96166184,
       0.9474059 , 0.9706683 , 0.94321286, 0.95556171, 0.97324175]), array([0.97274481, 0.99396886, 0.96621676, 0.93301912, 0.96210155,
       0.94643133, 0.96984057, 0.94012527, 0.95912428, 0.96506112]), array([0.9729386 , 0.99518003, 0.96359867, 0.92985395, 0.96305785,
       0.94250351, 0.96684041, 0.9309799 , 0.95956478, 0.96531597]), array([0.96979015, 0.99380284, 0.95687448, 0.93580237, 0.96004411,
       0.93588779, 0.96576413, 0.93950047, 0.95684947, 0.9681464 ])]

estim_algorithm = doc-model, mode = classification, metric = auc, confidence_scores = max_class_probability-conf, class_specific = True
test err: [0.005882992163855882, 0.007248895755704155, 0.006082699849573769, 0.007611098938894367, 0.00832766383455944]
estimated metric: [array([0.97596402, 0.99623119, 0.96469094, 0.94614901, 0.97224249,
       0.94953693, 0.97538142, 0.95722722, 0.96089845, 0.96657763]), array([0.97581256, 0.9962465 , 0.96481785, 0.94623433, 0.97244093,
       0.94954268, 0.97594827, 0.95741751, 0.9599945 , 0.96726545]), array([0.97583903, 0.99623413, 0.96487243, 0.94623699, 0.97268424,
       0.94973232, 0.97660631, 0.95708356, 0.96032845, 0.96715455]), array([0.97596208, 0.9962435 , 0.96453524, 0.94620086, 0.97286836,
       0.94956869, 0.97570073, 0.95703538, 0.96134121, 0.96648862]), array([0.97578202, 0.9962237 , 0.96427007, 0.94627374, 0.97196706,
       0.94911486, 0.97537103, 0.95661199, 0.96023544, 0.96640387])]
real metric: [array([0.97696787, 0.99373805, 0.96283295, 0.93833507, 0.9582552 ,
       0.94877065, 0.96197501, 0.94568946, 0.95868201, 0.97032445]), array([0.97228911, 0.99453954, 0.96506749, 0.92203501, 0.96166184,
       0.9474059 , 0.9706683 , 0.94321286, 0.95556171, 0.97324175]), array([0.97274481, 0.99396886, 0.96621676, 0.93301912, 0.96210155,
       0.94643133, 0.96984057, 0.94012527, 0.95912428, 0.96506112]), array([0.9729386 , 0.99518003, 0.96359867, 0.92985395, 0.96305785,
       0.94250351, 0.96684041, 0.9309799 , 0.95956478, 0.96531597]), array([0.96979015, 0.99380284, 0.95687448, 0.93580237, 0.96004411,
       0.93588779, 0.96576413, 0.93950047, 0.95684947, 0.9681464 ])]

estim_algorithm = doc-model, mode = classification, metric = auc, confidence_scores = energy-conf, class_specific = False
test err: [0.022468762118928565, 0.028792339683702473, 0.023231662520257178, 0.02737655120143547, 0.0299766069290613]
estimated metric: [array([0.96446323, 0.95059371, 0.96981263, 0.96974275, 0.96593448,
       0.96786738, 0.96592077, 0.96745384, 0.94305624, 0.9077851 ]), array([0.96416668, 0.94658032, 0.96873828, 0.96924374, 0.96761785,
       0.96825263, 0.96546449, 0.96618133, 0.91398229, 0.88883397]), array([0.96288965, 0.94037157, 0.96849809, 0.96786929, 0.96643616,
       0.9672044 , 0.96544539, 0.96498225, 0.94369145, 0.90312114]), array([0.96334778, 0.93429658, 0.96838706, 0.96978156, 0.96619548,
       0.96874325, 0.96610935, 0.96525081, 0.91685137, 0.91383347]), array([0.96257303, 0.94922368, 0.97066629, 0.96859384, 0.96792736,
       0.96854701, 0.96594073, 0.96674139, 0.91094791, 0.88062144])]
real metric: [array([0.97696787, 0.99373805, 0.96283295, 0.93833507, 0.9582552 ,
       0.94877065, 0.96197501, 0.94568946, 0.95868201, 0.97032445]), array([0.97228911, 0.99453954, 0.96506749, 0.92203501, 0.96166184,
       0.9474059 , 0.9706683 , 0.94321286, 0.95556171, 0.97324175]), array([0.97274481, 0.99396886, 0.96621676, 0.93301912, 0.96210155,
       0.94643133, 0.96984057, 0.94012527, 0.95912428, 0.96506112]), array([0.9729386 , 0.99518003, 0.96359867, 0.92985395, 0.96305785,
       0.94250351, 0.96684041, 0.9309799 , 0.95956478, 0.96531597]), array([0.96979015, 0.99380284, 0.95687448, 0.93580237, 0.96004411,
       0.93588779, 0.96576413, 0.93950047, 0.95684947, 0.9681464 ])]

estim_algorithm = doc-model, mode = classification, metric = auc, confidence_scores = energy-conf, class_specific = True
test err: [0.010638187699820657, 0.017159044746909304, 0.011931699189334444, 0.009446605584056689, 0.011304972256738844]
estimated metric: [array([0.96056712, 0.97689085, 0.9516841 , 0.93424195, 0.96682558,
       0.93540266, 0.93953777, 0.94599766, 0.9671358 , 0.9655701 ]), array([0.95960808, 0.97672013, 0.95209987, 0.93402071, 0.96738059,
       0.91821499, 0.95591601, 0.91012659, 0.9625521 , 0.94684366]), array([0.9582299 , 0.97670558, 0.95586713, 0.93187679, 0.96694067,
       0.92544405, 0.9441627 , 0.95715291, 0.96283484, 0.96125673]), array([0.95893585, 0.9767944 , 0.95420643, 0.93825827, 0.96661049,
       0.9311287 , 0.95081759, 0.92358601, 0.96473584, 0.96455009]), array([0.96020482, 0.97679269, 0.95454911, 0.92774332, 0.96782157,
       0.94998002, 0.94938022, 0.93731778, 0.96263399, 0.93829738])]
real metric: [array([0.97696787, 0.99373805, 0.96283295, 0.93833507, 0.9582552 ,
       0.94877065, 0.96197501, 0.94568946, 0.95868201, 0.97032445]), array([0.97228911, 0.99453954, 0.96506749, 0.92203501, 0.96166184,
       0.9474059 , 0.9706683 , 0.94321286, 0.95556171, 0.97324175]), array([0.97274481, 0.99396886, 0.96621676, 0.93301912, 0.96210155,
       0.94643133, 0.96984057, 0.94012527, 0.95912428, 0.96506112]), array([0.9729386 , 0.99518003, 0.96359867, 0.92985395, 0.96305785,
       0.94250351, 0.96684041, 0.9309799 , 0.95956478, 0.96531597]), array([0.96979015, 0.99380284, 0.95687448, 0.93580237, 0.96004411,
       0.93588779, 0.96576413, 0.93950047, 0.95684947, 0.9681464 ])]

estim_algorithm = doc-model, mode = classification, metric = auc, confidence_scores = entropy-conf, class_specific = False
test err: [0.11312827531838017, 0.11215883838214706, 0.11240593251599466, 0.11051377687921919, 0.10986238168677027]
estimated metric: [array([0.84629542, 0.85229689, 0.84653939, 0.84643726, 0.84780043,
       0.84735799, 0.84924115, 0.84890966, 0.8493871 , 0.85002268]), array([0.84628973, 0.852235  , 0.84653238, 0.8464038 , 0.84786973,
       0.84736592, 0.849223  , 0.84888517, 0.84927517, 0.85001521]), array([0.84632149, 0.8523706 , 0.846517  , 0.84640295, 0.84794535,
       0.84742231, 0.84937319, 0.8487426 , 0.84955315, 0.84992571]), array([0.84631891, 0.8523618 , 0.84653854, 0.84645143, 0.84792049,
       0.84735322, 0.84921019, 0.8488564 , 0.84971247, 0.84997246]), array([0.8462975 , 0.85229364, 0.84651311, 0.84637231, 0.8478211 ,
       0.84739425, 0.84898599, 0.8486946 , 0.84950421, 0.84996168])]
real metric: [array([0.97696787, 0.99373805, 0.96283295, 0.93833507, 0.9582552 ,
       0.94877065, 0.96197501, 0.94568946, 0.95868201, 0.97032445]), array([0.97228911, 0.99453954, 0.96506749, 0.92203501, 0.96166184,
       0.9474059 , 0.9706683 , 0.94321286, 0.95556171, 0.97324175]), array([0.97274481, 0.99396886, 0.96621676, 0.93301912, 0.96210155,
       0.94643133, 0.96984057, 0.94012527, 0.95912428, 0.96506112]), array([0.9729386 , 0.99518003, 0.96359867, 0.92985395, 0.96305785,
       0.94250351, 0.96684041, 0.9309799 , 0.95956478, 0.96531597]), array([0.96979015, 0.99380284, 0.95687448, 0.93580237, 0.96004411,
       0.93588779, 0.96576413, 0.93950047, 0.95684947, 0.9681464 ])]

estim_algorithm = doc-model, mode = classification, metric = auc, confidence_scores = entropy-conf, class_specific = True
test err: [0.006701333917369712, 0.007887242175307275, 0.006598446416788395, 0.00840440452280553, 0.009151396791007505]
estimated metric: [array([0.97500474, 0.99645162, 0.96579178, 0.94696647, 0.97396713,
       0.95024401, 0.97719154, 0.95795058, 0.96215904, 0.96771802]), array([0.97502565, 0.99646017, 0.96581457, 0.94695647, 0.97406589,
       0.95026856, 0.97719901, 0.95794841, 0.9620689 , 0.96773519]), array([0.97504092, 0.99644421, 0.96578174, 0.94694648, 0.97412851,
       0.95031383, 0.97733562, 0.95778479, 0.96234099, 0.96763101]), array([0.97504395, 0.99645826, 0.9658039 , 0.94699027, 0.97409806,
       0.95024624, 0.97716873, 0.95789509, 0.9624968 , 0.96767642]), array([0.97499916, 0.99646073, 0.96576836, 0.94691458, 0.97399245,
       0.95025552, 0.97693684, 0.95774431, 0.96227117, 0.96765974])]
real metric: [array([0.97696787, 0.99373805, 0.96283295, 0.93833507, 0.9582552 ,
       0.94877065, 0.96197501, 0.94568946, 0.95868201, 0.97032445]), array([0.97228911, 0.99453954, 0.96506749, 0.92203501, 0.96166184,
       0.9474059 , 0.9706683 , 0.94321286, 0.95556171, 0.97324175]), array([0.97274481, 0.99396886, 0.96621676, 0.93301912, 0.96210155,
       0.94643133, 0.96984057, 0.94012527, 0.95912428, 0.96506112]), array([0.9729386 , 0.99518003, 0.96359867, 0.92985395, 0.96305785,
       0.94250351, 0.96684041, 0.9309799 , 0.95956478, 0.96531597]), array([0.96979015, 0.99380284, 0.95687448, 0.93580237, 0.96004411,
       0.93588779, 0.96576413, 0.93950047, 0.95684947, 0.9681464 ])]

estim_algorithm = doc-model, mode = classification, metric = auc, confidence_scores = doctor-conf, class_specific = False
test err: [0.061388176837912, 0.05957427964217923, 0.06120773103513229, 0.062218891069677984, 0.05988307389924426]
estimated metric: [array([0.81871725, 0.97365919, 0.82472027, 0.82915377, 0.89186836,
       0.85625226, 0.96663783, 0.9581452 , 0.97019786, 0.96960579]), array([0.81539755, 0.97307781, 0.83514652, 0.83220467, 0.89763082,
       0.8540627 , 0.9647944 , 0.95913343, 0.96944909, 0.96865961]), array([0.81419873, 0.97359962, 0.83126622, 0.82822966, 0.89450633,
       0.85667257, 0.96593588, 0.95756159, 0.96917083, 0.96974156]), array([0.81868706, 0.97385896, 0.82189954, 0.82861203, 0.88919731,
       0.85608055, 0.96536969, 0.95825451, 0.96915754, 0.97036964]), array([0.81843681, 0.97308099, 0.83161157, 0.81705224, 0.88739825,
       0.85605478, 0.96448122, 0.95704414, 0.96808105, 0.96794092])]
real metric: [array([0.97696787, 0.99373805, 0.96283295, 0.93833507, 0.9582552 ,
       0.94877065, 0.96197501, 0.94568946, 0.95868201, 0.97032445]), array([0.97228911, 0.99453954, 0.96506749, 0.92203501, 0.96166184,
       0.9474059 , 0.9706683 , 0.94321286, 0.95556171, 0.97324175]), array([0.97274481, 0.99396886, 0.96621676, 0.93301912, 0.96210155,
       0.94643133, 0.96984057, 0.94012527, 0.95912428, 0.96506112]), array([0.9729386 , 0.99518003, 0.96359867, 0.92985395, 0.96305785,
       0.94250351, 0.96684041, 0.9309799 , 0.95956478, 0.96531597]), array([0.96979015, 0.99380284, 0.95687448, 0.93580237, 0.96004411,
       0.93588779, 0.96576413, 0.93950047, 0.95684947, 0.9681464 ])]

estim_algorithm = doc-model, mode = classification, metric = auc, confidence_scores = doctor-conf, class_specific = True
test err: [0.007731753341312997, 0.009160614045441051, 0.005899101902672832, 0.007299467515213542, 0.007859007613360103]
estimated metric: [array([0.96484188, 0.98388329, 0.95926116, 0.93871497, 0.96708389,
       0.94181614, 0.9693729 , 0.95738863, 0.95715472, 0.95534691]), array([0.96416092, 0.98399378, 0.96203697, 0.94202494, 0.96719732,
       0.93955223, 0.97057239, 0.95688803, 0.95988819, 0.9548167 ]), array([0.96492171, 0.98431316, 0.96378047, 0.93772112, 0.96846673,
       0.94209791, 0.97016322, 0.9553916 , 0.95598779, 0.96011125]), array([0.96624183, 0.98411212, 0.95626319, 0.93811326, 0.96810829,
       0.94155814, 0.96934113, 0.95045113, 0.9609439 , 0.95502766]), array([0.96414011, 0.98363885, 0.96313609, 0.92642834, 0.96729227,
       0.94157609, 0.96855162, 0.95076314, 0.96157362, 0.95271675])]
real metric: [array([0.97696787, 0.99373805, 0.96283295, 0.93833507, 0.9582552 ,
       0.94877065, 0.96197501, 0.94568946, 0.95868201, 0.97032445]), array([0.97228911, 0.99453954, 0.96506749, 0.92203501, 0.96166184,
       0.9474059 , 0.9706683 , 0.94321286, 0.95556171, 0.97324175]), array([0.97274481, 0.99396886, 0.96621676, 0.93301912, 0.96210155,
       0.94643133, 0.96984057, 0.94012527, 0.95912428, 0.96506112]), array([0.9729386 , 0.99518003, 0.96359867, 0.92985395, 0.96305785,
       0.94250351, 0.96684041, 0.9309799 , 0.95956478, 0.96531597]), array([0.96979015, 0.99380284, 0.95687448, 0.93580237, 0.96004411,
       0.93588779, 0.96576413, 0.93950047, 0.95684947, 0.9681464 ])]

