estim_algorithm = ac-model, mode = classification, metric = auc, confidence_scores = max_class_probability-conf, class_specific = False
test err: [0.07348326254681964, 0.07261899548421576, 0.07126944351295643, 0.07155222275088391, 0.06924290219891933]
estimated metric: [array([0.98678577, 0.98770481, 0.98455287, 0.98196722, 0.98467287,
       0.98475821, 0.98145049, 0.9822494 , 0.98382677, 0.98069401]), array([0.98576813, 0.98723459, 0.98408846, 0.98115708, 0.98397085,
       0.98459776, 0.98259056, 0.98335158, 0.98171279, 0.98234852]), array([0.98638959, 0.98776961, 0.98475718, 0.98134867, 0.98400555,
       0.98346032, 0.98387103, 0.98374838, 0.98244773, 0.98246198]), array([0.986843  , 0.98821247, 0.98580346, 0.98240127, 0.98480166,
       0.98434363, 0.98327728, 0.98304947, 0.9838771 , 0.98145312]), array([0.98658118, 0.98808283, 0.98509311, 0.98224435, 0.98448583,
       0.98494733, 0.98243163, 0.98348923, 0.98481009, 0.97959237])]
real metric: [array([0.95074968, 0.97598064, 0.9190626 , 0.89710864, 0.90734326,
       0.87785229, 0.85362282, 0.90207732, 0.89038719, 0.92964536]), array([0.94957703, 0.98074414, 0.90964353, 0.88903515, 0.91564283,
       0.87916269, 0.87048385, 0.88854396, 0.89219965, 0.93559755]), array([0.95297405, 0.98092042, 0.92199989, 0.89323155, 0.91595534,
       0.87599191, 0.86097695, 0.9133648 , 0.87990355, 0.93224716]), array([0.95301757, 0.98137713, 0.92286689, 0.89679833, 0.91022112,
       0.86848118, 0.8766459 , 0.89721589, 0.88567644, 0.93623979]), array([0.95372638, 0.98039116, 0.90813432, 0.90359855, 0.9103251 ,
       0.88141582, 0.86889382, 0.91548946, 0.89445432, 0.93290001])]

estim_algorithm = ac-model, mode = classification, metric = auc, confidence_scores = energy-conf, class_specific = False
test err: [0.12971399968745373, 0.12233993296320533, 0.11713131927922853, 0.11959201642667763, 0.12754496862017198]
estimated metric: [array([0.77187766, 0.84820644, 0.84818705, 0.85873405, 0.76011022,
       0.78313583, 0.67152862, 0.85416459, 0.70037663, 0.7103687 ]), array([0.77459046, 0.80992134, 0.83116471, 0.85340299, 0.75936068,
       0.79425714, 0.7027188 , 0.84720931, 0.75437446, 0.76023116]), array([0.79867278, 0.8170379 , 0.8464113 , 0.86995363, 0.74450061,
       0.76699649, 0.84158714, 0.78087786, 0.69563328, 0.79458142]), array([0.7709747 , 0.80131857, 0.82273006, 0.83295416, 0.78329512,
       0.79521817, 0.725111  , 0.85487788, 0.71293574, 0.83320467]), array([0.78722756, 0.85772238, 0.83653787, 0.82063749, 0.73534199,
       0.80083831, 0.72055407, 0.82942928, 0.74707752, 0.73851277])]
real metric: [array([0.95074968, 0.97598064, 0.9190626 , 0.89710864, 0.90734326,
       0.87785229, 0.85362282, 0.90207732, 0.89038719, 0.92964536]), array([0.94957703, 0.98074414, 0.90964353, 0.88903515, 0.91564283,
       0.87916269, 0.87048385, 0.88854396, 0.89219965, 0.93559755]), array([0.95297405, 0.98092042, 0.92199989, 0.89323155, 0.91595534,
       0.87599191, 0.86097695, 0.9133648 , 0.87990355, 0.93224716]), array([0.95301757, 0.98137713, 0.92286689, 0.89679833, 0.91022112,
       0.86848118, 0.8766459 , 0.89721589, 0.88567644, 0.93623979]), array([0.95372638, 0.98039116, 0.90813432, 0.90359855, 0.9103251 ,
       0.88141582, 0.86889382, 0.91548946, 0.89445432, 0.93290001])]

estim_algorithm = ac-model, mode = classification, metric = auc, confidence_scores = entropy-conf, class_specific = False
test err: [0.06949688974933045, 0.06879826742371772, 0.06745421552403329, 0.06803868895626641, 0.06561958385321806]
estimated metric: [array([0.98262948, 0.98493279, 0.9811561 , 0.97612651, 0.9817037 ,
       0.98232318, 0.97721248, 0.97900847, 0.97976645, 0.97393954]), array([0.98141724, 0.98475457, 0.98010975, 0.97496108, 0.97987028,
       0.98174047, 0.97947737, 0.98036493, 0.97875263, 0.97716472]), array([0.98238556, 0.98507316, 0.98130706, 0.97544492, 0.98075731,
       0.98022478, 0.98071334, 0.98018237, 0.97609674, 0.97992252]), array([0.98321567, 0.98611139, 0.98196169, 0.97652619, 0.98109233,
       0.98141802, 0.9782256 , 0.98013476, 0.98124754, 0.97899392]), array([0.9824498 , 0.98583732, 0.98147422, 0.97637283, 0.98108977,
       0.98154097, 0.98023023, 0.98034792, 0.98004114, 0.97614056])]
real metric: [array([0.95074968, 0.97598064, 0.9190626 , 0.89710864, 0.90734326,
       0.87785229, 0.85362282, 0.90207732, 0.89038719, 0.92964536]), array([0.94957703, 0.98074414, 0.90964353, 0.88903515, 0.91564283,
       0.87916269, 0.87048385, 0.88854396, 0.89219965, 0.93559755]), array([0.95297405, 0.98092042, 0.92199989, 0.89323155, 0.91595534,
       0.87599191, 0.86097695, 0.9133648 , 0.87990355, 0.93224716]), array([0.95301757, 0.98137713, 0.92286689, 0.89679833, 0.91022112,
       0.86848118, 0.8766459 , 0.89721589, 0.88567644, 0.93623979]), array([0.95372638, 0.98039116, 0.90813432, 0.90359855, 0.9103251 ,
       0.88141582, 0.86889382, 0.91548946, 0.89445432, 0.93290001])]

estim_algorithm = ac-model, mode = classification, metric = auc, confidence_scores = doctor-conf, class_specific = False
test err: [0.07763648870169931, 0.07653825302346674, 0.07539791576970362, 0.07547586632314444, 0.07331337666092318]
estimated metric: [array([0.99032267, 0.99172004, 0.98846652, 0.98677436, 0.98838061,
       0.98808677, 0.98616507, 0.98718029, 0.98751858, 0.98557977]), array([0.98958979, 0.99110646, 0.98758898, 0.98593245, 0.98798768,
       0.98777201, 0.98790475, 0.98731145, 0.98448954, 0.9863298 ]), array([0.99023823, 0.99128865, 0.98883852, 0.9864897 , 0.98775958,
       0.98745586, 0.98734504, 0.98860718, 0.98645495, 0.98706704]), array([0.9902689 , 0.99158297, 0.98934176, 0.98699131, 0.98835945,
       0.98812999, 0.9880928 , 0.98793972, 0.98805061, 0.98454138]), array([0.9900463 , 0.99160125, 0.98877258, 0.98698002, 0.98849817,
       0.98850962, 0.98832105, 0.98822522, 0.98809293, 0.98341556])]
real metric: [array([0.95074968, 0.97598064, 0.9190626 , 0.89710864, 0.90734326,
       0.87785229, 0.85362282, 0.90207732, 0.89038719, 0.92964536]), array([0.94957703, 0.98074414, 0.90964353, 0.88903515, 0.91564283,
       0.87916269, 0.87048385, 0.88854396, 0.89219965, 0.93559755]), array([0.95297405, 0.98092042, 0.92199989, 0.89323155, 0.91595534,
       0.87599191, 0.86097695, 0.9133648 , 0.87990355, 0.93224716]), array([0.95301757, 0.98137713, 0.92286689, 0.89679833, 0.91022112,
       0.86848118, 0.8766459 , 0.89721589, 0.88567644, 0.93623979]), array([0.95372638, 0.98039116, 0.90813432, 0.90359855, 0.9103251 ,
       0.88141582, 0.86889382, 0.91548946, 0.89445432, 0.93290001])]

estim_algorithm = ts-model, mode = classification, metric = auc, confidence_scores = max_class_probability-conf, class_specific = False
test err: [0.03646275139411801, 0.03839801236222643, 0.036242213984240414, 0.03723752120390824, 0.0344292626983028]
estimated metric: [array([0.93372347, 0.94819397, 0.9406742 , 0.92352622, 0.93846637,
       0.94538012, 0.92326486, 0.94716622, 0.92805006, 0.95038606]), array([0.93281742, 0.94693909, 0.93794027, 0.92245181, 0.93678874,
       0.93775276, 0.93704366, 0.94941222, 0.93679966, 0.95553555]), array([0.93300312, 0.94662968, 0.939963  , 0.92283605, 0.93607662,
       0.9397727 , 0.94814464, 0.93966196, 0.94273828, 0.93263837]), array([0.93595746, 0.94910848, 0.94143403, 0.92084417, 0.94007504,
       0.94360003, 0.92751129, 0.94727975, 0.94351306, 0.95293462]), array([0.93567523, 0.94894729, 0.94086014, 0.92259605, 0.93774504,
       0.94235047, 0.94103263, 0.94571346, 0.93887941, 0.94083181])]
real metric: [array([0.95074968, 0.97598064, 0.9190626 , 0.89710864, 0.90734326,
       0.87785229, 0.85362282, 0.90207732, 0.89038719, 0.92964536]), array([0.94957703, 0.98074414, 0.90964353, 0.88903515, 0.91564283,
       0.87916269, 0.87048385, 0.88854396, 0.89219965, 0.93559755]), array([0.95297405, 0.98092042, 0.92199989, 0.89323155, 0.91595534,
       0.87599191, 0.86097695, 0.9133648 , 0.87990355, 0.93224716]), array([0.95301757, 0.98137713, 0.92286689, 0.89679833, 0.91022112,
       0.86848118, 0.8766459 , 0.89721589, 0.88567644, 0.93623979]), array([0.95372638, 0.98039116, 0.90813432, 0.90359855, 0.9103251 ,
       0.88141582, 0.86889382, 0.91548946, 0.89445432, 0.93290001])]

estim_algorithm = ts-model, mode = classification, metric = auc, confidence_scores = max_class_probability-conf, class_specific = True
test err: [0.033137540556456145, 0.0354824632873922, 0.03277844175022604, 0.03613895909518713, 0.03060550674217819]
estimated metric: [array([0.95976756, 0.97316701, 0.94143832, 0.91656459, 0.95724575,
       0.91420953, 0.96324175, 0.96423811, 0.89641367, 0.94329167]), array([0.95845338, 0.97264257, 0.93920974, 0.91603364, 0.95526275,
       0.89436048, 0.96274085, 0.96529553, 0.93114594, 0.95410699]), array([0.96124076, 0.97379344, 0.94133435, 0.92167552, 0.95654085,
       0.88655021, 0.96654805, 0.96691725, 0.92375051, 0.92174918]), array([0.96040581, 0.97348637, 0.94071991, 0.91022512, 0.95686403,
       0.9213789 , 0.9637972 , 0.96561111, 0.91939876, 0.96226112]), array([0.96048331, 0.97352421, 0.94186985, 0.91469163, 0.95659475,
       0.90975578, 0.96514745, 0.96567433, 0.91875274, 0.93064397])]
real metric: [array([0.95074968, 0.97598064, 0.9190626 , 0.89710864, 0.90734326,
       0.87785229, 0.85362282, 0.90207732, 0.89038719, 0.92964536]), array([0.94957703, 0.98074414, 0.90964353, 0.88903515, 0.91564283,
       0.87916269, 0.87048385, 0.88854396, 0.89219965, 0.93559755]), array([0.95297405, 0.98092042, 0.92199989, 0.89323155, 0.91595534,
       0.87599191, 0.86097695, 0.9133648 , 0.87990355, 0.93224716]), array([0.95301757, 0.98137713, 0.92286689, 0.89679833, 0.91022112,
       0.86848118, 0.8766459 , 0.89721589, 0.88567644, 0.93623979]), array([0.95372638, 0.98039116, 0.90813432, 0.90359855, 0.9103251 ,
       0.88141582, 0.86889382, 0.91548946, 0.89445432, 0.93290001])]

estim_algorithm = ts-model, mode = classification, metric = auc, confidence_scores = energy-conf, class_specific = False
test err: [0.03883513595503241, 0.04163701195863401, 0.03728996932714519, 0.03485518954051303, 0.02843470874134544]
estimated metric: [array([0.86963238, 0.91801616, 0.9238393 , 0.92242675, 0.88207907,
       0.89146609, 0.84478925, 0.95240747, 0.8524192 , 0.8464803 ]), array([0.86383507, 0.90839427, 0.9115802 , 0.91722616, 0.87591853,
       0.9148252 , 0.84892144, 0.95058638, 0.88457547, 0.87406279]), array([0.87884786, 0.90695644, 0.92449853, 0.92699489, 0.86428565,
       0.89589206, 0.93648843, 0.90841   , 0.84974854, 0.92589073]), array([0.86842301, 0.89772879, 0.90892028, 0.89857912, 0.8890426 ,
       0.9056298 , 0.86444983, 0.95074363, 0.84917485, 0.93221074]), array([0.8770202 , 0.93803287, 0.91231953, 0.90133986, 0.8729787 ,
       0.89873399, 0.86430091, 0.93839625, 0.87767024, 0.87300964])]
real metric: [array([0.95074968, 0.97598064, 0.9190626 , 0.89710864, 0.90734326,
       0.87785229, 0.85362282, 0.90207732, 0.89038719, 0.92964536]), array([0.94957703, 0.98074414, 0.90964353, 0.88903515, 0.91564283,
       0.87916269, 0.87048385, 0.88854396, 0.89219965, 0.93559755]), array([0.95297405, 0.98092042, 0.92199989, 0.89323155, 0.91595534,
       0.87599191, 0.86097695, 0.9133648 , 0.87990355, 0.93224716]), array([0.95301757, 0.98137713, 0.92286689, 0.89679833, 0.91022112,
       0.86848118, 0.8766459 , 0.89721589, 0.88567644, 0.93623979]), array([0.95372638, 0.98039116, 0.90813432, 0.90359855, 0.9103251 ,
       0.88141582, 0.86889382, 0.91548946, 0.89445432, 0.93290001])]

estim_algorithm = ts-model, mode = classification, metric = auc, confidence_scores = energy-conf, class_specific = True
test err: [0.057099175084931106, 0.059883067986134644, 0.050071644635861466, 0.050763705261002975, 0.052433414840902526]
estimated metric: [array([0.99418353, 0.99505586, 0.95712835, 0.95915179, 0.97709839,
       0.93015885, 0.97703537, 0.97901511, 0.92917885, 0.88247528]), array([0.99412035, 0.99502378, 0.96006315, 0.96547672, 0.97675362,
       0.93844176, 0.97811709, 0.98972762, 0.93274492, 0.89220307]), array([0.99433294, 0.99510118, 0.9568675 , 0.96029486, 0.9769608 ,
       0.93128898, 0.97758664, 0.96497509, 0.92854652, 0.92216679]), array([0.99422984, 0.99505376, 0.95054903, 0.94817626, 0.97709136,
       0.94051576, 0.97825276, 0.98242301, 0.92743104, 0.93002512]), array([0.99432594, 0.99512711, 0.95775018, 0.94752498, 0.97686372,
       0.93339742, 0.97886669, 0.97521189, 0.93924505, 0.8904499 ])]
real metric: [array([0.95074968, 0.97598064, 0.9190626 , 0.89710864, 0.90734326,
       0.87785229, 0.85362282, 0.90207732, 0.89038719, 0.92964536]), array([0.94957703, 0.98074414, 0.90964353, 0.88903515, 0.91564283,
       0.87916269, 0.87048385, 0.88854396, 0.89219965, 0.93559755]), array([0.95297405, 0.98092042, 0.92199989, 0.89323155, 0.91595534,
       0.87599191, 0.86097695, 0.9133648 , 0.87990355, 0.93224716]), array([0.95301757, 0.98137713, 0.92286689, 0.89679833, 0.91022112,
       0.86848118, 0.8766459 , 0.89721589, 0.88567644, 0.93623979]), array([0.95372638, 0.98039116, 0.90813432, 0.90359855, 0.9103251 ,
       0.88141582, 0.86889382, 0.91548946, 0.89445432, 0.93290001])]

estim_algorithm = ts-model, mode = classification, metric = auc, confidence_scores = entropy-conf, class_specific = False
test err: [0.037634218528362615, 0.03961479144822176, 0.03768267086161851, 0.039129811572672965, 0.035594868787083775]
estimated metric: [array([0.93661436, 0.94964675, 0.9424758 , 0.92577586, 0.94006356,
       0.94611707, 0.92779077, 0.94451112, 0.9327662 , 0.95347208]), array([0.93526371, 0.9486727 , 0.94000155, 0.92370365, 0.93777635,
       0.94001242, 0.94110081, 0.94926055, 0.94077026, 0.95744676]), array([0.9359206 , 0.94784208, 0.94209105, 0.9247972 , 0.93940748,
       0.94276097, 0.94761243, 0.94058202, 0.94700186, 0.93611304]), array([0.93750351, 0.94953721, 0.94378985, 0.92363011, 0.94252572,
       0.94635161, 0.93177616, 0.94748871, 0.9476691 , 0.95485841]), array([0.93769662, 0.95016229, 0.94260903, 0.92543478, 0.94046778,
       0.94389565, 0.94178014, 0.94833493, 0.93810703, 0.94427212])]
real metric: [array([0.95074968, 0.97598064, 0.9190626 , 0.89710864, 0.90734326,
       0.87785229, 0.85362282, 0.90207732, 0.89038719, 0.92964536]), array([0.94957703, 0.98074414, 0.90964353, 0.88903515, 0.91564283,
       0.87916269, 0.87048385, 0.88854396, 0.89219965, 0.93559755]), array([0.95297405, 0.98092042, 0.92199989, 0.89323155, 0.91595534,
       0.87599191, 0.86097695, 0.9133648 , 0.87990355, 0.93224716]), array([0.95301757, 0.98137713, 0.92286689, 0.89679833, 0.91022112,
       0.86848118, 0.8766459 , 0.89721589, 0.88567644, 0.93623979]), array([0.95372638, 0.98039116, 0.90813432, 0.90359855, 0.9103251 ,
       0.88141582, 0.86889382, 0.91548946, 0.89445432, 0.93290001])]

estim_algorithm = ts-model, mode = classification, metric = auc, confidence_scores = entropy-conf, class_specific = True
test err: [0.03132147216997718, 0.034083819118433965, 0.030410320743515507, 0.03337102028602832, 0.028095606618333414]
estimated metric: [array([0.95736012, 0.97113082, 0.93642999, 0.91665309, 0.95597552,
       0.91099518, 0.96203012, 0.95735485, 0.8928188 , 0.94659638]), array([0.95594717, 0.97073912, 0.93714218, 0.91836923, 0.95448837,
       0.89167625, 0.96132945, 0.95593777, 0.93024063, 0.95558836]), array([0.95879895, 0.97188971, 0.93774593, 0.92118779, 0.95587139,
       0.88356316, 0.9648784 , 0.95808476, 0.92255641, 0.92546342]), array([0.95800018, 0.97155631, 0.93599331, 0.90923654, 0.95577481,
       0.92318877, 0.96269053, 0.95737482, 0.91758004, 0.9512135 ]), array([0.95803868, 0.97165652, 0.9371651 , 0.91357572, 0.955774  ,
       0.90594158, 0.9632599 , 0.95585901, 0.91763341, 0.93391182])]
real metric: [array([0.95074968, 0.97598064, 0.9190626 , 0.89710864, 0.90734326,
       0.87785229, 0.85362282, 0.90207732, 0.89038719, 0.92964536]), array([0.94957703, 0.98074414, 0.90964353, 0.88903515, 0.91564283,
       0.87916269, 0.87048385, 0.88854396, 0.89219965, 0.93559755]), array([0.95297405, 0.98092042, 0.92199989, 0.89323155, 0.91595534,
       0.87599191, 0.86097695, 0.9133648 , 0.87990355, 0.93224716]), array([0.95301757, 0.98137713, 0.92286689, 0.89679833, 0.91022112,
       0.86848118, 0.8766459 , 0.89721589, 0.88567644, 0.93623979]), array([0.95372638, 0.98039116, 0.90813432, 0.90359855, 0.9103251 ,
       0.88141582, 0.86889382, 0.91548946, 0.89445432, 0.93290001])]

estim_algorithm = ts-model, mode = classification, metric = auc, confidence_scores = doctor-conf, class_specific = False
test err: [0.0409821227559359, 0.04152770652703138, 0.04052556878974954, 0.041894709959518016, 0.03841281338584056]
estimated metric: [array([0.94580355, 0.95399223, 0.94813934, 0.93751121, 0.94589102,
       0.95045576, 0.93805296, 0.94740792, 0.94444181, 0.94808614]), array([0.94443847, 0.95321031, 0.94736093, 0.93534923, 0.94430943,
       0.94614443, 0.94637483, 0.94730864, 0.94587917, 0.95018722]), array([0.94504068, 0.95376436, 0.94914672, 0.93536024, 0.94581261,
       0.94676625, 0.94972181, 0.94573622, 0.947588  , 0.94370554]), array([0.94690865, 0.95433023, 0.9497386 , 0.93600419, 0.94827578,
       0.95044023, 0.94258285, 0.94947971, 0.9503554 , 0.95306005]), array([0.94678965, 0.95526765, 0.94912033, 0.93800831, 0.94487073,
       0.9478629 , 0.9477648 , 0.94871224, 0.94474119, 0.94619879])]
real metric: [array([0.95074968, 0.97598064, 0.9190626 , 0.89710864, 0.90734326,
       0.87785229, 0.85362282, 0.90207732, 0.89038719, 0.92964536]), array([0.94957703, 0.98074414, 0.90964353, 0.88903515, 0.91564283,
       0.87916269, 0.87048385, 0.88854396, 0.89219965, 0.93559755]), array([0.95297405, 0.98092042, 0.92199989, 0.89323155, 0.91595534,
       0.87599191, 0.86097695, 0.9133648 , 0.87990355, 0.93224716]), array([0.95301757, 0.98137713, 0.92286689, 0.89679833, 0.91022112,
       0.86848118, 0.8766459 , 0.89721589, 0.88567644, 0.93623979]), array([0.95372638, 0.98039116, 0.90813432, 0.90359855, 0.9103251 ,
       0.88141582, 0.86889382, 0.91548946, 0.89445432, 0.93290001])]

estim_algorithm = ts-model, mode = classification, metric = auc, confidence_scores = doctor-conf, class_specific = True
test err: [0.03379498117303449, 0.036413219202502164, 0.03255726072695856, 0.03574284643605717, 0.03299941608940382]
estimated metric: [array([0.95575922, 0.9720598 , 0.9437205 , 0.91877051, 0.95891228,
       0.92070944, 0.96246504, 0.95613437, 0.90756531, 0.93784145]), array([0.95412664, 0.9711955 , 0.94158084, 0.91763178, 0.95698747,
       0.91396221, 0.9626006 , 0.95601501, 0.94250173, 0.93906352]), array([0.95679602, 0.97234932, 0.94386474, 0.92241429, 0.95870751,
       0.90588373, 0.96651355, 0.95581531, 0.9188134 , 0.92965617]), array([0.95617697, 0.97228869, 0.94301949, 0.91357116, 0.95844479,
       0.92782687, 0.96344316, 0.95941626, 0.92463665, 0.9489678 ]), array([0.95702284, 0.972293  , 0.94509577, 0.91704711, 0.95841434,
       0.91936373, 0.96565556, 0.95792779, 0.93628974, 0.93178313])]
real metric: [array([0.95074968, 0.97598064, 0.9190626 , 0.89710864, 0.90734326,
       0.87785229, 0.85362282, 0.90207732, 0.89038719, 0.92964536]), array([0.94957703, 0.98074414, 0.90964353, 0.88903515, 0.91564283,
       0.87916269, 0.87048385, 0.88854396, 0.89219965, 0.93559755]), array([0.95297405, 0.98092042, 0.92199989, 0.89323155, 0.91595534,
       0.87599191, 0.86097695, 0.9133648 , 0.87990355, 0.93224716]), array([0.95301757, 0.98137713, 0.92286689, 0.89679833, 0.91022112,
       0.86848118, 0.8766459 , 0.89721589, 0.88567644, 0.93623979]), array([0.95372638, 0.98039116, 0.90813432, 0.90359855, 0.9103251 ,
       0.88141582, 0.86889382, 0.91548946, 0.89445432, 0.93290001])]

estim_algorithm = doc-model, mode = classification, metric = auc, confidence_scores = max_class_probability-conf, class_specific = False
test err: [0.050483144730439376, 0.050457144633622296, 0.05162682001632535, 0.05142941567279117, 0.05366652056370774]
estimated metric: [array([0.86341389, 0.86618888, 0.86157123, 0.85665854, 0.86219993,
       0.86215157, 0.8585461 , 0.85963342, 0.86087546, 0.85760588]), array([0.862491  , 0.86542697, 0.86079742, 0.85538114, 0.86149709,
       0.86203344, 0.8598124 , 0.86065329, 0.85867272, 0.85929345]), array([0.86334062, 0.86610299, 0.86200913, 0.85617232, 0.86160004,
       0.8609437 , 0.8609947 , 0.86118297, 0.85954304, 0.85944339]), array([0.86358022, 0.86659466, 0.86299902, 0.85670196, 0.86234881,
       0.8619309 , 0.86038965, 0.86043933, 0.86083054, 0.85843098]), array([0.86332806, 0.86644902, 0.86216926, 0.85704076, 0.86207706,
       0.8625787 , 0.85963465, 0.86088936, 0.86192071, 0.85657616])]
real metric: [array([0.95074968, 0.97598064, 0.9190626 , 0.89710864, 0.90734326,
       0.87785229, 0.85362282, 0.90207732, 0.89038719, 0.92964536]), array([0.94957703, 0.98074414, 0.90964353, 0.88903515, 0.91564283,
       0.87916269, 0.87048385, 0.88854396, 0.89219965, 0.93559755]), array([0.95297405, 0.98092042, 0.92199989, 0.89323155, 0.91595534,
       0.87599191, 0.86097695, 0.9133648 , 0.87990355, 0.93224716]), array([0.95301757, 0.98137713, 0.92286689, 0.89679833, 0.91022112,
       0.86848118, 0.8766459 , 0.89721589, 0.88567644, 0.93623979]), array([0.95372638, 0.98039116, 0.90813432, 0.90359855, 0.9103251 ,
       0.88141582, 0.86889382, 0.91548946, 0.89445432, 0.93290001])]

estim_algorithm = doc-model, mode = classification, metric = auc, confidence_scores = max_class_probability-conf, class_specific = True
test err: [0.049901591636826705, 0.04895716036135391, 0.047790742733188486, 0.047977520272490935, 0.04573731022527472]
estimated metric: [array([0.97739612, 0.9833038 , 0.95613217, 0.94112504, 0.96765343,
       0.94091529, 0.96966952, 0.96210366, 0.94950052, 0.95504616]), array([0.97631805, 0.98275577, 0.95551422, 0.94013402, 0.96688623,
       0.94069879, 0.97076914, 0.96313766, 0.94737715, 0.95661095]), array([0.97714187, 0.98348118, 0.95647447, 0.94063069, 0.96707456,
       0.93970759, 0.97219615, 0.96367896, 0.94820339, 0.95688418]), array([0.97748793, 0.98384145, 0.95742792, 0.94146157, 0.96780286,
       0.94057146, 0.97151003, 0.96292016, 0.94955453, 0.95573753]), array([0.97729349, 0.98376081, 0.95672478, 0.94151311, 0.96754899,
       0.941229  , 0.97073855, 0.96337465, 0.95054199, 0.95397669])]
real metric: [array([0.95074968, 0.97598064, 0.9190626 , 0.89710864, 0.90734326,
       0.87785229, 0.85362282, 0.90207732, 0.89038719, 0.92964536]), array([0.94957703, 0.98074414, 0.90964353, 0.88903515, 0.91564283,
       0.87916269, 0.87048385, 0.88854396, 0.89219965, 0.93559755]), array([0.95297405, 0.98092042, 0.92199989, 0.89323155, 0.91595534,
       0.87599191, 0.86097695, 0.9133648 , 0.87990355, 0.93224716]), array([0.95301757, 0.98137713, 0.92286689, 0.89679833, 0.91022112,
       0.86848118, 0.8766459 , 0.89721589, 0.88567644, 0.93623979]), array([0.95372638, 0.98039116, 0.90813432, 0.90359855, 0.9103251 ,
       0.88141582, 0.86889382, 0.91548946, 0.89445432, 0.93290001])]

estim_algorithm = doc-model, mode = classification, metric = auc, confidence_scores = energy-conf, class_specific = False
test err: [0.031065295904904665, 0.03940696064770103, 0.037908561318294634, 0.037943085010695196, 0.03848952222329235]
estimated metric: [array([0.93010272, 0.95039081, 0.94057323, 0.92186831, 0.94299035,
       0.95245696, 0.87964142, 0.95657392, 0.90835845, 0.92023773]), array([0.92943502, 0.94821193, 0.93451315, 0.92125329, 0.94209168,
       0.94448273, 0.91086296, 0.95881356, 0.9600166 , 0.9496706 ]), array([0.92909679, 0.94831207, 0.94003837, 0.92177203, 0.93713461,
       0.95059844, 0.95939504, 0.95300721, 0.90440958, 0.94991587]), array([0.93098882, 0.95036179, 0.93792096, 0.92506342, 0.94090128,
       0.94986577, 0.93598413, 0.9557258 , 0.92342299, 0.95164795]), array([0.93334286, 0.94919472, 0.93958781, 0.92252544, 0.94061179,
       0.95216319, 0.93097091, 0.95807292, 0.95479649, 0.94979812])]
real metric: [array([0.95074968, 0.97598064, 0.9190626 , 0.89710864, 0.90734326,
       0.87785229, 0.85362282, 0.90207732, 0.89038719, 0.92964536]), array([0.94957703, 0.98074414, 0.90964353, 0.88903515, 0.91564283,
       0.87916269, 0.87048385, 0.88854396, 0.89219965, 0.93559755]), array([0.95297405, 0.98092042, 0.92199989, 0.89323155, 0.91595534,
       0.87599191, 0.86097695, 0.9133648 , 0.87990355, 0.93224716]), array([0.95301757, 0.98137713, 0.92286689, 0.89679833, 0.91022112,
       0.86848118, 0.8766459 , 0.89721589, 0.88567644, 0.93623979]), array([0.95372638, 0.98039116, 0.90813432, 0.90359855, 0.9103251 ,
       0.88141582, 0.86889382, 0.91548946, 0.89445432, 0.93290001])]

estim_algorithm = doc-model, mode = classification, metric = auc, confidence_scores = energy-conf, class_specific = True
test err: [0.052527630925394656, 0.0416111075927891, 0.04231223661708709, 0.03302148603482171, 0.0402456448258426]
estimated metric: [array([0.94185003, 0.96695283, 0.94097244, 0.91976274, 0.95754182,
       0.85611049, 0.96621614, 0.95874853, 0.8419015 , 0.75655104]), array([0.94102706, 0.96649456, 0.92291143, 0.92056426, 0.95511174,
       0.86724135, 0.96644675, 0.955614  , 0.89846325, 0.80776983]), array([0.94261025, 0.96784231, 0.94156954, 0.91558853, 0.95708335,
       0.84028248, 0.96699459, 0.95938157, 0.83894102, 0.8443277 ]), array([0.9427925 , 0.9672912 , 0.91581168, 0.91248378, 0.95620401,
       0.86708425, 0.96703531, 0.96154915, 0.8570613 , 0.88379423]), array([0.94281901, 0.96775189, 0.93183609, 0.91734426, 0.95656637,
       0.8759238 , 0.96738557, 0.95819935, 0.89185325, 0.78697369])]
real metric: [array([0.95074968, 0.97598064, 0.9190626 , 0.89710864, 0.90734326,
       0.87785229, 0.85362282, 0.90207732, 0.89038719, 0.92964536]), array([0.94957703, 0.98074414, 0.90964353, 0.88903515, 0.91564283,
       0.87916269, 0.87048385, 0.88854396, 0.89219965, 0.93559755]), array([0.95297405, 0.98092042, 0.92199989, 0.89323155, 0.91595534,
       0.87599191, 0.86097695, 0.9133648 , 0.87990355, 0.93224716]), array([0.95301757, 0.98137713, 0.92286689, 0.89679833, 0.91022112,
       0.86848118, 0.8766459 , 0.89721589, 0.88567644, 0.93623979]), array([0.95372638, 0.98039116, 0.90813432, 0.90359855, 0.9103251 ,
       0.88141582, 0.86889382, 0.91548946, 0.89445432, 0.93290001])]

estim_algorithm = doc-model, mode = classification, metric = auc, confidence_scores = entropy-conf, class_specific = False
test err: [0.04712051372040277, 0.04601416681241689, 0.048383133732441484, 0.046781441703700376, 0.04908803514426704]
estimated metric: [array([0.86717282, 0.87150991, 0.86622065, 0.85804841, 0.86756726,
       0.86815467, 0.86283784, 0.8647596 , 0.8653491 , 0.85943444]), array([0.86583719, 0.87121704, 0.86508301, 0.85674088, 0.86578947,
       0.8676477 , 0.86515209, 0.86614024, 0.86419702, 0.86268406]), array([0.86682983, 0.871475  , 0.86653991, 0.85751591, 0.86655773,
       0.86603043, 0.86630004, 0.86605247, 0.86172417, 0.86535496]), array([0.86748662, 0.87252969, 0.86722764, 0.85830925, 0.86690601,
       0.86738794, 0.86385776, 0.86588426, 0.86669683, 0.86443981]), array([0.8669496 , 0.8723798 , 0.86662311, 0.85863236, 0.86689914,
       0.86758748, 0.8658758 , 0.86617517, 0.86573127, 0.86159486])]
real metric: [array([0.95074968, 0.97598064, 0.9190626 , 0.89710864, 0.90734326,
       0.87785229, 0.85362282, 0.90207732, 0.89038719, 0.92964536]), array([0.94957703, 0.98074414, 0.90964353, 0.88903515, 0.91564283,
       0.87916269, 0.87048385, 0.88854396, 0.89219965, 0.93559755]), array([0.95297405, 0.98092042, 0.92199989, 0.89323155, 0.91595534,
       0.87599191, 0.86097695, 0.9133648 , 0.87990355, 0.93224716]), array([0.95301757, 0.98137713, 0.92286689, 0.89679833, 0.91022112,
       0.86848118, 0.8766459 , 0.89721589, 0.88567644, 0.93623979]), array([0.95372638, 0.98039116, 0.90813432, 0.90359855, 0.9103251 ,
       0.88141582, 0.86889382, 0.91548946, 0.89445432, 0.93290001])]

estim_algorithm = doc-model, mode = classification, metric = auc, confidence_scores = entropy-conf, class_specific = True
test err: [0.04791445022813049, 0.04712890083115282, 0.04597732674193093, 0.046461948441378964, 0.044102797561181885]
estimated metric: [array([0.97487427, 0.98189618, 0.95422091, 0.93745871, 0.9673721 ,
       0.9406704 , 0.96719066, 0.96085113, 0.94781877, 0.95062119]), array([0.97359518, 0.98134795, 0.95308669, 0.93623318, 0.96549311,
       0.94003587, 0.96940462, 0.96216451, 0.94681738, 0.95374089]), array([0.97472776, 0.98213899, 0.95450963, 0.93694414, 0.96654767,
       0.93867052, 0.97078566, 0.96213791, 0.94423682, 0.95663976]), array([0.97549133, 0.98286392, 0.95509875, 0.93788746, 0.96681184,
       0.93983178, 0.96823913, 0.96201316, 0.94933332, 0.95558903]), array([0.9747704 , 0.98282253, 0.95460837, 0.93790372, 0.96684239,
       0.93999115, 0.97025318, 0.96222941, 0.94813367, 0.95280211])]
real metric: [array([0.95074968, 0.97598064, 0.9190626 , 0.89710864, 0.90734326,
       0.87785229, 0.85362282, 0.90207732, 0.89038719, 0.92964536]), array([0.94957703, 0.98074414, 0.90964353, 0.88903515, 0.91564283,
       0.87916269, 0.87048385, 0.88854396, 0.89219965, 0.93559755]), array([0.95297405, 0.98092042, 0.92199989, 0.89323155, 0.91595534,
       0.87599191, 0.86097695, 0.9133648 , 0.87990355, 0.93224716]), array([0.95301757, 0.98137713, 0.92286689, 0.89679833, 0.91022112,
       0.86848118, 0.8766459 , 0.89721589, 0.88567644, 0.93623979]), array([0.95372638, 0.98039116, 0.90813432, 0.90359855, 0.9103251 ,
       0.88141582, 0.86889382, 0.91548946, 0.89445432, 0.93290001])]

estim_algorithm = doc-model, mode = classification, metric = auc, confidence_scores = doctor-conf, class_specific = False
test err: [0.06166580834792762, 0.0631773283660371, 0.06358873192520793, 0.06423957828368379, 0.06585818816819189]
estimated metric: [array([0.85031823, 0.85255719, 0.84813153, 0.84490739, 0.84827289,
       0.8477673 , 0.84834412, 0.85003976, 0.8496409 , 0.8471924 ]), array([0.84959156, 0.85410931, 0.84706592, 0.84360804, 0.84775219,
       0.84743495, 0.84793805, 0.84721535, 0.84618229, 0.84795943]), array([0.85153735, 0.85324697, 0.84856474, 0.84463469, 0.84761395,
       0.85021401, 0.84947582, 0.85130272, 0.8464719 , 0.84861612]), array([0.85052631, 0.85240629, 0.84924555, 0.84499181, 0.84835196,
       0.84799568, 0.85016193, 0.84798064, 0.84981112, 0.84467315]), array([0.85025007, 0.85231871, 0.84851843, 0.84521055, 0.85163782,
       0.84835354, 0.85070815, 0.84798569, 0.85050484, 0.84525925])]
real metric: [array([0.95074968, 0.97598064, 0.9190626 , 0.89710864, 0.90734326,
       0.87785229, 0.85362282, 0.90207732, 0.89038719, 0.92964536]), array([0.94957703, 0.98074414, 0.90964353, 0.88903515, 0.91564283,
       0.87916269, 0.87048385, 0.88854396, 0.89219965, 0.93559755]), array([0.95297405, 0.98092042, 0.92199989, 0.89323155, 0.91595534,
       0.87599191, 0.86097695, 0.9133648 , 0.87990355, 0.93224716]), array([0.95301757, 0.98137713, 0.92286689, 0.89679833, 0.91022112,
       0.86848118, 0.8766459 , 0.89721589, 0.88567644, 0.93623979]), array([0.95372638, 0.98039116, 0.90813432, 0.90359855, 0.9103251 ,
       0.88141582, 0.86889382, 0.91548946, 0.89445432, 0.93290001])]

estim_algorithm = doc-model, mode = classification, metric = auc, confidence_scores = doctor-conf, class_specific = True
test err: [0.05223561934445146, 0.05109208594207263, 0.05011287999812771, 0.050136630219724074, 0.048019730066480394]
estimated metric: [array([0.98066058, 0.98686258, 0.95880516, 0.94469998, 0.96966244,
       0.94188939, 0.97188415, 0.9653623 , 0.94977187, 0.95658754]), array([0.97988373, 0.98621186, 0.95785863, 0.94370224, 0.96925915,
       0.94161549, 0.97358632, 0.96544085, 0.94668861, 0.95730436]), array([0.98068732, 0.98658133, 0.95931008, 0.94454566, 0.96913198,
       0.9413692 , 0.9731964 , 0.96689975, 0.94879233, 0.95818034]), array([0.980646  , 0.98679111, 0.95978355, 0.94492619, 0.96970248,
       0.9420913 , 0.97385679, 0.96617114, 0.95032713, 0.95561084]), array([0.98048124, 0.98688177, 0.95923299, 0.94504911, 0.96989183,
       0.94252362, 0.97410399, 0.96646526, 0.95042687, 0.95446957])]
real metric: [array([0.95074968, 0.97598064, 0.9190626 , 0.89710864, 0.90734326,
       0.87785229, 0.85362282, 0.90207732, 0.89038719, 0.92964536]), array([0.94957703, 0.98074414, 0.90964353, 0.88903515, 0.91564283,
       0.87916269, 0.87048385, 0.88854396, 0.89219965, 0.93559755]), array([0.95297405, 0.98092042, 0.92199989, 0.89323155, 0.91595534,
       0.87599191, 0.86097695, 0.9133648 , 0.87990355, 0.93224716]), array([0.95301757, 0.98137713, 0.92286689, 0.89679833, 0.91022112,
       0.86848118, 0.8766459 , 0.89721589, 0.88567644, 0.93623979]), array([0.95372638, 0.98039116, 0.90813432, 0.90359855, 0.9103251 ,
       0.88141582, 0.86889382, 0.91548946, 0.89445432, 0.93290001])]

