estim_algorithm = ac-model, mode = classification, metric = precision, confidence_scores = max_class_probability-conf, class_specific = False
test err: [0.406280521111024, 0.40832753150668494, 0.3911873820268541, 0.402864162170546, 0.40634370164762695]
estimated metric: [array([0.91226805, 0.85913574, 0.94019492, 0.95605398, 0.77478354,
       0.60916767, 0.4473449 , 0.5898941 , 0.58489067, 0.29685539]), array([0.91502948, 0.84830714, 0.93952317, 0.95820575, 0.79652972,
       0.55949692, 0.44792817, 0.57493322, 0.56787616, 0.22117033]), array([0.91382933, 0.85728658, 0.9391935 , 0.95891833, 0.78746436,
       0.61267823, 0.41381806, 0.59790856, 0.60581945, 0.23920125]), array([0.9111821 , 0.85569003, 0.94131408, 0.95721742, 0.7924863 ,
       0.58484736, 0.41393569, 0.60664475, 0.59192554, 0.27025217]), array([0.9166025 , 0.85227819, 0.94080301, 0.95926611, 0.7832133 ,
       0.61333529, 0.40951491, 0.58407473, 0.5766707 , 0.22839814])]
real metric: [array([0.48427152, 0.7613941 , 0.34435096, 0.23982971, 0.66013072,
       0.78354978, 0.92982456, 0.97512438, 0.95      , 1.        ]), array([0.49395649, 0.73430657, 0.34854015, 0.25262677, 0.72447013,
       0.73796791, 0.94017094, 0.98395722, 0.88888889, 1.        ]), array([0.47682119, 0.76625173, 0.35392217, 0.25527039, 0.74583333,
       0.66517857, 0.92857143, 0.98529412, 0.94366197, 1.        ]), array([0.46374368, 0.76527778, 0.32833133, 0.26093023, 0.68253968,
       0.76097561, 0.88571429, 0.96601942, 0.92647059, 1.        ]), array([0.49114332, 0.75324675, 0.33555825, 0.26287016, 0.67932489,
       0.75221239, 0.89      , 0.99470899, 0.93121693, 0.97727273])]

estim_algorithm = ac-model, mode = classification, metric = precision, confidence_scores = energy-conf, class_specific = False
test err: [0.5812340593882855, 0.5788397020194457, 0.5769924950085749, 0.5715453756401883, 0.575028720116435]
estimated metric: [array([0.39565064, 0.25786888, 0.44206429, 0.48695128, 0.15232335,
       0.08432659, 0.04128511, 0.06947243, 0.05608131, 0.01978106]), array([0.40244292, 0.23444351, 0.43378813, 0.49962078, 0.16699443,
       0.06887025, 0.03999774, 0.07056119, 0.0514008 , 0.01285228]), array([0.39327397, 0.24864932, 0.43363264, 0.49601447, 0.15731367,
       0.08051945, 0.03466458, 0.07351552, 0.06077313, 0.0134323 ]), array([0.39063457, 0.25022746, 0.43273132, 0.49264045, 0.16277827,
       0.07884925, 0.0338228 , 0.07869743, 0.05713085, 0.01925686]), array([0.40838787, 0.24269822, 0.4321038 , 0.49948356, 0.15279092,
       0.0808057 , 0.03328802, 0.06866625, 0.05210632, 0.01325445])]
real metric: [array([0.48427152, 0.7613941 , 0.34435096, 0.23982971, 0.66013072,
       0.78354978, 0.92982456, 0.97512438, 0.95      , 1.        ]), array([0.49395649, 0.73430657, 0.34854015, 0.25262677, 0.72447013,
       0.73796791, 0.94017094, 0.98395722, 0.88888889, 1.        ]), array([0.47682119, 0.76625173, 0.35392217, 0.25527039, 0.74583333,
       0.66517857, 0.92857143, 0.98529412, 0.94366197, 1.        ]), array([0.46374368, 0.76527778, 0.32833133, 0.26093023, 0.68253968,
       0.76097561, 0.88571429, 0.96601942, 0.92647059, 1.        ]), array([0.49114332, 0.75324675, 0.33555825, 0.26287016, 0.67932489,
       0.75221239, 0.89      , 0.99470899, 0.93121693, 0.97727273])]

estim_algorithm = ac-model, mode = classification, metric = precision, confidence_scores = entropy-conf, class_specific = False
test err: [0.4173100955804462, 0.4193353895124031, 0.40278048100926644, 0.4139821931703329, 0.4177322980776892]
estimated metric: [array([0.89914561, 0.8397975 , 0.93030701, 0.94919859, 0.74544467,
       0.57491559, 0.40843178, 0.54740038, 0.54552917, 0.26303721]), array([0.90177018, 0.82654667, 0.92913157, 0.95130897, 0.7677332 ,
       0.5213644 , 0.40735875, 0.53331275, 0.52628002, 0.19190564]), array([0.89974701, 0.83592418, 0.92837219, 0.95178021, 0.7570936 ,
       0.57212112, 0.37085213, 0.55313337, 0.56477875, 0.20883427]), array([0.89704611, 0.83446892, 0.93069687, 0.95011878, 0.76297352,
       0.54871063, 0.37262867, 0.56389405, 0.55086086, 0.23774525]), array([0.90268567, 0.82972363, 0.93002832, 0.95207618, 0.75185328,
       0.57167233, 0.36874015, 0.53829479, 0.53344122, 0.20016328])]
real metric: [array([0.48427152, 0.7613941 , 0.34435096, 0.23982971, 0.66013072,
       0.78354978, 0.92982456, 0.97512438, 0.95      , 1.        ]), array([0.49395649, 0.73430657, 0.34854015, 0.25262677, 0.72447013,
       0.73796791, 0.94017094, 0.98395722, 0.88888889, 1.        ]), array([0.47682119, 0.76625173, 0.35392217, 0.25527039, 0.74583333,
       0.66517857, 0.92857143, 0.98529412, 0.94366197, 1.        ]), array([0.46374368, 0.76527778, 0.32833133, 0.26093023, 0.68253968,
       0.76097561, 0.88571429, 0.96601942, 0.92647059, 1.        ]), array([0.49114332, 0.75324675, 0.33555825, 0.26287016, 0.67932489,
       0.75221239, 0.89      , 0.99470899, 0.93121693, 0.97727273])]

estim_algorithm = ac-model, mode = classification, metric = precision, confidence_scores = doctor-conf, class_specific = False
test err: [0.3423319884487399, 0.34550763679004304, 0.35204404924748267, 0.33916576804229576, 0.3495373584921885]
estimated metric: [array([0.95824175, 0.92973438, 0.97247036, 0.97987499, 0.8872639 ,
       0.78867776, 0.64876917, 0.76586683, 0.76481127, 0.49491812]), array([0.95931369, 0.92339217, 0.97196346, 0.98077004, 0.89982605,
       0.74952371, 0.65039372, 0.75247429, 0.75267369, 0.3953201 ]), array([0.9587962 , 0.92827613, 0.97165081, 0.98114872, 0.8932019 ,
       0.78665811, 0.61538295, 0.77053989, 0.77885991, 0.42875875]), array([0.95749388, 0.92797679, 0.97328546, 0.98048115, 0.89805115,
       0.77015766, 0.62512872, 0.77512681, 0.77057753, 0.46136134]), array([0.95999902, 0.92571679, 0.97264523, 0.98127051, 0.89250279,
       0.78841629, 0.61653041, 0.75948116, 0.75821106, 0.40979731])]
real metric: [array([0.48427152, 0.7613941 , 0.34435096, 0.23982971, 0.66013072,
       0.78354978, 0.92982456, 0.97512438, 0.95      , 1.        ]), array([0.49395649, 0.73430657, 0.34854015, 0.25262677, 0.72447013,
       0.73796791, 0.94017094, 0.98395722, 0.88888889, 1.        ]), array([0.47682119, 0.76625173, 0.35392217, 0.25527039, 0.74583333,
       0.66517857, 0.92857143, 0.98529412, 0.94366197, 1.        ]), array([0.46374368, 0.76527778, 0.32833133, 0.26093023, 0.68253968,
       0.76097561, 0.88571429, 0.96601942, 0.92647059, 1.        ]), array([0.49114332, 0.75324675, 0.33555825, 0.26287016, 0.67932489,
       0.75221239, 0.89      , 0.99470899, 0.93121693, 0.97727273])]

estim_algorithm = ts-model, mode = classification, metric = precision, confidence_scores = max_class_probability-conf, class_specific = False
test err: [0.507591597872107, 0.5106186303455353, 0.5066984558130662, 0.5040019124764764, 0.5079975760334798]
estimated metric: [array([0.76616547, 0.66670004, 0.82587902, 0.86631154, 0.50365276,
       0.31626931, 0.19277112, 0.29521088, 0.29102752, 0.10837977]), array([0.77149599, 0.6416798 , 0.82279456, 0.87186822, 0.5300738 ,
       0.2739157 , 0.19124075, 0.28866037, 0.27598849, 0.07305183]), array([0.7665805 , 0.65789939, 0.82099443, 0.87190115, 0.51836111,
       0.31423598, 0.16716994, 0.29979482, 0.30544211, 0.07836555]), array([0.76229318, 0.65657589, 0.82361598, 0.86854711, 0.52286626,
       0.2969681 , 0.16587543, 0.31469537, 0.29432658, 0.09712163]), array([0.77244904, 0.64842043, 0.82322369, 0.87251028, 0.50763954,
       0.3124945 , 0.16570904, 0.28813164, 0.27647363, 0.07774944])]
real metric: [array([0.48427152, 0.7613941 , 0.34435096, 0.23982971, 0.66013072,
       0.78354978, 0.92982456, 0.97512438, 0.95      , 1.        ]), array([0.49395649, 0.73430657, 0.34854015, 0.25262677, 0.72447013,
       0.73796791, 0.94017094, 0.98395722, 0.88888889, 1.        ]), array([0.47682119, 0.76625173, 0.35392217, 0.25527039, 0.74583333,
       0.66517857, 0.92857143, 0.98529412, 0.94366197, 1.        ]), array([0.46374368, 0.76527778, 0.32833133, 0.26093023, 0.68253968,
       0.76097561, 0.88571429, 0.96601942, 0.92647059, 1.        ]), array([0.49114332, 0.75324675, 0.33555825, 0.26287016, 0.67932489,
       0.75221239, 0.89      , 0.99470899, 0.93121693, 0.97727273])]

estim_algorithm = ts-model, mode = classification, metric = precision, confidence_scores = max_class_probability-conf, class_specific = True
test err: [0.48013528956408075, 0.48667562165624867, 0.47925619577286993, 0.47471411734688485, 0.48237023678905616]
estimated metric: [array([0.18003301, 0.53549911, 0.70945521, 0.68512958, 0.51603355,
       0.34921846, 0.20937521, 0.31830134, 0.3172201 , 0.12766552]), array([0.18094607, 0.50576147, 0.70163406, 0.69335988, 0.54311734,
       0.2998743 , 0.21134598, 0.2998743 , 0.30211257, 0.08775695]), array([0.1775165 , 0.52417611, 0.7011182 , 0.69455967, 0.52594885,
       0.34113253, 0.18468394, 0.32043413, 0.3299071 , 0.10173653]), array([0.17691327, 0.52228143, 0.70435613, 0.68994846, 0.53822249,
       0.32161114, 0.19537947, 0.32267375, 0.32054519, 0.11101616]), array([0.18684312, 0.51238136, 0.70043807, 0.69381608, 0.52015567,
       0.34073827, 0.18612766, 0.30178885, 0.30178885, 0.0914256 ])]
real metric: [array([0.48427152, 0.7613941 , 0.34435096, 0.23982971, 0.66013072,
       0.78354978, 0.92982456, 0.97512438, 0.95      , 1.        ]), array([0.49395649, 0.73430657, 0.34854015, 0.25262677, 0.72447013,
       0.73796791, 0.94017094, 0.98395722, 0.88888889, 1.        ]), array([0.47682119, 0.76625173, 0.35392217, 0.25527039, 0.74583333,
       0.66517857, 0.92857143, 0.98529412, 0.94366197, 1.        ]), array([0.46374368, 0.76527778, 0.32833133, 0.26093023, 0.68253968,
       0.76097561, 0.88571429, 0.96601942, 0.92647059, 1.        ]), array([0.49114332, 0.75324675, 0.33555825, 0.26287016, 0.67932489,
       0.75221239, 0.89      , 0.99470899, 0.93121693, 0.97727273])]

estim_algorithm = ts-model, mode = classification, metric = precision, confidence_scores = energy-conf, class_specific = False
test err: [0.45939746680453536, 0.4643058860226653, 0.45989233496100435, 0.4574095248454144, 0.4613931787129668]
estimated metric: [array([0.82116682, 0.72491402, 0.87360268, 0.90545585, 0.61023754,
       0.43442457, 0.27063905, 0.39863788, 0.39129518, 0.16767381]), array([0.82567547, 0.70473568, 0.87159676, 0.90950711, 0.64061875,
       0.38156196, 0.27455672, 0.382386  , 0.37709406, 0.11740558]), array([0.82091626, 0.71747081, 0.86944791, 0.90917194, 0.6211792 ,
       0.42587575, 0.24085001, 0.40310165, 0.40681567, 0.13409707]), array([0.81784691, 0.71687145, 0.87368172, 0.90748571, 0.63357773,
       0.40545984, 0.25291928, 0.40619819, 0.3960011 , 0.14788363]), array([0.82592783, 0.70811351, 0.87200961, 0.90989768, 0.61788137,
       0.42827149, 0.24396493, 0.38426404, 0.37709049, 0.12272845])]
real metric: [array([0.48427152, 0.7613941 , 0.34435096, 0.23982971, 0.66013072,
       0.78354978, 0.92982456, 0.97512438, 0.95      , 1.        ]), array([0.49395649, 0.73430657, 0.34854015, 0.25262677, 0.72447013,
       0.73796791, 0.94017094, 0.98395722, 0.88888889, 1.        ]), array([0.47682119, 0.76625173, 0.35392217, 0.25527039, 0.74583333,
       0.66517857, 0.92857143, 0.98529412, 0.94366197, 1.        ]), array([0.46374368, 0.76527778, 0.32833133, 0.26093023, 0.68253968,
       0.76097561, 0.88571429, 0.96601942, 0.92647059, 1.        ]), array([0.49114332, 0.75324675, 0.33555825, 0.26287016, 0.67932489,
       0.75221239, 0.89      , 0.99470899, 0.93121693, 0.97727273])]

estim_algorithm = ts-model, mode = classification, metric = precision, confidence_scores = energy-conf, class_specific = True
test err: [0.4019953969786608, 0.404765705336796, 0.3892804063343804, 0.3983600907261215, 0.40394885248807216]
estimated metric: [array([0.81971551, 0.81123743, 0.9076519 , 0.93600583, 0.73027883,
       0.57674007, 0.40207805, 0.54247052, 0.54123237, 0.27093624]), array([0.81964348, 0.79282213, 0.90422351, 0.93671851, 0.74863779,
       0.51763395, 0.40170413, 0.51763395, 0.52028972, 0.19421147]), array([0.8150443 , 0.80424161, 0.90418518, 0.93786866, 0.73655504,
       0.56611051, 0.36339035, 0.54301178, 0.55370344, 0.22203852]), array([0.8154881 , 0.80645878, 0.90821533, 0.93812454, 0.74930693,
       0.54868354, 0.3837417 , 0.54988826, 0.54747234, 0.24256413]), array([0.81992251, 0.79488292, 0.90440894, 0.93691034, 0.73111916,
       0.56454678, 0.36453628, 0.52020097, 0.52020097, 0.20153802])]
real metric: [array([0.48427152, 0.7613941 , 0.34435096, 0.23982971, 0.66013072,
       0.78354978, 0.92982456, 0.97512438, 0.95      , 1.        ]), array([0.49395649, 0.73430657, 0.34854015, 0.25262677, 0.72447013,
       0.73796791, 0.94017094, 0.98395722, 0.88888889, 1.        ]), array([0.47682119, 0.76625173, 0.35392217, 0.25527039, 0.74583333,
       0.66517857, 0.92857143, 0.98529412, 0.94366197, 1.        ]), array([0.46374368, 0.76527778, 0.32833133, 0.26093023, 0.68253968,
       0.76097561, 0.88571429, 0.96601942, 0.92647059, 1.        ]), array([0.49114332, 0.75324675, 0.33555825, 0.26287016, 0.67932489,
       0.75221239, 0.89      , 0.99470899, 0.93121693, 0.97727273])]

estim_algorithm = ts-model, mode = classification, metric = precision, confidence_scores = entropy-conf, class_specific = False
test err: [0.5073116228336525, 0.510659236295473, 0.5071684420762859, 0.503547614073838, 0.5085078332425541]
estimated metric: [array([0.76251183, 0.66027832, 0.82391921, 0.8639386 , 0.50346471,
       0.32463674, 0.19294022, 0.29111861, 0.28867507, 0.1077111 ]), array([0.76752036, 0.6334921 , 0.8204014 , 0.86935067, 0.53000445,
       0.27971216, 0.19064944, 0.28589418, 0.27303268, 0.07253333]), array([0.7623463 , 0.65054711, 0.81836635, 0.86912855, 0.51610273,
       0.31831172, 0.16669292, 0.2956054 , 0.30132375, 0.07835054]), array([0.75800185, 0.64988323, 0.82118853, 0.86583307, 0.52239498,
       0.30536461, 0.16590886, 0.31079116, 0.29154028, 0.0976563 ]), array([0.76842066, 0.64010527, 0.81985656, 0.86952845, 0.50660568,
       0.31635603, 0.16509367, 0.28296312, 0.27296299, 0.07705154])]
real metric: [array([0.48427152, 0.7613941 , 0.34435096, 0.23982971, 0.66013072,
       0.78354978, 0.92982456, 0.97512438, 0.95      , 1.        ]), array([0.49395649, 0.73430657, 0.34854015, 0.25262677, 0.72447013,
       0.73796791, 0.94017094, 0.98395722, 0.88888889, 1.        ]), array([0.47682119, 0.76625173, 0.35392217, 0.25527039, 0.74583333,
       0.66517857, 0.92857143, 0.98529412, 0.94366197, 1.        ]), array([0.46374368, 0.76527778, 0.32833133, 0.26093023, 0.68253968,
       0.76097561, 0.88571429, 0.96601942, 0.92647059, 1.        ]), array([0.49114332, 0.75324675, 0.33555825, 0.26287016, 0.67932489,
       0.75221239, 0.89      , 0.99470899, 0.93121693, 0.97727273])]

estim_algorithm = ts-model, mode = classification, metric = precision, confidence_scores = entropy-conf, class_specific = True
test err: [0.4861958551389387, 0.4924469678539644, 0.485443582396075, 0.48074973086531136, 0.4878769098455509]
estimated metric: [array([0.16536444, 0.49806112, 0.69739012, 0.65523411, 0.50533814,
       0.33955473, 0.20237788, 0.30908683, 0.30802275, 0.12297419]), array([0.16424675, 0.47026366, 0.6899393 , 0.66591776, 0.53318819,
       0.29155433, 0.20476387, 0.29155433, 0.29375656, 0.08461092]), array([0.16031193, 0.48636325, 0.68904957, 0.66484568, 0.51536355,
       0.33166448, 0.17838248, 0.31126917, 0.32059901, 0.09792533]), array([0.16468616, 0.48119263, 0.6917442 , 0.66157239, 0.52783482,
       0.31257425, 0.18890187, 0.31362081, 0.3115245 , 0.10696371]), array([0.16395046, 0.48441871, 0.68710967, 0.66520107, 0.50988199,
       0.3315597 , 0.17997691, 0.29319287, 0.29319287, 0.08806574])]
real metric: [array([0.48427152, 0.7613941 , 0.34435096, 0.23982971, 0.66013072,
       0.78354978, 0.92982456, 0.97512438, 0.95      , 1.        ]), array([0.49395649, 0.73430657, 0.34854015, 0.25262677, 0.72447013,
       0.73796791, 0.94017094, 0.98395722, 0.88888889, 1.        ]), array([0.47682119, 0.76625173, 0.35392217, 0.25527039, 0.74583333,
       0.66517857, 0.92857143, 0.98529412, 0.94366197, 1.        ]), array([0.46374368, 0.76527778, 0.32833133, 0.26093023, 0.68253968,
       0.76097561, 0.88571429, 0.96601942, 0.92647059, 1.        ]), array([0.49114332, 0.75324675, 0.33555825, 0.26287016, 0.67932489,
       0.75221239, 0.89      , 0.99470899, 0.93121693, 0.97727273])]

estim_algorithm = ts-model, mode = classification, metric = precision, confidence_scores = doctor-conf, class_specific = False
test err: [0.5102189929104235, 0.5137586629586098, 0.5096020477536258, 0.5055103508809936, 0.5115107890972839]
estimated metric: [array([0.77309205, 0.65094971, 0.81799767, 0.85785001, 0.49997726,
       0.32792867, 0.1929677 , 0.28493353, 0.27764995, 0.10391434]), array([0.77537568, 0.62405508, 0.81445809, 0.86345054, 0.52701382,
       0.28045617, 0.18721686, 0.2809097 , 0.25989795, 0.07078635]), array([0.76871752, 0.64346428, 0.81271467, 0.86319293, 0.51217154,
       0.319744  , 0.16687887, 0.29090361, 0.28925026, 0.07496949]), array([0.76507633, 0.64081915, 0.81556376, 0.86026989, 0.52033658,
       0.30953388, 0.16326652, 0.30839682, 0.28036094, 0.09708472]), array([0.77669431, 0.63039365, 0.81327856, 0.86345593, 0.50249718,
       0.31723122, 0.16300321, 0.27803222, 0.26234114, 0.07323325])]
real metric: [array([0.48427152, 0.7613941 , 0.34435096, 0.23982971, 0.66013072,
       0.78354978, 0.92982456, 0.97512438, 0.95      , 1.        ]), array([0.49395649, 0.73430657, 0.34854015, 0.25262677, 0.72447013,
       0.73796791, 0.94017094, 0.98395722, 0.88888889, 1.        ]), array([0.47682119, 0.76625173, 0.35392217, 0.25527039, 0.74583333,
       0.66517857, 0.92857143, 0.98529412, 0.94366197, 1.        ]), array([0.46374368, 0.76527778, 0.32833133, 0.26093023, 0.68253968,
       0.76097561, 0.88571429, 0.96601942, 0.92647059, 1.        ]), array([0.49114332, 0.75324675, 0.33555825, 0.26287016, 0.67932489,
       0.75221239, 0.89      , 0.99470899, 0.93121693, 0.97727273])]

estim_algorithm = ts-model, mode = classification, metric = precision, confidence_scores = doctor-conf, class_specific = True
test err: [0.46606556334115556, 0.4675936813553404, 0.46544688896562203, 0.4637452594996736, 0.4644092718382627]
estimated metric: [array([0.49773385, 0.37596593, 0.65444667, 0.56334392, 0.47991561,
       0.31712555, 0.18645179, 0.28779321, 0.28677201, 0.11241607]), array([0.49313587, 0.36577241, 0.64658867, 0.57877798, 0.50883827,
       0.271814  , 0.18932945, 0.271814  , 0.27392478, 0.07735229]), array([0.49801984, 0.36804542, 0.64422751, 0.57370776, 0.49011169,
       0.30966233, 0.16405282, 0.29003286, 0.29900252, 0.08935597]), array([0.50055928, 0.36432519, 0.64455166, 0.57003102, 0.50244638,
       0.29115509, 0.17381456, 0.29216041, 0.29014691, 0.09763294]), array([0.48657924, 0.37369219, 0.64046943, 0.57986758, 0.48492095,
       0.3098102 , 0.16570588, 0.27293251, 0.27293251, 0.08036841])]
real metric: [array([0.48427152, 0.7613941 , 0.34435096, 0.23982971, 0.66013072,
       0.78354978, 0.92982456, 0.97512438, 0.95      , 1.        ]), array([0.49395649, 0.73430657, 0.34854015, 0.25262677, 0.72447013,
       0.73796791, 0.94017094, 0.98395722, 0.88888889, 1.        ]), array([0.47682119, 0.76625173, 0.35392217, 0.25527039, 0.74583333,
       0.66517857, 0.92857143, 0.98529412, 0.94366197, 1.        ]), array([0.46374368, 0.76527778, 0.32833133, 0.26093023, 0.68253968,
       0.76097561, 0.88571429, 0.96601942, 0.92647059, 1.        ]), array([0.49114332, 0.75324675, 0.33555825, 0.26287016, 0.67932489,
       0.75221239, 0.89      , 0.99470899, 0.93121693, 0.97727273])]

estim_algorithm = doc-model, mode = classification, metric = precision, confidence_scores = max_class_probability-conf, class_specific = False
test err: [0.48198499245097715, 0.4859994722822966, 0.4800399080330144, 0.47877556788972225, 0.4820449332454542]
estimated metric: [array([0.80580879, 0.71077764, 0.85816576, 0.89391993, 0.5683742 ,
       0.36807739, 0.2379861 , 0.35605928, 0.34994192, 0.13839938]), array([0.81138188, 0.69208219, 0.85659023, 0.89883866, 0.59726599,
       0.32311166, 0.23642265, 0.34229533, 0.3326204 , 0.09765609]), array([0.80723678, 0.70578951, 0.85539738, 0.89926774, 0.5853928 ,
       0.37240005, 0.21259013, 0.36161626, 0.36810518, 0.10438626]), array([0.8039184 , 0.70448941, 0.85854347, 0.89674062, 0.59130343,
       0.34572629, 0.21016179, 0.37453585, 0.35559818, 0.12362398]), array([0.81349694, 0.69684324, 0.85854813, 0.90029543, 0.57556065,
       0.371448  , 0.20673843, 0.34965984, 0.34011651, 0.09993546])]
real metric: [array([0.48427152, 0.7613941 , 0.34435096, 0.23982971, 0.66013072,
       0.78354978, 0.92982456, 0.97512438, 0.95      , 1.        ]), array([0.49395649, 0.73430657, 0.34854015, 0.25262677, 0.72447013,
       0.73796791, 0.94017094, 0.98395722, 0.88888889, 1.        ]), array([0.47682119, 0.76625173, 0.35392217, 0.25527039, 0.74583333,
       0.66517857, 0.92857143, 0.98529412, 0.94366197, 1.        ]), array([0.46374368, 0.76527778, 0.32833133, 0.26093023, 0.68253968,
       0.76097561, 0.88571429, 0.96601942, 0.92647059, 1.        ]), array([0.49114332, 0.75324675, 0.33555825, 0.26287016, 0.67932489,
       0.75221239, 0.89      , 0.99470899, 0.93121693, 0.97727273])]

estim_algorithm = doc-model, mode = classification, metric = precision, confidence_scores = max_class_probability-conf, class_specific = True
test err: [0.4629651823861626, 0.4685978388576556, 0.46203069712701267, 0.45801909993929596, 0.46575979679896207]
estimated metric: [array([0.28891958, 0.59822941, 0.72884825, 0.70523612, 0.52430774,
       0.35678979, 0.2149159 , 0.32553768, 0.32444355, 0.1314033 ]), array([0.28906752, 0.58009188, 0.72342151, 0.71621009, 0.55251044,
       0.30789559, 0.21773569, 0.30789559, 0.31016721, 0.09084053]), array([0.28381323, 0.59213507, 0.7230977 , 0.71725521, 0.5350973 ,
       0.34943593, 0.19027904, 0.32848491, 0.33807747, 0.10514276]), array([0.27616194, 0.59120117, 0.72684569, 0.71501125, 0.54807767,
       0.33033737, 0.20169901, 0.33141473, 0.32925654, 0.11499696]), array([0.28464525, 0.5839973 , 0.72472617, 0.71706753, 0.52984889,
       0.34952345, 0.19208803, 0.31004208, 0.31004208, 0.09470623])]
real metric: [array([0.48427152, 0.7613941 , 0.34435096, 0.23982971, 0.66013072,
       0.78354978, 0.92982456, 0.97512438, 0.95      , 1.        ]), array([0.49395649, 0.73430657, 0.34854015, 0.25262677, 0.72447013,
       0.73796791, 0.94017094, 0.98395722, 0.88888889, 1.        ]), array([0.47682119, 0.76625173, 0.35392217, 0.25527039, 0.74583333,
       0.66517857, 0.92857143, 0.98529412, 0.94366197, 1.        ]), array([0.46374368, 0.76527778, 0.32833133, 0.26093023, 0.68253968,
       0.76097561, 0.88571429, 0.96601942, 0.92647059, 1.        ]), array([0.49114332, 0.75324675, 0.33555825, 0.26287016, 0.67932489,
       0.75221239, 0.89      , 0.99470899, 0.93121693, 0.97727273])]

estim_algorithm = doc-model, mode = classification, metric = precision, confidence_scores = energy-conf, class_specific = False
test err: [0.4885020269156187, 0.49251112484584925, 0.48858596890942313, 0.4855961700310266, 0.4898815371386226]
estimated metric: [array([0.77938494, 0.67511465, 0.8425152 , 0.87994959, 0.54653157,
       0.37301992, 0.22258957, 0.33664446, 0.32322168, 0.13127895]), array([0.78423066, 0.65025783, 0.83950736, 0.88465809, 0.57637455,
       0.32344814, 0.22329539, 0.32577823, 0.30930415, 0.08946484]), array([0.77861939, 0.66577155, 0.83721742, 0.88427447, 0.55730809,
       0.36400659, 0.19510981, 0.34225016, 0.33771011, 0.10087269]), array([0.7752437 , 0.66537449, 0.84155363, 0.88211107, 0.56874047,
       0.34844998, 0.20200814, 0.34844189, 0.32689631, 0.11702753]), array([0.78464466, 0.65660875, 0.83965524, 0.88515342, 0.55239965,
       0.36570581, 0.19622174, 0.3252113 , 0.30849189, 0.09440975])]
real metric: [array([0.48427152, 0.7613941 , 0.34435096, 0.23982971, 0.66013072,
       0.78354978, 0.92982456, 0.97512438, 0.95      , 1.        ]), array([0.49395649, 0.73430657, 0.34854015, 0.25262677, 0.72447013,
       0.73796791, 0.94017094, 0.98395722, 0.88888889, 1.        ]), array([0.47682119, 0.76625173, 0.35392217, 0.25527039, 0.74583333,
       0.66517857, 0.92857143, 0.98529412, 0.94366197, 1.        ]), array([0.46374368, 0.76527778, 0.32833133, 0.26093023, 0.68253968,
       0.76097561, 0.88571429, 0.96601942, 0.92647059, 1.        ]), array([0.49114332, 0.75324675, 0.33555825, 0.26287016, 0.67932489,
       0.75221239, 0.89      , 0.99470899, 0.93121693, 0.97727273])]

estim_algorithm = doc-model, mode = classification, metric = precision, confidence_scores = energy-conf, class_specific = True
test err: [0.4028616390082716, 0.40525318404897337, 0.3926102778019872, 0.399226327538222, 0.4043801455416813]
estimated metric: [array([0.78781171, 0.79669708, 0.90164814, 0.93015341, 0.71655461,
       0.55991141, 0.38570162, 0.52540055, 0.52415672, 0.25759997]), array([0.78960257, 0.7758674 , 0.89817424, 0.93106114, 0.73584016,
       0.50091583, 0.38573607, 0.50091583, 0.50357537, 0.18395543]), array([0.78390435, 0.78838354, 0.89795323, 0.93217881, 0.72297603,
       0.54912402, 0.34761338, 0.52587835, 0.5366288 , 0.2103705 ]), array([0.78561302, 0.79093501, 0.90232951, 0.93253957, 0.73639208,
       0.53189005, 0.3678815 , 0.53310146, 0.53067234, 0.23035776]), array([0.79015484, 0.77918017, 0.89849879, 0.93144141, 0.71805624,
       0.54839006, 0.34950932, 0.50384493, 0.50384493, 0.19120842])]
real metric: [array([0.48427152, 0.7613941 , 0.34435096, 0.23982971, 0.66013072,
       0.78354978, 0.92982456, 0.97512438, 0.95      , 1.        ]), array([0.49395649, 0.73430657, 0.34854015, 0.25262677, 0.72447013,
       0.73796791, 0.94017094, 0.98395722, 0.88888889, 1.        ]), array([0.47682119, 0.76625173, 0.35392217, 0.25527039, 0.74583333,
       0.66517857, 0.92857143, 0.98529412, 0.94366197, 1.        ]), array([0.46374368, 0.76527778, 0.32833133, 0.26093023, 0.68253968,
       0.76097561, 0.88571429, 0.96601942, 0.92647059, 1.        ]), array([0.49114332, 0.75324675, 0.33555825, 0.26287016, 0.67932489,
       0.75221239, 0.89      , 0.99470899, 0.93121693, 0.97727273])]

estim_algorithm = doc-model, mode = classification, metric = precision, confidence_scores = entropy-conf, class_specific = False
test err: [0.4843116170192102, 0.48862755420757786, 0.4833408264750959, 0.4811454597147534, 0.48506481009405206]
estimated metric: [array([0.80208033, 0.70631514, 0.85547272, 0.89149191, 0.56247314,
       0.36934607, 0.23374497, 0.34651664, 0.344631  , 0.13447318]), array([0.80717148, 0.68569189, 0.85327059, 0.89619024, 0.59045725,
       0.32143431, 0.23162978, 0.33549897, 0.32637731, 0.09390552]), array([0.80270278, 0.69960425, 0.85159711, 0.89624297, 0.57808669,
       0.36734483, 0.20576164, 0.35129894, 0.36229883, 0.10151679]), array([0.79926659, 0.6984371 , 0.85486421, 0.89369855, 0.58481613,
       0.34679781, 0.2049477 , 0.36526438, 0.34984281, 0.12026094]), array([0.8087329 , 0.68990917, 0.85434456, 0.8971602 , 0.56894965,
       0.36586646, 0.20269277, 0.33915627, 0.33336859, 0.0980576 ])]
real metric: [array([0.48427152, 0.7613941 , 0.34435096, 0.23982971, 0.66013072,
       0.78354978, 0.92982456, 0.97512438, 0.95      , 1.        ]), array([0.49395649, 0.73430657, 0.34854015, 0.25262677, 0.72447013,
       0.73796791, 0.94017094, 0.98395722, 0.88888889, 1.        ]), array([0.47682119, 0.76625173, 0.35392217, 0.25527039, 0.74583333,
       0.66517857, 0.92857143, 0.98529412, 0.94366197, 1.        ]), array([0.46374368, 0.76527778, 0.32833133, 0.26093023, 0.68253968,
       0.76097561, 0.88571429, 0.96601942, 0.92647059, 1.        ]), array([0.49114332, 0.75324675, 0.33555825, 0.26287016, 0.67932489,
       0.75221239, 0.89      , 0.99470899, 0.93121693, 0.97727273])]

estim_algorithm = doc-model, mode = classification, metric = precision, confidence_scores = entropy-conf, class_specific = True
test err: [0.4659953079828245, 0.4701812880132308, 0.46370554913777867, 0.460407822944533, 0.46798112889223537]
estimated metric: [array([0.25816857, 0.60224733, 0.73423829, 0.71222577, 0.52613587,
       0.35847399, 0.21615546, 0.32714939, 0.32605246, 0.13224232]), array([0.27532767, 0.57948386, 0.72823112, 0.71966395, 0.55397788,
       0.30916219, 0.21874863, 0.30916219, 0.31143895, 0.09133206]), array([0.26686144, 0.59372246, 0.727207  , 0.72078675, 0.53642781,
       0.35065299, 0.1911046 , 0.32966597, 0.33927561, 0.10564714]), array([0.25529075, 0.5915798 , 0.73177724, 0.71890375, 0.54922194,
       0.33136037, 0.20244407, 0.33243941, 0.33027783, 0.11546807]), array([0.26454769, 0.58492677, 0.72836447, 0.7205928 , 0.53074408,
       0.350341  , 0.19264639, 0.31081141, 0.31081141, 0.09501481])]
real metric: [array([0.48427152, 0.7613941 , 0.34435096, 0.23982971, 0.66013072,
       0.78354978, 0.92982456, 0.97512438, 0.95      , 1.        ]), array([0.49395649, 0.73430657, 0.34854015, 0.25262677, 0.72447013,
       0.73796791, 0.94017094, 0.98395722, 0.88888889, 1.        ]), array([0.47682119, 0.76625173, 0.35392217, 0.25527039, 0.74583333,
       0.66517857, 0.92857143, 0.98529412, 0.94366197, 1.        ]), array([0.46374368, 0.76527778, 0.32833133, 0.26093023, 0.68253968,
       0.76097561, 0.88571429, 0.96601942, 0.92647059, 1.        ]), array([0.49114332, 0.75324675, 0.33555825, 0.26287016, 0.67932489,
       0.75221239, 0.89      , 0.99470899, 0.93121693, 0.97727273])]

estim_algorithm = doc-model, mode = classification, metric = precision, confidence_scores = doctor-conf, class_specific = False
test err: [0.4640967750403477, 0.46913748441778813, 0.4636349607979586, 0.4613061279798411, 0.4653444651157644]
estimated metric: [array([0.82331281, 0.73036496, 0.87346388, 0.90553136, 0.60443725,
       0.41673077, 0.26612728, 0.38866272, 0.38712483, 0.15946386]), array([0.82812085, 0.71136062, 0.87164244, 0.90969601, 0.63406514,
       0.36569285, 0.26574057, 0.37222998, 0.37073448, 0.11289906]), array([0.82373587, 0.7243437 , 0.86996864, 0.9097177 , 0.61743664,
       0.41408755, 0.23748167, 0.39275864, 0.40475357, 0.12498823]), array([0.8209996 , 0.72380495, 0.87383857, 0.90788661, 0.62804265,
       0.39104802, 0.24234078, 0.40309295, 0.39330494, 0.14202133]), array([0.82950978, 0.71500956, 0.8727636 , 0.91059646, 0.61111819,
       0.41376664, 0.23516748, 0.37928226, 0.37622343, 0.11726859])]
real metric: [array([0.48427152, 0.7613941 , 0.34435096, 0.23982971, 0.66013072,
       0.78354978, 0.92982456, 0.97512438, 0.95      , 1.        ]), array([0.49395649, 0.73430657, 0.34854015, 0.25262677, 0.72447013,
       0.73796791, 0.94017094, 0.98395722, 0.88888889, 1.        ]), array([0.47682119, 0.76625173, 0.35392217, 0.25527039, 0.74583333,
       0.66517857, 0.92857143, 0.98529412, 0.94366197, 1.        ]), array([0.46374368, 0.76527778, 0.32833133, 0.26093023, 0.68253968,
       0.76097561, 0.88571429, 0.96601942, 0.92647059, 1.        ]), array([0.49114332, 0.75324675, 0.33555825, 0.26287016, 0.67932489,
       0.75221239, 0.89      , 0.99470899, 0.93121693, 0.97727273])]

estim_algorithm = doc-model, mode = classification, metric = precision, confidence_scores = doctor-conf, class_specific = True
test err: [0.47673326793277937, 0.4818293889201627, 0.4745742032566184, 0.4709139301017526, 0.4787402867583944]
estimated metric: [array([0.15359018, 0.59426575, 0.72173936, 0.67597566, 0.5170876 ,
       0.35017833, 0.21007479, 0.31909819, 0.31813502, 0.12806688]), array([0.1574111 , 0.57558931, 0.71582351, 0.6851068 , 0.54493594,
       0.30141576, 0.21257055, 0.3012588 , 0.30366055, 0.08834565]), array([0.15936668, 0.58603685, 0.71477678, 0.68450276, 0.52741668,
       0.3424572 , 0.18557221, 0.32162166, 0.33121009, 0.10227589]), array([0.1481725 , 0.58707645, 0.7211925 , 0.6833519 , 0.54083042,
       0.32390572, 0.19703502, 0.32497228, 0.32283578, 0.1120564 ]), array([0.15604431, 0.57824224, 0.7163275 , 0.68433901, 0.52187907,
       0.34229128, 0.18717606, 0.30324599, 0.30312456, 0.09195773])]
real metric: [array([0.48427152, 0.7613941 , 0.34435096, 0.23982971, 0.66013072,
       0.78354978, 0.92982456, 0.97512438, 0.95      , 1.        ]), array([0.49395649, 0.73430657, 0.34854015, 0.25262677, 0.72447013,
       0.73796791, 0.94017094, 0.98395722, 0.88888889, 1.        ]), array([0.47682119, 0.76625173, 0.35392217, 0.25527039, 0.74583333,
       0.66517857, 0.92857143, 0.98529412, 0.94366197, 1.        ]), array([0.46374368, 0.76527778, 0.32833133, 0.26093023, 0.68253968,
       0.76097561, 0.88571429, 0.96601942, 0.92647059, 1.        ]), array([0.49114332, 0.75324675, 0.33555825, 0.26287016, 0.67932489,
       0.75221239, 0.89      , 0.99470899, 0.93121693, 0.97727273])]

