estim_algorithm = ac-model, mode = classification, metric = auc, confidence_scores = max_class_probability-conf, class_specific = False
test err: [0.05419408202429989, 0.048949515077073256, 0.054978627064249296, 0.05230943511274305, 0.05208148468886401]
estimated metric: [array([0.98784083, 0.98987337, 0.98649436, 0.9841023 , 0.98741253,
       0.98499493, 0.98682546, 0.98611681, 0.98516989, 0.98526477]), array([0.98837925, 0.99021053, 0.98688086, 0.98406444, 0.98596587,
       0.9862802 , 0.98697538, 0.98638827, 0.98634505, 0.98527205]), array([0.98838614, 0.9899607 , 0.98633333, 0.9838544 , 0.9862712 ,
       0.9855825 , 0.98578614, 0.98618143, 0.98721506, 0.98555674]), array([0.98814105, 0.99007074, 0.98671806, 0.98439704, 0.98812687,
       0.9859822 , 0.9866676 , 0.98655409, 0.98713265, 0.98593184]), array([0.98789597, 0.99036121, 0.98673868, 0.98428075, 0.98645519,
       0.98624832, 0.98677165, 0.98603583, 0.9849519 , 0.98611534])]
real metric: [array([0.96616848, 0.98360674, 0.93359907, 0.91198993, 0.92104059,
       0.91169154, 0.90431449, 0.92626582, 0.92039455, 0.94308324]), array([0.96557809, 0.98385029, 0.94065519, 0.90826854, 0.93195333,
       0.91118298, 0.92339118, 0.92345989, 0.93440664, 0.95452061]), array([0.96507046, 0.98368314, 0.93828672, 0.90268918, 0.92818486,
       0.88361051, 0.91044243, 0.9303041 , 0.91604446, 0.95702551]), array([0.96855461, 0.98536521, 0.94007631, 0.90578701, 0.93247851,
       0.90577098, 0.90566928, 0.91503986, 0.93864184, 0.94924419]), array([0.96335643, 0.98635711, 0.94185894, 0.90964143, 0.9218038 ,
       0.90609511, 0.90167822, 0.93015271, 0.93310038, 0.95099584])]

estim_algorithm = ac-model, mode = classification, metric = auc, confidence_scores = energy-conf, class_specific = False
test err: [0.08805015765751248, 0.07942332894613856, 0.08106854840618774, 0.07706612554546657, 0.08901559913490495]
estimated metric: [array([0.81730061, 0.88396887, 0.84974248, 0.8218707 , 0.79822768,
       0.8218633 , 0.8758633 , 0.87525744, 0.80283045, 0.89472804]), array([0.80807997, 0.91385194, 0.87225313, 0.81613686, 0.85600164,
       0.81472574, 0.80525286, 0.90842583, 0.86825609, 0.92004938]), array([0.84557408, 0.92111043, 0.82894701, 0.834247  , 0.78412202,
       0.87896055, 0.75890269, 0.92227419, 0.87077898, 0.85973894]), array([0.87441292, 0.91476222, 0.82260325, 0.8218054 , 0.89039192,
       0.87670743, 0.80855686, 0.8874475 , 0.84586563, 0.8334134 ]), array([0.79333092, 0.8844369 , 0.84829939, 0.86692044, 0.80115224,
       0.86476567, 0.76066849, 0.87167464, 0.83651534, 0.92711996])]
real metric: [array([0.96616848, 0.98360674, 0.93359907, 0.91198993, 0.92104059,
       0.91169154, 0.90431449, 0.92626582, 0.92039455, 0.94308324]), array([0.96557809, 0.98385029, 0.94065519, 0.90826854, 0.93195333,
       0.91118298, 0.92339118, 0.92345989, 0.93440664, 0.95452061]), array([0.96507046, 0.98368314, 0.93828672, 0.90268918, 0.92818486,
       0.88361051, 0.91044243, 0.9303041 , 0.91604446, 0.95702551]), array([0.96855461, 0.98536521, 0.94007631, 0.90578701, 0.93247851,
       0.90577098, 0.90566928, 0.91503986, 0.93864184, 0.94924419]), array([0.96335643, 0.98635711, 0.94185894, 0.90964143, 0.9218038 ,
       0.90609511, 0.90167822, 0.93015271, 0.93310038, 0.95099584])]

estim_algorithm = ac-model, mode = classification, metric = auc, confidence_scores = entropy-conf, class_specific = False
test err: [0.05106572174847429, 0.046000486655335036, 0.051875967804680276, 0.049323056720318406, 0.0493624024073759]
estimated metric: [array([0.98432177, 0.98809495, 0.98343937, 0.97859811, 0.9839184 ,
       0.98202096, 0.98432798, 0.98299264, 0.98348849, 0.981609  ]), array([0.98496634, 0.98804254, 0.98417304, 0.97886864, 0.98320663,
       0.98394362, 0.98448801, 0.98307561, 0.98368244, 0.98282475]), array([0.98499535, 0.98802355, 0.98355697, 0.97836753, 0.98313561,
       0.98286669, 0.98280855, 0.98373662, 0.98348028, 0.9831299 ]), array([0.98479759, 0.98778024, 0.98401852, 0.97915362, 0.9846993 ,
       0.98380746, 0.98335711, 0.9840729 , 0.98446219, 0.98370943]), array([0.98466811, 0.98812509, 0.98395176, 0.9789568 , 0.98382895,
       0.983175  , 0.98483674, 0.98433903, 0.98297313, 0.98380941])]
real metric: [array([0.96616848, 0.98360674, 0.93359907, 0.91198993, 0.92104059,
       0.91169154, 0.90431449, 0.92626582, 0.92039455, 0.94308324]), array([0.96557809, 0.98385029, 0.94065519, 0.90826854, 0.93195333,
       0.91118298, 0.92339118, 0.92345989, 0.93440664, 0.95452061]), array([0.96507046, 0.98368314, 0.93828672, 0.90268918, 0.92818486,
       0.88361051, 0.91044243, 0.9303041 , 0.91604446, 0.95702551]), array([0.96855461, 0.98536521, 0.94007631, 0.90578701, 0.93247851,
       0.90577098, 0.90566928, 0.91503986, 0.93864184, 0.94924419]), array([0.96335643, 0.98635711, 0.94185894, 0.90964143, 0.9218038 ,
       0.90609511, 0.90167822, 0.93015271, 0.93310038, 0.95099584])]

estim_algorithm = ac-model, mode = classification, metric = auc, confidence_scores = doctor-conf, class_specific = False
test err: [0.05764856505581556, 0.052634900094955736, 0.058555986164843886, 0.05574450586787383, 0.05584956058805379]
estimated metric: [array([0.99088302, 0.9927634 , 0.98996278, 0.9880492 , 0.98997664,
       0.9883259 , 0.99072003, 0.98908605, 0.98989247, 0.9889806 ]), array([0.99149191, 0.99320929, 0.99000781, 0.98831969, 0.98958038,
       0.98972872, 0.99123672, 0.99027802, 0.9901376 , 0.98962559]), array([0.99138897, 0.99289735, 0.98969878, 0.98776163, 0.99026297,
       0.98977217, 0.98993762, 0.98944339, 0.98997772, 0.98976064]), array([0.99129805, 0.99306687, 0.99012533, 0.98826226, 0.99127575,
       0.98964693, 0.99043536, 0.99123374, 0.98997845, 0.9887501 ]), array([0.99109839, 0.99317759, 0.98991865, 0.98819417, 0.99058635,
       0.99017474, 0.99088452, 0.99061888, 0.98904611, 0.98983619])]
real metric: [array([0.96616848, 0.98360674, 0.93359907, 0.91198993, 0.92104059,
       0.91169154, 0.90431449, 0.92626582, 0.92039455, 0.94308324]), array([0.96557809, 0.98385029, 0.94065519, 0.90826854, 0.93195333,
       0.91118298, 0.92339118, 0.92345989, 0.93440664, 0.95452061]), array([0.96507046, 0.98368314, 0.93828672, 0.90268918, 0.92818486,
       0.88361051, 0.91044243, 0.9303041 , 0.91604446, 0.95702551]), array([0.96855461, 0.98536521, 0.94007631, 0.90578701, 0.93247851,
       0.90577098, 0.90566928, 0.91503986, 0.93864184, 0.94924419]), array([0.96335643, 0.98635711, 0.94185894, 0.90964143, 0.9218038 ,
       0.90609511, 0.90167822, 0.93015271, 0.93310038, 0.95099584])]

estim_algorithm = ts-model, mode = classification, metric = auc, confidence_scores = max_class_probability-conf, class_specific = False
test err: [0.025620340347945338, 0.020640966964701257, 0.026952237394368916, 0.024001331226049805, 0.023664177489359183]
estimated metric: [array([0.94181064, 0.95600159, 0.94658092, 0.92926491, 0.94603148,
       0.95066403, 0.9528052 , 0.95109115, 0.94849581, 0.95168615]), array([0.94345837, 0.95651887, 0.94627441, 0.93041063, 0.94796449,
       0.95119233, 0.95022303, 0.95136938, 0.95226047, 0.95393909]), array([0.94389615, 0.95590746, 0.94617042, 0.9311688 , 0.94676955,
       0.95072667, 0.94879204, 0.95059798, 0.94928753, 0.95040385]), array([0.94392288, 0.95695116, 0.94632941, 0.93252892, 0.9489483 ,
       0.9502473 , 0.95050283, 0.94839781, 0.95328353, 0.94943741]), array([0.94196154, 0.95658283, 0.94665469, 0.93191235, 0.9487183 ,
       0.95092963, 0.94980197, 0.94791015, 0.95122405, 0.95364791])]
real metric: [array([0.96616848, 0.98360674, 0.93359907, 0.91198993, 0.92104059,
       0.91169154, 0.90431449, 0.92626582, 0.92039455, 0.94308324]), array([0.96557809, 0.98385029, 0.94065519, 0.90826854, 0.93195333,
       0.91118298, 0.92339118, 0.92345989, 0.93440664, 0.95452061]), array([0.96507046, 0.98368314, 0.93828672, 0.90268918, 0.92818486,
       0.88361051, 0.91044243, 0.9303041 , 0.91604446, 0.95702551]), array([0.96855461, 0.98536521, 0.94007631, 0.90578701, 0.93247851,
       0.90577098, 0.90566928, 0.91503986, 0.93864184, 0.94924419]), array([0.96335643, 0.98635711, 0.94185894, 0.90964143, 0.9218038 ,
       0.90609511, 0.90167822, 0.93015271, 0.93310038, 0.95099584])]

estim_algorithm = ts-model, mode = classification, metric = auc, confidence_scores = max_class_probability-conf, class_specific = True
test err: [0.022429776005713442, 0.018773753603117595, 0.027781998393845275, 0.023521545508022303, 0.02461762806970934]
estimated metric: [array([0.96441202, 0.97525671, 0.94691056, 0.9256197 , 0.95992688,
       0.92308885, 0.96906591, 0.9693699 , 0.94124528, 0.95134342]), array([0.96496312, 0.97594811, 0.94746574, 0.92657432, 0.96225569,
       0.92833282, 0.97011747, 0.96969789, 0.94557113, 0.95704369]), array([0.96499406, 0.97559724, 0.94528722, 0.92468754, 0.96226254,
       0.93725065, 0.96884003, 0.96974523, 0.96320012, 0.94907891]), array([0.96561752, 0.97631846, 0.94580007, 0.92953739, 0.96414292,
       0.94017772, 0.96976791, 0.97083015, 0.94634228, 0.94934115]), array([0.9646008 , 0.97560947, 0.94617051, 0.92702717, 0.96294238,
       0.94573588, 0.97011969, 0.96978202, 0.95044305, 0.95729001])]
real metric: [array([0.96616848, 0.98360674, 0.93359907, 0.91198993, 0.92104059,
       0.91169154, 0.90431449, 0.92626582, 0.92039455, 0.94308324]), array([0.96557809, 0.98385029, 0.94065519, 0.90826854, 0.93195333,
       0.91118298, 0.92339118, 0.92345989, 0.93440664, 0.95452061]), array([0.96507046, 0.98368314, 0.93828672, 0.90268918, 0.92818486,
       0.88361051, 0.91044243, 0.9303041 , 0.91604446, 0.95702551]), array([0.96855461, 0.98536521, 0.94007631, 0.90578701, 0.93247851,
       0.90577098, 0.90566928, 0.91503986, 0.93864184, 0.94924419]), array([0.96335643, 0.98635711, 0.94185894, 0.90964143, 0.9218038 ,
       0.90609511, 0.90167822, 0.93015271, 0.93310038, 0.95099584])]

estim_algorithm = ts-model, mode = classification, metric = auc, confidence_scores = energy-conf, class_specific = False
test err: [0.02783362709358119, 0.02239527002383921, 0.0350130964730387, 0.02761743671295388, 0.029883034972357468]
estimated metric: [array([0.90093967, 0.95492518, 0.92849154, 0.89159313, 0.88959648,
       0.91719395, 0.95864791, 0.95930713, 0.91663524, 0.97392425]), array([0.89091232, 0.95753735, 0.94269129, 0.90099579, 0.94108969,
       0.90422807, 0.909778  , 0.97164591, 0.9576106 , 0.96709129]), array([0.91880259, 0.95034133, 0.89806328, 0.90688972, 0.89049711,
       0.95160051, 0.87001476, 0.96241792, 0.95634268, 0.94944567]), array([0.93722613, 0.95588049, 0.897093  , 0.89665533, 0.96233979,
       0.95854666, 0.90346864, 0.97125835, 0.92844904, 0.9372469 ]), array([0.87963473, 0.95174929, 0.92433435, 0.93089155, 0.9073827 ,
       0.94952781, 0.87203091, 0.96016757, 0.92441949, 0.96652508])]
real metric: [array([0.96616848, 0.98360674, 0.93359907, 0.91198993, 0.92104059,
       0.91169154, 0.90431449, 0.92626582, 0.92039455, 0.94308324]), array([0.96557809, 0.98385029, 0.94065519, 0.90826854, 0.93195333,
       0.91118298, 0.92339118, 0.92345989, 0.93440664, 0.95452061]), array([0.96507046, 0.98368314, 0.93828672, 0.90268918, 0.92818486,
       0.88361051, 0.91044243, 0.9303041 , 0.91604446, 0.95702551]), array([0.96855461, 0.98536521, 0.94007631, 0.90578701, 0.93247851,
       0.90577098, 0.90566928, 0.91503986, 0.93864184, 0.94924419]), array([0.96335643, 0.98635711, 0.94185894, 0.90964143, 0.9218038 ,
       0.90609511, 0.90167822, 0.93015271, 0.93310038, 0.95099584])]

estim_algorithm = ts-model, mode = classification, metric = auc, confidence_scores = energy-conf, class_specific = True
test err: [0.036826672896584346, 0.03384347971343023, 0.04332158587170225, 0.03536540268340701, 0.039813611764383285]
estimated metric: [array([0.99440573, 0.9949281 , 0.96360215, 0.9415308 , 0.97769271,
       0.93985672, 0.98088485, 0.98054388, 0.95490563, 0.9620706 ]), array([0.9944594 , 0.99497998, 0.96756004, 0.95413435, 0.97757721,
       0.93457783, 0.98025869, 0.97524951, 0.96914025, 0.96776428]), array([0.99435472, 0.99482334, 0.9521161 , 0.95392734, 0.9777085 ,
       0.95306007, 0.97963486, 0.98031908, 0.97964972, 0.93108752]), array([0.99451703, 0.99496376, 0.94934562, 0.94215633, 0.97810328,
       0.95274784, 0.9808514 , 0.97799895, 0.95636619, 0.92525696]), array([0.9944188 , 0.9949302 , 0.96099905, 0.95873891, 0.97837291,
       0.948419  , 0.98058893, 0.97916114, 0.95489708, 0.9926501 ])]
real metric: [array([0.96616848, 0.98360674, 0.93359907, 0.91198993, 0.92104059,
       0.91169154, 0.90431449, 0.92626582, 0.92039455, 0.94308324]), array([0.96557809, 0.98385029, 0.94065519, 0.90826854, 0.93195333,
       0.91118298, 0.92339118, 0.92345989, 0.93440664, 0.95452061]), array([0.96507046, 0.98368314, 0.93828672, 0.90268918, 0.92818486,
       0.88361051, 0.91044243, 0.9303041 , 0.91604446, 0.95702551]), array([0.96855461, 0.98536521, 0.94007631, 0.90578701, 0.93247851,
       0.90577098, 0.90566928, 0.91503986, 0.93864184, 0.94924419]), array([0.96335643, 0.98635711, 0.94185894, 0.90964143, 0.9218038 ,
       0.90609511, 0.90167822, 0.93015271, 0.93310038, 0.95099584])]

estim_algorithm = ts-model, mode = classification, metric = auc, confidence_scores = entropy-conf, class_specific = False
test err: [0.026386285813422106, 0.021431215285343874, 0.02731388173994794, 0.02454889626528962, 0.02426460576170054]
estimated metric: [array([0.94481885, 0.9573745 , 0.94859185, 0.9312717 , 0.94765748,
       0.95242272, 0.95452107, 0.95169277, 0.9504242 , 0.95207844]), array([0.94580222, 0.95815943, 0.94769873, 0.93295988, 0.9506056 ,
       0.95176614, 0.95213405, 0.9520936 , 0.95300964, 0.95641613]), array([0.94612485, 0.95763494, 0.9484739 , 0.93365652, 0.94862095,
       0.95237408, 0.95019144, 0.95121642, 0.9487917 , 0.95264327]), array([0.94650898, 0.95870291, 0.94851667, 0.93405564, 0.95014128,
       0.9511974 , 0.95133159, 0.94960952, 0.95455567, 0.95008122]), array([0.94450939, 0.95823345, 0.94716911, 0.9334615 , 0.95046392,
       0.95272571, 0.95201829, 0.94918334, 0.95287855, 0.95310137])]
real metric: [array([0.96616848, 0.98360674, 0.93359907, 0.91198993, 0.92104059,
       0.91169154, 0.90431449, 0.92626582, 0.92039455, 0.94308324]), array([0.96557809, 0.98385029, 0.94065519, 0.90826854, 0.93195333,
       0.91118298, 0.92339118, 0.92345989, 0.93440664, 0.95452061]), array([0.96507046, 0.98368314, 0.93828672, 0.90268918, 0.92818486,
       0.88361051, 0.91044243, 0.9303041 , 0.91604446, 0.95702551]), array([0.96855461, 0.98536521, 0.94007631, 0.90578701, 0.93247851,
       0.90577098, 0.90566928, 0.91503986, 0.93864184, 0.94924419]), array([0.96335643, 0.98635711, 0.94185894, 0.90964143, 0.9218038 ,
       0.90609511, 0.90167822, 0.93015271, 0.93310038, 0.95099584])]

estim_algorithm = ts-model, mode = classification, metric = auc, confidence_scores = entropy-conf, class_specific = True
test err: [0.021509876102379966, 0.017491980839854825, 0.026593325032506065, 0.022135661220155988, 0.023157622884837536]
estimated metric: [array([0.96245979, 0.97349863, 0.941674  , 0.92754804, 0.95895042,
       0.92210422, 0.96770923, 0.96160806, 0.94074263, 0.95332458]), array([0.96287286, 0.97409508, 0.94329362, 0.9263222 , 0.96133573,
       0.92824565, 0.96882509, 0.96202564, 0.94526146, 0.9540529 ]), array([0.96281589, 0.97367585, 0.94028104, 0.92561693, 0.96136361,
       0.93757099, 0.96753097, 0.96197582, 0.96225557, 0.95038679]), array([0.96355627, 0.97440848, 0.93990206, 0.92955202, 0.96242131,
       0.93922486, 0.96845274, 0.96251432, 0.94578144, 0.94857611]), array([0.96229685, 0.97367609, 0.94306351, 0.9268639 , 0.96207293,
       0.94492021, 0.96855485, 0.96121938, 0.94993241, 0.95653489])]
real metric: [array([0.96616848, 0.98360674, 0.93359907, 0.91198993, 0.92104059,
       0.91169154, 0.90431449, 0.92626582, 0.92039455, 0.94308324]), array([0.96557809, 0.98385029, 0.94065519, 0.90826854, 0.93195333,
       0.91118298, 0.92339118, 0.92345989, 0.93440664, 0.95452061]), array([0.96507046, 0.98368314, 0.93828672, 0.90268918, 0.92818486,
       0.88361051, 0.91044243, 0.9303041 , 0.91604446, 0.95702551]), array([0.96855461, 0.98536521, 0.94007631, 0.90578701, 0.93247851,
       0.90577098, 0.90566928, 0.91503986, 0.93864184, 0.94924419]), array([0.96335643, 0.98635711, 0.94185894, 0.90964143, 0.9218038 ,
       0.90609511, 0.90167822, 0.93015271, 0.93310038, 0.95099584])]

estim_algorithm = ts-model, mode = classification, metric = auc, confidence_scores = doctor-conf, class_specific = False
test err: [0.028829913138123865, 0.023842416738307236, 0.029468669117786627, 0.027875764618243915, 0.026678852537705]
estimated metric: [array([0.95216958, 0.9621423 , 0.95487596, 0.94307625, 0.95048602,
       0.95562567, 0.95663826, 0.95548291, 0.9541629 , 0.95486705]), array([0.95385426, 0.9626774 , 0.95408056, 0.94416693, 0.95376276,
       0.95518791, 0.9549512 , 0.95437702, 0.95758236, 0.95925707]), array([0.95398529, 0.96201635, 0.9548259 , 0.9443469 , 0.95350904,
       0.95493625, 0.95346065, 0.95549195, 0.95389   , 0.95598923]), array([0.95420298, 0.9629051 , 0.95439416, 0.9449791 , 0.95508006,
       0.95663205, 0.95660097, 0.95486364, 0.95815091, 0.95395299]), array([0.95255804, 0.96249813, 0.95397893, 0.9437001 , 0.95396696,
       0.95637578, 0.95408953, 0.95402637, 0.95692628, 0.95439363])]
real metric: [array([0.96616848, 0.98360674, 0.93359907, 0.91198993, 0.92104059,
       0.91169154, 0.90431449, 0.92626582, 0.92039455, 0.94308324]), array([0.96557809, 0.98385029, 0.94065519, 0.90826854, 0.93195333,
       0.91118298, 0.92339118, 0.92345989, 0.93440664, 0.95452061]), array([0.96507046, 0.98368314, 0.93828672, 0.90268918, 0.92818486,
       0.88361051, 0.91044243, 0.9303041 , 0.91604446, 0.95702551]), array([0.96855461, 0.98536521, 0.94007631, 0.90578701, 0.93247851,
       0.90577098, 0.90566928, 0.91503986, 0.93864184, 0.94924419]), array([0.96335643, 0.98635711, 0.94185894, 0.90964143, 0.9218038 ,
       0.90609511, 0.90167822, 0.93015271, 0.93310038, 0.95099584])]

estim_algorithm = ts-model, mode = classification, metric = auc, confidence_scores = doctor-conf, class_specific = True
test err: [0.023082458637417404, 0.019104498139721527, 0.02841680857390171, 0.024006455026834496, 0.023784135395085414]
estimated metric: [array([0.96104246, 0.97486242, 0.94907782, 0.92501687, 0.96168781,
       0.92902186, 0.96861212, 0.96059259, 0.94544544, 0.94987895]), array([0.96164288, 0.975512  , 0.94922918, 0.9253331 , 0.96377465,
       0.93190944, 0.96992648, 0.96098324, 0.95079153, 0.95466223]), array([0.96215042, 0.97491154, 0.94709714, 0.92678471, 0.96322914,
       0.94031643, 0.96828689, 0.96214512, 0.96511453, 0.94796078]), array([0.96198863, 0.97558509, 0.94812022, 0.9305926 , 0.96467431,
       0.9392886 , 0.969497  , 0.96211614, 0.95114478, 0.94749561]), array([0.9610226 , 0.97514056, 0.94870255, 0.92730288, 0.96429   ,
       0.94308269, 0.96976577, 0.96043741, 0.94966296, 0.95637316])]
real metric: [array([0.96616848, 0.98360674, 0.93359907, 0.91198993, 0.92104059,
       0.91169154, 0.90431449, 0.92626582, 0.92039455, 0.94308324]), array([0.96557809, 0.98385029, 0.94065519, 0.90826854, 0.93195333,
       0.91118298, 0.92339118, 0.92345989, 0.93440664, 0.95452061]), array([0.96507046, 0.98368314, 0.93828672, 0.90268918, 0.92818486,
       0.88361051, 0.91044243, 0.9303041 , 0.91604446, 0.95702551]), array([0.96855461, 0.98536521, 0.94007631, 0.90578701, 0.93247851,
       0.90577098, 0.90566928, 0.91503986, 0.93864184, 0.94924419]), array([0.96335643, 0.98635711, 0.94185894, 0.90964143, 0.9218038 ,
       0.90609511, 0.90167822, 0.93015271, 0.93310038, 0.95099584])]

estim_algorithm = doc-model, mode = classification, metric = auc, confidence_scores = max_class_probability-conf, class_specific = False
test err: [0.06845297616415616, 0.07353142419726336, 0.06765892287002646, 0.07013170528715297, 0.07045330191364663]
estimated metric: [array([0.86493602, 0.86848744, 0.86394752, 0.85921547, 0.86518351,
       0.86252084, 0.86442528, 0.86372051, 0.86259085, 0.86259724]), array([0.86600817, 0.86901769, 0.86432937, 0.85969741, 0.8636666 ,
       0.86405119, 0.86462271, 0.86402034, 0.8638212 , 0.86271783]), array([0.86593933, 0.8678429 , 0.86374907, 0.8589745 , 0.864238  ,
       0.8632132 , 0.86330232, 0.8637389 , 0.8646602 , 0.86309372]), array([0.8656267 , 0.86885456, 0.86436669, 0.85976186, 0.86605692,
       0.86382557, 0.86433767, 0.86454593, 0.86460532, 0.86332953]), array([0.86537854, 0.86915266, 0.86412195, 0.85940033, 0.86438201,
       0.86405367, 0.86437999, 0.86381077, 0.86239751, 0.86342954])]
real metric: [array([0.96616848, 0.98360674, 0.93359907, 0.91198993, 0.92104059,
       0.91169154, 0.90431449, 0.92626582, 0.92039455, 0.94308324]), array([0.96557809, 0.98385029, 0.94065519, 0.90826854, 0.93195333,
       0.91118298, 0.92339118, 0.92345989, 0.93440664, 0.95452061]), array([0.96507046, 0.98368314, 0.93828672, 0.90268918, 0.92818486,
       0.88361051, 0.91044243, 0.9303041 , 0.91604446, 0.95702551]), array([0.96855461, 0.98536521, 0.94007631, 0.90578701, 0.93247851,
       0.90577098, 0.90566928, 0.91503986, 0.93864184, 0.94924419]), array([0.96335643, 0.98635711, 0.94185894, 0.90964143, 0.9218038 ,
       0.90609511, 0.90167822, 0.93015271, 0.93310038, 0.95099584])]

estim_algorithm = doc-model, mode = classification, metric = auc, confidence_scores = max_class_probability-conf, class_specific = True
test err: [0.030714090741366717, 0.025547956892160596, 0.03150318476330155, 0.028913505001244642, 0.028666454331654167]
estimated metric: [array([0.9786138 , 0.98561267, 0.9582429 , 0.94345109, 0.97052079,
       0.94120567, 0.97513185, 0.96605231, 0.95083894, 0.95962533]), array([0.9792471 , 0.98602868, 0.95867639, 0.94362853, 0.96911709,
       0.94260175, 0.97533461, 0.96635117, 0.95208433, 0.95967667]), array([0.9791817 , 0.98569642, 0.95806805, 0.94320846, 0.96939627,
       0.94184629, 0.9740956 , 0.96610077, 0.95286938, 0.95991028]), array([0.97900357, 0.9859012 , 0.95856497, 0.94387506, 0.97131586,
       0.94234832, 0.97502783, 0.96656897, 0.95284141, 0.96031565]), array([0.97871081, 0.98613381, 0.9584716 , 0.94364296, 0.96959171,
       0.94257898, 0.9750838 , 0.96598261, 0.95061875, 0.96044291])]
real metric: [array([0.96616848, 0.98360674, 0.93359907, 0.91198993, 0.92104059,
       0.91169154, 0.90431449, 0.92626582, 0.92039455, 0.94308324]), array([0.96557809, 0.98385029, 0.94065519, 0.90826854, 0.93195333,
       0.91118298, 0.92339118, 0.92345989, 0.93440664, 0.95452061]), array([0.96507046, 0.98368314, 0.93828672, 0.90268918, 0.92818486,
       0.88361051, 0.91044243, 0.9303041 , 0.91604446, 0.95702551]), array([0.96855461, 0.98536521, 0.94007631, 0.90578701, 0.93247851,
       0.90577098, 0.90566928, 0.91503986, 0.93864184, 0.94924419]), array([0.96335643, 0.98635711, 0.94185894, 0.90964143, 0.9218038 ,
       0.90609511, 0.90167822, 0.93015271, 0.93310038, 0.95099584])]

estim_algorithm = doc-model, mode = classification, metric = auc, confidence_scores = energy-conf, class_specific = False
test err: [0.02892632209565772, 0.024765851326144582, 0.029628571850867026, 0.028280462405586227, 0.027481031106012056]
estimated metric: [array([0.93988516, 0.95669368, 0.9475119 , 0.92689067, 0.94920208,
       0.95293694, 0.9560054 , 0.95845845, 0.95685012, 0.96059051]), array([0.93779197, 0.95646639, 0.94692893, 0.93069403, 0.95310285,
       0.95542756, 0.9550818 , 0.9611298 , 0.95582364, 0.96213822]), array([0.93974046, 0.9557319 , 0.94545436, 0.92866673, 0.95193133,
       0.95591489, 0.95432045, 0.9586025 , 0.95373572, 0.96096626]), array([0.93972736, 0.95613013, 0.94721775, 0.93146446, 0.95171517,
       0.95657844, 0.95415781, 0.95656345, 0.96090621, 0.95884697]), array([0.93894622, 0.95600497, 0.94644067, 0.93004777, 0.95267187,
       0.95697444, 0.95197826, 0.95855674, 0.95883917, 0.95986549])]
real metric: [array([0.96616848, 0.98360674, 0.93359907, 0.91198993, 0.92104059,
       0.91169154, 0.90431449, 0.92626582, 0.92039455, 0.94308324]), array([0.96557809, 0.98385029, 0.94065519, 0.90826854, 0.93195333,
       0.91118298, 0.92339118, 0.92345989, 0.93440664, 0.95452061]), array([0.96507046, 0.98368314, 0.93828672, 0.90268918, 0.92818486,
       0.88361051, 0.91044243, 0.9303041 , 0.91604446, 0.95702551]), array([0.96855461, 0.98536521, 0.94007631, 0.90578701, 0.93247851,
       0.90577098, 0.90566928, 0.91503986, 0.93864184, 0.94924419]), array([0.96335643, 0.98635711, 0.94185894, 0.90964143, 0.9218038 ,
       0.90609511, 0.90167822, 0.93015271, 0.93310038, 0.95099584])]

estim_algorithm = doc-model, mode = classification, metric = auc, confidence_scores = energy-conf, class_specific = True
test err: [0.023334216992250502, 0.02155565976819652, 0.035188950826995045, 0.03423598508873832, 0.02559199844471729]
estimated metric: [array([0.94978642, 0.96958409, 0.94189608, 0.92008008, 0.95962332,
       0.89438424, 0.96926354, 0.96149713, 0.9479161 , 0.94604159]), array([0.95109013, 0.97005367, 0.93407176, 0.91634119, 0.9611533 ,
       0.88726635, 0.96980386, 0.96090683, 0.96269884, 0.96186813]), array([0.95196955, 0.96966603, 0.92306439, 0.92624653, 0.960057  ,
       0.95326152, 0.96942794, 0.96298378, 0.96108565, 0.90926322]), array([0.95158798, 0.97046065, 0.91770393, 0.92175911, 0.96233646,
       0.95148379, 0.9702409 , 0.96228617, 0.9568463 , 0.88269317]), array([0.94964781, 0.96974038, 0.94029122, 0.92268951, 0.96203767,
       0.93873537, 0.96957497, 0.96346818, 0.95884979, 0.96213891])]
real metric: [array([0.96616848, 0.98360674, 0.93359907, 0.91198993, 0.92104059,
       0.91169154, 0.90431449, 0.92626582, 0.92039455, 0.94308324]), array([0.96557809, 0.98385029, 0.94065519, 0.90826854, 0.93195333,
       0.91118298, 0.92339118, 0.92345989, 0.93440664, 0.95452061]), array([0.96507046, 0.98368314, 0.93828672, 0.90268918, 0.92818486,
       0.88361051, 0.91044243, 0.9303041 , 0.91604446, 0.95702551]), array([0.96855461, 0.98536521, 0.94007631, 0.90578701, 0.93247851,
       0.90577098, 0.90566928, 0.91503986, 0.93864184, 0.94924419]), array([0.96335643, 0.98635711, 0.94185894, 0.90964143, 0.9218038 ,
       0.90609511, 0.90167822, 0.93015271, 0.93310038, 0.95099584])]

estim_algorithm = doc-model, mode = classification, metric = auc, confidence_scores = entropy-conf, class_specific = False
test err: [0.06332804537981035, 0.06822577060296561, 0.0627591138443758, 0.06490920005837506, 0.06489456696270121]
estimated metric: [array([0.86933073, 0.87493924, 0.86904591, 0.86115464, 0.87015875,
       0.86793954, 0.87038764, 0.86907786, 0.86936297, 0.86747672]), array([0.87044533, 0.87513652, 0.86969704, 0.86191547, 0.86922158,
       0.87013674, 0.87067062, 0.86926763, 0.86973445, 0.86878366]), array([0.87048188, 0.87285412, 0.86902937, 0.86106794, 0.86923042,
       0.86890985, 0.86878558, 0.86971235, 0.86945552, 0.86822319]), array([0.87013373, 0.87482216, 0.86964608, 0.86208713, 0.87101649,
       0.86991363, 0.86949453, 0.87039187, 0.87045484, 0.86957534]), array([0.86987427, 0.87531026, 0.86942807, 0.8617596 , 0.87002836,
       0.86949021, 0.87099794, 0.87058487, 0.86890528, 0.86971547])]
real metric: [array([0.96616848, 0.98360674, 0.93359907, 0.91198993, 0.92104059,
       0.91169154, 0.90431449, 0.92626582, 0.92039455, 0.94308324]), array([0.96557809, 0.98385029, 0.94065519, 0.90826854, 0.93195333,
       0.91118298, 0.92339118, 0.92345989, 0.93440664, 0.95452061]), array([0.96507046, 0.98368314, 0.93828672, 0.90268918, 0.92818486,
       0.88361051, 0.91044243, 0.9303041 , 0.91604446, 0.95702551]), array([0.96855461, 0.98536521, 0.94007631, 0.90578701, 0.93247851,
       0.90577098, 0.90566928, 0.91503986, 0.93864184, 0.94924419]), array([0.96335643, 0.98635711, 0.94185894, 0.90964143, 0.9218038 ,
       0.90609511, 0.90167822, 0.93015271, 0.93310038, 0.95099584])]

estim_algorithm = doc-model, mode = classification, metric = auc, confidence_scores = entropy-conf, class_specific = True
test err: [0.029553789257632614, 0.02458730662159485, 0.03038522385697523, 0.02801030110260363, 0.028122264665378725]
estimated metric: [array([0.97672358, 0.98504411, 0.95669569, 0.94022171, 0.96974527,
       0.94038583, 0.9743451 , 0.96490514, 0.95143677, 0.95818915]), array([0.97747933, 0.98519818, 0.95749302, 0.94068095, 0.96909027,
       0.94242228, 0.97457326, 0.96504295, 0.95171606, 0.9594435 ]), array([0.97742697, 0.98492644, 0.95682199, 0.94004124, 0.96896128,
       0.94131691, 0.972856  , 0.96565944, 0.95147224, 0.95971111]), array([0.97730065, 0.98486631, 0.95736003, 0.94095676, 0.97060863,
       0.94230775, 0.97344541, 0.96606804, 0.95249599, 0.96032344]), array([0.97711658, 0.9851958 , 0.95720967, 0.94069277, 0.96966295,
       0.94165396, 0.97485573, 0.96626288, 0.95091171, 0.96037797])]
real metric: [array([0.96616848, 0.98360674, 0.93359907, 0.91198993, 0.92104059,
       0.91169154, 0.90431449, 0.92626582, 0.92039455, 0.94308324]), array([0.96557809, 0.98385029, 0.94065519, 0.90826854, 0.93195333,
       0.91118298, 0.92339118, 0.92345989, 0.93440664, 0.95452061]), array([0.96507046, 0.98368314, 0.93828672, 0.90268918, 0.92818486,
       0.88361051, 0.91044243, 0.9303041 , 0.91604446, 0.95702551]), array([0.96855461, 0.98536521, 0.94007631, 0.90578701, 0.93247851,
       0.90577098, 0.90566928, 0.91503986, 0.93864184, 0.94924419]), array([0.96335643, 0.98635711, 0.94185894, 0.90964143, 0.9218038 ,
       0.90609511, 0.90167822, 0.93015271, 0.93310038, 0.95099584])]

estim_algorithm = doc-model, mode = classification, metric = auc, confidence_scores = doctor-conf, class_specific = False
test err: [0.08130671226252104, 0.08539024447838481, 0.08096550250406656, 0.0827589102254253, 0.08290716134767759]
estimated metric: [array([0.8513979 , 0.85404331, 0.85005717, 0.84693385, 0.85027585,
       0.84823014, 0.8538572 , 0.85247387, 0.85276879, 0.84904925]), array([0.85237112, 0.85768661, 0.8529017 , 0.84736931, 0.85207378,
       0.84971567, 0.85461904, 0.85373369, 0.8533365 , 0.84955688]), array([0.85225413, 0.85417178, 0.84987079, 0.84668108, 0.85060984,
       0.85285545, 0.84994235, 0.84951454, 0.8499791 , 0.84980729]), array([0.85196433, 0.85434822, 0.85042462, 0.847207  , 0.85484359,
       0.84969457, 0.85038441, 0.85501445, 0.85321407, 0.85194344]), array([0.85272513, 0.85453312, 0.85018607, 0.84714135, 0.85065669,
       0.8537334 , 0.85440609, 0.85060496, 0.85237381, 0.84960776])]
real metric: [array([0.96616848, 0.98360674, 0.93359907, 0.91198993, 0.92104059,
       0.91169154, 0.90431449, 0.92626582, 0.92039455, 0.94308324]), array([0.96557809, 0.98385029, 0.94065519, 0.90826854, 0.93195333,
       0.91118298, 0.92339118, 0.92345989, 0.93440664, 0.95452061]), array([0.96507046, 0.98368314, 0.93828672, 0.90268918, 0.92818486,
       0.88361051, 0.91044243, 0.9303041 , 0.91604446, 0.95702551]), array([0.96855461, 0.98536521, 0.94007631, 0.90578701, 0.93247851,
       0.90577098, 0.90566928, 0.91503986, 0.93864184, 0.94924419]), array([0.96335643, 0.98635711, 0.94185894, 0.90964143, 0.9218038 ,
       0.90609511, 0.90167822, 0.93015271, 0.93310038, 0.95099584])]

estim_algorithm = doc-model, mode = classification, metric = auc, confidence_scores = doctor-conf, class_specific = True
test err: [0.032467201340592666, 0.02754526862166201, 0.033401991474079906, 0.030649047927134097, 0.030711529387676573]
estimated metric: [array([0.98136746, 0.98805325, 0.9604986 , 0.94632501, 0.97142519,
       0.94228055, 0.97676829, 0.96749585, 0.95234375, 0.96026851]), array([0.98207803, 0.98859593, 0.96069214, 0.94670131, 0.97109403,
       0.94381037, 0.97736035, 0.96874304, 0.95268371, 0.96096052]), array([0.98192978, 0.98817756, 0.96025699, 0.94603776, 0.97172327,
       0.94374492, 0.97599334, 0.96786508, 0.9525057 , 0.96112688]), array([0.98188515, 0.98845241, 0.96078951, 0.94660189, 0.972788  ,
       0.94374926, 0.97652777, 0.96973311, 0.95251201, 0.96007916]), array([0.98164744, 0.98851021, 0.96050724, 0.94653495, 0.97203206,
       0.94425855, 0.97697549, 0.96906955, 0.95152239, 0.9610974 ])]
real metric: [array([0.96616848, 0.98360674, 0.93359907, 0.91198993, 0.92104059,
       0.91169154, 0.90431449, 0.92626582, 0.92039455, 0.94308324]), array([0.96557809, 0.98385029, 0.94065519, 0.90826854, 0.93195333,
       0.91118298, 0.92339118, 0.92345989, 0.93440664, 0.95452061]), array([0.96507046, 0.98368314, 0.93828672, 0.90268918, 0.92818486,
       0.88361051, 0.91044243, 0.9303041 , 0.91604446, 0.95702551]), array([0.96855461, 0.98536521, 0.94007631, 0.90578701, 0.93247851,
       0.90577098, 0.90566928, 0.91503986, 0.93864184, 0.94924419]), array([0.96335643, 0.98635711, 0.94185894, 0.90964143, 0.9218038 ,
       0.90609511, 0.90167822, 0.93015271, 0.93310038, 0.95099584])]

