estim_algorithm = ac-model, mode = classification, metric = auc, confidence_scores = max_class_probability-conf, class_specific = False
test err: [0.3632905645647271, 0.3652084591816952, 0.3638067643873527, 0.3655157119945837, 0.36557551776495806]
estimated metric: [array([0.52947114, 0.5524211 , 0.53175597, 0.52892519, 0.53453959,
       0.53609863, 0.54409214, 0.54438072, 0.54656939, 0.54331596]), array([0.5291118 , 0.55274659, 0.53146497, 0.52887369, 0.5340648 ,
       0.53591661, 0.54003008, 0.54454746, 0.54653928, 0.54150502]), array([0.52932392, 0.5530583 , 0.53133363, 0.52881363, 0.53478605,
       0.53509555, 0.54091778, 0.5451182 , 0.54719769, 0.54188959]), array([0.52951381, 0.5530069 , 0.53131138, 0.52916111, 0.53423611,
       0.53573255, 0.54093609, 0.54508133, 0.5464014 , 0.54150413]), array([0.52896779, 0.55295233, 0.53143408, 0.52891489, 0.53440271,
       0.53500114, 0.54199092, 0.54430408, 0.5475682 , 0.54255195])]
real metric: [array([0.95374934, 0.98075457, 0.91115284, 0.87974097, 0.90501679,
       0.88416842, 0.86275979, 0.91958562, 0.89797222, 0.82957493]), array([0.95277204, 0.98170235, 0.91323697, 0.88527909, 0.89303013,
       0.88250816, 0.86508804, 0.91433129, 0.90107775, 0.8478591 ]), array([0.95576961, 0.97908412, 0.90563918, 0.87358426, 0.90563518,
       0.88265447, 0.87179571, 0.90757919, 0.90033605, 0.84352422]), array([0.95394293, 0.97582525, 0.91385991, 0.88220514, 0.89841559,
       0.89388606, 0.86109717, 0.90782445, 0.90532529, 0.84966013]), array([0.95259238, 0.98072261, 0.91194957, 0.88207188, 0.89854498,
       0.88532397, 0.880163  , 0.9134291 , 0.8999872 , 0.83905858])]

estim_algorithm = ac-model, mode = classification, metric = auc, confidence_scores = energy-conf, class_specific = False
test err: [0.06529712566617446, 0.06232303787471699, 0.06168798257497895, 0.042075240734025264, 0.05750237920663996]
estimated metric: [array([0.88120421, 0.7865318 , 0.92101776, 0.90347224, 0.92900051,
       0.94262238, 0.91559888, 0.88554361, 0.79240269, 0.75185606]), array([0.86265153, 0.79640586, 0.8996701 , 0.90140326, 0.91736043,
       0.92825315, 0.89553394, 0.91402148, 0.77089146, 0.76075402]), array([0.87428044, 0.79887803, 0.91146956, 0.90164876, 0.90833312,
       0.91634619, 0.90827359, 0.90235396, 0.75245349, 0.74820988]), array([0.89952184, 0.84358349, 0.91164782, 0.88292198, 0.90611621,
       0.91409889, 0.86488092, 0.89047107, 0.78382381, 0.78905155]), array([0.87965339, 0.78971632, 0.93314722, 0.90496687, 0.9060737 ,
       0.91725437, 0.88180946, 0.86689516, 0.77388814, 0.78581129])]
real metric: [array([0.95374934, 0.98075457, 0.91115284, 0.87974097, 0.90501679,
       0.88416842, 0.86275979, 0.91958562, 0.89797222, 0.82957493]), array([0.95277204, 0.98170235, 0.91323697, 0.88527909, 0.89303013,
       0.88250816, 0.86508804, 0.91433129, 0.90107775, 0.8478591 ]), array([0.95576961, 0.97908412, 0.90563918, 0.87358426, 0.90563518,
       0.88265447, 0.87179571, 0.90757919, 0.90033605, 0.84352422]), array([0.95394293, 0.97582525, 0.91385991, 0.88220514, 0.89841559,
       0.89388606, 0.86109717, 0.90782445, 0.90532529, 0.84966013]), array([0.95259238, 0.98072261, 0.91194957, 0.88207188, 0.89854498,
       0.88532397, 0.880163  , 0.9134291 , 0.8999872 , 0.83905858])]

estim_algorithm = ac-model, mode = classification, metric = auc, confidence_scores = entropy-conf, class_specific = False
test err: [0.35354863413660237, 0.3547652675247709, 0.35372196804519856, 0.355270098499901, 0.35546270966189897]
estimated metric: [array([0.55103593, 0.54635936, 0.55008929, 0.5503484 , 0.54886625,
       0.54874356, 0.54834809, 0.54792186, 0.54859447, 0.54868194]), array([0.55106191, 0.54618144, 0.55006007, 0.55035452, 0.5489296 ,
       0.54879028, 0.54860004, 0.54773092, 0.54847989, 0.54904357]), array([0.55103432, 0.54621053, 0.55010271, 0.55032993, 0.54888072,
       0.54887013, 0.54828082, 0.54780752, 0.54817099, 0.54869464]), array([0.55101011, 0.54611739, 0.55010963, 0.5502989 , 0.54891177,
       0.54870426, 0.54859326, 0.54787589, 0.54841283, 0.5493069 ]), array([0.55106907, 0.54623123, 0.55011264, 0.55035302, 0.54905504,
       0.54882779, 0.54836114, 0.5480274 , 0.54848612, 0.5486927 ])]
real metric: [array([0.95374934, 0.98075457, 0.91115284, 0.87974097, 0.90501679,
       0.88416842, 0.86275979, 0.91958562, 0.89797222, 0.82957493]), array([0.95277204, 0.98170235, 0.91323697, 0.88527909, 0.89303013,
       0.88250816, 0.86508804, 0.91433129, 0.90107775, 0.8478591 ]), array([0.95576961, 0.97908412, 0.90563918, 0.87358426, 0.90563518,
       0.88265447, 0.87179571, 0.90757919, 0.90033605, 0.84352422]), array([0.95394293, 0.97582525, 0.91385991, 0.88220514, 0.89841559,
       0.89388606, 0.86109717, 0.90782445, 0.90532529, 0.84966013]), array([0.95259238, 0.98072261, 0.91194957, 0.88207188, 0.89854498,
       0.88532397, 0.880163  , 0.9134291 , 0.8999872 , 0.83905858])]

estim_algorithm = ac-model, mode = classification, metric = auc, confidence_scores = doctor-conf, class_specific = False
test err: [0.17162134530033418, 0.17021420692574216, 0.17250559613471061, 0.1714999600406298, 0.1706580595057285]
estimated metric: [array([0.61050948, 0.90214081, 0.6332537 , 0.63630305, 0.68204294,
       0.6655498 , 0.78695089, 0.76747103, 0.83855581, 0.78548451]), array([0.6495097 , 0.90605537, 0.63287601, 0.62525145, 0.67823572,
       0.66813129, 0.77529041, 0.76745062, 0.8424018 , 0.78954047]), array([0.61305286, 0.90010854, 0.63256981, 0.62670886, 0.67955993,
       0.66111399, 0.76994627, 0.79388435, 0.83955377, 0.78404763]), array([0.61255661, 0.90796434, 0.63347806, 0.62528917, 0.67877083,
       0.66264503, 0.7780498 , 0.77124503, 0.84140939, 0.81563407]), array([0.60836121, 0.9062984 , 0.6290006 , 0.62517885, 0.6810422 ,
       0.66709063, 0.78570846, 0.78750113, 0.84384568, 0.8032355 ])]
real metric: [array([0.95374934, 0.98075457, 0.91115284, 0.87974097, 0.90501679,
       0.88416842, 0.86275979, 0.91958562, 0.89797222, 0.82957493]), array([0.95277204, 0.98170235, 0.91323697, 0.88527909, 0.89303013,
       0.88250816, 0.86508804, 0.91433129, 0.90107775, 0.8478591 ]), array([0.95576961, 0.97908412, 0.90563918, 0.87358426, 0.90563518,
       0.88265447, 0.87179571, 0.90757919, 0.90033605, 0.84352422]), array([0.95394293, 0.97582525, 0.91385991, 0.88220514, 0.89841559,
       0.89388606, 0.86109717, 0.90782445, 0.90532529, 0.84966013]), array([0.95259238, 0.98072261, 0.91194957, 0.88207188, 0.89854498,
       0.88532397, 0.880163  , 0.9134291 , 0.8999872 , 0.83905858])]

estim_algorithm = ts-model, mode = classification, metric = auc, confidence_scores = max_class_probability-conf, class_specific = False
test err: [0.048491603478323916, 0.04541471076512536, 0.04600252634080667, 0.044845834615818335, 0.045890864953049795]
estimated metric: [array([0.85381347, 0.93888968, 0.86745129, 0.80351545, 0.88775371,
       0.89052908, 0.92703117, 0.92492431, 0.9334924 , 0.92400914]), array([0.85365741, 0.93954454, 0.86639514, 0.80366332, 0.88650607,
       0.89114586, 0.91840436, 0.92564519, 0.93156715, 0.9219948 ]), array([0.85252786, 0.93937608, 0.86614423, 0.80209449, 0.88787142,
       0.89117196, 0.91885591, 0.9259534 , 0.93347241, 0.92476295]), array([0.85543415, 0.94007239, 0.86736356, 0.8051336 , 0.88785739,
       0.89181087, 0.92158182, 0.92526392, 0.93157493, 0.9234818 ]), array([0.84834162, 0.93958576, 0.8666275 , 0.80230779, 0.88646391,
       0.89080708, 0.91898771, 0.92469933, 0.93451255, 0.92530898])]
real metric: [array([0.95374934, 0.98075457, 0.91115284, 0.87974097, 0.90501679,
       0.88416842, 0.86275979, 0.91958562, 0.89797222, 0.82957493]), array([0.95277204, 0.98170235, 0.91323697, 0.88527909, 0.89303013,
       0.88250816, 0.86508804, 0.91433129, 0.90107775, 0.8478591 ]), array([0.95576961, 0.97908412, 0.90563918, 0.87358426, 0.90563518,
       0.88265447, 0.87179571, 0.90757919, 0.90033605, 0.84352422]), array([0.95394293, 0.97582525, 0.91385991, 0.88220514, 0.89841559,
       0.89388606, 0.86109717, 0.90782445, 0.90532529, 0.84966013]), array([0.95259238, 0.98072261, 0.91194957, 0.88207188, 0.89854498,
       0.88532397, 0.880163  , 0.9134291 , 0.8999872 , 0.83905858])]

estim_algorithm = ts-model, mode = classification, metric = auc, confidence_scores = max_class_probability-conf, class_specific = True
test err: [0.05265662797602838, 0.05072070737680475, 0.052344307419244375, 0.050447248334015246, 0.050740887723690176]
estimated metric: [array([0.95881191, 0.98497282, 0.95315322, 0.92797041, 0.95938564,
       0.94275233, 0.96441109, 0.95060342, 0.95462564, 0.95435529]), array([0.95843731, 0.98485462, 0.95326711, 0.92805029, 0.95852714,
       0.94271959, 0.96174252, 0.95140315, 0.95268581, 0.95240443]), array([0.95875179, 0.9846573 , 0.95281706, 0.92732621, 0.95930559,
       0.94291508, 0.96238522, 0.95149885, 0.9544551 , 0.95493285]), array([0.95922287, 0.98495341, 0.95343409, 0.92876932, 0.95867412,
       0.94260348, 0.96215734, 0.9509997 , 0.95308438, 0.95261569]), array([0.95759172, 0.98455077, 0.95346789, 0.92744516, 0.95885311,
       0.94272766, 0.96350073, 0.950687  , 0.95649278, 0.95593531])]
real metric: [array([0.95374934, 0.98075457, 0.91115284, 0.87974097, 0.90501679,
       0.88416842, 0.86275979, 0.91958562, 0.89797222, 0.82957493]), array([0.95277204, 0.98170235, 0.91323697, 0.88527909, 0.89303013,
       0.88250816, 0.86508804, 0.91433129, 0.90107775, 0.8478591 ]), array([0.95576961, 0.97908412, 0.90563918, 0.87358426, 0.90563518,
       0.88265447, 0.87179571, 0.90757919, 0.90033605, 0.84352422]), array([0.95394293, 0.97582525, 0.91385991, 0.88220514, 0.89841559,
       0.89388606, 0.86109717, 0.90782445, 0.90532529, 0.84966013]), array([0.95259238, 0.98072261, 0.91194957, 0.88207188, 0.89854498,
       0.88532397, 0.880163  , 0.9134291 , 0.8999872 , 0.83905858])]

estim_algorithm = ts-model, mode = classification, metric = auc, confidence_scores = energy-conf, class_specific = False
test err: [0.05846720965171833, 0.055305445300382186, 0.05625215674949654, 0.053693248006876915, 0.05859204995626825]
estimated metric: [array([0.9606175 , 0.91647729, 0.96955603, 0.95170119, 0.97016748,
       0.97058433, 0.96926292, 0.97042369, 0.92182907, 0.87997352]), array([0.96043386, 0.92617842, 0.96997613, 0.95165461, 0.96931515,
       0.97090042, 0.97013023, 0.96878368, 0.89974296, 0.88910648]), array([0.96260458, 0.92880586, 0.97029427, 0.95249911, 0.97041046,
       0.96954093, 0.96714177, 0.97011868, 0.88080306, 0.87628233]), array([0.96151178, 0.96681414, 0.96950291, 0.95108742, 0.96926984,
       0.97153318, 0.97094207, 0.96805896, 0.91357527, 0.91865663]), array([0.9623241 , 0.91945506, 0.9705891 , 0.95189333, 0.97155187,
       0.97134925, 0.97107725, 0.97118033, 0.90301329, 0.91479505])]
real metric: [array([0.95374934, 0.98075457, 0.91115284, 0.87974097, 0.90501679,
       0.88416842, 0.86275979, 0.91958562, 0.89797222, 0.82957493]), array([0.95277204, 0.98170235, 0.91323697, 0.88527909, 0.89303013,
       0.88250816, 0.86508804, 0.91433129, 0.90107775, 0.8478591 ]), array([0.95576961, 0.97908412, 0.90563918, 0.87358426, 0.90563518,
       0.88265447, 0.87179571, 0.90757919, 0.90033605, 0.84352422]), array([0.95394293, 0.97582525, 0.91385991, 0.88220514, 0.89841559,
       0.89388606, 0.86109717, 0.90782445, 0.90532529, 0.84966013]), array([0.95259238, 0.98072261, 0.91194957, 0.88207188, 0.89854498,
       0.88532397, 0.880163  , 0.9134291 , 0.8999872 , 0.83905858])]

estim_algorithm = ts-model, mode = classification, metric = auc, confidence_scores = energy-conf, class_specific = True
test err: [0.07156646231728933, 0.06772101582298733, 0.06821552115441747, 0.06823436394758951, 0.06780528912805611]
estimated metric: [array([0.99126518, 0.99250788, 0.97400365, 0.94497907, 0.98136936,
       0.95548352, 0.98649913, 0.97627242, 0.97154287, 0.96621702]), array([0.99134655, 0.99248254, 0.97452542, 0.94405187, 0.98132108,
       0.94749028, 0.98695174, 0.97468834, 0.96043284, 0.96080442]), array([0.99143258, 0.99248712, 0.97357768, 0.94522755, 0.98236737,
       0.94935235, 0.98702092, 0.97487163, 0.94741032, 0.96400968]), array([0.99130417, 0.9923927 , 0.97355733, 0.93697838, 0.98001055,
       0.94543508, 0.986271  , 0.97510319, 0.96797019, 0.97536299]), array([0.99133213, 0.99247979, 0.97418178, 0.94446596, 0.98126008,
       0.94346391, 0.98528256, 0.96969823, 0.96397371, 0.97575799])]
real metric: [array([0.95374934, 0.98075457, 0.91115284, 0.87974097, 0.90501679,
       0.88416842, 0.86275979, 0.91958562, 0.89797222, 0.82957493]), array([0.95277204, 0.98170235, 0.91323697, 0.88527909, 0.89303013,
       0.88250816, 0.86508804, 0.91433129, 0.90107775, 0.8478591 ]), array([0.95576961, 0.97908412, 0.90563918, 0.87358426, 0.90563518,
       0.88265447, 0.87179571, 0.90757919, 0.90033605, 0.84352422]), array([0.95394293, 0.97582525, 0.91385991, 0.88220514, 0.89841559,
       0.89388606, 0.86109717, 0.90782445, 0.90532529, 0.84966013]), array([0.95259238, 0.98072261, 0.91194957, 0.88207188, 0.89854498,
       0.88532397, 0.880163  , 0.9134291 , 0.8999872 , 0.83905858])]

estim_algorithm = ts-model, mode = classification, metric = auc, confidence_scores = entropy-conf, class_specific = False
test err: [0.05024572457824448, 0.0472311994036807, 0.04743681052620994, 0.04619789590222673, 0.04767568834094151]
estimated metric: [array([0.85928612, 0.94330103, 0.87381932, 0.79674162, 0.89414408,
       0.89806858, 0.93383443, 0.93167595, 0.93876936, 0.93104757]), array([0.85982353, 0.94411652, 0.87239325, 0.79701445, 0.89310684,
       0.89884405, 0.92552775, 0.93255949, 0.93752375, 0.9290019 ]), array([0.85806975, 0.94422581, 0.87214638, 0.79773798, 0.89465449,
       0.8980189 , 0.92590038, 0.9327266 , 0.93891116, 0.93182278]), array([0.86091248, 0.94465879, 0.87326095, 0.79780459, 0.89433514,
       0.8990109 , 0.92853588, 0.93197061, 0.93747274, 0.92950508]), array([0.85294468, 0.94381987, 0.87293503, 0.79566353, 0.89340887,
       0.89776315, 0.9259962 , 0.93154896, 0.94080785, 0.93149312])]
real metric: [array([0.95374934, 0.98075457, 0.91115284, 0.87974097, 0.90501679,
       0.88416842, 0.86275979, 0.91958562, 0.89797222, 0.82957493]), array([0.95277204, 0.98170235, 0.91323697, 0.88527909, 0.89303013,
       0.88250816, 0.86508804, 0.91433129, 0.90107775, 0.8478591 ]), array([0.95576961, 0.97908412, 0.90563918, 0.87358426, 0.90563518,
       0.88265447, 0.87179571, 0.90757919, 0.90033605, 0.84352422]), array([0.95394293, 0.97582525, 0.91385991, 0.88220514, 0.89841559,
       0.89388606, 0.86109717, 0.90782445, 0.90532529, 0.84966013]), array([0.95259238, 0.98072261, 0.91194957, 0.88207188, 0.89854498,
       0.88532397, 0.880163  , 0.9134291 , 0.8999872 , 0.83905858])]

estim_algorithm = ts-model, mode = classification, metric = auc, confidence_scores = entropy-conf, class_specific = True
test err: [0.05132628138410276, 0.049483162701369, 0.05084758558010449, 0.0486192542159018, 0.04930780535024938]
estimated metric: [array([0.95566422, 0.977252  , 0.9517835 , 0.92587468, 0.95817305,
       0.94183986, 0.96313977, 0.95028162, 0.95423649, 0.95248797]), array([0.95511504, 0.97793573, 0.95172646, 0.92594125, 0.95751377,
       0.94191481, 0.96030591, 0.95077894, 0.95175581, 0.95119556]), array([0.95562554, 0.97723189, 0.95154044, 0.92515251, 0.9579648 ,
       0.94228638, 0.96165152, 0.95092343, 0.95355085, 0.95415789]), array([0.95609931, 0.97781683, 0.95200045, 0.9267897 , 0.95756419,
       0.94188288, 0.96252505, 0.95020936, 0.95185175, 0.95149496]), array([0.95412097, 0.97728948, 0.95202128, 0.92531511, 0.95738939,
       0.94164035, 0.96223619, 0.95016111, 0.95520022, 0.95468092])]
real metric: [array([0.95374934, 0.98075457, 0.91115284, 0.87974097, 0.90501679,
       0.88416842, 0.86275979, 0.91958562, 0.89797222, 0.82957493]), array([0.95277204, 0.98170235, 0.91323697, 0.88527909, 0.89303013,
       0.88250816, 0.86508804, 0.91433129, 0.90107775, 0.8478591 ]), array([0.95576961, 0.97908412, 0.90563918, 0.87358426, 0.90563518,
       0.88265447, 0.87179571, 0.90757919, 0.90033605, 0.84352422]), array([0.95394293, 0.97582525, 0.91385991, 0.88220514, 0.89841559,
       0.89388606, 0.86109717, 0.90782445, 0.90532529, 0.84966013]), array([0.95259238, 0.98072261, 0.91194957, 0.88207188, 0.89854498,
       0.88532397, 0.880163  , 0.9134291 , 0.8999872 , 0.83905858])]

estim_algorithm = ts-model, mode = classification, metric = auc, confidence_scores = doctor-conf, class_specific = False
test err: [0.0661333723053566, 0.06521229744421589, 0.0643548684650121, 0.0644750255438497, 0.06745991425861304]
estimated metric: [array([0.83164855, 0.96044086, 0.87849403, 0.81405621, 0.94491942,
       0.93718732, 0.95867519, 0.95953097, 0.95974843, 0.95959208]), array([0.84942469, 0.9604104 , 0.87620223, 0.81398758, 0.94633718,
       0.93831017, 0.95714166, 0.9605294 , 0.96095414, 0.95977936]), array([0.82129429, 0.96061251, 0.8741012 , 0.81156087, 0.94618123,
       0.92359716, 0.95995196, 0.95982975, 0.96079563, 0.95820946]), array([0.83408594, 0.96078206, 0.87254131, 0.80838446, 0.94491949,
       0.92806163, 0.95896535, 0.96074315, 0.95956543, 0.95866446]), array([0.81719712, 0.96009121, 0.86566695, 0.80585175, 0.94565939,
       0.92939964, 0.95823162, 0.95994324, 0.95926442, 0.96007824])]
real metric: [array([0.95374934, 0.98075457, 0.91115284, 0.87974097, 0.90501679,
       0.88416842, 0.86275979, 0.91958562, 0.89797222, 0.82957493]), array([0.95277204, 0.98170235, 0.91323697, 0.88527909, 0.89303013,
       0.88250816, 0.86508804, 0.91433129, 0.90107775, 0.8478591 ]), array([0.95576961, 0.97908412, 0.90563918, 0.87358426, 0.90563518,
       0.88265447, 0.87179571, 0.90757919, 0.90033605, 0.84352422]), array([0.95394293, 0.97582525, 0.91385991, 0.88220514, 0.89841559,
       0.89388606, 0.86109717, 0.90782445, 0.90532529, 0.84966013]), array([0.95259238, 0.98072261, 0.91194957, 0.88207188, 0.89854498,
       0.88532397, 0.880163  , 0.9134291 , 0.8999872 , 0.83905858])]

estim_algorithm = ts-model, mode = classification, metric = auc, confidence_scores = doctor-conf, class_specific = True
test err: [0.059963102415366884, 0.0582631052503597, 0.059801803610886495, 0.05791801365392071, 0.057958106951405866]
estimated metric: [array([0.97862411, 0.99064036, 0.96295216, 0.94104736, 0.96627806,
       0.94649952, 0.97103489, 0.95418897, 0.95638742, 0.95645366]), array([0.97804442, 0.99074124, 0.96347061, 0.94102913, 0.96616253,
       0.94657533, 0.96850912, 0.95538149, 0.95466082, 0.95494127]), array([0.97826631, 0.99041291, 0.96290476, 0.94058993, 0.96658037,
       0.94603711, 0.96907753, 0.95541728, 0.95704892, 0.95728489]), array([0.97859955, 0.99063056, 0.96291676, 0.94168182, 0.96647482,
       0.94642252, 0.96820198, 0.95508718, 0.95439703, 0.95680984]), array([0.97772523, 0.99032873, 0.96341814, 0.94085872, 0.96623216,
       0.94660662, 0.96919211, 0.95424069, 0.95696598, 0.95785593])]
real metric: [array([0.95374934, 0.98075457, 0.91115284, 0.87974097, 0.90501679,
       0.88416842, 0.86275979, 0.91958562, 0.89797222, 0.82957493]), array([0.95277204, 0.98170235, 0.91323697, 0.88527909, 0.89303013,
       0.88250816, 0.86508804, 0.91433129, 0.90107775, 0.8478591 ]), array([0.95576961, 0.97908412, 0.90563918, 0.87358426, 0.90563518,
       0.88265447, 0.87179571, 0.90757919, 0.90033605, 0.84352422]), array([0.95394293, 0.97582525, 0.91385991, 0.88220514, 0.89841559,
       0.89388606, 0.86109717, 0.90782445, 0.90532529, 0.84966013]), array([0.95259238, 0.98072261, 0.91194957, 0.88207188, 0.89854498,
       0.88532397, 0.880163  , 0.9134291 , 0.8999872 , 0.83905858])]

estim_algorithm = doc-model, mode = classification, metric = auc, confidence_scores = max_class_probability-conf, class_specific = False
test err: [0.05925073317272169, 0.05711212270262955, 0.05670151464953412, 0.05704963001635645, 0.05945434860327549]
estimated metric: [array([0.83772685, 0.85960267, 0.84027494, 0.8380544 , 0.84317192,
       0.8450953 , 0.85311381, 0.85265986, 0.85552548, 0.85240694]), array([0.83726919, 0.85978618, 0.84025521, 0.83806273, 0.84279823,
       0.84497568, 0.84892565, 0.8530091 , 0.85549441, 0.8505309 ]), array([0.83768278, 0.8600456 , 0.83990198, 0.83796285, 0.84331112,
       0.84408729, 0.84998042, 0.85338817, 0.8561583 , 0.85098012]), array([0.83786687, 0.86023612, 0.8399449 , 0.83834691, 0.84300333,
       0.84479894, 0.84981543, 0.85338896, 0.85532602, 0.85050212]), array([0.83762486, 0.86008049, 0.8400862 , 0.83804748, 0.84290253,
       0.8439892 , 0.8509203 , 0.85258773, 0.85649389, 0.85155008])]
real metric: [array([0.95374934, 0.98075457, 0.91115284, 0.87974097, 0.90501679,
       0.88416842, 0.86275979, 0.91958562, 0.89797222, 0.82957493]), array([0.95277204, 0.98170235, 0.91323697, 0.88527909, 0.89303013,
       0.88250816, 0.86508804, 0.91433129, 0.90107775, 0.8478591 ]), array([0.95576961, 0.97908412, 0.90563918, 0.87358426, 0.90563518,
       0.88265447, 0.87179571, 0.90757919, 0.90033605, 0.84352422]), array([0.95394293, 0.97582525, 0.91385991, 0.88220514, 0.89841559,
       0.89388606, 0.86109717, 0.90782445, 0.90532529, 0.84966013]), array([0.95259238, 0.98072261, 0.91194957, 0.88207188, 0.89854498,
       0.88532397, 0.880163  , 0.9134291 , 0.8999872 , 0.83905858])]

estim_algorithm = doc-model, mode = classification, metric = auc, confidence_scores = max_class_probability-conf, class_specific = True
test err: [0.061613302338565365, 0.05965966178585701, 0.06100889441578533, 0.05930334484571287, 0.05923746071662378]
estimated metric: [array([0.97158219, 0.99559432, 0.96275153, 0.94548024, 0.96844773,
       0.94825519, 0.9737278 , 0.95515116, 0.95794229, 0.96167607]), array([0.97121525, 0.99556876, 0.96252128, 0.94547237, 0.96797815,
       0.94810848, 0.96944035, 0.95536281, 0.95793987, 0.95987419]), array([0.97143557, 0.99555306, 0.96230079, 0.94536129, 0.96866512,
       0.94723362, 0.97041441, 0.95589876, 0.95861057, 0.96021773]), array([0.97162812, 0.99557321, 0.96227893, 0.94569634, 0.96811317,
       0.94789842, 0.97031699, 0.95588095, 0.95776065, 0.95992859]), array([0.9710886 , 0.99554667, 0.96241637, 0.9454474 , 0.96823976,
       0.94713937, 0.97153039, 0.95508553, 0.95899179, 0.96073197])]
real metric: [array([0.95374934, 0.98075457, 0.91115284, 0.87974097, 0.90501679,
       0.88416842, 0.86275979, 0.91958562, 0.89797222, 0.82957493]), array([0.95277204, 0.98170235, 0.91323697, 0.88527909, 0.89303013,
       0.88250816, 0.86508804, 0.91433129, 0.90107775, 0.8478591 ]), array([0.95576961, 0.97908412, 0.90563918, 0.87358426, 0.90563518,
       0.88265447, 0.87179571, 0.90757919, 0.90033605, 0.84352422]), array([0.95394293, 0.97582525, 0.91385991, 0.88220514, 0.89841559,
       0.89388606, 0.86109717, 0.90782445, 0.90532529, 0.84966013]), array([0.95259238, 0.98072261, 0.91194957, 0.88207188, 0.89854498,
       0.88532397, 0.880163  , 0.9134291 , 0.8999872 , 0.83905858])]

estim_algorithm = doc-model, mode = classification, metric = auc, confidence_scores = energy-conf, class_specific = False
test err: [0.05821851316821044, 0.05523819444041049, 0.056218613581468714, 0.053383001248914895, 0.05835432133711438]
estimated metric: [array([0.96044101, 0.91559844, 0.96943282, 0.95140253, 0.96995256,
       0.97040935, 0.96895485, 0.97016034, 0.92091055, 0.87908592]), array([0.96002883, 0.92529355, 0.96988391, 0.95142644, 0.9690928 ,
       0.97071845, 0.96990095, 0.96857746, 0.89888685, 0.8882582 ]), array([0.96250776, 0.92793453, 0.97011649, 0.95222531, 0.97018466,
       0.96930053, 0.96689438, 0.97028816, 0.88004241, 0.87540741]), array([0.96106851, 0.96669325, 0.96926884, 0.95080396, 0.96921724,
       0.971722  , 0.97072637, 0.96771912, 0.91262794, 0.91776069]), array([0.9619173 , 0.91860623, 0.97029234, 0.951704  , 0.97127481,
       0.97118819, 0.97091553, 0.97153821, 0.90196573, 0.91375135])]
real metric: [array([0.95374934, 0.98075457, 0.91115284, 0.87974097, 0.90501679,
       0.88416842, 0.86275979, 0.91958562, 0.89797222, 0.82957493]), array([0.95277204, 0.98170235, 0.91323697, 0.88527909, 0.89303013,
       0.88250816, 0.86508804, 0.91433129, 0.90107775, 0.8478591 ]), array([0.95576961, 0.97908412, 0.90563918, 0.87358426, 0.90563518,
       0.88265447, 0.87179571, 0.90757919, 0.90033605, 0.84352422]), array([0.95394293, 0.97582525, 0.91385991, 0.88220514, 0.89841559,
       0.89388606, 0.86109717, 0.90782445, 0.90532529, 0.84966013]), array([0.95259238, 0.98072261, 0.91194957, 0.88207188, 0.89854498,
       0.88532397, 0.880163  , 0.9134291 , 0.8999872 , 0.83905858])]

estim_algorithm = doc-model, mode = classification, metric = auc, confidence_scores = energy-conf, class_specific = True
test err: [0.04604102679678694, 0.0433621495381241, 0.042741212994838594, 0.03609666005229432, 0.04091768848140277]
estimated metric: [array([0.94777635, 0.97167766, 0.94763162, 0.90338353, 0.96290136,
       0.94601615, 0.95964997, 0.92313807, 0.96138682, 0.93122443]), array([0.94845992, 0.97224667, 0.92663407, 0.90190979, 0.96331684,
       0.93199681, 0.93994313, 0.95247357, 0.96502048, 0.94096953]), array([0.95029125, 0.97222565, 0.9383339 , 0.90165172, 0.96466834,
       0.91952421, 0.95239009, 0.94037642, 0.96105092, 0.92782794]), array([0.9496798 , 0.97182798, 0.9386605 , 0.88242073, 0.96158136,
       0.91756151, 0.90894708, 0.92857309, 0.95842697, 0.96880871]), array([0.94887254, 0.97174915, 0.94653897, 0.9049164 , 0.9624392 ,
       0.92011788, 0.92530015, 0.90410462, 0.96157633, 0.96336934])]
real metric: [array([0.95374934, 0.98075457, 0.91115284, 0.87974097, 0.90501679,
       0.88416842, 0.86275979, 0.91958562, 0.89797222, 0.82957493]), array([0.95277204, 0.98170235, 0.91323697, 0.88527909, 0.89303013,
       0.88250816, 0.86508804, 0.91433129, 0.90107775, 0.8478591 ]), array([0.95576961, 0.97908412, 0.90563918, 0.87358426, 0.90563518,
       0.88265447, 0.87179571, 0.90757919, 0.90033605, 0.84352422]), array([0.95394293, 0.97582525, 0.91385991, 0.88220514, 0.89841559,
       0.89388606, 0.86109717, 0.90782445, 0.90532529, 0.84966013]), array([0.95259238, 0.98072261, 0.91194957, 0.88207188, 0.89854498,
       0.88532397, 0.880163  , 0.9134291 , 0.8999872 , 0.83905858])]

estim_algorithm = doc-model, mode = classification, metric = auc, confidence_scores = entropy-conf, class_specific = False
test err: [0.05853569192678961, 0.05616246625253361, 0.05579525895521936, 0.056689041038647636, 0.058596287393149794]
estimated metric: [array([0.84541332, 0.85008988, 0.84635995, 0.84610085, 0.847583  ,
       0.84770569, 0.84810115, 0.84852739, 0.84785478, 0.84776731]), array([0.84538734, 0.85026781, 0.84638918, 0.84609473, 0.84751964,
       0.84765897, 0.84784921, 0.84871833, 0.84796935, 0.84740567]), array([0.84541493, 0.85023872, 0.84634654, 0.84611932, 0.84756853,
       0.84757912, 0.84816843, 0.84864173, 0.84827826, 0.8477546 ]), array([0.84543913, 0.85033186, 0.84633962, 0.84615035, 0.84753748,
       0.84774498, 0.84785599, 0.84857335, 0.84803641, 0.84714235]), array([0.84538018, 0.85021802, 0.84633661, 0.84609623, 0.8473942 ,
       0.84762146, 0.84808811, 0.84842185, 0.84796312, 0.84775655])]
real metric: [array([0.95374934, 0.98075457, 0.91115284, 0.87974097, 0.90501679,
       0.88416842, 0.86275979, 0.91958562, 0.89797222, 0.82957493]), array([0.95277204, 0.98170235, 0.91323697, 0.88527909, 0.89303013,
       0.88250816, 0.86508804, 0.91433129, 0.90107775, 0.8478591 ]), array([0.95576961, 0.97908412, 0.90563918, 0.87358426, 0.90563518,
       0.88265447, 0.87179571, 0.90757919, 0.90033605, 0.84352422]), array([0.95394293, 0.97582525, 0.91385991, 0.88220514, 0.89841559,
       0.89388606, 0.86109717, 0.90782445, 0.90532529, 0.84966013]), array([0.95259238, 0.98072261, 0.91194957, 0.88207188, 0.89854498,
       0.88532397, 0.880163  , 0.9134291 , 0.8999872 , 0.83905858])]

estim_algorithm = doc-model, mode = classification, metric = auc, confidence_scores = entropy-conf, class_specific = True
test err: [0.06371390918883917, 0.06245998600492699, 0.06365465204142831, 0.06189092955117147, 0.061727824326762847]
estimated metric: [array([0.97338865, 0.99588803, 0.96499812, 0.94669729, 0.97319115,
       0.94997003, 0.97555203, 0.95698146, 0.96005036, 0.96489745]), array([0.97340221, 0.99587845, 0.96506321, 0.94673785, 0.97316503,
       0.94995193, 0.97532506, 0.95720052, 0.96019554, 0.96456497]), array([0.97342252, 0.99586792, 0.96499188, 0.94672672, 0.97318745,
       0.94985008, 0.97562618, 0.95710172, 0.96048258, 0.96489144]), array([0.97343413, 0.99587677, 0.96496769, 0.94673834, 0.97313456,
       0.94999891, 0.97529413, 0.95701772, 0.96022518, 0.96426381]), array([0.97335331, 0.99586382, 0.96495853, 0.94668779, 0.97299074,
       0.94987176, 0.97551837, 0.95686023, 0.960145  , 0.96487194])]
real metric: [array([0.95374934, 0.98075457, 0.91115284, 0.87974097, 0.90501679,
       0.88416842, 0.86275979, 0.91958562, 0.89797222, 0.82957493]), array([0.95277204, 0.98170235, 0.91323697, 0.88527909, 0.89303013,
       0.88250816, 0.86508804, 0.91433129, 0.90107775, 0.8478591 ]), array([0.95576961, 0.97908412, 0.90563918, 0.87358426, 0.90563518,
       0.88265447, 0.87179571, 0.90757919, 0.90033605, 0.84352422]), array([0.95394293, 0.97582525, 0.91385991, 0.88220514, 0.89841559,
       0.89388606, 0.86109717, 0.90782445, 0.90532529, 0.84966013]), array([0.95259238, 0.98072261, 0.91194957, 0.88207188, 0.89854498,
       0.88532397, 0.880163  , 0.9134291 , 0.8999872 , 0.83905858])]

estim_algorithm = doc-model, mode = classification, metric = auc, confidence_scores = doctor-conf, class_specific = False
test err: [0.07210668794864224, 0.0671358490545297, 0.070786521995204, 0.07167305610098273, 0.07049752170629323]
estimated metric: [array([0.78907411, 0.96107844, 0.81947976, 0.81199682, 0.87148324,
       0.85408598, 0.95683126, 0.95157812, 0.9598836 , 0.95528189]), array([0.82762274, 0.96138352, 0.81931712, 0.80089659, 0.86720959,
       0.85679834, 0.95035757, 0.95244305, 0.95984303, 0.96177019]), array([0.7920483 , 0.96130303, 0.81862428, 0.80253132, 0.86856402,
       0.84941283, 0.95261916, 0.95035025, 0.96019215, 0.95805579]), array([0.79197511, 0.96147847, 0.81958341, 0.8014763 , 0.86787667,
       0.85091395, 0.9508215 , 0.95352812, 0.95920627, 0.95225075]), array([0.78694151, 0.96132625, 0.81497032, 0.80064279, 0.87004466,
       0.85552181, 0.95463609, 0.95124655, 0.95871687, 0.95125553])]
real metric: [array([0.95374934, 0.98075457, 0.91115284, 0.87974097, 0.90501679,
       0.88416842, 0.86275979, 0.91958562, 0.89797222, 0.82957493]), array([0.95277204, 0.98170235, 0.91323697, 0.88527909, 0.89303013,
       0.88250816, 0.86508804, 0.91433129, 0.90107775, 0.8478591 ]), array([0.95576961, 0.97908412, 0.90563918, 0.87358426, 0.90563518,
       0.88265447, 0.87179571, 0.90757919, 0.90033605, 0.84352422]), array([0.95394293, 0.97582525, 0.91385991, 0.88220514, 0.89841559,
       0.89388606, 0.86109717, 0.90782445, 0.90532529, 0.84966013]), array([0.95259238, 0.98072261, 0.91194957, 0.88207188, 0.89854498,
       0.88532397, 0.880163  , 0.9134291 , 0.8999872 , 0.83905858])]

estim_algorithm = doc-model, mode = classification, metric = auc, confidence_scores = doctor-conf, class_specific = True
test err: [0.05282231817993046, 0.04972963989418625, 0.05043447826144178, 0.051932568423364266, 0.05208521549535017]
estimated metric: [array([0.94731579, 0.97818486, 0.96004048, 0.93178432, 0.96338939,
       0.94507568, 0.97015103, 0.95331303, 0.95605933, 0.92937826]), array([0.95187918, 0.97758989, 0.95913745, 0.91955431, 0.95943039,
       0.94729773, 0.96306529, 0.95249686, 0.9596157 , 0.93410388]), array([0.94964021, 0.97771971, 0.95869884, 0.92138385, 0.96110798,
       0.93956862, 0.95719292, 0.9651324 , 0.95697754, 0.92753707]), array([0.94961774, 0.97826525, 0.95974481, 0.92059501, 0.96053779,
       0.94124844, 0.96580918, 0.9564116 , 0.95881043, 0.961677  ]), array([0.94455111, 0.97774496, 0.95485383, 0.91965269, 0.96280501,
       0.94620708, 0.96825256, 0.96030614, 0.96066356, 0.94762062])]
real metric: [array([0.95374934, 0.98075457, 0.91115284, 0.87974097, 0.90501679,
       0.88416842, 0.86275979, 0.91958562, 0.89797222, 0.82957493]), array([0.95277204, 0.98170235, 0.91323697, 0.88527909, 0.89303013,
       0.88250816, 0.86508804, 0.91433129, 0.90107775, 0.8478591 ]), array([0.95576961, 0.97908412, 0.90563918, 0.87358426, 0.90563518,
       0.88265447, 0.87179571, 0.90757919, 0.90033605, 0.84352422]), array([0.95394293, 0.97582525, 0.91385991, 0.88220514, 0.89841559,
       0.89388606, 0.86109717, 0.90782445, 0.90532529, 0.84966013]), array([0.95259238, 0.98072261, 0.91194957, 0.88207188, 0.89854498,
       0.88532397, 0.880163  , 0.9134291 , 0.8999872 , 0.83905858])]

