estim_algorithm = ac-model, mode = classification, metric = sensitivity, confidence_scores = max_class_probability-conf, class_specific = False
test err: [0.3450016662750831, 0.3408042870990786, 0.32860490078245713, 0.33399248490549505, 0.3437438400327322]
estimated metric: [array([0.85852197, 0.85375668, 0.71400202, 0.74131615, 0.73319176,
       0.80299189, 0.75958173, 0.817096  , 0.75714846, 0.84342995]), array([0.84743756, 0.85222398, 0.72038333, 0.74058944, 0.72775336,
       0.79461251, 0.76490288, 0.85020051, 0.7366669 , 0.83252376]), array([0.86181389, 0.8502683 , 0.71990836, 0.74485894, 0.7109556 ,
       0.79742681, 0.78631749, 0.83170008, 0.74188074, 0.82060464]), array([0.85796103, 0.8590601 , 0.71260284, 0.74716899, 0.7410985 ,
       0.79507384, 0.77116363, 0.83364633, 0.71516071, 0.8216672 ]), array([0.8510227 , 0.8557532 , 0.7003423 , 0.73261881, 0.72790473,
       0.80595464, 0.77741153, 0.8588012 , 0.77090271, 0.82306266])]
real metric: [array([0.76023392, 0.86149584, 0.55834564, 0.33001422, 0.43370166,
       0.20572207, 0.84135977, 0.25213675, 0.09677419, 0.27027027]), array([0.77400295, 0.82773109, 0.54637681, 0.27844311, 0.44523471,
       0.23383769, 0.82461103, 0.26564673, 0.09971098, 0.28307255]), array([0.77885953, 0.83034483, 0.55698006, 0.31837916, 0.44477612,
       0.24084507, 0.83628922, 0.26923077, 0.10463378, 0.29929078]), array([0.75572519, 0.83499289, 0.57462687, 0.30481283, 0.44142857,
       0.23756906, 0.83379501, 0.24661247, 0.12573964, 0.28463855]), array([0.76376812, 0.82626539, 0.53735632, 0.30364964, 0.41678521,
       0.2481203 , 0.83213773, 0.26086957, 0.12092391, 0.26591231])]

estim_algorithm = ac-model, mode = classification, metric = sensitivity, confidence_scores = energy-conf, class_specific = False
test err: [0.29978734566385346, 0.29565702957668794, 0.305146592694135, 0.2939719939664975, 0.2916929572033349]
estimated metric: [array([0.20921693, 0.23605102, 0.12652172, 0.14131764, 0.13887431,
       0.17961612, 0.14098961, 0.19256501, 0.20533644, 0.25881659]), array([0.20778545, 0.23045767, 0.12920002, 0.13424618, 0.1385826 ,
       0.18951063, 0.14037929, 0.20695354, 0.1989161 , 0.24447612]), array([0.21197913, 0.22735044, 0.12912295, 0.13848617, 0.1305449 ,
       0.17042459, 0.14728634, 0.20418477, 0.19055683, 0.25007336]), array([0.20828228, 0.23423245, 0.12999781, 0.13955572, 0.14022183,
       0.17932646, 0.14456807, 0.20713912, 0.1840513 , 0.24946942]), array([0.20980447, 0.22833473, 0.12356183, 0.13712569, 0.14316247,
       0.18458494, 0.1473294 , 0.19523407, 0.20715464, 0.25502812])]
real metric: [array([0.76023392, 0.86149584, 0.55834564, 0.33001422, 0.43370166,
       0.20572207, 0.84135977, 0.25213675, 0.09677419, 0.27027027]), array([0.77400295, 0.82773109, 0.54637681, 0.27844311, 0.44523471,
       0.23383769, 0.82461103, 0.26564673, 0.09971098, 0.28307255]), array([0.77885953, 0.83034483, 0.55698006, 0.31837916, 0.44477612,
       0.24084507, 0.83628922, 0.26923077, 0.10463378, 0.29929078]), array([0.75572519, 0.83499289, 0.57462687, 0.30481283, 0.44142857,
       0.23756906, 0.83379501, 0.24661247, 0.12573964, 0.28463855]), array([0.76376812, 0.82626539, 0.53735632, 0.30364964, 0.41678521,
       0.2481203 , 0.83213773, 0.26086957, 0.12092391, 0.26591231])]

estim_algorithm = ac-model, mode = classification, metric = sensitivity, confidence_scores = entropy-conf, class_specific = False
test err: [0.3248131559968731, 0.3175314067235986, 0.30450582617615607, 0.3100777431320953, 0.31752878769409987]
estimated metric: [array([0.82586282, 0.82479253, 0.67011528, 0.70326359, 0.68871748,
       0.76819207, 0.7162656 , 0.77905058, 0.73410918, 0.82422181]), array([0.8162434 , 0.82375251, 0.67943032, 0.70018677, 0.68769558,
       0.76123016, 0.71804645, 0.81748909, 0.71633073, 0.81249039]), array([0.83162461, 0.81669467, 0.67739692, 0.70313268, 0.66938683,
       0.75994317, 0.73914958, 0.79501395, 0.71001224, 0.80075333]), array([0.82553288, 0.82635513, 0.67351913, 0.70221971, 0.69247273,
       0.7565862 , 0.72648703, 0.80322216, 0.69546804, 0.80696404]), array([0.8205141 , 0.82639667, 0.65930581, 0.68718584, 0.68749892,
       0.77551443, 0.73429824, 0.81863529, 0.74289095, 0.80315711])]
real metric: [array([0.76023392, 0.86149584, 0.55834564, 0.33001422, 0.43370166,
       0.20572207, 0.84135977, 0.25213675, 0.09677419, 0.27027027]), array([0.77400295, 0.82773109, 0.54637681, 0.27844311, 0.44523471,
       0.23383769, 0.82461103, 0.26564673, 0.09971098, 0.28307255]), array([0.77885953, 0.83034483, 0.55698006, 0.31837916, 0.44477612,
       0.24084507, 0.83628922, 0.26923077, 0.10463378, 0.29929078]), array([0.75572519, 0.83499289, 0.57462687, 0.30481283, 0.44142857,
       0.23756906, 0.83379501, 0.24661247, 0.12573964, 0.28463855]), array([0.76376812, 0.82626539, 0.53735632, 0.30364964, 0.41678521,
       0.2481203 , 0.83213773, 0.26086957, 0.12092391, 0.26591231])]

estim_algorithm = ac-model, mode = classification, metric = sensitivity, confidence_scores = doctor-conf, class_specific = False
test err: [0.4199474545079987, 0.42355920844540507, 0.4120545384046809, 0.4163052918780282, 0.4247088235291292]
estimated metric: [array([0.92360667, 0.91735653, 0.83957813, 0.8488682 , 0.84364235,
       0.89008395, 0.86612691, 0.89581807, 0.86049683, 0.92395125]), array([0.91603509, 0.91734224, 0.84275602, 0.85225289, 0.83789705,
       0.8819338 , 0.86916625, 0.91989588, 0.85594242, 0.9210381 ]), array([0.92407855, 0.91346406, 0.84047237, 0.85142787, 0.82821598,
       0.89177916, 0.88324884, 0.90776955, 0.85161506, 0.90810325]), array([0.92157228, 0.918071  , 0.83588775, 0.85335816, 0.84718789,
       0.88600474, 0.87632129, 0.91277555, 0.8383719 , 0.91344345]), array([0.92006209, 0.91892567, 0.83056603, 0.8428866 , 0.83905316,
       0.88800162, 0.87853292, 0.92657139, 0.87152581, 0.90675142])]
real metric: [array([0.76023392, 0.86149584, 0.55834564, 0.33001422, 0.43370166,
       0.20572207, 0.84135977, 0.25213675, 0.09677419, 0.27027027]), array([0.77400295, 0.82773109, 0.54637681, 0.27844311, 0.44523471,
       0.23383769, 0.82461103, 0.26564673, 0.09971098, 0.28307255]), array([0.77885953, 0.83034483, 0.55698006, 0.31837916, 0.44477612,
       0.24084507, 0.83628922, 0.26923077, 0.10463378, 0.29929078]), array([0.75572519, 0.83499289, 0.57462687, 0.30481283, 0.44142857,
       0.23756906, 0.83379501, 0.24661247, 0.12573964, 0.28463855]), array([0.76376812, 0.82626539, 0.53735632, 0.30364964, 0.41678521,
       0.2481203 , 0.83213773, 0.26086957, 0.12092391, 0.26591231])]

estim_algorithm = ts-model, mode = classification, metric = sensitivity, confidence_scores = max_class_probability-conf, class_specific = False
test err: [0.24882410853728296, 0.24119109175897213, 0.22858576768833988, 0.23329454909924024, 0.24102404782258896]
estimated metric: [array([0.64191103, 0.65633624, 0.44847917, 0.48896957, 0.47727784,
       0.56341685, 0.49200333, 0.57983672, 0.5422269 , 0.64242697]), array([0.63147432, 0.65144514, 0.4582678 , 0.47924431, 0.47813237,
       0.56418171, 0.49275291, 0.61968655, 0.52111768, 0.61671235]), array([0.64798017, 0.64469195, 0.45789102, 0.48418401, 0.45794371,
       0.55063173, 0.51144922, 0.60189587, 0.51218621, 0.61571056]), array([0.64101315, 0.6553585 , 0.45805303, 0.48350655, 0.48091917,
       0.54592551, 0.500058  , 0.5988344 , 0.5022438 , 0.6176599 ]), array([0.63672798, 0.65314603, 0.44023487, 0.4718239 , 0.48057663,
       0.56959758, 0.50889138, 0.61089552, 0.54956989, 0.62351057])]
real metric: [array([0.76023392, 0.86149584, 0.55834564, 0.33001422, 0.43370166,
       0.20572207, 0.84135977, 0.25213675, 0.09677419, 0.27027027]), array([0.77400295, 0.82773109, 0.54637681, 0.27844311, 0.44523471,
       0.23383769, 0.82461103, 0.26564673, 0.09971098, 0.28307255]), array([0.77885953, 0.83034483, 0.55698006, 0.31837916, 0.44477612,
       0.24084507, 0.83628922, 0.26923077, 0.10463378, 0.29929078]), array([0.75572519, 0.83499289, 0.57462687, 0.30481283, 0.44142857,
       0.23756906, 0.83379501, 0.24661247, 0.12573964, 0.28463855]), array([0.76376812, 0.82626539, 0.53735632, 0.30364964, 0.41678521,
       0.2481203 , 0.83213773, 0.26086957, 0.12092391, 0.26591231])]

estim_algorithm = ts-model, mode = classification, metric = sensitivity, confidence_scores = max_class_probability-conf, class_specific = True
test err: [0.21341959502495436, 0.21326593936985067, 0.20023532970287877, 0.20619049527892647, 0.21280058112493574]
estimated metric: [array([0.95729085, 0.92767849, 0.64545292, 0.69144617, 0.61128872,
       0.50414688, 0.46931993, 0.46640586, 0.30108295, 0.42605784]), array([0.95043134, 0.92458675, 0.65411791, 0.68853941, 0.61054369,
       0.50826493, 0.46985296, 0.49995168, 0.29151622, 0.404006  ]), array([0.95469759, 0.92904167, 0.65345913, 0.69288529, 0.58988204,
       0.49128665, 0.48773924, 0.48858878, 0.28576341, 0.41153884]), array([0.95448964, 0.93289752, 0.64781097, 0.69371836, 0.61712938,
       0.48881318, 0.47699485, 0.48575316, 0.28205141, 0.40858724]), array([0.95209099, 0.92843665, 0.63268183, 0.67894915, 0.61059107,
       0.51023528, 0.48557117, 0.48830745, 0.30560983, 0.41818774])]
real metric: [array([0.76023392, 0.86149584, 0.55834564, 0.33001422, 0.43370166,
       0.20572207, 0.84135977, 0.25213675, 0.09677419, 0.27027027]), array([0.77400295, 0.82773109, 0.54637681, 0.27844311, 0.44523471,
       0.23383769, 0.82461103, 0.26564673, 0.09971098, 0.28307255]), array([0.77885953, 0.83034483, 0.55698006, 0.31837916, 0.44477612,
       0.24084507, 0.83628922, 0.26923077, 0.10463378, 0.29929078]), array([0.75572519, 0.83499289, 0.57462687, 0.30481283, 0.44142857,
       0.23756906, 0.83379501, 0.24661247, 0.12573964, 0.28463855]), array([0.76376812, 0.82626539, 0.53735632, 0.30364964, 0.41678521,
       0.2481203 , 0.83213773, 0.26086957, 0.12092391, 0.26591231])]

estim_algorithm = ts-model, mode = classification, metric = sensitivity, confidence_scores = energy-conf, class_specific = False
test err: [0.31309661682149914, 0.30906312171354455, 0.3021214881336448, 0.30229220401801304, 0.30858353488149276]
estimated metric: [array([0.70493591, 0.71442098, 0.69120871, 0.69363821, 0.69387481,
       0.70222298, 0.69312232, 0.7062979 , 0.7140119 , 0.72606615]), array([0.70514341, 0.71256582, 0.69131753, 0.69203306, 0.69348512,
       0.70579778, 0.69300727, 0.70838991, 0.71293525, 0.72336657]), array([0.70543641, 0.71199884, 0.69130181, 0.69328516, 0.69213638,
       0.69974181, 0.69420664, 0.70845866, 0.71090321, 0.7256719 ]), array([0.70470171, 0.7137569 , 0.69144428, 0.69365753, 0.694281  ,
       0.70356387, 0.69394023, 0.70978875, 0.70856003, 0.72494034]), array([0.70544216, 0.71178383, 0.69065477, 0.69388241, 0.6947934 ,
       0.70338587, 0.69419235, 0.70463747, 0.71457757, 0.7267682 ])]
real metric: [array([0.76023392, 0.86149584, 0.55834564, 0.33001422, 0.43370166,
       0.20572207, 0.84135977, 0.25213675, 0.09677419, 0.27027027]), array([0.77400295, 0.82773109, 0.54637681, 0.27844311, 0.44523471,
       0.23383769, 0.82461103, 0.26564673, 0.09971098, 0.28307255]), array([0.77885953, 0.83034483, 0.55698006, 0.31837916, 0.44477612,
       0.24084507, 0.83628922, 0.26923077, 0.10463378, 0.29929078]), array([0.75572519, 0.83499289, 0.57462687, 0.30481283, 0.44142857,
       0.23756906, 0.83379501, 0.24661247, 0.12573964, 0.28463855]), array([0.76376812, 0.82626539, 0.53735632, 0.30364964, 0.41678521,
       0.2481203 , 0.83213773, 0.26086957, 0.12092391, 0.26591231])]

estim_algorithm = ts-model, mode = classification, metric = sensitivity, confidence_scores = energy-conf, class_specific = True
test err: [0.27433785276953576, 0.27380767139721784, 0.2651560315685636, 0.26904160216785616, 0.27594877234462495]
estimated metric: [array([0.95427379, 0.95537687, 0.83684762, 0.79525475, 0.80125976,
       0.58158618, 0.67224607, 0.58055725, 0.36931855, 0.46848463]), array([0.95434447, 0.95444901, 0.83692442, 0.79388321, 0.80091669,
       0.58598153, 0.67212641, 0.58317862, 0.36667185, 0.46329893]), array([0.95452487, 0.95374735, 0.83689721, 0.7949552 , 0.79976361,
       0.57859864, 0.6733655 , 0.58332891, 0.36275197, 0.46740892]), array([0.95400793, 0.95522685, 0.83701703, 0.79529345, 0.80162521,
       0.58318059, 0.67308878, 0.58492866, 0.35857832, 0.46599781]), array([0.95449855, 0.95425038, 0.83640127, 0.79550952, 0.80202062,
       0.58303505, 0.67335278, 0.57864838, 0.3706712 , 0.46931856])]
real metric: [array([0.76023392, 0.86149584, 0.55834564, 0.33001422, 0.43370166,
       0.20572207, 0.84135977, 0.25213675, 0.09677419, 0.27027027]), array([0.77400295, 0.82773109, 0.54637681, 0.27844311, 0.44523471,
       0.23383769, 0.82461103, 0.26564673, 0.09971098, 0.28307255]), array([0.77885953, 0.83034483, 0.55698006, 0.31837916, 0.44477612,
       0.24084507, 0.83628922, 0.26923077, 0.10463378, 0.29929078]), array([0.75572519, 0.83499289, 0.57462687, 0.30481283, 0.44142857,
       0.23756906, 0.83379501, 0.24661247, 0.12573964, 0.28463855]), array([0.76376812, 0.82626539, 0.53735632, 0.30364964, 0.41678521,
       0.2481203 , 0.83213773, 0.26086957, 0.12092391, 0.26591231])]

estim_algorithm = ts-model, mode = classification, metric = sensitivity, confidence_scores = entropy-conf, class_specific = False
test err: [0.24940944525345193, 0.24230985436701852, 0.23258191914969756, 0.23420064584826958, 0.24037503654029138]
estimated metric: [array([0.61950258, 0.63491589, 0.41632685, 0.45849194, 0.44321111,
       0.54097981, 0.46153389, 0.55589404, 0.54299064, 0.65199011]), array([0.61047971, 0.62790595, 0.42676534, 0.44526891, 0.44612839,
       0.54387614, 0.45996484, 0.59666227, 0.52720223, 0.62230032]), array([0.62652503, 0.61851451, 0.42539873, 0.44942554, 0.42361676,
       0.52501324, 0.4787794 , 0.5802525 , 0.50803379, 0.62105837]), array([0.61767419, 0.6299735 , 0.42791029, 0.449176  , 0.44615854,
       0.52473298, 0.46960034, 0.58107497, 0.49972144, 0.62796202]), array([0.61567522, 0.63000766, 0.40877691, 0.43871723, 0.45053515,
       0.55019306, 0.47870816, 0.58080342, 0.54368837, 0.62971445])]
real metric: [array([0.76023392, 0.86149584, 0.55834564, 0.33001422, 0.43370166,
       0.20572207, 0.84135977, 0.25213675, 0.09677419, 0.27027027]), array([0.77400295, 0.82773109, 0.54637681, 0.27844311, 0.44523471,
       0.23383769, 0.82461103, 0.26564673, 0.09971098, 0.28307255]), array([0.77885953, 0.83034483, 0.55698006, 0.31837916, 0.44477612,
       0.24084507, 0.83628922, 0.26923077, 0.10463378, 0.29929078]), array([0.75572519, 0.83499289, 0.57462687, 0.30481283, 0.44142857,
       0.23756906, 0.83379501, 0.24661247, 0.12573964, 0.28463855]), array([0.76376812, 0.82626539, 0.53735632, 0.30364964, 0.41678521,
       0.2481203 , 0.83213773, 0.26086957, 0.12092391, 0.26591231])]

estim_algorithm = ts-model, mode = classification, metric = sensitivity, confidence_scores = entropy-conf, class_specific = True
test err: [0.20174391539023667, 0.20237902667232635, 0.18730171138162752, 0.19373290818271166, 0.20044587646658796]
estimated metric: [array([0.95262678, 0.92632948, 0.64408721, 0.68759629, 0.59780913,
       0.46488973, 0.43648995, 0.43550839, 0.26589656, 0.40652034]), array([0.94582539, 0.92499421, 0.65392564, 0.68366647, 0.59976971,
       0.47231772, 0.43483364, 0.470694  , 0.25698113, 0.37989524]), array([0.95094754, 0.9251502 , 0.65194455, 0.6865055 , 0.57782236,
       0.44822127, 0.45301741, 0.46014905, 0.24527478, 0.38707014]), array([0.95084815, 0.92980006, 0.64872628, 0.6853433 , 0.60084957,
       0.45142191, 0.44433389, 0.46043457, 0.23864265, 0.38794754]), array([0.94840397, 0.92729396, 0.63355731, 0.67047495, 0.60044199,
       0.47348711, 0.45315148, 0.45118956, 0.26743816, 0.39683625])]
real metric: [array([0.76023392, 0.86149584, 0.55834564, 0.33001422, 0.43370166,
       0.20572207, 0.84135977, 0.25213675, 0.09677419, 0.27027027]), array([0.77400295, 0.82773109, 0.54637681, 0.27844311, 0.44523471,
       0.23383769, 0.82461103, 0.26564673, 0.09971098, 0.28307255]), array([0.77885953, 0.83034483, 0.55698006, 0.31837916, 0.44477612,
       0.24084507, 0.83628922, 0.26923077, 0.10463378, 0.29929078]), array([0.75572519, 0.83499289, 0.57462687, 0.30481283, 0.44142857,
       0.23756906, 0.83379501, 0.24661247, 0.12573964, 0.28463855]), array([0.76376812, 0.82626539, 0.53735632, 0.30364964, 0.41678521,
       0.2481203 , 0.83213773, 0.26086957, 0.12092391, 0.26591231])]

estim_algorithm = ts-model, mode = classification, metric = sensitivity, confidence_scores = doctor-conf, class_specific = False
test err: [0.26047056151601655, 0.25515954472886937, 0.24329782312114875, 0.24441640703388048, 0.24530371551628444]
estimated metric: [array([0.58150903, 0.5966987 , 0.34098517, 0.39343049, 0.36996373,
       0.49949732, 0.40094633, 0.51861544, 0.52038075, 0.66266524]), array([0.57218285, 0.58649801, 0.35343012, 0.37517181, 0.37471847,
       0.5020417 , 0.39868585, 0.56123   , 0.51152852, 0.62989318]), array([0.59136416, 0.57438432, 0.35159643, 0.38062158, 0.34630901,
       0.47564854, 0.42366872, 0.54470271, 0.48254411, 0.62191374]), array([0.57981238, 0.59029951, 0.35399134, 0.38193616, 0.37780159,
       0.48750158, 0.41186701, 0.54996875, 0.4615303 , 0.63580315]), array([0.57807639, 0.58993418, 0.32948151, 0.37223971, 0.3828131 ,
       0.51449942, 0.42250152, 0.54028389, 0.51908187, 0.63290191])]
real metric: [array([0.76023392, 0.86149584, 0.55834564, 0.33001422, 0.43370166,
       0.20572207, 0.84135977, 0.25213675, 0.09677419, 0.27027027]), array([0.77400295, 0.82773109, 0.54637681, 0.27844311, 0.44523471,
       0.23383769, 0.82461103, 0.26564673, 0.09971098, 0.28307255]), array([0.77885953, 0.83034483, 0.55698006, 0.31837916, 0.44477612,
       0.24084507, 0.83628922, 0.26923077, 0.10463378, 0.29929078]), array([0.75572519, 0.83499289, 0.57462687, 0.30481283, 0.44142857,
       0.23756906, 0.83379501, 0.24661247, 0.12573964, 0.28463855]), array([0.76376812, 0.82626539, 0.53735632, 0.30364964, 0.41678521,
       0.2481203 , 0.83213773, 0.26086957, 0.12092391, 0.26591231])]

estim_algorithm = ts-model, mode = classification, metric = sensitivity, confidence_scores = doctor-conf, class_specific = True
test err: [0.1784250600734826, 0.17812499905115953, 0.15989109863335574, 0.1692082740503387, 0.17663650216595644]
estimated metric: [array([0.94425346, 0.91906586, 0.6221243 , 0.65643252, 0.56630828,
       0.40455596, 0.36567518, 0.3833699 , 0.2135279 , 0.3676224 ]), array([0.93751066, 0.91903725, 0.63100171, 0.65019431, 0.56672964,
       0.4134261 , 0.36324077, 0.42223717, 0.1987758 , 0.33502371]), array([0.94369039, 0.9152981 , 0.62778324, 0.65233354, 0.54204896,
       0.37895578, 0.38777313, 0.41027029, 0.18174774, 0.34160694]), array([0.94240659, 0.91982644, 0.62556009, 0.65205851, 0.56871308,
       0.39381397, 0.37633862, 0.4083879 , 0.18355777, 0.34644807]), array([0.94113344, 0.92059928, 0.61106489, 0.63578913, 0.57121389,
       0.41711177, 0.3866343 , 0.39437989, 0.21790172, 0.35531833])]
real metric: [array([0.76023392, 0.86149584, 0.55834564, 0.33001422, 0.43370166,
       0.20572207, 0.84135977, 0.25213675, 0.09677419, 0.27027027]), array([0.77400295, 0.82773109, 0.54637681, 0.27844311, 0.44523471,
       0.23383769, 0.82461103, 0.26564673, 0.09971098, 0.28307255]), array([0.77885953, 0.83034483, 0.55698006, 0.31837916, 0.44477612,
       0.24084507, 0.83628922, 0.26923077, 0.10463378, 0.29929078]), array([0.75572519, 0.83499289, 0.57462687, 0.30481283, 0.44142857,
       0.23756906, 0.83379501, 0.24661247, 0.12573964, 0.28463855]), array([0.76376812, 0.82626539, 0.53735632, 0.30364964, 0.41678521,
       0.2481203 , 0.83213773, 0.26086957, 0.12092391, 0.26591231])]

estim_algorithm = doc-model, mode = classification, metric = sensitivity, confidence_scores = max_class_probability-conf, class_specific = False
test err: [0.26146961903489857, 0.255732458134409, 0.24270050933414916, 0.2483935156649832, 0.2550550027169597]
estimated metric: [array([0.69480613, 0.69004084, 0.55028618, 0.57760031, 0.56947593,
       0.63927606, 0.59586589, 0.65338017, 0.59343264, 0.67971411]), array([0.68372172, 0.68850814, 0.55666749, 0.5768736 , 0.56403752,
       0.63089668, 0.60118705, 0.68648468, 0.57295108, 0.66880793]), array([0.69809805, 0.68655246, 0.55619252, 0.5811431 , 0.54723976,
       0.63371098, 0.62260165, 0.66798425, 0.57816492, 0.65688881]), array([0.69424519, 0.69534426, 0.548887  , 0.58345316, 0.57738266,
       0.63135801, 0.60744779, 0.6699305 , 0.55144488, 0.65795137]), array([0.68730686, 0.69203736, 0.53662646, 0.56890297, 0.56418889,
       0.64223881, 0.61369569, 0.69508537, 0.60718689, 0.65934683])]
real metric: [array([0.76023392, 0.86149584, 0.55834564, 0.33001422, 0.43370166,
       0.20572207, 0.84135977, 0.25213675, 0.09677419, 0.27027027]), array([0.77400295, 0.82773109, 0.54637681, 0.27844311, 0.44523471,
       0.23383769, 0.82461103, 0.26564673, 0.09971098, 0.28307255]), array([0.77885953, 0.83034483, 0.55698006, 0.31837916, 0.44477612,
       0.24084507, 0.83628922, 0.26923077, 0.10463378, 0.29929078]), array([0.75572519, 0.83499289, 0.57462687, 0.30481283, 0.44142857,
       0.23756906, 0.83379501, 0.24661247, 0.12573964, 0.28463855]), array([0.76376812, 0.82626539, 0.53735632, 0.30364964, 0.41678521,
       0.2481203 , 0.83213773, 0.26086957, 0.12092391, 0.26591231])]

estim_algorithm = doc-model, mode = classification, metric = sensitivity, confidence_scores = max_class_probability-conf, class_specific = True
test err: [0.2277009785861769, 0.22489792840138284, 0.2127863741878584, 0.2180656412637078, 0.2280654172490594]
estimated metric: [array([0.94432285, 0.91816662, 0.68062713, 0.70272276, 0.67198981,
       0.57100166, 0.56868617, 0.53168781, 0.29840744, 0.45410468]), array([0.93831701, 0.91627454, 0.68700845, 0.70199605, 0.66655141,
       0.56262228, 0.57400733, 0.56469653, 0.27271679, 0.44224915]), array([0.94439756, 0.91672991, 0.68653348, 0.70626555, 0.64975365,
       0.56543658, 0.59542193, 0.54616117, 0.28406024, 0.4309984 ]), array([0.94256643, 0.92182978, 0.67922796, 0.70857561, 0.67989655,
       0.56308361, 0.58026808, 0.54804549, 0.25847013, 0.43158   ]), array([0.94027975, 0.91921721, 0.66696742, 0.69402542, 0.66670277,
       0.57413407, 0.58651597, 0.57320037, 0.30939151, 0.43476466])]
real metric: [array([0.76023392, 0.86149584, 0.55834564, 0.33001422, 0.43370166,
       0.20572207, 0.84135977, 0.25213675, 0.09677419, 0.27027027]), array([0.77400295, 0.82773109, 0.54637681, 0.27844311, 0.44523471,
       0.23383769, 0.82461103, 0.26564673, 0.09971098, 0.28307255]), array([0.77885953, 0.83034483, 0.55698006, 0.31837916, 0.44477612,
       0.24084507, 0.83628922, 0.26923077, 0.10463378, 0.29929078]), array([0.75572519, 0.83499289, 0.57462687, 0.30481283, 0.44142857,
       0.23756906, 0.83379501, 0.24661247, 0.12573964, 0.28463855]), array([0.76376812, 0.82626539, 0.53735632, 0.30364964, 0.41678521,
       0.2481203 , 0.83213773, 0.26086957, 0.12092391, 0.26591231])]

estim_algorithm = doc-model, mode = classification, metric = sensitivity, confidence_scores = energy-conf, class_specific = False
test err: [0.2716299480325525, 0.2681110987404303, 0.25790449442408303, 0.2613573753530927, 0.26701343864746646]
estimated metric: [array([0.64450219, 0.66768344, 0.56175972, 0.57631221, 0.57417733,
       0.61495441, 0.57632791, 0.62666337, 0.64067469, 0.69414659]), array([0.64291424, 0.66300944, 0.56448397, 0.56958447, 0.5739209 ,
       0.62484892, 0.57571759, 0.64182274, 0.63425435, 0.6798144 ]), array([0.64725186, 0.65904748, 0.56446125, 0.57353927, 0.5658832 ,
       0.60571283, 0.58258541, 0.63891295, 0.62589509, 0.68216728]), array([0.64348378, 0.66648974, 0.5653349 , 0.57489402, 0.57540103,
       0.61466475, 0.579762  , 0.64156041, 0.61938957, 0.68439557]), array([0.64508564, 0.66097323, 0.55881433, 0.57246399, 0.57830154,
       0.61984391, 0.58266771, 0.63009777, 0.64122772, 0.6895577 ])]
real metric: [array([0.76023392, 0.86149584, 0.55834564, 0.33001422, 0.43370166,
       0.20572207, 0.84135977, 0.25213675, 0.09677419, 0.27027027]), array([0.77400295, 0.82773109, 0.54637681, 0.27844311, 0.44523471,
       0.23383769, 0.82461103, 0.26564673, 0.09971098, 0.28307255]), array([0.77885953, 0.83034483, 0.55698006, 0.31837916, 0.44477612,
       0.24084507, 0.83628922, 0.26923077, 0.10463378, 0.29929078]), array([0.75572519, 0.83499289, 0.57462687, 0.30481283, 0.44142857,
       0.23756906, 0.83379501, 0.24661247, 0.12573964, 0.28463855]), array([0.76376812, 0.82626539, 0.53735632, 0.30364964, 0.41678521,
       0.2481203 , 0.83213773, 0.26086957, 0.12092391, 0.26591231])]

estim_algorithm = doc-model, mode = classification, metric = sensitivity, confidence_scores = energy-conf, class_specific = True
test err: [0.22572158944365603, 0.22507525266520637, 0.21364664795239524, 0.2194150805047404, 0.22670457648035663]
estimated metric: [array([0.92623904, 0.91376279, 0.72704248, 0.72738703, 0.69004596,
       0.5151277 , 0.56163437, 0.49806484, 0.31593422, 0.432581  ]), array([0.92384553, 0.91057627, 0.73019958, 0.72107834, 0.69021226,
       0.5250222 , 0.56102405, 0.51253357, 0.30951389, 0.41824053]), array([0.92785594, 0.90673982, 0.7297785 , 0.72412689, 0.6822318 ,
       0.50593616, 0.56790896, 0.5097648 , 0.30115462, 0.42383777]), array([0.92519441, 0.91137325, 0.73097661, 0.72689118, 0.69172019,
       0.51483803, 0.56509389, 0.51271915, 0.2946491 , 0.42323383]), array([0.92483124, 0.9122796 , 0.72466367, 0.72366427, 0.6936386 ,
       0.52009651, 0.56797416, 0.5008141 , 0.31775243, 0.42879253])]
real metric: [array([0.76023392, 0.86149584, 0.55834564, 0.33001422, 0.43370166,
       0.20572207, 0.84135977, 0.25213675, 0.09677419, 0.27027027]), array([0.77400295, 0.82773109, 0.54637681, 0.27844311, 0.44523471,
       0.23383769, 0.82461103, 0.26564673, 0.09971098, 0.28307255]), array([0.77885953, 0.83034483, 0.55698006, 0.31837916, 0.44477612,
       0.24084507, 0.83628922, 0.26923077, 0.10463378, 0.29929078]), array([0.75572519, 0.83499289, 0.57462687, 0.30481283, 0.44142857,
       0.23756906, 0.83379501, 0.24661247, 0.12573964, 0.28463855]), array([0.76376812, 0.82626539, 0.53735632, 0.30364964, 0.41678521,
       0.2481203 , 0.83213773, 0.26086957, 0.12092391, 0.26591231])]

estim_algorithm = doc-model, mode = classification, metric = sensitivity, confidence_scores = entropy-conf, class_specific = False
test err: [0.2598674267770803, 0.25302546993178304, 0.24039612353246853, 0.24686255201903604, 0.2523263709791628]
estimated metric: [array([0.67850707, 0.67743678, 0.52275992, 0.55595948, 0.54136174,
       0.62083633, 0.56890988, 0.63169484, 0.58675345, 0.67686607]), array([0.66891138, 0.67639677, 0.53207458, 0.55283102, 0.54033984,
       0.61387442, 0.57069071, 0.67013335, 0.56923873, 0.66513465]), array([0.68426886, 0.66935501, 0.53006399, 0.55579415, 0.52203109,
       0.61258743, 0.59179383, 0.64765821, 0.56265651, 0.65339759]), array([0.67820103, 0.67901604, 0.52616338, 0.55486397, 0.54511699,
       0.60923046, 0.57913128, 0.65586642, 0.5481123 , 0.6596083 ]), array([0.67315836, 0.67905242, 0.51195318, 0.53983009, 0.54014318,
       0.62851411, 0.58694249, 0.67127955, 0.59553522, 0.65580137])]
real metric: [array([0.76023392, 0.86149584, 0.55834564, 0.33001422, 0.43370166,
       0.20572207, 0.84135977, 0.25213675, 0.09677419, 0.27027027]), array([0.77400295, 0.82773109, 0.54637681, 0.27844311, 0.44523471,
       0.23383769, 0.82461103, 0.26564673, 0.09971098, 0.28307255]), array([0.77885953, 0.83034483, 0.55698006, 0.31837916, 0.44477612,
       0.24084507, 0.83628922, 0.26923077, 0.10463378, 0.29929078]), array([0.75572519, 0.83499289, 0.57462687, 0.30481283, 0.44142857,
       0.23756906, 0.83379501, 0.24661247, 0.12573964, 0.28463855]), array([0.76376812, 0.82626539, 0.53735632, 0.30364964, 0.41678521,
       0.2481203 , 0.83213773, 0.26086957, 0.12092391, 0.26591231])]

estim_algorithm = doc-model, mode = classification, metric = sensitivity, confidence_scores = entropy-conf, class_specific = True
test err: [0.21591480744430114, 0.2153903327222304, 0.20045086384197597, 0.2068810045585731, 0.21600708873230445]
estimated metric: [array([0.92826386, 0.90529091, 0.65765553, 0.69174054, 0.6430691 ,
       0.54941747, 0.54325941, 0.51590946, 0.28654806, 0.45184735]), array([0.92394635, 0.90449011, 0.66697057, 0.68866371, 0.6420472 ,
       0.54248986, 0.54501226, 0.55331274, 0.26722025, 0.4392204 ]), array([0.93145665, 0.89951432, 0.66493716, 0.69160963, 0.62373845,
       0.54116857, 0.56613136, 0.53118791, 0.26589001, 0.42818817]), array([0.9274005 , 0.90655741, 0.66105937, 0.69069665, 0.64682435,
       0.53789497, 0.55345562, 0.53921265, 0.25158062, 0.4333902 ]), array([0.9254723 , 0.90661653, 0.64684606, 0.67566278, 0.64185054,
       0.55778198, 0.56126405, 0.55449285, 0.29286582, 0.4312591 ])]
real metric: [array([0.76023392, 0.86149584, 0.55834564, 0.33001422, 0.43370166,
       0.20572207, 0.84135977, 0.25213675, 0.09677419, 0.27027027]), array([0.77400295, 0.82773109, 0.54637681, 0.27844311, 0.44523471,
       0.23383769, 0.82461103, 0.26564673, 0.09971098, 0.28307255]), array([0.77885953, 0.83034483, 0.55698006, 0.31837916, 0.44477612,
       0.24084507, 0.83628922, 0.26923077, 0.10463378, 0.29929078]), array([0.75572519, 0.83499289, 0.57462687, 0.30481283, 0.44142857,
       0.23756906, 0.83379501, 0.24661247, 0.12573964, 0.28463855]), array([0.76376812, 0.82626539, 0.53735632, 0.30364964, 0.41678521,
       0.2481203 , 0.83213773, 0.26086957, 0.12092391, 0.26591231])]

estim_algorithm = doc-model, mode = classification, metric = sensitivity, confidence_scores = doctor-conf, class_specific = False
test err: [0.2853373173187803, 0.2826129594391699, 0.27118214621841685, 0.2721057775806398, 0.27995885463241893]
estimated metric: [array([0.70890387, 0.70261749, 0.6249586 , 0.6346213 , 0.6289092 ,
       0.67534492, 0.6515371 , 0.68150284, 0.64575782, 0.70921222]), array([0.70149326, 0.70260321, 0.62810354, 0.63751386, 0.62318973,
       0.66721459, 0.65442722, 0.70515686, 0.64315314, 0.70629907]), array([0.70933952, 0.69891578, 0.62591353, 0.63745969, 0.61361111,
       0.67704013, 0.66857633, 0.69303052, 0.63687605, 0.69336422]), array([0.70703213, 0.70348609, 0.62118516, 0.63861913, 0.63260545,
       0.67126571, 0.66158901, 0.69803652, 0.62366351, 0.69870442]), array([0.70532305, 0.70433873, 0.61600366, 0.62823914, 0.62431413,
       0.67532739, 0.66382625, 0.71183237, 0.6567868 , 0.69201911])]
real metric: [array([0.76023392, 0.86149584, 0.55834564, 0.33001422, 0.43370166,
       0.20572207, 0.84135977, 0.25213675, 0.09677419, 0.27027027]), array([0.77400295, 0.82773109, 0.54637681, 0.27844311, 0.44523471,
       0.23383769, 0.82461103, 0.26564673, 0.09971098, 0.28307255]), array([0.77885953, 0.83034483, 0.55698006, 0.31837916, 0.44477612,
       0.24084507, 0.83628922, 0.26923077, 0.10463378, 0.29929078]), array([0.75572519, 0.83499289, 0.57462687, 0.30481283, 0.44142857,
       0.23756906, 0.83379501, 0.24661247, 0.12573964, 0.28463855]), array([0.76376812, 0.82626539, 0.53735632, 0.30364964, 0.41678521,
       0.2481203 , 0.83213773, 0.26086957, 0.12092391, 0.26591231])]

estim_algorithm = doc-model, mode = classification, metric = sensitivity, confidence_scores = doctor-conf, class_specific = True
test err: [0.2505038532651298, 0.25004582705605893, 0.23778198683463167, 0.24340910103446117, 0.25096781659504475]
estimated metric: [array([0.93840158, 0.91821313, 0.75797785, 0.7364645 , 0.73443787,
       0.58354586, 0.62629781, 0.56752819, 0.34119048, 0.48091167]), array([0.93150777, 0.91820867, 0.76115574, 0.73959172, 0.72869257,
       0.57584651, 0.62916304, 0.59036289, 0.33663065, 0.4770704 ]), array([0.9385348 , 0.9143313 , 0.75891977, 0.7388839 , 0.7190115 ,
       0.58524106, 0.6433158 , 0.57843593, 0.33034405, 0.46448422]), array([0.93634816, 0.91894238, 0.75428747, 0.74069699, 0.73798341,
       0.58011482, 0.63632837, 0.58348655, 0.32143491, 0.46947575]), array([0.93521288, 0.91979052, 0.74902214, 0.73022543, 0.72984868,
       0.58441101, 0.63856622, 0.59703841, 0.34921994, 0.46498839])]
real metric: [array([0.76023392, 0.86149584, 0.55834564, 0.33001422, 0.43370166,
       0.20572207, 0.84135977, 0.25213675, 0.09677419, 0.27027027]), array([0.77400295, 0.82773109, 0.54637681, 0.27844311, 0.44523471,
       0.23383769, 0.82461103, 0.26564673, 0.09971098, 0.28307255]), array([0.77885953, 0.83034483, 0.55698006, 0.31837916, 0.44477612,
       0.24084507, 0.83628922, 0.26923077, 0.10463378, 0.29929078]), array([0.75572519, 0.83499289, 0.57462687, 0.30481283, 0.44142857,
       0.23756906, 0.83379501, 0.24661247, 0.12573964, 0.28463855]), array([0.76376812, 0.82626539, 0.53735632, 0.30364964, 0.41678521,
       0.2481203 , 0.83213773, 0.26086957, 0.12092391, 0.26591231])]

estim_algorithm = atc-model, mode = classification, metric = sensitivity, confidence_scores = max_class_probability-conf, class_specific = False
test err: [0.23771361229548454, 0.23365482829286677, 0.21755002178983443, 0.21244952779525078, 0.2390542685961074]
estimated metric: [array([0.64405595, 0.63976946, 0.2843602 , 0.38850576, 0.35176652,
       0.51308903, 0.40531178, 0.53061227, 0.42500007, 0.54497357]), array([0.61419536, 0.64910537, 0.30018417, 0.3846154 , 0.37761195,
       0.51173711, 0.41132294, 0.62926831, 0.35802477, 0.54807694]), array([0.66018068, 0.62917064, 0.30535056, 0.38860105, 0.34170855,
       0.4880383 , 0.44677138, 0.55612247, 0.36956529, 0.54148474]), array([0.65039483, 0.66966068, 0.29707496, 0.39252338, 0.37970541,
       0.48888891, 0.40854011, 0.55329952, 0.31250006, 0.54146344]), array([0.62567205, 0.64990689, 0.26106595, 0.36432162, 0.36021507,
       0.54326925, 0.42994588, 0.63402064, 0.4444445 , 0.55445547])]
real metric: [array([0.76023392, 0.86149584, 0.55834564, 0.33001422, 0.43370166,
       0.20572207, 0.84135977, 0.25213675, 0.09677419, 0.27027027]), array([0.77400295, 0.82773109, 0.54637681, 0.27844311, 0.44523471,
       0.23383769, 0.82461103, 0.26564673, 0.09971098, 0.28307255]), array([0.77885953, 0.83034483, 0.55698006, 0.31837916, 0.44477612,
       0.24084507, 0.83628922, 0.26923077, 0.10463378, 0.29929078]), array([0.75572519, 0.83499289, 0.57462687, 0.30481283, 0.44142857,
       0.23756906, 0.83379501, 0.24661247, 0.12573964, 0.28463855]), array([0.76376812, 0.82626539, 0.53735632, 0.30364964, 0.41678521,
       0.2481203 , 0.83213773, 0.26086957, 0.12092391, 0.26591231])]

estim_algorithm = atc-model, mode = classification, metric = sensitivity, confidence_scores = max_class_probability-conf, class_specific = True
test err: [0.16495176618490823, 0.15870743198757425, 0.1422732228908638, 0.16036969218135727, 0.16700418185714114]
estimated metric: [array([0.93426573, 0.87512008, 0.52037915, 0.62068966, 0.53149002,
       0.52356023, 0.37413395, 0.37755105, 0.13750011, 0.35449739]), array([0.91286016, 0.87375746, 0.54327809, 0.60477455, 0.50597016,
       0.51643195, 0.3801271 , 0.4878049 , 0.1234569 , 0.32211542]), array([0.92216817, 0.87797903, 0.53874539, 0.64507773, 0.48241207,
       0.49282299, 0.42641071, 0.42346942, 0.08695662, 0.28384283]), array([0.92103374, 0.87824351, 0.52285192, 0.62616823, 0.55646482,
       0.49333336, 0.38776688, 0.41116754, 0.13392865, 0.3170732 ]), array([0.92607527, 0.89013035, 0.4796748 , 0.60050252, 0.52150538,
       0.54326925, 0.41070355, 0.47422683, 0.12962971, 0.31188122])]
real metric: [array([0.76023392, 0.86149584, 0.55834564, 0.33001422, 0.43370166,
       0.20572207, 0.84135977, 0.25213675, 0.09677419, 0.27027027]), array([0.77400295, 0.82773109, 0.54637681, 0.27844311, 0.44523471,
       0.23383769, 0.82461103, 0.26564673, 0.09971098, 0.28307255]), array([0.77885953, 0.83034483, 0.55698006, 0.31837916, 0.44477612,
       0.24084507, 0.83628922, 0.26923077, 0.10463378, 0.29929078]), array([0.75572519, 0.83499289, 0.57462687, 0.30481283, 0.44142857,
       0.23756906, 0.83379501, 0.24661247, 0.12573964, 0.28463855]), array([0.76376812, 0.82626539, 0.53735632, 0.30364964, 0.41678521,
       0.2481203 , 0.83213773, 0.26086957, 0.12092391, 0.26591231])]

estim_algorithm = atc-model, mode = classification, metric = sensitivity, confidence_scores = energy-conf, class_specific = False
test err: [0.31175034897896114, 0.30542453611109877, 0.2965333421632256, 0.28739179880065924, 0.3022455705769933]
estimated metric: [array([0.48671329, 0.52257445, 0.12701423, 0.20689657, 0.20583719,
       0.35602098, 0.18822171, 0.42857146, 0.47500007, 0.63492065]), array([0.46029515, 0.49105368, 0.15009209, 0.17506633, 0.21194031,
       0.39436623, 0.18890815, 0.45365856, 0.44444451, 0.62500002]), array([0.48714385, 0.4623451 , 0.13560886, 0.18652852, 0.17587941,
       0.33492826, 0.20767889, 0.40306125, 0.42391311, 0.60698692]), array([0.47595119, 0.49301398, 0.15630714, 0.19859815, 0.21767595,
       0.32000003, 0.19734565, 0.42639597, 0.41071434, 0.60487807]), array([0.4623656 , 0.5018622 , 0.12466125, 0.17336685, 0.20250897,
       0.37019234, 0.20865905, 0.39175261, 0.48148153, 0.66831685])]
real metric: [array([0.76023392, 0.86149584, 0.55834564, 0.33001422, 0.43370166,
       0.20572207, 0.84135977, 0.25213675, 0.09677419, 0.27027027]), array([0.77400295, 0.82773109, 0.54637681, 0.27844311, 0.44523471,
       0.23383769, 0.82461103, 0.26564673, 0.09971098, 0.28307255]), array([0.77885953, 0.83034483, 0.55698006, 0.31837916, 0.44477612,
       0.24084507, 0.83628922, 0.26923077, 0.10463378, 0.29929078]), array([0.75572519, 0.83499289, 0.57462687, 0.30481283, 0.44142857,
       0.23756906, 0.83379501, 0.24661247, 0.12573964, 0.28463855]), array([0.76376812, 0.82626539, 0.53735632, 0.30364964, 0.41678521,
       0.2481203 , 0.83213773, 0.26086957, 0.12092391, 0.26591231])]

estim_algorithm = atc-model, mode = classification, metric = sensitivity, confidence_scores = energy-conf, class_specific = True
test err: [0.15346298165182737, 0.1440355527535829, 0.1328802495821249, 0.13312976745556165, 0.14074484651337357]
estimated metric: [array([0.8958042 , 0.83573487, 0.36682465, 0.45517243, 0.32258066,
       0.27225135, 0.15588915, 0.27551024, 0.2250001 , 0.31216935]), array([0.8981026 , 0.83399603, 0.39594844, 0.42970824, 0.33432837,
       0.32394369, 0.16060081, 0.32195125, 0.17283961, 0.2692308 ]), array([0.90340514, 0.82554814, 0.38745388, 0.43782385, 0.29648242,
       0.25837324, 0.17626528, 0.30612248, 0.14130444, 0.28820964]), array([0.89016511, 0.83033932, 0.37111518, 0.4462617 , 0.36170214,
       0.25333337, 0.16618581, 0.30964471, 0.13392865, 0.29756101]), array([0.90120968, 0.82867784, 0.34507679, 0.47487439, 0.34767026,
       0.28365388, 0.17438365, 0.28865983, 0.20370378, 0.29702974])]
real metric: [array([0.76023392, 0.86149584, 0.55834564, 0.33001422, 0.43370166,
       0.20572207, 0.84135977, 0.25213675, 0.09677419, 0.27027027]), array([0.77400295, 0.82773109, 0.54637681, 0.27844311, 0.44523471,
       0.23383769, 0.82461103, 0.26564673, 0.09971098, 0.28307255]), array([0.77885953, 0.83034483, 0.55698006, 0.31837916, 0.44477612,
       0.24084507, 0.83628922, 0.26923077, 0.10463378, 0.29929078]), array([0.75572519, 0.83499289, 0.57462687, 0.30481283, 0.44142857,
       0.23756906, 0.83379501, 0.24661247, 0.12573964, 0.28463855]), array([0.76376812, 0.82626539, 0.53735632, 0.30364964, 0.41678521,
       0.2481203 , 0.83213773, 0.26086957, 0.12092391, 0.26591231])]

estim_algorithm = atc-model, mode = classification, metric = sensitivity, confidence_scores = entropy-conf, class_specific = False
test err: [0.24682291233389747, 0.23776658071038667, 0.22266720162904957, 0.21947108009518676, 0.24227357712462982]
estimated metric: [array([0.62307693, 0.635927  , 0.26161138, 0.36781611, 0.33640554,
       0.49738223, 0.36893765, 0.53571431, 0.43750007, 0.55555558]), array([0.5924104 , 0.63021869, 0.28637201, 0.35013264, 0.35074628,
       0.50704228, 0.37608319, 0.59024392, 0.37037045, 0.53846156]), array([0.64211258, 0.60915158, 0.29151292, 0.3549223 , 0.32160805,
       0.47846892, 0.42350204, 0.52040819, 0.39130441, 0.55458517]), array([0.63675521, 0.6497006 , 0.28062158, 0.3504673 , 0.36006548,
       0.48444447, 0.38488171, 0.54822337, 0.32142863, 0.56097563]), array([0.61491936, 0.63873371, 0.24209576, 0.33668343, 0.35304661,
       0.52884618, 0.40829826, 0.62371136, 0.4444445 , 0.56930695])]
real metric: [array([0.76023392, 0.86149584, 0.55834564, 0.33001422, 0.43370166,
       0.20572207, 0.84135977, 0.25213675, 0.09677419, 0.27027027]), array([0.77400295, 0.82773109, 0.54637681, 0.27844311, 0.44523471,
       0.23383769, 0.82461103, 0.26564673, 0.09971098, 0.28307255]), array([0.77885953, 0.83034483, 0.55698006, 0.31837916, 0.44477612,
       0.24084507, 0.83628922, 0.26923077, 0.10463378, 0.29929078]), array([0.75572519, 0.83499289, 0.57462687, 0.30481283, 0.44142857,
       0.23756906, 0.83379501, 0.24661247, 0.12573964, 0.28463855]), array([0.76376812, 0.82626539, 0.53735632, 0.30364964, 0.41678521,
       0.2481203 , 0.83213773, 0.26086957, 0.12092391, 0.26591231])]

estim_algorithm = atc-model, mode = classification, metric = sensitivity, confidence_scores = entropy-conf, class_specific = True
test err: [0.16107303056191813, 0.15517871510960926, 0.13199583271990356, 0.15309042286979951, 0.15675782555237086]
estimated metric: [array([0.90699301, 0.84822286, 0.47962086, 0.5724138 , 0.50537635,
       0.49214662, 0.33256351, 0.38265309, 0.15000011, 0.34920638]), array([0.89388616, 0.8499006 , 0.51104973, 0.54907163, 0.51044777,
       0.50234744, 0.34430965, 0.4878049 , 0.1234569 , 0.32692311]), array([0.904795  , 0.84080076, 0.50092251, 0.55181348, 0.46398661,
       0.47846892, 0.38278069, 0.42857146, 0.08695662, 0.29257645]), array([0.89088299, 0.84431138, 0.49177331, 0.58411216, 0.5319149 ,
       0.48444447, 0.3508367 , 0.40101526, 0.14285722, 0.3170732 ]), array([0.90658602, 0.84823091, 0.44715448, 0.5276382 , 0.51433693,
       0.51923079, 0.37402285, 0.45876291, 0.13888897, 0.31188122])]
real metric: [array([0.76023392, 0.86149584, 0.55834564, 0.33001422, 0.43370166,
       0.20572207, 0.84135977, 0.25213675, 0.09677419, 0.27027027]), array([0.77400295, 0.82773109, 0.54637681, 0.27844311, 0.44523471,
       0.23383769, 0.82461103, 0.26564673, 0.09971098, 0.28307255]), array([0.77885953, 0.83034483, 0.55698006, 0.31837916, 0.44477612,
       0.24084507, 0.83628922, 0.26923077, 0.10463378, 0.29929078]), array([0.75572519, 0.83499289, 0.57462687, 0.30481283, 0.44142857,
       0.23756906, 0.83379501, 0.24661247, 0.12573964, 0.28463855]), array([0.76376812, 0.82626539, 0.53735632, 0.30364964, 0.41678521,
       0.2481203 , 0.83213773, 0.26086957, 0.12092391, 0.26591231])]

estim_algorithm = atc-model, mode = classification, metric = sensitivity, confidence_scores = doctor-conf, class_specific = False
test err: [0.23857940182608223, 0.233572479334266, 0.21742718713641276, 0.21399588804013342, 0.2409448579140633]
estimated metric: [array([0.63916084, 0.63976946, 0.28056873, 0.38620691, 0.35176652,
       0.50785343, 0.39780601, 0.53061227, 0.42500007, 0.54497357]), array([0.61278988, 0.64512923, 0.29834255, 0.38196288, 0.37313434,
       0.51173711, 0.40670133, 0.62439026, 0.35802477, 0.53846156]), array([0.6580959 , 0.62821735, 0.30166052, 0.38341971, 0.34170855,
       0.4880383 , 0.44444445, 0.55102043, 0.36956529, 0.54148474]), array([0.65039483, 0.66467066, 0.29524681, 0.39018693, 0.37643209,
       0.49333336, 0.4050779 , 0.54822337, 0.31250006, 0.54634149]), array([0.6202957 , 0.6480447 , 0.25745258, 0.36180906, 0.36021507,
       0.54326925, 0.42453398, 0.63917528, 0.4444445 , 0.55445547])]
real metric: [array([0.76023392, 0.86149584, 0.55834564, 0.33001422, 0.43370166,
       0.20572207, 0.84135977, 0.25213675, 0.09677419, 0.27027027]), array([0.77400295, 0.82773109, 0.54637681, 0.27844311, 0.44523471,
       0.23383769, 0.82461103, 0.26564673, 0.09971098, 0.28307255]), array([0.77885953, 0.83034483, 0.55698006, 0.31837916, 0.44477612,
       0.24084507, 0.83628922, 0.26923077, 0.10463378, 0.29929078]), array([0.75572519, 0.83499289, 0.57462687, 0.30481283, 0.44142857,
       0.23756906, 0.83379501, 0.24661247, 0.12573964, 0.28463855]), array([0.76376812, 0.82626539, 0.53735632, 0.30364964, 0.41678521,
       0.2481203 , 0.83213773, 0.26086957, 0.12092391, 0.26591231])]

estim_algorithm = atc-model, mode = classification, metric = sensitivity, confidence_scores = doctor-conf, class_specific = True
test err: [0.16083631093231096, 0.15518631816725478, 0.1375931690668985, 0.15562689936621737, 0.1625191593941245]
estimated metric: [array([0.90839161, 0.88664746, 0.53080569, 0.61839081, 0.51612904,
       0.50261783, 0.36951502, 0.38265309, 0.15000011, 0.35449739]), array([0.89599438, 0.87872764, 0.55524862, 0.58620691, 0.4955224 ,
       0.51173711, 0.37550549, 0.4878049 , 0.1234569 , 0.32211542]), array([0.904795  , 0.87988561, 0.5396679 , 0.62176167, 0.4757119 ,
       0.48325361, 0.42233857, 0.42857146, 0.08695662, 0.28384283]), array([0.90236899, 0.88023952, 0.53473492, 0.62616823, 0.53846155,
       0.48000002, 0.38545875, 0.42131983, 0.13392865, 0.3170732 ]), array([0.90322581, 0.88640596, 0.48690154, 0.58793971, 0.5107527 ,
       0.54326925, 0.40769694, 0.47422683, 0.13888897, 0.31188122])]
real metric: [array([0.76023392, 0.86149584, 0.55834564, 0.33001422, 0.43370166,
       0.20572207, 0.84135977, 0.25213675, 0.09677419, 0.27027027]), array([0.77400295, 0.82773109, 0.54637681, 0.27844311, 0.44523471,
       0.23383769, 0.82461103, 0.26564673, 0.09971098, 0.28307255]), array([0.77885953, 0.83034483, 0.55698006, 0.31837916, 0.44477612,
       0.24084507, 0.83628922, 0.26923077, 0.10463378, 0.29929078]), array([0.75572519, 0.83499289, 0.57462687, 0.30481283, 0.44142857,
       0.23756906, 0.83379501, 0.24661247, 0.12573964, 0.28463855]), array([0.76376812, 0.82626539, 0.53735632, 0.30364964, 0.41678521,
       0.2481203 , 0.83213773, 0.26086957, 0.12092391, 0.26591231])]

estim_algorithm = ts-atc-model, mode = classification, metric = sensitivity, confidence_scores = max_class_probability-conf, class_specific = False
test err: [0.26397452087864726, 0.2501797994388383, 0.24364307092144388, 0.23282225673022752, 0.2541365491623599]
estimated metric: [array([0.58321679, 0.60230548, 0.20284361, 0.3264368 , 0.2841782 ,
       0.46596861, 0.30311779, 0.47448982, 0.47500007, 0.56613759]), array([0.55938159, 0.58846919, 0.24401474, 0.28647217, 0.29701494,
       0.46948359, 0.31658002, 0.57560978, 0.37037045, 0.54807694]), array([0.61014594, 0.56816016, 0.22785979, 0.30051815, 0.26633167,
       0.43540673, 0.34671321, 0.49489798, 0.40217398, 0.57205242]), array([0.58865758, 0.61077845, 0.23583182, 0.30373833, 0.30932898,
       0.44444447, 0.32717831, 0.52284266, 0.33928577, 0.54634149]), array([0.57862904, 0.59683427, 0.19692864, 0.30150756, 0.29569894,
       0.48076926, 0.33493687, 0.55670105, 0.43518524, 0.58910893])]
real metric: [array([0.76023392, 0.86149584, 0.55834564, 0.33001422, 0.43370166,
       0.20572207, 0.84135977, 0.25213675, 0.09677419, 0.27027027]), array([0.77400295, 0.82773109, 0.54637681, 0.27844311, 0.44523471,
       0.23383769, 0.82461103, 0.26564673, 0.09971098, 0.28307255]), array([0.77885953, 0.83034483, 0.55698006, 0.31837916, 0.44477612,
       0.24084507, 0.83628922, 0.26923077, 0.10463378, 0.29929078]), array([0.75572519, 0.83499289, 0.57462687, 0.30481283, 0.44142857,
       0.23756906, 0.83379501, 0.24661247, 0.12573964, 0.28463855]), array([0.76376812, 0.82626539, 0.53735632, 0.30364964, 0.41678521,
       0.2481203 , 0.83213773, 0.26086957, 0.12092391, 0.26591231])]

estim_algorithm = ts-atc-model, mode = classification, metric = sensitivity, confidence_scores = max_class_probability-conf, class_specific = True
test err: [0.1689618700599675, 0.1583318801679204, 0.14468237560220554, 0.15778819648982548, 0.1603242195225339]
estimated metric: [array([0.96153846, 0.91930836, 0.52796209, 0.61609196, 0.51305684,
       0.45026181, 0.28406467, 0.38265309, 0.1625001 , 0.30687834]), array([0.95572734, 0.90656064, 0.55156538, 0.58885943, 0.50746269,
       0.45070425, 0.29000578, 0.41463417, 0.11111122, 0.25000004]), array([0.96038916, 0.92183032, 0.53690037, 0.62435234, 0.46566165,
       0.4019139 , 0.3135544 , 0.37755105, 0.11956531, 0.27947601]), array([0.9626705 , 0.92215569, 0.52650823, 0.62616823, 0.5319149 ,
       0.40000003, 0.2965955 , 0.33502541, 0.11607151, 0.25853662]), array([0.9563172 , 0.91899441, 0.47877146, 0.58793971, 0.51612904,
       0.43269233, 0.31449189, 0.38659797, 0.15740749, 0.27722776])]
real metric: [array([0.76023392, 0.86149584, 0.55834564, 0.33001422, 0.43370166,
       0.20572207, 0.84135977, 0.25213675, 0.09677419, 0.27027027]), array([0.77400295, 0.82773109, 0.54637681, 0.27844311, 0.44523471,
       0.23383769, 0.82461103, 0.26564673, 0.09971098, 0.28307255]), array([0.77885953, 0.83034483, 0.55698006, 0.31837916, 0.44477612,
       0.24084507, 0.83628922, 0.26923077, 0.10463378, 0.29929078]), array([0.75572519, 0.83499289, 0.57462687, 0.30481283, 0.44142857,
       0.23756906, 0.83379501, 0.24661247, 0.12573964, 0.28463855]), array([0.76376812, 0.82626539, 0.53735632, 0.30364964, 0.41678521,
       0.2481203 , 0.83213773, 0.26086957, 0.12092391, 0.26591231])]

estim_algorithm = ts-atc-model, mode = classification, metric = sensitivity, confidence_scores = energy-conf, class_specific = False
test err: [0.33570474077194834, 0.3288222550234446, 0.311528248150159, 0.3171894365017248, 0.3148788713776269]
estimated metric: [array([0.41258742, 0.45341019, 0.12417062, 0.17241381, 0.19969279,
       0.37172778, 0.17147806, 0.37244901, 0.52500006, 0.66137568]), array([0.39915672, 0.42942346, 0.13904237, 0.15384618, 0.1955224 ,
       0.38028172, 0.17619873, 0.41463417, 0.51851858, 0.65384617]), array([0.41417652, 0.40705434, 0.13284134, 0.18134717, 0.17922949,
       0.30143544, 0.18673648, 0.39795921, 0.46739136, 0.59825329]), array([0.3948313 , 0.44111777, 0.15356491, 0.19859815, 0.22749592,
       0.37777781, 0.18118869, 0.42131983, 0.45535719, 0.66341465]), array([0.39583334, 0.43668529, 0.13098465, 0.18844223, 0.20071686,
       0.35096157, 0.18520746, 0.3505155 , 0.52777782, 0.67326734])]
real metric: [array([0.76023392, 0.86149584, 0.55834564, 0.33001422, 0.43370166,
       0.20572207, 0.84135977, 0.25213675, 0.09677419, 0.27027027]), array([0.77400295, 0.82773109, 0.54637681, 0.27844311, 0.44523471,
       0.23383769, 0.82461103, 0.26564673, 0.09971098, 0.28307255]), array([0.77885953, 0.83034483, 0.55698006, 0.31837916, 0.44477612,
       0.24084507, 0.83628922, 0.26923077, 0.10463378, 0.29929078]), array([0.75572519, 0.83499289, 0.57462687, 0.30481283, 0.44142857,
       0.23756906, 0.83379501, 0.24661247, 0.12573964, 0.28463855]), array([0.76376812, 0.82626539, 0.53735632, 0.30364964, 0.41678521,
       0.2481203 , 0.83213773, 0.26086957, 0.12092391, 0.26591231])]

estim_algorithm = ts-atc-model, mode = classification, metric = sensitivity, confidence_scores = energy-conf, class_specific = True
test err: [0.16964139853655216, 0.1520249048906747, 0.15255073186408585, 0.1482361694429247, 0.1540631548775821]
estimated metric: [array([0.8951049 , 0.84918348, 0.35071091, 0.46896553, 0.2841782 ,
       0.17801051, 0.09757506, 0.22959188, 0.28750009, 0.33862437]), array([0.89950808, 0.84890656, 0.36832413, 0.41909816, 0.2835821 ,
       0.25352116, 0.10051994, 0.25853662, 0.22222232, 0.30288465]), array([0.90201529, 0.84175405, 0.3191882 , 0.41968913, 0.24790621,
       0.17703353, 0.11983712, 0.2704082 , 0.16304357, 0.31441051]), array([0.89160086, 0.83732535, 0.3427788 , 0.4462617 , 0.30932898,
       0.19111115, 0.11079054, 0.26395943, 0.16964293, 0.29268296]), array([0.89516129, 0.84450652, 0.31887986, 0.44723619, 0.29032259,
       0.24038465, 0.1178593 , 0.21649489, 0.24074081, 0.28217825])]
real metric: [array([0.76023392, 0.86149584, 0.55834564, 0.33001422, 0.43370166,
       0.20572207, 0.84135977, 0.25213675, 0.09677419, 0.27027027]), array([0.77400295, 0.82773109, 0.54637681, 0.27844311, 0.44523471,
       0.23383769, 0.82461103, 0.26564673, 0.09971098, 0.28307255]), array([0.77885953, 0.83034483, 0.55698006, 0.31837916, 0.44477612,
       0.24084507, 0.83628922, 0.26923077, 0.10463378, 0.29929078]), array([0.75572519, 0.83499289, 0.57462687, 0.30481283, 0.44142857,
       0.23756906, 0.83379501, 0.24661247, 0.12573964, 0.28463855]), array([0.76376812, 0.82626539, 0.53735632, 0.30364964, 0.41678521,
       0.2481203 , 0.83213773, 0.26086957, 0.12092391, 0.26591231])]

estim_algorithm = ts-atc-model, mode = classification, metric = sensitivity, confidence_scores = entropy-conf, class_specific = False
test err: [0.2881199231958016, 0.27428059852293424, 0.27121122815979504, 0.2648314445832134, 0.2737507655315092]
estimated metric: [array([0.55174825, 0.5840538 , 0.17345972, 0.28045979, 0.23195086,
       0.4136126 , 0.24711317, 0.46428574, 0.48750006, 0.62433864]), array([0.52916374, 0.55467197, 0.20534071, 0.24933689, 0.2597015 ,
       0.45539909, 0.24956673, 0.54634149, 0.40740748, 0.56730771]), array([0.56358583, 0.53288847, 0.18357934, 0.25388603, 0.22278058,
       0.40669859, 0.27748692, 0.48979594, 0.41304354, 0.58515286]), array([0.55850682, 0.5748503 , 0.19652652, 0.24532712, 0.25040918,
       0.40888892, 0.26716677, 0.49746195, 0.38392863, 0.60000002]), array([0.5342742 , 0.5716946 , 0.16079495, 0.2512563 , 0.24014338,
       0.42307695, 0.28382442, 0.5103093 , 0.46296301, 0.59900992])]
real metric: [array([0.76023392, 0.86149584, 0.55834564, 0.33001422, 0.43370166,
       0.20572207, 0.84135977, 0.25213675, 0.09677419, 0.27027027]), array([0.77400295, 0.82773109, 0.54637681, 0.27844311, 0.44523471,
       0.23383769, 0.82461103, 0.26564673, 0.09971098, 0.28307255]), array([0.77885953, 0.83034483, 0.55698006, 0.31837916, 0.44477612,
       0.24084507, 0.83628922, 0.26923077, 0.10463378, 0.29929078]), array([0.75572519, 0.83499289, 0.57462687, 0.30481283, 0.44142857,
       0.23756906, 0.83379501, 0.24661247, 0.12573964, 0.28463855]), array([0.76376812, 0.82626539, 0.53735632, 0.30364964, 0.41678521,
       0.2481203 , 0.83213773, 0.26086957, 0.12092391, 0.26591231])]

estim_algorithm = ts-atc-model, mode = classification, metric = sensitivity, confidence_scores = entropy-conf, class_specific = True
test err: [0.15454005657697545, 0.14676332389883245, 0.13106936135999864, 0.1419895036532749, 0.1418777289461878]
estimated metric: [array([0.95244755, 0.89145053, 0.47109005, 0.5632184 , 0.43471583,
       0.36125658, 0.23441109, 0.35204085, 0.1625001 , 0.34391538]), array([0.94588897, 0.88568589, 0.50092081, 0.53580903, 0.46119404,
       0.37558688, 0.2293472 , 0.38536588, 0.14814825, 0.2692308 ]), array([0.94371091, 0.89513823, 0.49815499, 0.54922281, 0.41373535,
       0.34449764, 0.25828971, 0.34183677, 0.10869575, 0.30131007]), array([0.94544149, 0.89620759, 0.48903108, 0.57943926, 0.47954174,
       0.30222225, 0.25100981, 0.31472085, 0.09821437, 0.31219516]), array([0.94892473, 0.89478585, 0.44625113, 0.52261308, 0.45698926,
       0.34615388, 0.26638605, 0.33505158, 0.16666674, 0.29702974])]
real metric: [array([0.76023392, 0.86149584, 0.55834564, 0.33001422, 0.43370166,
       0.20572207, 0.84135977, 0.25213675, 0.09677419, 0.27027027]), array([0.77400295, 0.82773109, 0.54637681, 0.27844311, 0.44523471,
       0.23383769, 0.82461103, 0.26564673, 0.09971098, 0.28307255]), array([0.77885953, 0.83034483, 0.55698006, 0.31837916, 0.44477612,
       0.24084507, 0.83628922, 0.26923077, 0.10463378, 0.29929078]), array([0.75572519, 0.83499289, 0.57462687, 0.30481283, 0.44142857,
       0.23756906, 0.83379501, 0.24661247, 0.12573964, 0.28463855]), array([0.76376812, 0.82626539, 0.53735632, 0.30364964, 0.41678521,
       0.2481203 , 0.83213773, 0.26086957, 0.12092391, 0.26591231])]

estim_algorithm = ts-atc-model, mode = classification, metric = sensitivity, confidence_scores = doctor-conf, class_specific = False
test err: [0.29743950624944426, 0.2825532154422648, 0.2788168191479166, 0.2665793805439039, 0.2806003754911988]
estimated metric: [array([0.53006993, 0.56388089, 0.15355451, 0.24827588, 0.21966207,
       0.40837699, 0.22748268, 0.43877554, 0.47500007, 0.63492065]), array([0.50316234, 0.53180915, 0.18600369, 0.21485413, 0.24626867,
       0.41314557, 0.2235702 , 0.50243905, 0.41975316, 0.58173079]), array([0.53439889, 0.52716874, 0.16328414, 0.2176166 , 0.19933   ,
       0.39234453, 0.24898197, 0.46938778, 0.38043485, 0.58515286]), array([0.53697057, 0.5489022 , 0.1773309 , 0.23130843, 0.22913258,
       0.35111114, 0.23946913, 0.45685282, 0.37500006, 0.59512197]), array([0.51008065, 0.54562384, 0.14724481, 0.21356786, 0.22401435,
       0.38461541, 0.25736621, 0.46391755, 0.47222227, 0.59900992])]
real metric: [array([0.76023392, 0.86149584, 0.55834564, 0.33001422, 0.43370166,
       0.20572207, 0.84135977, 0.25213675, 0.09677419, 0.27027027]), array([0.77400295, 0.82773109, 0.54637681, 0.27844311, 0.44523471,
       0.23383769, 0.82461103, 0.26564673, 0.09971098, 0.28307255]), array([0.77885953, 0.83034483, 0.55698006, 0.31837916, 0.44477612,
       0.24084507, 0.83628922, 0.26923077, 0.10463378, 0.29929078]), array([0.75572519, 0.83499289, 0.57462687, 0.30481283, 0.44142857,
       0.23756906, 0.83379501, 0.24661247, 0.12573964, 0.28463855]), array([0.76376812, 0.82626539, 0.53735632, 0.30364964, 0.41678521,
       0.2481203 , 0.83213773, 0.26086957, 0.12092391, 0.26591231])]

estim_algorithm = ts-atc-model, mode = classification, metric = sensitivity, confidence_scores = doctor-conf, class_specific = True
test err: [0.1554061731918523, 0.1413688142516414, 0.12714240481882227, 0.13149263882412804, 0.1335508712279428]
estimated metric: [array([0.91328671, 0.88856869, 0.44454977, 0.5494253 , 0.40245777,
       0.34031417, 0.21651271, 0.34693881, 0.1625001 , 0.35978839]), array([0.89599438, 0.88071571, 0.47421732, 0.53580903, 0.42388061,
       0.36150238, 0.20970538, 0.36097564, 0.13580258, 0.2692308 ]), array([0.90132036, 0.88179218, 0.48062731, 0.53886012, 0.39698493,
       0.31100482, 0.2373473 , 0.34693881, 0.10869575, 0.30131007]), array([0.90882986, 0.88023952, 0.46617916, 0.53037384, 0.4435352 ,
       0.27555559, 0.22446625, 0.31979699, 0.09821437, 0.3170732 ]), array([0.90456989, 0.88733706, 0.42366758, 0.50251258, 0.437276  ,
       0.3317308 , 0.23631991, 0.31443303, 0.15740749, 0.29702974])]
real metric: [array([0.76023392, 0.86149584, 0.55834564, 0.33001422, 0.43370166,
       0.20572207, 0.84135977, 0.25213675, 0.09677419, 0.27027027]), array([0.77400295, 0.82773109, 0.54637681, 0.27844311, 0.44523471,
       0.23383769, 0.82461103, 0.26564673, 0.09971098, 0.28307255]), array([0.77885953, 0.83034483, 0.55698006, 0.31837916, 0.44477612,
       0.24084507, 0.83628922, 0.26923077, 0.10463378, 0.29929078]), array([0.75572519, 0.83499289, 0.57462687, 0.30481283, 0.44142857,
       0.23756906, 0.83379501, 0.24661247, 0.12573964, 0.28463855]), array([0.76376812, 0.82626539, 0.53735632, 0.30364964, 0.41678521,
       0.2481203 , 0.83213773, 0.26086957, 0.12092391, 0.26591231])]

