estim_algorithm = moval-ensemble-cls-f1score, mode = classification, metric = f1score
test err: [0.0925731988622807, 0.09785696570753086, 0.1004709520551331, 0.10707295631966134, 0.11009999075031315]
estimated metric: [array([0.55937112, 0.62698413, 0.62314157, 0.59876632, 0.4924925 ,
       0.39931155, 0.57245082, 0.57193608, 0.24074081, 0.0975612 ]), array([0.55957707, 0.62122045, 0.63084703, 0.61749239, 0.54078103,
       0.46846848, 0.56459331, 0.59344264, 0.2618385 , 0.12500021]), array([0.55836342, 0.62898089, 0.64140036, 0.60578222, 0.53924187,
       0.41176472, 0.53626375, 0.54576273, 0.19469034, 0.23809542]), array([0.56663458, 0.6319683 , 0.62054641, 0.62522648, 0.51616063,
       0.50000001, 0.61842106, 0.54807694, 0.20183494, 0.2083335 ]), array([0.55765472, 0.61350028, 0.63666096, 0.60677816, 0.52041886,
       0.48305822, 0.63177571, 0.48638841, 0.15841592, 0.2222224 ])]
real metric: [array([0.51454697, 0.74813896, 0.5053243 , 0.43245576, 0.51845638,
       0.44676806, 0.44970414, 0.31377246, 0.23067174, 0.10878661]), array([0.53166599, 0.77284595, 0.5097493 , 0.44103874, 0.54211843,
       0.37550201, 0.46551724, 0.32828871, 0.23057644, 0.11331445]), array([0.51045016, 0.75078468, 0.51127098, 0.4636622 , 0.50487157,
       0.39612487, 0.41970021, 0.33653846, 0.2418136 , 0.09827357]), array([0.51978342, 0.78495298, 0.5166745 , 0.4645602 , 0.53431373,
       0.40118577, 0.45559039, 0.34345794, 0.23605707, 0.12061711]), array([0.50590087, 0.74951204, 0.49056604, 0.44622222, 0.53807107,
       0.44234801, 0.42961418, 0.3094959 , 0.21132075, 0.10596026])]

